69 65 59 53 56 68 72 65 50 53 48 40 37 35 32 33 33 32 33 33 35 40 43 42 45 44 52 49 44 43 87 177 225 210 170 158 187 206 199 186 168 157 148 152 157 162 168 168 176 187 191 177 170 178 185 188 187 186 179 163 158 164 168 172 169 170 172 171 170 169 167 166 170 168 167 166 168 169 167 165 168 165 165 164 161 162 164 163 161 161
75 67 60 59 68 78 74 59 60 58 52 42 34 30 31 32 31 33 35 35 34 35 37 37 37 41 53 50 44 38 43 73 133 168 163 152 157 187 220 197 162 146 149 163 160 157 164 163 155 163 174 179 186 194 195 195 193 193 189 170 150 155 169 171 168 169 171 171 170 169 169 167 168 168 168 167 167 167 166 164 167 165 165 164 161 162 165 163 161 161
59 57 57 57 55 57 66 73 59 51 44 40 35 33 33 30 32 35 38 38 35 35 37 37 40 42 42 36 37 41 37 35 48 78 96 114 104 111 155 155 124 110 111 136 157 164 171 174 164 162 166 174 188 200 201 199 194 197 204 192 156 148 167 169 169 168 169 168 168 169 170 170 167 168 170 169 168 166 165 164 165 164 165 164 162 163 164 163 163 162
37 49 57 56 59 70 75 70 56 55 54 50 44 40 36 33 30 31 34 34 33 34 37 37 41 44 37 32 36 37 39 43 42 53 67 78 68 60 70 76 69 65 58 68 89 114 147 173 174 168 164 162 173 187 189 187 194 198 205 200 164 145 165 175 176 174 171 168 167 168 168 167 166 169 170 170 168 167 166 165 164 164 165 164 162 162 163 163 164 163
52 57 60 65 79 90 79 58 62 78 83 71 54 40 35 36 35 33 33 35 35 38 38 36 38 37 33 36 37 34 46 61 64 75 82 74 74 82 82 85 95 97 98 94 89 105 139 159 157 154 151 147 148 152 150 148 153 161 165 171 157 144 160 173 171 171 172 174 174 173 170 166 167 168 169 169 169 168 167 166 164 165 165 165 163 163 163 162 162 161
60 57 57 65 72 73 70 67 78 95 99 84 67 53 44 42 40 36 34 34 36 38 38 35 37 37 43 52 55 62 81 95 98 100 104 110 118 127 137 146 160 157 154 159 163 159 155 150 147 145 147 146 144 142 139 142 136 141 136 136 139 136 142 148 152 157 165 172 175 175 172 168 167 168 168 168 168 168 167 166 165 166 166 165 165 164 163 163 161 161
43 51 61 71 79 85 89 92 98 102 99 90 81 72 60 50 44 39 36 36 39 43 47 46 44 63 88 103 110 121 129 134 143 142 146 155 158 155 157 158 157 162 157 158 162 153 148 154 155 151 150 148 146 145 144 146 144 146 142 140 143 141 135 132 131 137 145 152 157 164 171 174 168 169 169 169 168 167 166 164 165 166 165 164 165 165 163 163 161 162
49 58 78 102 117 118 120 127 127 123 118 111 102 93 81 69 60 55 51 51 55 63 72 76 87 121 149 152 153 155 152 155 155 156 161 161 160 161 158 158 156 158 157 158 157 154 154 153 152 151 150 147 150 154 150 146 144 141 143 143 143 144 141 139 140 139 137 132 130 137 150 159 170 171 171 170 168 166 165 164 164 165 164 163 165 165 163 162 160 160
77 95 121 140 148 150 151 149 146 144 138 130 123 112 98 91 84 82 81 79 83 99 118 126 141 153 157 157 158 157 157 158 154 156 159 160 160 163 164 159 159 160 166 165 158 155 158 157 154 152 151 155 158 156 150 145 146 148 146 143 144 144 142 141 142 144 142 137 135 128 125 135 143 147 156 168 173 169 164 166 167 166 166 164 162 163 164 162 159 161
108 127 144 152 156 158 157 155 154 149 143 139 135 126 117 116 109 112 115 115 118 131 145 149 153 155 158 160 157 157 160 157 163 164 161 165 167 162 163 164 165 165 168 168 162 161 164 164 164 164 163 161 158 156 154 153 155 157 155 150 147 146 144 142 139 137 142 142 140 142 139 132 136 124 122 135 154 171 175 169 164 163 165 166 161 160 162 160 161 163
124 139 148 151 157 158 155 157 157 153 148 145 142 137 131 130 125 128 131 131 135 146 153 153 151 156 157 156 158 157 158 163 163 167 163 167 168 160 161 167 169 168 170 172 170 170 172 171 171 172 171 166 162 160 160 160 156 156 156 154 151 153 152 147 144 140 144 145 142 147 143 132 131 131 126 119 120 137 159 170 169 163 164 167 164 162 162 161 160 162
126 135 144 153 159 158 156 159 159 161 159 153 151 151 146 140 139 136 134 134 138 146 150 149 150 157 156 150 152 155 156 162 158 163 164 160 160 160 162 169 169 168 171 175 175 175 176 174 171 169 169 169 169 167 165 164 160 157 157 156 154 155 153 144 141 136 135 138 146 150 144 140 139 140 134 124 112 102 116 145 171 171 171 168 164 163 163 163 160 162
123 133 148 157 158 156 155 156 155 158 158 154 153 155 152 146 150 144 140 141 143 145 148 149 151 149 152 149 148 157 159 153 156 153 160 154 151 162 166 172 170 169 171 174 175 175 175 175 170 166 166 171 174 170 167 166 165 161 161 160 155 153 149 141 139 142 141 138 141 139 134 138 138 139 136 133 128 115 108 115 125 144 155 154 158 163 164 162 158 160
129 146 162 166 162 164 164 161 161 159 159 159 158 157 156 154 149 148 147 147 146 145 146 149 153 150 151 152 157 149 129 124 146 139 150 148 144 159 167 171 174 173 173 174 173 172 174 176 175 171 171 175 175 171 168 168 162 160 161 161 156 151 147 144 146 145 144 137 135 139 138 137 135 129 134 142 136 123 116 113 108 104 104 116 128 131 137 149 153 155
137 154 166 166 166 170 170 167 166 163 163 163 160 157 157 156 151 154 154 152 151 151 151 151 149 152 150 155 162 127 89 104 127 129 137 135 128 145 170 172 177 177 177 176 174 172 174 179 180 180 180 178 176 173 170 170 165 162 159 159 156 148 143 142 144 142 143 136 130 134 139 142 140 136 141 143 136 133 129 118 112 108 102 100 108 124 132 130 134 136
144 156 161 161 167 170 169 169 163 163 164 162 159 160 160 156 154 157 154 149 151 155 154 151 155 154 154 160 153 101 66 96 115 129 128 119 108 132 175 180 178 180 181 180 177 173 176 181 183 185 184 180 177 176 174 169 171 164 157 159 159 151 142 141 137 133 133 133 132 131 132 138 142 137 139 142 138 131 125 121 110 108 113 112 106 114 127 129 122 124
138 148 158 161 168 165 171 171 165 166 164 160 161 164 163 158 157 158 156 154 155 157 157 157 156 159 159 160 134 92 67 77 107 126 123 102 81 107 172 182 181 182 180 180 180 180 184 185 184 185 187 185 180 178 174 167 167 162 159 157 152 146 140 137 134 132 128 131 137 138 138 136 139 135 143 142 137 138 130 123 106 100 104 112 104 98 109 118 122 127
136 148 158 158 167 167 172 169 168 167 163 160 160 162 162 159 157 160 158 157 162 162 160 163 163 170 168 153 115 82 72 86 108 110 105 69 43 104 166 179 183 183 181 184 186 185 187 187 185 186 188 189 184 178 173 168 167 164 160 156 150 142 135 133 135 133 132 138 140 135 140 148 147 144 147 146 141 137 130 123 123 115 105 108 109 99 95 99 112 118
137 149 157 160 171 173 176 174 173 169 164 162 161 160 159 159 157 160 157 159 166 167 166 172 175 176 162 137 104 88 82 87 101 93 75 34 23 110 164 178 179 181 181 187 189 186 187 189 191 191 191 193 189 179 172 172 169 167 159 152 148 141 137 140 138 142 140 139 138 139 143 145 146 147 146 147 146 139 132 125 122 120 111 111 111 99 92 95 107 112
137 145 152 163 176 176 177 179 178 173 169 168 164 159 158 160 159 158 155 158 166 168 171 179 183 176 150 122 104 99 86 76 87 83 51 25 50 126 162 167 172 178 182 189 191 186 188 192 198 197 195 193 189 180 173 176 166 166 159 153 151 142 134 136 132 138 136 135 139 143 144 137 141 145 139 140 143 140 136 127 116 116 116 115 105 98 103 104 103 106
136 144 153 169 179 180 180 182 182 179 177 175 169 160 158 162 161 156 156 160 164 168 174 180 183 179 149 118 102 96 80 71 82 75 36 29 84 136 156 158 167 175 181 189 193 190 191 196 200 202 198 192 189 182 177 177 168 166 157 151 147 134 123 124 127 129 131 141 147 145 144 142 141 144 134 130 136 138 137 130 126 120 118 114 100 97 106 105 103 106
129 143 157 175 180 183 184 183 184 183 182 180 172 163 161 163 162 159 161 166 167 170 175 177 183 183 154 120 100 93 80 75 75 57 29 36 98 141 150 152 158 167 173 184 194 194 195 197 201 204 202 197 192 187 181 177 172 165 154 146 139 127 121 126 131 134 135 139 138 134 135 137 136 138 133 132 137 140 137 132 132 130 127 120 106 99 102 100 99 104
115 132 155 178 175 178 181 181 184 185 184 180 173 166 163 164 165 165 167 170 171 172 174 176 184 183 156 121 98 92 78 69 59 44 27 48 103 146 145 138 145 156 164 177 191 195 196 198 203 204 204 199 192 186 179 172 165 157 150 144 134 123 124 135 144 142 132 123 117 116 124 130 131 130 134 138 142 141 136 135 133 136 135 131 120 109 105 101 92 96
105 123 152 182 175 174 179 183 184 185 183 178 172 168 165 164 168 171 171 172 174 173 173 176 182 182 158 121 93 85 70 57 57 49 25 50 99 145 145 131 135 149 160 174 189 194 197 200 202 200 200 197 188 179 172 164 161 150 141 134 121 114 125 143 142 123 101 95 92 92 107 124 134 128 134 139 140 137 132 138 142 136 134 135 129 122 116 105 100 100
86 110 143 181 186 179 180 179 183 183 181 178 174 169 167 168 174 175 174 176 172 176 177 178 179 182 165 121 93 83 68 55 60 42 28 42 98 141 148 130 120 140 159 170 186 193 196 194 199 195 194 199 188 179 170 164 160 147 137 124 107 113 133 138 118 96 83 81 77 69 89 118 137 140 137 134 134 137 144 147 143 142 131 131 130 127 125 112 107 95
79 109 138 168 178 179 180 178 181 184 184 179 172 167 170 176 176 176 176 178 174 178 180 182 182 179 157 115 82 65 53 53 51 36 19 37 103 145 143 125 103 127 155 168 180 187 192 194 192 198 195 193 183 174 162 158 151 142 125 111 114 128 130 118 101 90 82 66 58 55 72 109 131 138 138 136 138 143 147 143 151 148 146 145 136 124 116 112 109 96
71 102 127 154 169 176 178 177 179 182 182 176 167 163 168 177 180 182 182 185 180 182 182 184 180 180 153 108 80 67 54 48 48 36 20 32 89 126 128 117 92 114 150 168 183 190 192 192 187 194 190 187 177 166 154 149 142 128 112 108 117 127 120 106 98 97 81 50 38 52 87 135 147 153 152 150 150 153 156 154 153 157 161 152 143 137 126 121 111 98
62 85 110 143 160 168 171 174 172 174 173 171 168 166 172 179 183 187 189 192 186 185 180 180 179 175 148 110 83 61 44 42 47 33 22 27 64 97 109 101 75 101 145 166 180 187 186 185 189 187 183 184 167 153 144 135 128 112 107 109 109 112 110 102 106 108 75 33 37 91 136 155 162 167 167 165 161 156 162 167 164 167 166 157 150 145 135 126 118 106
55 68 94 130 148 159 167 173 173 172 172 172 173 173 177 182 183 189 192 194 189 187 180 177 170 172 152 116 81 52 40 42 45 30 22 27 59 89 100 90 63 100 151 172 181 182 183 186 186 185 177 176 157 141 133 123 116 105 102 101 103 112 112 108 115 114 90 42 41 114 159 167 164 171 174 174 168 162 164 168 172 171 165 168 160 142 136 133 122 110
53 63 88 120 137 154 165 173 178 176 175 175 175 174 175 180 183 191 192 194 192 192 184 179 166 172 159 127 89 57 43 40 41 33 28 33 59 83 94 88 58 100 148 170 181 178 178 177 176 184 172 165 151 138 128 119 112 96 86 91 110 120 118 125 132 119 101 46 33 122 170 173 169 177 177 174 171 169 169 166 168 176 173 175 167 149 146 142 125 110
56 67 88 115 131 146 158 171 177 174 172 173 173 172 173 177 182 191 192 193 193 195 185 177 174 165 154 138 98 50 33 36 37 32 37 39 51 70 85 79 65 109 148 170 185 180 178 171 171 177 161 155 143 130 119 107 98 85 86 104 128 135 129 140 132 131 118 64 32 116 177 176 174 179 175 170 169 171 172 168 170 182 181 173 167 161 154 145 132 116
59 69 88 113 127 137 147 166 180 175 170 170 171 169 168 170 179 190 191 191 192 194 181 170 168 161 152 137 91 43 32 40 39 30 42 49 51 68 83 69 74 124 159 178 190 182 182 175 176 169 151 149 133 117 105 85 81 87 112 133 150 157 148 147 137 145 143 120 60 89 161 182 173 175 171 170 171 173 176 175 179 179 175 168 168 166 155 150 135 120
59 70 90 108 122 134 148 166 178 172 168 168 167 164 164 168 173 186 191 188 191 190 179 168 165 156 150 135 95 51 34 40 39 28 37 46 48 61 72 71 92 133 165 182 185 180 180 172 169 159 154 143 124 106 93 89 91 110 138 157 170 158 153 155 143 156 149 159 90 61 133 169 164 169 169 173 177 177 178 180 179 173 176 170 170 165 145 150 138 123
58 69 88 103 114 125 142 165 178 171 167 167 166 163 160 160 170 181 187 188 187 181 173 172 167 155 146 133 98 53 33 39 42 34 32 33 41 60 74 78 100 141 171 182 177 172 177 175 170 161 151 134 116 104 99 102 120 145 164 176 167 152 151 153 145 148 159 164 84 51 125 158 154 160 169 175 173 173 177 178 177 177 181 171 166 162 146 142 141 130
59 70 88 100 110 121 141 166 175 170 166 165 164 160 156 153 165 176 185 189 188 180 173 173 164 151 139 131 104 60 37 42 45 38 32 26 35 61 81 90 115 152 178 183 176 175 184 186 175 159 138 118 112 117 122 129 147 171 169 173 164 155 151 154 155 148 167 155 73 41 124 161 150 150 159 169 170 174 177 172 173 181 181 170 165 164 151 140 135 126
57 71 87 97 109 124 143 166 173 172 170 167 161 156 153 153 160 169 174 174 178 180 176 170 161 147 134 129 108 65 39 43 49 40 34 26 32 64 97 112 143 169 184 183 178 178 182 181 170 154 142 137 143 154 151 143 138 170 174 167 163 161 150 146 157 160 176 146 75 42 123 159 150 145 147 154 164 174 175 171 173 182 177 169 170 167 155 144 137 125
49 68 85 93 106 124 144 164 168 171 171 163 151 144 146 152 154 162 166 168 176 181 174 162 154 142 130 125 108 70 44 43 48 42 39 38 48 79 112 132 160 174 180 178 175 174 172 167 160 153 160 168 172 177 167 148 103 122 157 156 148 151 149 140 146 163 172 133 81 53 130 162 147 145 141 138 151 165 170 177 179 180 178 178 174 168 162 152 143 127
43 64 84 93 108 127 144 163 165 168 167 157 142 134 139 149 151 158 168 177 183 180 168 156 153 143 131 123 106 75 51 45 48 46 42 44 66 94 120 145 158 166 170 170 171 172 169 166 159 156 169 176 170 172 172 162 111 64 106 146 146 142 145 136 147 167 168 120 80 58 130 163 150 146 135 122 134 155 165 177 182 176 182 187 174 170 171 160 143 127
42 61 83 100 120 136 148 164 169 166 162 154 141 135 140 149 153 155 163 173 176 171 162 156 157 148 137 124 108 86 66 55 57 56 49 49 72 100 125 150 159 164 167 167 170 171 169 169 165 159 170 174 166 166 169 165 129 41 57 126 149 146 141 135 147 168 168 120 88 64 122 168 159 147 134 112 110 138 161 173 182 176 182 180 166 166 167 157 144 132
43 58 80 106 133 146 151 163 168 161 154 148 140 135 139 147 151 153 160 169 170 166 159 154 151 145 136 125 114 103 90 77 66 67 69 71 87 111 132 148 163 164 167 168 170 172 171 174 171 160 164 170 167 164 158 151 146 71 54 107 139 149 142 146 156 176 175 123 96 67 110 172 162 150 141 109 89 119 157 174 182 180 177 164 155 156 151 144 142 133
47 52 78 113 135 148 159 164 163 153 148 145 137 134 137 140 146 152 159 160 166 162 159 156 154 143 135 126 119 119 110 91 86 89 97 111 123 132 143 155 165 164 168 175 176 172 170 172 173 164 160 169 170 166 163 149 151 119 81 93 126 136 140 140 149 175 175 120 101 87 96 164 171 152 143 108 69 88 140 173 182 181 176 164 154 146 141 146 137 120
38 49 83 124 147 154 157 157 151 144 143 142 137 135 139 141 141 147 154 155 161 160 160 160 156 145 130 125 127 121 111 109 112 113 126 144 153 155 158 161 164 168 169 171 175 174 170 171 172 170 165 164 173 179 170 157 152 134 98 80 99 124 129 121 124 152 162 129 106 91 88 148 175 152 135 97 54 66 119 161 182 176 166 155 146 142 141 137 127 115
44 59 89 117 134 144 150 150 143 140 141 140 136 136 138 138 135 144 156 160 164 160 157 154 151 140 127 127 134 125 115 119 122 119 140 166 172 169 169 167 169 173 170 169 174 175 173 177 175 180 179 175 193 199 174 159 146 132 102 74 81 105 109 104 104 120 144 144 107 83 78 138 170 147 132 98 54 55 103 153 172 165 155 155 152 145 140 130 128 116
50 69 93 108 118 132 142 144 140 141 142 140 136 137 138 137 140 147 158 160 163 160 160 157 150 139 132 133 136 135 131 127 115 115 146 180 186 183 184 180 181 180 177 178 181 179 180 186 186 192 191 193 209 205 173 155 144 126 96 69 65 75 83 85 81 89 136 158 109 72 69 125 150 132 121 93 54 49 92 146 170 160 145 151 152 139 136 132 129 115
60 76 95 107 114 125 135 138 139 141 141 139 138 140 142 141 141 146 155 157 162 162 165 163 151 143 142 143 139 135 125 111 105 110 147 185 189 185 187 185 182 179 181 182 179 177 178 180 192 194 184 183 188 178 158 142 132 120 92 68 53 53 64 63 67 81 137 159 112 64 63 119 142 129 121 96 59 49 83 133 161 150 139 147 145 134 136 133 121 107
58 67 85 105 118 126 135 143 142 143 142 139 138 140 142 141 137 142 155 160 166 164 163 157 154 146 139 137 132 120 106 96 99 105 134 164 168 165 168 170 170 169 169 166 161 163 166 162 155 158 151 148 149 149 149 137 124 110 85 69 47 38 57 66 77 94 141 162 120 59 52 123 154 137 121 90 51 39 72 120 148 142 144 151 145 139 140 129 119 109
54 66 88 110 124 129 133 138 145 145 142 139 138 139 139 138 142 145 155 160 166 165 163 155 149 142 135 132 129 116 100 93 95 98 114 134 142 143 147 152 153 152 150 147 145 148 149 145 126 128 129 127 128 134 134 123 114 95 84 78 53 33 47 63 80 105 144 164 117 57 44 120 157 137 122 92 51 35 64 110 147 144 145 147 144 141 135 127 124 114
57 75 98 114 126 134 139 141 144 144 141 139 139 139 139 139 145 146 155 161 168 168 166 158 154 145 135 128 121 111 99 90 84 87 96 112 125 129 131 135 134 134 134 137 140 138 133 130 126 122 128 128 129 132 121 109 102 84 83 77 52 36 42 56 68 107 141 148 91 55 48 115 151 130 117 91 52 35 63 108 140 141 137 137 145 139 126 128 124 112
67 82 96 114 125 137 143 143 145 142 140 142 142 137 137 143 143 146 152 164 174 172 164 162 155 146 134 125 115 98 83 77 76 75 82 95 109 114 112 115 116 117 119 116 111 112 117 121 118 121 128 123 129 121 108 95 88 83 90 75 46 40 44 44 60 92 135 123 76 50 45 110 147 128 110 85 52 37 62 104 136 132 132 138 139 134 132 127 114 105
68 84 100 119 126 135 140 140 144 142 143 144 141 137 136 136 144 148 156 166 170 169 163 158 155 147 135 124 111 91 73 64 63 66 69 71 76 78 77 78 89 92 94 91 87 86 89 93 98 102 109 113 121 114 98 90 80 82 80 61 42 40 43 45 59 84 118 105 66 47 44 103 139 122 101 77 50 39 64 106 133 134 138 143 140 130 122 115 103 93
71 88 104 122 126 131 135 139 142 140 142 140 135 136 140 138 143 147 156 159 160 164 165 160 157 146 130 116 100 79 60 51 48 53 56 56 54 53 55 60 70 75 76 76 78 77 75 77 87 88 91 100 106 103 87 81 78 79 68 51 47 45 41 45 51 69 95 87 59 49 46 97 129 113 93 73 56 47 66 104 131 132 132 133 127 117 108 100 97 88
72 88 103 120 124 128 133 140 142 142 141 136 131 136 140 138 137 145 153 155 157 165 168 163 160 144 126 114 99 75 54 47 44 47 49 52 48 42 46 56 67 71 72 76 83 85 80 77 76 75 79 91 93 95 81 74 80 67 53 51 56 50 42 45 49 62 83 81 61 51 44 87 118 99 82 69 57 51 67 98 125 124 120 119 116 110 105 97 94 85
66 82 95 113 121 127 133 140 141 145 143 137 135 136 135 132 130 144 153 157 165 170 166 158 152 135 122 118 106 76 50 42 43 45 44 47 44 39 49 61 73 75 75 78 85 87 83 80 77 71 77 91 87 89 82 81 78 55 41 48 55 50 46 46 48 57 76 80 64 51 43 81 108 87 76 68 56 53 72 100 127 128 124 120 114 105 98 91 89 82
57 74 88 107 119 127 133 140 140 143 140 136 136 136 133 131 129 143 152 156 163 164 155 147 140 125 117 119 108 76 48 38 40 44 39 38 37 41 60 75 80 83 83 82 81 82 82 81 72 68 83 102 99 91 81 79 81 58 42 45 47 46 49 46 47 55 69 76 62 51 44 75 91 78 77 73 60 60 80 104 122 127 125 120 110 97 90 86 84 77
55 72 86 105 118 128 134 140 141 138 134 132 132 134 134 132 133 142 149 150 151 150 145 138 134 123 117 118 107 77 48 38 38 42 34 31 28 34 61 81 88 91 96 94 87 87 88 86 74 67 76 88 98 94 86 82 85 67 48 46 48 47 49 46 50 57 67 72 61 53 41 62 71 70 75 72 65 68 84 101 117 123 121 114 102 87 81 79 78 72
59 76 88 105 118 129 135 141 142 134 131 131 129 130 131 127 134 140 148 149 144 142 140 134 126 121 118 117 104 75 46 33 37 37 29 29 25 29 60 87 98 101 110 111 104 103 103 97 88 78 72 68 90 96 91 82 83 69 49 48 55 51 49 48 46 56 65 71 64 58 43 55 66 69 72 68 67 76 89 101 109 114 114 110 101 87 81 80 77 70
57 69 85 105 119 126 133 136 138 132 128 129 131 128 124 122 126 138 141 140 136 138 133 131 125 119 116 110 92 65 43 33 36 34 31 29 23 35 68 89 95 103 113 118 121 115 117 114 112 105 93 83 80 75 77 74 66 53 48 50 48 49 50 47 45 52 60 70 67 55 42 50 67 71 68 65 72 80 90 103 109 108 104 102 97 88 84 80 74 67
57 66 78 97 112 119 127 130 126 123 123 126 129 128 127 127 128 134 134 133 130 135 133 129 122 118 116 111 90 60 39 34 35 29 27 25 23 49 85 93 95 103 109 116 128 125 130 140 142 135 130 114 84 52 48 48 38 37 43 47 45 45 46 43 48 54 61 69 68 55 40 47 62 70 73 72 76 83 90 96 105 105 98 96 95 87 81 79 72 67
54 61 72 90 103 110 118 124 126 125 125 125 124 122 120 120 123 128 130 131 125 130 128 121 117 115 113 105 82 53 36 33 32 26 30 37 43 67 92 90 83 94 107 119 136 139 144 154 153 155 153 139 119 92 70 48 42 39 42 45 43 43 46 46 50 56 61 69 69 56 39 47 60 64 69 72 76 83 89 91 95 97 97 98 94 83 75 69 71 69
48 56 67 84 94 98 109 119 124 124 123 122 120 117 115 115 114 121 125 126 119 122 119 115 112 111 109 96 69 46 35 30 30 25 32 47 60 77 91 92 75 86 112 128 143 153 158 158 165 179 173 152 145 132 118 103 80 59 45 44 43 41 44 47 48 54 57 64 62 50 35 44 62 64 72 82 88 90 89 88 86 89 96 100 90 78 72 64 67 67
43 50 60 74 84 89 101 111 117 117 117 116 115 114 112 111 110 118 117 115 110 114 112 113 114 106 104 92 63 41 33 29 29 25 28 34 47 76 99 102 74 79 110 130 145 157 163 162 162 168 164 158 156 140 131 127 112 86 64 57 53 48 45 45 50 55 57 59 52 40 31 43 63 73 82 87 91 91 89 89 94 96 94 91 82 71 67 64 66 66
45 49 54 67 78 85 96 104 112 112 112 110 110 110 109 106 108 115 112 109 108 112 110 112 117 105 100 90 64 41 33 30 30 27 31 22 27 71 105 101 72 68 102 129 147 155 158 165 166 162 165 165 159 143 137 132 126 108 89 77 69 63 58 54 57 58 58 55 41 31 29 46 62 77 85 83 83 85 87 90 99 101 89 81 79 69 64 67 67 70
47 50 53 64 74 82 92 98 101 103 104 104 105 107 107 104 102 109 110 109 105 109 109 110 114 106 96 82 62 44 35 33 32 29 32 21 22 64 96 91 71 60 100 135 151 159 161 167 168 167 170 169 164 153 150 139 131 119 104 94 85 78 71 66 62 59 58 51 32 26 34 54 63 70 79 85 87 88 89 89 89 90 82 78 78 72 68 70 69 74
44 49 54 63 71 78 87 93 92 96 98 98 99 102 102 99 96 102 106 105 97 103 107 108 107 109 94 70 56 47 38 35 36 27 26 20 24 56 83 90 74 56 102 139 150 163 170 168 170 171 172 171 167 153 149 144 137 123 111 106 101 89 78 73 70 64 62 54 33 32 47 69 70 60 64 80 90 93 94 93 87 83 82 82 73 67 68 64 72 80
45 50 56 63 69 75 82 88 88 90 93 95 97 98 98 98 97 97 99 101 100 100 102 103 105 106 91 70 51 43 36 36 39 33 29 37 31 57 76 84 70 57 99 140 154 168 172 173 170 170 170 170 163 152 146 142 138 123 116 109 101 96 86 76 72 68 64 56 46 48 64 79 75 61 76 89 92 95 92 98 84 77 81 76 68 67 64 67 75 82
48 51 57 65 71 73 78 85 88 89 92 94 95 96 95 94 94 93 95 96 96 97 100 101 101 104 90 71 51 42 33 33 42 35 33 43 39 58 70 75 67 59 101 141 156 170 171 168 167 171 172 168 158 148 144 140 127 119 115 109 103 102 96 87 74 71 69 66 62 64 75 87 93 83 93 93 82 90 94 88 78 72 76 72 66 68 69 75 79 82
50 51 57 66 71 71 75 83 86 88 90 93 96 97 96 94 90 89 90 91 92 94 96 96 102 107 95 75 52 42 35 37 40 33 29 39 38 57 69 76 60 58 100 140 156 168 169 165 162 168 168 162 152 143 139 133 121 113 111 105 97 94 88 82 78 78 76 76 76 76 82 91 99 105 103 91 83 85 87 83 72 67 70 66 63 68 73 80 80 79
50 52 57 64 69 71 76 82 86 87 90 93 95 96 94 91 87 86 87 88 89 91 92 92 97 106 99 79 54 41 35 38 45 39 30 31 33 51 64 71 58 67 105 142 158 162 162 166 163 165 162 159 152 144 138 131 120 108 106 105 99 90 84 83 81 82 82 83 85 86 91 101 103 107 106 98 85 83 88 79 70 65 65 63 62 69 74 78 78 77
51 55 59 62 67 72 78 82 86 87 89 91 92 91 88 85 85 84 83 84 85 88 90 91 93 103 99 82 58 44 35 37 47 46 35 29 35 51 59 61 61 85 119 145 159 159 158 162 160 158 155 154 150 141 136 130 122 109 105 105 102 94 86 84 83 84 84 85 86 86 90 96 100 103 97 92 82 79 81 72 69 64 63 63 66 72 75 76 77 80
53 58 62 62 65 71 77 81 83 85 88 89 90 89 87 84 83 81 79 79 81 86 90 92 95 101 93 77 57 46 37 38 45 47 36 26 37 53 59 59 60 97 126 144 156 158 156 155 153 151 148 148 142 133 130 127 120 110 104 100 97 91 81 76 76 74 76 80 84 86 88 89 87 95 83 74 76 74 71 68 66 64 63 65 71 76 78 77 77 81
53 57 61 63 65 69 75 80 81 84 87 88 88 87 86 85 80 79 78 78 80 85 89 90 93 97 86 69 50 42 36 39 48 52 40 25 33 45 54 60 65 98 123 139 150 153 153 148 149 148 145 142 135 128 126 123 114 105 100 96 93 89 80 76 77 73 75 79 78 79 80 78 81 80 76 71 68 71 71 64 63 65 66 69 73 77 79 78 77 79
51 54 59 63 65 67 72 79 82 85 87 87 84 82 80 79 78 78 79 80 82 85 87 87 88 95 87 71 51 42 36 40 51 57 47 28 31 38 51 63 78 99 118 138 146 145 147 141 145 146 141 135 129 124 121 116 111 101 97 95 92 85 77 78 75 70 74 76 69 69 72 70 73 76 71 67 71 67 59 61 62 67 69 70 72 75 78 78 79 77
55 57 58 61 64 68 73 77 80 81 82 82 81 80 78 76 76 77 78 79 80 82 82 81 85 86 86 76 56 40 36 40 52 55 53 42 34 32 42 61 81 103 120 129 136 138 136 131 138 137 131 129 124 118 115 109 105 99 93 89 86 82 78 75 74 73 72 70 69 69 69 68 66 67 68 69 68 67 66 65 66 71 68 67 76 78 77 82 80 75
54 57 60 64 68 70 73 76 77 78 79 79 79 79 78 77 73 74 76 77 78 79 78 77 81 81 82 78 62 43 36 42 49 55 58 50 41 36 40 56 78 100 115 121 123 123 124 124 127 127 122 121 117 111 108 103 98 93 87 83 81 78 76 75 70 70 71 70 68 67 68 67 68 65 64 67 68 66 65 65 67 72 71 70 78 83 80 80 77 73
54 57 61 65 69 71 72 74 73 75 76 76 76 75 75 75 73 74 76 77 78 78 76 74 76 76 76 77 69 48 37 42 47 55 63 58 48 40 41 53 73 93 107 113 114 114 118 121 117 117 115 113 109 102 99 95 91 87 82 78 77 75 75 74 70 70 71 69 66 66 66 66 68 63 63 68 68 65 64 66 68 72 72 72 78 84 82 77 74 72
55 58 61 64 67 68 70 73 75 77 79 78 77 76 75 74 73 74 76 76 77 76 74 72 74 74 72 74 72 55 41 43 51 57 65 61 51 44 45 56 74 90 102 109 112 110 111 113 115 113 110 108 103 97 92 88 87 83 79 77 76 75 74 73 70 70 69 68 67 68 69 69 65 65 67 71 69 66 66 68 71 72 73 74 76 80 79 73 69 68
56 59 63 65 66 67 70 73 76 78 79 77 75 74 74 73 72 73 73 73 73 73 72 71 73 74 70 70 74 64 51 48 56 59 64 61 52 47 50 61 72 85 94 102 107 106 107 108 111 106 103 100 96 92 87 84 84 80 77 76 76 74 72 70 73 71 69 68 68 68 68 65 65 67 71 71 70 69 70 69 74 73 75 78 78 76 74 70 68 68
56 60 64 67 68 69 70 74 74 75 74 72 70 71 72 72 73 73 72 72 72 73 73 72 73 75 71 69 74 72 64 59 60 61 65 63 56 51 53 64 69 80 88 94 99 101 104 106 101 94 92 89 88 87 82 81 81 78 76 76 75 73 70 68 70 69 68 69 69 70 67 64 69 70 70 70 72 74 74 70 78 76 79 82 80 75 70 68 68 70
55 58 61 64 67 68 70 72 75 76 75 72 72 74 75 74 73 73 73 73 74 74 75 74 74 74 73 71 73 75 72 69 66 65 68 67 61 56 57 65 72 82 86 90 94 95 97 98 93 86 85 82 81 82 79 80 80 79 77 76 75 73 71 71 67 66 67 69 72 74 74 71 72 71 71 73 75 76 75 73 79 79 78 78 77 73 68 67 66 69
53 54 56 59 64 66 68 71 74 75 75 74 74 75 74 72 72 72 73 73 74 75 74 74 74 74 74 73 73 74 75 74 71 69 72 71 65 60 60 66 70 79 82 86 92 94 95 92 92 85 84 81 79 80 77 79 81 81 80 78 76 74 74 76 76 74 73 72 72 73 73 71 72 71 74 78 78 76 75 76 78 79 74 70 70 70 67 66 68 73
49 50 53 57 60 62 66 69 72 71 70 70 71 73 74 73 73 73 73 74 75 76 76 76 76 76 77 78 79 79 76 74 69 72 75 75 72 70 67 66 68 76 81 84 88 87 85 87 89 88 84 79 78 77 77 78 78 79 80 79 77 79 79 77 76 73 73 76 78 74 73 76 74 76 76 74 74 76 78 80 79 76 72 71 69 69 72 71 72 70
46 47 50 53 55 58 64 69 68 68 70 72 74 75 74 73 74 74 74 75 76 77 77 77 77 77 76 76 76 77 76 74 73 74 77 78 78 75 71 68 73 77 79 81 86 86 85 86 86 83 79 78 81 82 78 75 79 80 78 75 75 76 75 75 79 78 77 75 74 77 79 77 79 78 76 77 82 83 81 78 74 71 70 72 72 72 72 69 66 70
35 38 44 49 51 52 55 58 60 60 63 66 67 68 67 65 66 66 66 68 71 75 78 80 79 79 79 79 79 80 80 79 80 79 78 79 80 77 71 67 71 76 80 81 81 80 80 83 82 82 80 80 80 81 80 80 77 79 75 73 76 76 74 75 74 81 78 74 78 80 78 79 78 79 79 79 80 78 76 75 72 71 74 75 72 69 67 65 68 82
32 34 37 41 43 44 47 51 54 53 54 55 56 56 56 55 55 53 53 55 59 65 70 74 75 78 82 82 82 81 80 80 80 78 76 77 78 77 74 71 74 77 78 77 78 78 81 85 86 86 84 81 78 78 80 81 77 78 77 76 77 76 75 75 76 77 75 75 77 78 79 81 81 82 82 80 78 76 75 76 73 73 76 72 65 64 69 76 92 112
32 32 34 37 39 40 41 43 45 44 44 44 44 44 44 43 43 41 40 39 41 44 47 49 57 63 70 74 76 77 79 80 79 77 76 77 79 78 77 77 77 76 77 80 84 83 81 79 86 81 78 78 79 81 82 80 80 78 79 79 75 74 76 75 79 74 79 83 79 79 81 76 73 71 69 70 72 70 65 62 69 63 64 65 70 82 97 110 116 130
30 30 32 36 37 36 35 34 36 35 36 36 35 35 35 34 33 32 31 31 30 30 29 29 34 40 46 51 54 58 61 63 68 68 70 74 76 77 78 80 83 83 85 85 83 81 81 82 78 77 78 79 78 78 80 80 79 75 78 79 73 74 79 78 77 78 77 76 78 76 74 76 69 71 74 78 82 84 84 84 76 56 53 68 98 123 127 127 137 144
31 29 28 29 30 30 32 34 34 33 33 33 32 32 33 32 31 31 31 31 31 31 30 29 28 29 31 32 33 34 35 35 35 37 40 45 49 52 56 59 66 72 81 86 84 81 82 84 80 82 85 84 77 74 77 78 79 76 78 80 76 76 79 79 79 80 72 69 75 74 78 95 120 130 142 152 155 153 152 153 134 121 122 128 139 148 145 146 149 153
29 28 29 31 31 30 31 32 32 31 30 28 27 28 30 30 30 30 30 30 30 30 30 30 31 31 30 30 32 33 32 30 29 28 28 29 29 30 33 37 40 42 52 66 76 81 82 80 83 82 84 85 82 82 84 83 82 81 82 82 81 77 75 75 75 70 84 105 114 124 145 163 171 171 170 171 172 170 168 168 169 160 162 159 155 154 151 157 153 156
28 27 28 30 31 29 28 27 29 31 32 32 31 30 31 31 32 31 30 30 32 32 30 29 32 32 31 34 34 33 36 35 36 36 33 32 30 29 32 33 33 31 35 45 55 61 66 71 80 70 61 62 65 76 76 77 77 72 70 71 77 71 66 83 101 122 148 166 172 172 170 168 168 166 164 166 165 164 165 160 162 164 164 163 162 159 157 159 157 156
27 26 27 30 31 30 29 28 29 31 32 32 31 30 31 31 31 31 29 30 32 32 31 30 31 32 32 34 33 32 36 37 37 38 35 36 35 34 37 37 42 43 46 49 47 43 43 46 43 35 29 33 40 55 57 59 55 50 51 53 56 59 90 146 173 175 175 171 168 168 169 169 167 165 163 165 163 162 164 160 161 162 162 162 163 161 159 160 162 161
