97 95 98 96 103 138 157 141 95 71 66 69 60 59 64 58 58 60 63 64 64 62 60 59 59 59 59 60 59 58 60 63 65 62 59 57 58 59 60 60 58 60 59 58 61 61 59 60 66 88 102 115 132 142 142 135 130 120 105 95 93 89 90 97 94 95 94 95 103 104 106 121 126 131 133 130 124 118 114 115 119 121 124 125 125 126 126 124 124 123
96 93 94 95 99 107 97 71 63 62 63 63 61 58 59 59 62 64 66 66 65 62 60 59 57 58 59 60 60 59 60 62 61 61 60 59 58 58 58 59 56 58 57 57 60 59 58 60 77 97 113 127 135 132 127 121 113 107 100 97 95 91 89 89 89 91 91 88 91 97 99 103 117 125 132 133 130 127 125 127 122 123 124 124 122 123 123 122 122 121
90 92 90 83 74 68 64 62 60 64 60 57 61 61 60 64 63 64 65 64 62 60 59 59 63 63 63 61 60 60 59 58 60 61 62 62 60 59 59 59 56 58 57 57 59 59 59 61 79 96 109 118 119 113 110 109 112 113 117 118 112 106 102 97 95 92 92 86 85 95 98 94 103 113 123 127 128 127 128 128 132 132 132 131 130 130 132 132 132 132
86 79 69 64 61 58 58 63 62 60 60 63 64 62 61 62 61 62 62 61 59 59 61 62 66 66 65 63 63 64 64 63 60 61 62 62 60 59 59 59 58 59 58 58 60 59 59 59 65 83 99 108 114 118 120 122 127 132 136 131 121 115 113 113 110 105 104 94 86 91 96 97 97 105 113 116 115 116 116 114 112 113 114 116 117 119 122 123 126 126
71 65 60 60 60 59 57 57 61 61 67 68 62 58 59 60 61 61 61 60 60 62 65 67 67 67 67 66 66 67 66 64 63 62 62 61 60 60 61 61 64 63 61 62 63 62 61 60 58 68 79 85 92 98 103 106 121 132 136 131 124 116 111 112 115 116 116 105 94 92 93 98 99 108 119 124 123 124 125 124 120 121 122 122 121 122 123 123 121 121
63 59 58 58 59 62 64 62 65 67 65 60 59 60 60 59 62 61 60 60 60 62 65 67 65 66 67 67 67 65 62 60 63 62 61 60 61 62 63 63 66 63 62 63 63 62 60 59 64 61 63 65 66 67 68 73 80 91 99 103 109 108 105 105 107 108 109 108 111 110 101 98 99 105 113 116 113 113 116 117 118 119 121 123 123 123 125 125 128 128
60 60 60 59 59 60 62 63 60 60 57 56 60 63 60 58 60 60 59 59 59 61 63 64 61 62 64 66 66 65 63 62 61 61 61 61 62 64 64 65 66 63 62 62 61 61 61 62 60 58 63 64 65 65 62 64 63 65 66 68 73 78 80 82 86 86 94 106 118 117 108 106 107 110 119 127 128 127 125 121 123 123 124 126 125 125 126 127 127 127
60 61 60 62 64 62 60 61 61 58 60 62 58 56 58 60 59 59 58 59 60 61 61 61 65 63 63 65 64 62 61 62 64 65 67 69 70 70 71 72 73 71 71 71 68 68 71 73 72 73 75 71 69 73 71 70 67 65 65 65 65 66 68 67 64 68 87 105 108 101 102 117 121 112 110 115 121 128 131 130 129 128 129 129 128 127 129 130 132 131
59 59 60 62 63 61 59 59 58 58 59 60 61 59 58 59 58 58 59 60 63 66 67 66 66 65 63 62 63 65 69 72 75 76 79 80 79 81 83 82 83 82 82 82 83 85 87 87 87 88 86 85 88 88 85 84 80 78 74 72 71 70 68 67 71 68 71 101 119 107 111 128 128 111 98 100 107 114 122 129 130 129 128 129 130 128 129 132 132 131
58 58 60 62 62 60 58 59 57 58 59 60 61 60 58 59 59 61 64 66 68 70 69 68 68 68 69 71 74 78 82 84 84 83 84 85 87 89 90 90 92 92 92 91 91 93 94 96 94 95 92 91 92 91 89 89 89 88 86 85 84 83 81 79 77 73 69 86 97 93 104 119 123 110 100 98 98 101 108 116 125 128 130 130 129 128 129 130 134 133
57 58 60 62 61 59 58 58 59 60 60 61 62 61 61 63 65 68 71 73 74 73 73 72 75 76 78 80 82 84 85 86 90 88 88 90 92 93 95 97 96 96 97 96 95 95 97 99 100 100 98 95 95 95 93 93 91 91 90 90 90 89 87 86 86 88 86 89 86 80 86 91 100 97 96 97 96 95 98 102 111 121 129 131 132 134 135 135 135 134
57 58 60 61 60 59 59 59 63 63 62 62 64 66 68 70 74 76 78 77 76 76 77 78 81 83 86 87 87 88 89 89 89 90 92 94 95 93 95 99 99 100 101 101 100 100 101 102 102 101 100 99 99 98 97 96 94 94 94 93 92 92 92 92 92 92 90 92 92 91 92 86 89 91 95 99 100 99 97 96 99 109 120 127 131 132 132 132 134 133
58 59 60 60 59 59 61 62 65 66 66 67 69 72 74 76 79 80 80 80 78 78 81 83 85 87 88 87 86 87 89 91 90 91 93 96 97 95 96 101 106 106 107 106 105 104 104 103 103 101 101 102 103 103 102 100 99 99 99 98 97 97 97 98 96 97 98 98 95 95 97 94 88 88 88 90 91 94 96 96 94 99 107 116 124 127 131 134 135 135
58 60 60 59 59 61 64 65 66 68 71 73 76 78 79 79 80 80 82 82 81 81 83 85 87 88 87 84 83 86 89 91 93 91 87 89 94 98 102 107 111 110 110 108 106 105 104 103 103 101 102 104 106 106 105 103 100 101 103 102 100 99 99 100 99 97 99 101 101 100 99 96 97 95 92 90 89 91 95 97 96 95 97 104 112 119 126 134 131 132
57 59 60 60 61 64 68 69 69 72 75 77 80 82 83 83 82 83 83 85 85 84 85 87 88 89 88 88 88 90 91 90 86 87 85 87 96 103 106 110 112 112 111 108 105 104 104 105 105 104 106 108 108 108 108 106 104 106 107 106 104 103 103 105 104 104 104 103 101 101 102 105 106 103 101 98 94 92 90 88 96 96 95 96 98 102 108 113 123 124
56 59 60 60 62 67 70 71 73 76 77 78 81 84 85 87 87 86 86 86 86 86 87 88 90 91 91 91 90 88 83 77 73 82 89 97 106 109 108 108 108 109 108 105 101 100 102 104 109 109 112 114 111 110 111 110 108 109 110 108 105 105 107 109 107 107 106 105 109 111 109 110 110 107 106 107 106 102 96 91 90 95 98 95 94 95 98 99 102 105
58 59 60 62 65 68 73 76 77 80 82 82 83 84 87 89 89 88 88 88 88 89 89 89 93 91 90 91 87 77 69 68 79 92 98 104 106 102 104 102 102 103 102 100 97 97 102 109 111 114 115 114 114 113 111 111 113 111 110 112 113 112 112 113 113 113 111 110 110 111 111 111 113 113 112 109 108 108 105 99 91 89 89 93 95 95 94 95 97 98
60 59 59 62 67 71 76 78 80 82 84 85 86 87 89 91 91 90 90 90 90 91 92 91 89 92 91 85 74 67 69 75 89 97 97 96 103 101 93 95 94 98 99 96 95 96 102 108 112 115 116 114 114 113 113 113 113 112 112 112 113 114 115 116 115 115 114 112 112 112 113 113 113 113 112 110 110 110 109 106 99 94 89 90 93 95 96 97 96 97
61 59 59 64 70 76 80 82 83 85 87 89 91 92 93 94 94 92 91 91 92 93 93 91 90 92 89 78 65 63 74 85 97 97 101 95 92 96 90 87 92 97 99 97 96 97 102 107 114 117 116 114 114 114 114 116 114 115 116 116 117 117 118 118 117 117 117 115 113 113 114 114 116 115 114 114 112 110 110 109 105 99 91 88 87 88 91 94 96 97
63 61 63 68 75 80 83 85 86 87 90 93 94 95 96 97 96 95 94 93 93 94 93 92 93 87 80 71 64 68 82 92 100 96 97 90 83 83 79 73 91 97 99 98 99 102 105 110 116 118 117 115 115 115 115 117 115 118 121 122 122 121 120 119 120 119 118 116 114 113 113 113 111 111 113 116 114 112 112 112 109 105 98 92 85 82 84 88 90 91
64 64 67 74 79 83 85 87 89 90 93 95 96 96 96 97 98 98 98 97 95 95 95 94 89 78 72 68 66 74 89 97 98 97 86 83 83 72 68 72 86 93 95 96 102 107 110 114 117 119 118 116 117 117 117 119 118 121 124 125 125 124 123 122 123 122 120 117 116 115 114 112 111 110 112 115 115 112 113 114 113 111 107 101 93 86 83 84 86 88
65 67 72 78 83 85 87 90 94 95 97 98 98 96 96 97 98 99 100 99 96 96 95 94 84 75 72 71 70 80 97 103 97 94 86 86 77 64 70 75 87 93 95 98 105 108 110 115 118 119 118 118 120 120 120 122 123 124 125 126 126 125 126 127 126 124 122 120 119 118 116 114 115 113 113 114 114 113 114 115 116 114 111 108 103 95 88 83 89 91
69 70 75 81 86 88 92 95 98 99 100 101 99 97 97 99 98 99 101 100 98 98 97 95 85 78 75 73 74 89 105 105 98 91 91 86 74 82 89 74 90 96 98 102 108 107 108 114 118 119 118 119 122 124 124 126 129 128 127 128 126 124 125 127 125 125 123 121 121 121 120 118 115 112 112 114 115 117 118 119 117 114 111 110 107 101 93 87 88 91
72 73 77 83 88 91 96 100 100 100 102 103 101 99 99 101 100 101 103 103 103 103 101 98 88 79 74 71 75 96 110 102 97 90 89 79 91 126 121 84 87 94 98 103 109 107 107 116 118 118 117 119 124 126 127 129 133 130 129 130 128 123 122 124 123 123 123 122 121 121 121 120 117 115 114 116 117 118 117 116 118 116 113 111 108 103 97 93 86 89
75 77 81 88 94 98 100 99 101 101 103 104 101 100 101 102 101 103 105 105 105 107 106 101 91 83 72 74 79 97 106 104 99 89 80 74 118 147 138 91 88 94 102 108 109 107 110 116 117 119 121 123 125 127 130 134 127 125 127 130 129 125 122 121 120 121 120 120 122 124 124 122 117 115 114 116 116 114 114 116 119 117 115 114 110 104 99 96 92 87
76 80 86 91 95 99 101 102 103 101 102 104 104 104 104 103 102 105 109 110 110 112 112 109 93 83 72 73 80 99 107 105 95 96 76 69 84 118 137 90 90 100 106 110 109 108 113 113 117 120 123 124 126 128 130 133 126 125 127 128 126 122 119 117 118 118 119 121 124 126 124 122 119 118 118 118 116 113 113 115 119 119 118 116 112 107 101 98 94 89
79 85 92 94 96 99 102 104 107 105 106 108 107 107 108 107 107 109 113 116 116 116 115 112 96 83 71 73 81 102 108 105 99 91 76 68 68 82 110 95 93 104 111 112 109 110 116 110 114 120 123 124 126 128 130 131 129 130 131 130 126 122 119 116 120 117 115 117 120 123 125 125 123 123 124 124 120 116 116 118 119 120 120 117 114 109 104 99 96 92
84 90 95 96 97 101 104 104 109 109 112 112 109 108 110 111 114 113 116 121 123 123 118 112 99 83 70 73 83 105 109 103 98 101 88 82 64 68 87 96 99 106 115 113 108 112 114 110 114 121 125 125 127 131 133 133 134 134 134 131 126 123 119 115 113 109 107 107 110 112 115 118 122 124 127 127 124 121 119 120 118 120 119 116 113 111 106 101 97 93
90 93 96 97 100 104 107 106 109 111 113 113 110 110 113 114 116 116 119 125 128 128 124 117 99 82 70 72 85 108 108 101 98 90 83 132 70 71 87 97 110 110 120 113 107 110 107 110 117 123 128 128 131 135 137 137 137 136 134 129 124 120 115 109 103 103 103 104 105 105 106 108 116 119 123 125 124 122 120 119 117 118 116 114 113 113 109 104 98 92
93 94 96 99 104 108 110 110 113 113 115 116 116 118 120 119 118 121 125 128 129 128 123 116 97 80 70 72 84 107 105 98 97 84 70 70 76 82 101 124 122 118 121 111 104 105 103 110 118 124 128 130 133 137 138 139 137 135 132 126 120 115 109 103 102 103 105 105 106 106 107 107 111 114 119 122 123 122 120 118 117 116 114 113 113 114 111 107 101 94
94 95 98 102 106 108 110 112 115 116 118 119 120 122 125 125 123 127 131 131 130 129 123 114 94 78 70 71 81 103 102 97 95 88 80 87 110 133 110 140 125 125 116 106 101 100 105 112 118 123 128 133 136 138 137 137 135 132 129 124 117 111 106 102 102 105 106 107 109 112 112 110 111 115 119 122 122 122 120 118 117 116 114 112 111 110 108 107 102 97
94 96 100 105 106 106 108 112 115 117 121 121 119 121 125 127 127 130 133 134 135 135 129 117 91 76 70 70 78 100 100 97 95 85 110 166 170 152 109 136 123 129 110 101 99 97 110 115 120 125 131 137 141 140 138 138 130 128 126 122 115 108 104 102 102 107 111 115 119 121 118 113 112 116 120 121 121 121 120 118 117 116 114 112 109 105 103 103 100 96
96 94 100 106 107 108 111 112 115 117 117 117 121 126 128 129 128 131 134 137 139 139 132 124 96 78 72 67 77 99 103 96 97 88 95 154 176 128 118 131 127 120 105 94 98 106 113 118 120 125 132 137 141 143 139 132 130 126 123 119 113 106 103 105 109 112 114 118 122 120 116 115 115 116 118 122 123 122 121 122 117 118 115 114 112 108 106 102 102 99
95 96 101 107 108 109 111 113 117 118 118 119 124 128 130 130 131 133 137 140 141 142 136 126 99 84 74 67 76 98 102 100 94 98 92 130 145 111 120 126 126 111 96 96 104 109 112 114 118 124 132 139 142 139 133 128 124 121 119 116 109 103 102 105 108 117 119 119 118 107 104 118 116 114 114 117 122 122 120 119 119 119 115 116 115 112 110 106 103 100
93 98 102 106 109 111 112 115 118 118 119 122 126 129 130 131 134 134 139 141 142 145 140 127 104 91 79 69 78 96 103 106 107 102 95 106 114 101 114 132 116 99 91 101 109 111 112 115 121 128 133 135 137 134 127 125 121 119 117 113 106 102 104 110 114 123 125 121 109 92 93 115 120 117 115 117 122 123 122 120 122 120 117 119 120 117 114 111 107 105
91 98 102 104 109 112 113 116 118 119 121 125 129 130 131 134 134 134 139 141 141 145 141 126 107 94 82 72 76 92 101 106 117 111 107 101 105 103 109 123 101 93 96 106 110 110 115 119 125 130 128 124 126 126 123 121 118 115 111 105 99 99 105 112 121 125 127 119 100 88 96 112 122 123 122 120 121 123 124 125 124 122 119 122 123 120 119 116 112 110
91 98 101 102 107 111 113 116 119 120 124 128 131 130 132 136 134 135 139 141 142 145 141 128 114 100 89 81 79 90 100 102 115 123 111 95 95 97 108 102 93 95 103 108 109 112 116 116 118 116 109 104 106 110 113 116 114 110 104 99 96 99 109 117 123 128 126 111 96 93 103 113 123 126 125 121 119 121 123 125 124 123 122 125 125 122 122 120 117 114
94 98 101 103 107 111 114 116 118 120 124 128 129 128 130 134 135 137 140 142 144 146 142 134 122 107 97 90 84 90 97 96 100 106 104 93 92 92 96 91 97 101 104 105 107 111 110 105 101 99 101 106 109 107 105 106 109 106 101 97 97 104 115 124 127 134 124 104 96 97 104 113 124 127 126 121 120 121 123 124 126 127 126 128 128 125 126 124 122 119
96 97 102 106 109 113 118 119 120 122 125 127 129 129 129 131 134 137 138 140 143 145 142 139 127 113 101 94 89 90 94 92 94 87 91 88 91 90 91 98 102 103 102 101 102 102 98 96 94 102 118 130 130 124 112 100 102 102 100 98 100 107 117 126 132 131 117 102 98 100 105 113 123 128 128 123 121 123 124 124 129 131 130 130 130 129 129 126 123 120
96 96 102 109 112 116 122 123 124 126 128 130 132 132 132 132 132 136 136 137 142 142 140 142 133 122 108 101 98 96 97 97 91 91 85 89 95 92 101 95 102 102 99 98 97 91 88 92 106 117 130 131 128 130 124 107 100 103 104 104 105 111 121 128 133 119 107 102 100 105 112 116 120 127 129 124 120 122 124 125 132 135 133 132 133 132 132 127 120 117
99 101 106 111 114 116 119 123 124 123 125 128 130 132 133 133 134 134 136 138 140 141 141 141 138 129 116 109 106 104 101 100 95 93 93 94 94 97 100 98 98 97 95 92 91 91 96 105 115 125 132 130 107 120 136 124 105 101 105 106 105 113 121 125 129 116 99 104 104 108 117 123 122 129 131 124 123 124 123 126 131 133 135 134 133 133 131 127 119 114
102 103 106 111 114 116 121 124 125 124 126 128 130 131 133 133 135 135 136 138 140 141 142 141 134 127 118 113 113 113 111 109 103 98 95 95 96 98 99 97 97 96 93 93 97 102 109 116 123 129 135 110 82 104 139 131 109 102 105 107 109 118 125 127 125 111 102 109 107 112 120 123 120 127 130 124 120 123 124 127 129 133 135 133 132 131 129 126 124 119
103 104 107 111 115 117 121 124 124 123 125 128 130 131 133 133 136 134 135 137 139 141 142 141 134 129 121 116 117 118 116 113 111 105 101 99 98 97 97 95 94 96 97 101 108 114 119 124 126 129 129 91 66 76 113 127 111 103 103 106 112 122 126 126 121 106 105 113 111 118 123 127 121 124 129 124 118 122 125 126 129 134 134 131 129 127 125 125 125 118
102 104 108 113 116 117 119 121 122 122 125 128 130 132 133 134 135 134 134 136 138 140 142 141 138 133 125 119 119 121 118 115 115 111 107 104 99 95 95 97 97 102 107 111 116 121 125 129 133 132 127 89 63 68 98 124 117 110 109 112 120 129 128 127 123 108 108 114 115 124 127 134 128 122 124 121 116 122 126 122 127 132 129 124 123 122 120 122 120 113
103 105 109 113 115 116 118 122 122 123 126 129 130 132 134 135 134 135 136 137 138 141 143 143 140 135 126 122 124 127 126 124 121 117 112 107 102 99 100 103 107 112 115 118 122 126 131 135 140 137 133 102 65 81 110 128 125 120 118 120 128 133 129 126 127 114 108 113 118 128 132 145 138 121 116 115 113 122 125 119 120 123 122 119 120 120 119 119 120 112
105 107 109 112 113 115 119 123 125 125 128 130 131 132 134 135 135 136 137 139 140 143 144 143 139 132 125 121 125 128 129 129 127 122 113 107 106 107 109 112 116 118 121 126 131 134 138 142 146 145 140 125 94 97 112 129 131 128 126 126 132 134 128 125 132 119 108 113 121 132 138 151 143 119 109 110 112 121 124 120 116 119 122 123 125 126 124 121 121 113
106 106 108 111 112 114 118 122 125 126 128 130 130 131 134 136 135 136 137 138 140 143 143 140 134 127 119 118 121 123 124 125 124 120 111 105 107 112 115 118 121 123 126 132 136 138 142 149 160 157 147 142 130 112 113 129 138 136 132 130 135 136 128 127 136 123 110 117 124 133 141 149 139 116 107 111 115 121 123 122 121 123 128 131 130 131 129 122 120 113
105 105 107 111 113 115 117 120 124 125 127 129 129 130 134 136 135 134 134 136 140 142 140 136 128 121 114 115 119 120 121 122 116 116 110 104 106 111 116 120 125 127 129 132 134 135 144 156 173 163 150 140 137 122 126 127 139 137 131 128 133 134 126 125 139 126 112 122 126 132 141 144 133 113 109 117 120 122 122 123 128 128 134 135 131 130 129 121 119 111
102 105 107 109 113 115 117 120 121 124 126 128 130 133 135 137 134 134 136 140 141 141 137 124 120 111 108 112 114 113 112 111 109 109 108 103 104 111 113 120 123 124 128 133 136 137 144 153 164 154 143 137 131 113 113 125 134 134 130 127 134 131 122 130 134 115 113 117 126 138 140 142 131 112 114 117 116 121 122 125 131 134 134 130 122 122 126 122 117 111
103 105 106 108 112 115 116 119 123 125 126 127 129 131 132 133 136 136 136 137 135 134 130 118 110 110 105 101 103 105 103 100 98 99 103 101 100 104 106 112 115 119 126 132 136 140 145 148 146 142 141 126 105 99 117 128 130 126 126 130 134 128 122 135 132 116 111 116 124 135 143 147 129 114 115 116 116 122 123 128 128 131 134 133 124 119 121 117 118 112
102 104 105 107 112 115 117 119 124 125 125 126 128 130 130 130 130 134 135 135 134 132 127 116 102 103 97 93 96 97 93 90 91 93 97 99 100 99 98 103 104 110 119 126 132 141 144 138 133 126 124 98 76 90 120 121 118 117 124 131 131 125 124 135 123 115 111 118 126 135 144 144 125 118 117 115 117 123 123 127 129 129 131 131 123 117 119 118 118 112
98 102 104 108 113 116 118 120 122 124 125 125 127 128 129 129 135 141 142 139 134 126 116 103 93 86 82 87 93 91 87 86 89 89 89 93 100 100 96 99 97 99 106 113 121 132 136 129 126 119 104 73 69 100 124 116 113 111 114 120 126 130 130 127 116 115 110 117 128 136 142 135 123 122 120 115 120 125 122 124 129 128 127 127 123 121 123 121 114 108
96 101 105 109 114 116 117 120 119 123 125 126 126 126 127 128 132 140 142 141 135 123 110 97 87 77 78 90 96 97 98 99 97 92 88 90 94 96 96 95 96 94 95 99 104 113 123 126 122 121 101 73 91 122 128 117 107 108 111 114 119 127 131 124 114 115 108 113 127 136 138 128 124 125 121 116 123 127 124 125 127 128 125 125 125 126 125 118 110 104
96 101 106 110 114 116 116 118 118 123 126 126 126 125 125 126 132 139 140 138 133 116 99 88 76 71 79 90 95 101 107 107 106 103 98 95 91 95 102 98 100 97 95 95 93 97 110 124 125 127 108 90 119 136 120 108 105 104 107 116 123 128 127 118 111 111 107 113 127 134 130 120 125 126 121 118 124 129 128 130 131 131 126 124 125 126 125 116 110 104
97 100 104 109 114 116 115 116 119 122 125 125 125 125 125 126 132 138 137 137 130 109 88 78 70 73 83 94 99 105 108 106 99 109 98 87 90 92 94 97 103 104 103 101 98 93 100 115 126 127 119 108 126 127 108 101 102 104 108 118 124 124 125 120 109 105 105 113 127 129 120 118 124 125 121 121 126 128 129 131 136 136 131 128 127 125 123 117 111 105
97 99 102 107 114 117 116 115 119 121 123 124 125 126 126 126 131 137 136 137 130 106 82 70 66 71 82 94 102 103 99 96 110 133 111 90 103 97 87 98 105 109 110 110 108 98 95 105 118 123 131 121 118 109 102 109 108 107 103 110 119 123 127 124 110 101 101 110 123 122 114 121 123 124 123 125 128 126 127 129 136 138 137 137 134 126 120 117 109 103
94 97 102 106 108 113 117 118 119 119 119 120 122 124 125 125 128 133 130 136 125 91 72 69 65 73 83 98 103 99 88 91 127 169 143 88 112 103 92 94 103 113 116 111 115 118 107 101 106 112 117 112 105 107 112 111 111 109 107 110 119 126 128 127 112 100 94 105 117 117 115 121 125 123 123 127 129 126 126 130 135 138 140 137 129 122 117 115 107 101
94 97 102 106 107 110 113 113 116 118 118 118 120 122 123 124 128 131 128 128 113 85 73 69 66 73 87 100 98 96 85 74 124 165 157 94 119 115 100 96 101 109 115 113 116 122 119 119 114 112 112 108 104 109 117 119 116 112 108 108 116 125 129 129 116 97 89 100 111 114 117 123 123 123 124 126 126 124 126 130 134 137 137 134 127 119 114 111 106 100
94 96 101 105 107 108 109 110 113 115 115 115 116 118 121 123 124 127 127 123 104 83 75 69 65 79 96 104 96 96 86 69 75 116 146 100 124 119 105 101 97 104 112 115 117 124 129 134 130 124 120 119 117 119 123 123 119 113 106 104 110 119 125 126 120 99 86 93 105 115 123 126 122 124 125 125 124 123 126 131 133 133 133 129 124 117 113 111 106 100
93 96 100 105 107 107 108 110 112 112 112 111 113 116 119 121 122 124 123 117 100 82 75 71 68 86 98 102 98 97 83 65 65 70 109 102 126 123 111 104 98 100 107 114 117 123 130 135 139 135 133 131 129 127 125 122 121 115 108 105 108 117 122 123 118 103 88 87 102 120 127 124 122 125 125 123 121 122 124 127 128 128 126 124 120 116 112 110 103 97
93 96 100 104 107 108 108 110 111 110 108 108 112 115 118 119 121 121 115 108 95 79 73 73 75 94 101 104 100 103 103 96 95 63 86 101 112 115 115 108 103 100 102 111 118 123 129 132 139 141 140 136 133 133 130 126 124 117 111 107 108 114 120 119 114 106 91 88 105 122 124 121 121 123 122 119 118 119 120 120 121 122 122 121 119 115 110 107 98 92
92 96 99 101 105 106 106 108 109 108 105 105 109 113 115 116 119 117 112 105 95 81 71 70 83 96 103 109 102 101 96 81 86 59 80 98 99 107 114 105 108 104 100 107 118 125 131 132 137 143 146 142 139 136 133 130 127 120 114 109 107 111 117 116 114 109 98 98 113 120 119 120 120 122 120 117 117 118 118 116 118 119 121 122 119 113 106 101 95 89
88 94 96 97 102 104 103 104 104 104 102 102 105 109 111 112 114 114 113 106 95 85 74 67 86 102 106 108 99 92 81 64 60 70 108 104 93 99 111 111 110 109 102 106 118 125 131 132 135 141 145 145 142 137 132 130 131 125 121 115 110 112 116 114 114 113 108 107 114 116 115 117 118 119 118 117 117 118 116 115 116 116 117 116 113 108 100 96 93 87
83 91 93 94 99 102 101 101 100 100 99 98 101 104 107 109 112 110 111 102 90 86 79 67 83 104 102 104 105 98 80 65 77 102 137 103 91 96 109 113 110 113 105 107 117 122 128 129 135 138 141 144 143 138 135 136 130 126 123 118 110 110 112 109 111 114 114 110 109 111 112 112 113 115 114 114 115 116 114 113 112 111 109 107 104 99 94 91 90 84
80 85 90 93 96 99 101 101 101 101 100 97 97 99 102 106 107 105 105 102 90 81 77 73 83 103 103 100 104 98 85 66 108 144 148 104 90 99 104 106 108 111 112 111 115 121 125 127 132 137 142 144 142 140 138 138 132 127 121 115 111 109 109 108 106 107 108 107 107 108 110 111 111 110 112 114 114 112 110 109 105 104 104 102 97 95 93 89 85 84
74 79 85 90 94 97 98 98 98 99 97 96 96 97 100 104 105 103 100 95 86 80 75 69 84 103 102 99 102 100 89 72 94 137 128 92 88 92 103 105 106 110 112 111 113 119 124 127 130 133 137 139 140 140 138 137 133 128 121 115 110 108 107 107 105 105 104 105 106 108 109 110 108 107 108 110 109 108 106 104 103 101 100 98 94 93 91 87 85 84
71 74 78 82 87 92 95 96 97 97 97 96 96 97 99 102 101 101 97 88 81 77 72 68 84 101 100 95 98 98 94 81 75 110 101 79 84 89 102 105 106 110 112 111 113 117 123 127 131 132 133 135 138 140 138 136 133 129 124 118 112 109 108 107 106 106 106 108 111 113 113 112 110 108 107 106 106 105 104 103 104 100 97 95 93 91 89 85 82 81
69 71 73 76 81 86 90 92 95 95 95 95 95 95 97 99 98 100 96 87 80 73 68 68 80 96 98 93 91 93 92 85 70 78 86 75 81 93 99 104 106 110 112 112 114 117 122 127 131 131 131 133 135 136 135 133 133 130 127 123 118 114 112 110 109 109 111 114 118 118 116 114 114 110 107 105 104 105 106 105 104 100 97 94 92 89 86 83 81 81
63 66 70 74 79 83 85 86 90 91 91 91 91 91 92 94 96 97 95 91 84 74 66 65 74 90 98 95 89 88 87 84 77 65 79 78 85 97 97 103 107 109 111 113 115 117 120 124 128 129 131 132 132 132 132 132 131 129 127 124 121 119 117 115 113 113 114 116 117 116 114 112 112 109 106 104 103 104 105 105 102 99 95 92 89 85 82 81 85 87
60 62 65 68 73 77 81 84 86 88 89 88 88 87 88 90 92 92 92 92 89 80 69 62 69 83 98 100 93 88 85 82 79 69 72 79 93 96 99 104 106 107 110 114 116 117 118 120 125 128 131 132 131 131 132 133 129 126 123 121 120 119 119 117 117 116 115 114 112 111 109 109 106 106 105 104 104 104 104 103 101 98 94 90 87 83 81 84 89 92
62 61 60 61 63 68 74 79 81 84 86 86 85 85 85 88 89 89 90 90 88 86 78 66 66 75 91 99 96 92 89 87 83 80 74 82 98 96 102 103 104 106 110 115 117 116 115 118 122 125 127 128 129 130 130 130 125 122 120 119 118 117 116 114 116 115 114 111 109 107 105 104 102 103 104 104 103 104 104 103 101 97 90 86 84 82 83 89 92 93
62 62 60 59 59 61 66 70 75 79 83 83 83 82 82 85 87 89 90 86 84 88 85 73 65 69 83 94 96 96 94 94 92 90 85 89 100 98 102 98 103 105 110 116 118 115 114 116 119 120 121 123 124 126 125 124 121 119 118 118 117 116 112 109 111 111 110 109 107 105 102 100 99 100 101 101 100 101 103 103 99 94 85 81 80 80 84 91 93 93
60 61 60 59 59 59 60 61 67 73 78 79 79 80 80 81 82 85 87 86 86 87 87 85 77 69 68 79 93 101 100 96 99 98 96 97 98 99 99 98 101 105 110 113 115 116 115 112 114 116 117 118 119 119 120 120 118 117 116 115 115 115 113 110 109 110 108 106 105 104 102 101 101 103 103 100 99 100 99 97 93 88 82 80 81 83 85 88 89 89
62 62 61 59 58 57 58 59 62 67 72 74 77 80 81 81 81 82 83 83 84 87 87 87 82 78 72 70 76 90 100 102 101 103 105 105 102 99 98 98 101 105 110 113 114 115 113 111 110 111 113 115 114 114 115 116 116 115 113 112 112 113 112 111 109 109 107 105 105 105 104 103 105 104 104 105 102 97 94 93 87 87 84 82 82 84 88 93 97 97
63 64 63 61 59 57 57 58 57 61 64 67 72 76 79 80 78 79 81 82 85 86 85 82 83 85 84 78 77 85 94 97 102 105 109 110 107 105 103 103 102 105 109 112 113 114 113 111 109 109 110 112 111 109 110 112 112 111 111 111 111 112 112 110 108 108 106 105 105 105 104 103 100 104 104 100 97 94 92 88 84 95 108 115 118 120 123 125 125 125
63 65 65 64 62 59 57 57 56 58 59 61 65 70 73 75 74 75 76 79 81 83 82 81 78 81 85 87 86 87 89 90 96 100 107 112 115 114 111 107 103 105 109 111 112 114 114 112 110 108 109 110 110 106 105 107 108 108 109 111 112 112 111 109 108 107 105 104 105 104 102 101 101 99 97 95 94 92 90 87 107 118 129 132 131 131 130 130 130 130
62 64 66 66 65 62 59 57 58 59 58 58 60 63 66 68 69 68 68 68 71 74 79 82 83 82 84 85 86 88 89 89 93 95 98 101 106 109 110 108 106 107 109 111 111 113 113 113 109 106 105 108 108 104 103 103 105 104 105 108 110 111 109 107 106 106 104 104 105 103 100 99 99 95 95 96 90 84 92 106 125 130 132 131 131 132 132 132 129 129
61 63 64 65 65 63 59 58 60 60 60 59 59 61 62 64 65 64 64 63 63 64 68 71 78 80 81 80 82 87 90 88 93 94 94 95 96 100 103 104 105 105 107 107 107 108 109 109 107 104 103 105 106 104 103 103 103 101 100 101 103 104 105 104 103 103 102 102 103 101 98 97 91 93 91 86 84 94 111 126 126 128 130 130 132 133 132 131 132 132
63 63 63 63 64 63 60 59 60 61 60 61 63 63 63 63 64 64 65 65 63 60 59 60 60 63 67 70 73 78 81 81 83 88 93 95 96 97 96 95 98 98 100 101 100 101 102 101 102 102 102 103 103 102 101 101 99 97 96 96 96 96 98 98 98 98 97 97 97 94 92 91 88 89 86 85 100 120 130 127 130 130 128 129 131 133 132 133 134 134
65 64 62 61 62 62 61 60 59 60 60 63 66 67 65 64 65 64 64 65 64 61 60 62 63 59 59 63 64 63 66 70 73 76 79 81 84 89 91 90 90 91 93 95 95 95 96 96 98 99 100 99 98 97 97 97 96 95 95 95 93 91 93 94 95 94 93 93 91 88 85 85 85 87 96 111 123 127 128 129 128 128 128 130 132 132 132 133 134 134
67 65 63 62 61 62 63 64 61 59 58 60 63 63 62 60 61 61 63 69 68 62 60 59 60 62 59 58 61 61 61 65 67 65 65 68 69 71 76 79 83 84 84 89 91 90 91 90 91 92 92 90 89 88 88 89 92 88 89 91 89 89 90 87 89 87 87 86 84 84 89 94 104 115 124 128 128 129 129 129 130 130 130 131 132 132 133 135 133 134
94 78 63 58 60 61 61 60 61 60 59 58 58 58 58 59 58 59 58 58 57 56 58 60 58 59 59 59 59 59 59 59 59 60 62 62 63 64 66 66 67 71 74 79 81 81 84 84 85 87 86 82 81 83 84 84 83 83 87 88 84 83 84 83 83 80 81 86 95 105 116 123 125 129 130 128 128 129 130 130 128 128 129 130 130 130 132 134 132 132
110 106 95 78 64 58 58 57 57 59 60 59 58 57 57 57 58 61 62 61 60 60 58 55 58 56 58 58 56 57 58 57 58 58 58 58 59 60 61 63 63 64 62 64 67 68 74 75 77 79 78 75 75 76 77 76 76 77 80 83 86 91 94 92 94 98 107 118 127 131 133 132 133 133 132 130 131 132 131 129 128 128 129 129 129 129 131 134 132 132
119 111 105 100 92 79 69 64 58 58 59 59 59 58 58 58 61 61 63 63 65 66 62 59 59 58 58 58 58 59 60 60 58 56 55 55 56 56 58 62 74 74 74 79 82 79 75 68 66 65 64 63 64 65 66 68 67 76 88 97 104 110 112 110 107 111 119 125 127 128 129 128 129 130 130 130 133 134 132 130 130 130 130 130 130 130 131 132 132 133
116 114 108 102 101 100 92 81 73 67 60 59 59 59 60 60 60 57 59 60 62 64 61 62 57 59 57 56 57 57 56 59 62 65 64 62 66 71 74 76 72 78 87 102 113 115 110 102 91 84 78 77 75 71 71 76 83 88 92 90 90 97 107 113 115 119 125 128 127 127 127 127 131 130 129 129 131 132 132 132 132 132 131 131 132 132 131 130 132 133
122 115 109 106 104 102 100 98 92 80 70 68 68 67 66 67 68 64 65 63 63 67 67 73 84 83 76 72 77 82 89 97 105 112 105 93 94 103 106 104 94 99 104 112 117 118 119 116 117 112 110 111 111 105 104 108 110 108 103 100 105 114 122 127 128 129 130 129 128 129 129 128 130 129 129 129 130 130 131 132 133 133 132 132 132 132 131 129 131 133
118 120 117 109 103 104 106 104 100 88 79 80 81 79 80 84 86 82 83 80 88 105 115 124 126 125 122 119 119 119 120 122 127 133 125 113 113 121 123 122 116 122 125 127 127 126 127 125 124 124 125 127 127 123 120 121 124 119 113 114 122 129 130 129 131 132 132 130 130 131 132 130 127 128 129 130 131 130 129 130 131 132 132 132 132 132 131 130 132 133
118 119 118 112 105 103 104 104 100 87 79 82 86 87 94 103 100 96 97 93 104 123 128 132 131 128 126 124 121 122 124 124 128 132 130 126 128 129 127 128 125 130 131 131 129 126 127 125 124 126 125 124 124 125 125 125 126 125 124 124 127 128 130 134 131 132 133 131 129 131 132 131 133 132 130 130 130 129 128 129 130 132 133 132 131 132 133 133 133 134
116 119 120 118 107 105 104 105 98 83 82 88 87 91 102 105 103 101 96 93 114 127 130 132 130 129 125 122 123 123 124 129 131 132 133 133 133 132 131 130 130 132 132 129 126 125 124 125 123 125 127 126 124 125 125 124 126 126 126 127 128 130 129 128 131 130 131 131 132 133 131 133 133 134 134 134 133 132 131 130 131 131 130 131 132 132 131 133 133 136
116 119 120 119 108 106 104 104 95 82 81 88 88 93 104 106 105 103 99 98 119 132 131 131 131 130 126 124 124 124 125 130 133 133 134 134 134 133 132 131 131 132 130 127 126 126 125 124 124 125 127 126 124 125 125 124 126 126 127 127 129 130 130 129 130 129 131 130 131 131 129 132 132 133 134 134 134 133 133 133 133 133 133 133 134 132 131 131 132 134
