143 150 142 146 140 147 141 142 146 139 145 149 150 150 142 144 146 145 145 142 144 142 137 146 145 149 141 144 140 144 145 141 142 141 148 145 144 142 146 147 146 147 144 145 144 142 144 141 142 144 141 141 144 145 144 146 145 144 144 144 142 140 141 143 144 145 144 142 143 145 146 144 143 145 143 140 141 145 146 145 143 142 140 141 139 138 142 141 144 145
145 142 142 143 148 143 147 149 145 144 149 145 141 151 142 143 145 144 145 144 139 144 148 138 143 149 142 144 142 143 141 145 143 142 145 144 143 144 144 142 139 145 143 144 147 142 140 146 144 144 144 144 144 144 144 144 146 144 143 143 143 143 142 142 144 145 144 143 142 144 144 144 141 144 145 144 144 144 144 142 142 143 141 143 144 142 143 143 142 143
146 145 145 142 143 143 145 144 149 143 141 152 147 143 144 151 147 143 145 144 145 142 138 145 147 144 140 142 143 147 142 145 148 144 140 144 144 146 143 140 147 142 147 146 139 141 146 145 145 144 146 146 143 143 144 142 145 144 143 142 143 144 144 142 144 145 145 144 142 142 143 144 141 144 144 143 143 143 143 144 141 145 141 142 146 143 142 143 142 142
144 144 145 142 144 146 141 135 146 139 142 145 145 143 146 145 140 142 141 141 140 143 146 138 140 136 145 145 139 144 144 143 140 147 144 144 140 145 145 142 140 144 147 143 144 146 142 141 145 145 146 146 144 143 143 143 143 144 144 142 142 144 144 144 143 143 144 144 143 142 143 144 142 142 142 143 143 142 143 146 143 144 140 140 143 141 141 141 141 141
142 135 145 141 149 135 138 142 146 131 144 132 139 142 139 136 136 148 135 139 143 139 146 129 143 139 147 143 138 143 144 141 146 144 141 149 149 144 145 150 147 147 145 142 145 147 144 145 145 146 145 143 145 144 143 145 143 144 144 142 142 144 144 144 142 142 143 144 144 144 144 145 142 141 142 145 146 144 142 143 144 143 141 142 142 141 143 141 139 139
142 139 136 123 126 126 126 133 119 124 131 129 142 141 144 130 138 135 133 144 148 127 119 145 149 145 143 136 142 144 142 139 147 145 142 142 144 134 138 138 146 145 143 146 145 144 147 147 145 147 144 143 147 146 143 146 145 144 143 143 144 145 144 142 142 142 143 144 145 145 145 144 145 143 142 144 145 144 142 142 144 143 143 146 145 143 146 143 140 140
104 80 55 63 77 84 62 67 70 77 61 70 77 67 75 83 72 70 84 73 66 73 68 79 96 109 124 131 139 128 126 127 128 150 154 129 130 124 122 93 134 156 149 147 152 144 144 151 147 146 145 146 148 148 145 143 146 145 144 145 145 145 143 142 141 144 145 145 144 144 144 144 147 145 143 143 144 143 143 144 144 145 144 145 145 144 145 144 144 143
24 35 34 26 32 39 26 30 35 48 36 29 29 38 24 48 48 39 25 26 29 23 24 28 37 40 47 51 51 38 48 53 52 74 95 103 142 146 137 94 85 127 141 148 153 149 151 145 148 146 146 149 149 149 146 140 146 146 147 148 146 143 143 144 142 146 148 145 143 144 144 143 143 144 145 146 146 145 143 143 145 147 142 142 144 141 142 145 145 145
28 51 38 40 42 40 29 28 44 56 58 58 51 38 42 51 48 43 36 53 66 40 38 36 40 47 34 31 36 40 43 37 24 18 32 33 81 141 142 139 87 90 105 136 146 137 150 146 153 146 143 156 150 148 143 152 147 137 148 144 146 145 144 145 143 143 143 144 144 144 145 146 145 143 143 146 148 147 145 145 143 147 146 142 141 143 144 144 145 145
41 32 48 40 62 32 37 28 34 51 54 45 64 59 52 56 51 52 55 56 59 55 62 61 79 69 58 65 49 39 29 23 33 38 46 49 46 57 85 140 136 126 134 133 149 159 154 160 169 160 152 162 157 149 160 162 158 152 145 142 148 142 146 141 144 145 146 146 144 143 144 145 145 143 143 145 145 144 144 145 145 145 142 140 141 142 143 145 144 143
37 28 43 49 61 48 43 34 46 75 71 73 100 82 81 73 69 59 65 70 76 65 61 74 63 79 63 54 63 52 37 55 75 69 59 55 42 40 28 51 114 130 133 152 146 147 151 143 147 141 136 146 167 153 151 157 156 164 149 142 148 142 149 149 143 145 147 147 145 143 144 146 144 144 145 146 146 145 144 144 142 141 141 144 145 143 141 141 145 145
32 30 46 36 34 43 40 64 88 97 95 107 120 103 103 98 88 84 98 100 91 90 91 94 92 90 90 67 72 72 83 86 88 81 63 64 51 48 47 48 49 65 82 123 113 125 128 137 141 130 135 116 132 158 166 176 154 156 151 143 139 140 145 142 141 143 144 145 144 143 144 145 146 145 144 145 146 146 145 144 143 142 141 142 143 142 142 143 145 145
40 54 45 27 37 65 96 113 100 105 100 128 131 126 131 117 114 127 125 114 111 118 121 119 127 115 119 108 114 107 113 112 130 115 120 119 117 117 107 110 110 121 127 125 120 139 133 147 124 125 148 128 124 150 154 173 174 156 145 144 136 139 147 142 146 145 145 145 146 146 146 145 146 145 143 142 141 142 144 146 143 144 143 141 142 142 142 142 141 141
45 44 23 47 82 113 129 123 115 116 128 135 130 147 132 131 131 136 132 134 127 132 139 133 135 133 128 127 126 129 132 139 131 133 131 132 138 137 141 138 145 141 141 143 149 140 148 151 148 139 145 145 147 144 133 151 174 165 140 146 147 134 134 146 146 145 143 142 143 144 143 142 142 144 146 145 143 142 144 146 141 144 145 143 143 143 142 140 141 141
32 26 42 61 102 134 136 143 131 140 149 154 147 152 144 141 144 150 138 142 146 148 139 131 131 142 132 131 125 134 136 137 140 139 132 133 134 136 136 134 148 137 147 153 160 157 156 151 159 150 155 156 158 148 151 150 140 147 134 144 151 136 126 142 144 145 145 144 143 145 146 147 141 144 147 147 146 144 144 145 145 144 142 141 142 143 143 144 143 144
42 45 47 85 125 137 141 145 145 140 137 144 143 138 140 140 142 150 145 146 141 143 140 142 145 139 130 130 124 124 125 107 112 120 105 115 109 128 155 153 146 157 163 165 159 165 157 166 172 165 163 156 175 156 155 156 153 141 142 144 136 142 133 133 131 134 137 136 135 137 141 145 144 143 142 141 143 145 146 146 145 143 142 146 148 145 143 144 142 143
63 69 96 126 151 152 147 149 143 149 141 146 148 147 145 146 149 147 150 149 145 151 153 143 146 146 139 132 120 117 101 81 72 70 91 118 119 140 157 161 169 173 168 168 166 165 164 169 169 163 168 165 163 159 158 155 149 154 149 147 145 138 136 134 138 130 126 129 130 120 126 130 133 140 143 146 149 147 145 146 142 144 141 140 145 144 140 143 143 142
70 91 128 144 151 154 155 151 149 149 148 150 150 154 152 153 155 154 153 150 149 155 158 154 149 138 147 135 121 101 92 72 65 85 113 136 141 154 154 158 164 169 173 170 169 171 163 168 168 165 164 163 166 159 158 161 146 153 153 150 144 142 143 136 137 132 123 126 136 134 134 122 124 123 122 128 138 144 145 144 142 142 143 142 139 142 144 142 143 142
92 127 155 153 154 152 150 151 152 149 152 152 149 158 155 155 156 157 157 157 158 158 156 153 149 148 146 135 116 90 67 64 70 110 129 139 144 143 148 142 136 169 169 157 169 175 161 168 163 166 165 165 167 159 162 162 168 158 150 153 152 143 139 137 139 130 130 120 128 138 137 138 137 126 122 120 119 129 141 145 149 142 144 148 142 138 142 143 143 143
139 157 162 151 152 149 150 157 157 156 157 156 153 161 159 158 159 157 157 160 163 164 163 161 159 152 138 124 96 85 57 77 95 125 140 149 144 138 113 97 136 159 160 167 170 169 172 173 162 170 171 168 162 159 169 161 166 164 151 147 155 153 145 142 149 140 137 138 141 132 133 135 141 142 136 129 126 121 119 127 144 146 144 138 138 145 147 142 142 143
152 149 152 152 151 152 160 158 155 160 156 157 155 158 159 157 162 158 159 164 165 165 162 157 158 152 131 125 73 59 83 100 115 128 158 145 138 91 51 95 147 156 158 166 161 165 171 163 171 177 176 169 164 162 172 162 161 168 162 150 148 146 141 143 147 145 154 141 143 151 145 145 137 135 140 143 138 131 123 115 114 132 148 149 144 143 142 138 139 142
162 158 158 155 155 154 160 157 157 164 158 161 159 160 163 161 161 156 157 162 163 165 165 162 162 151 142 110 55 82 88 101 131 139 154 156 109 67 90 106 149 160 167 159 163 184 176 168 168 173 172 172 179 177 179 173 167 164 162 153 143 140 141 143 136 135 139 147 152 145 150 152 148 142 141 140 134 134 135 130 121 117 127 140 142 143 147 147 142 145
158 165 161 156 162 156 155 156 162 163 162 165 161 164 165 165 163 163 165 168 170 168 164 162 161 150 137 118 80 84 67 92 128 147 159 143 65 97 78 81 156 162 173 165 165 181 168 164 171 173 176 177 185 184 182 177 174 166 161 149 141 145 140 127 131 121 119 121 127 124 125 129 140 157 153 145 148 136 123 132 133 126 119 114 114 122 128 127 137 137
164 164 159 156 160 159 165 164 172 167 172 174 166 172 172 173 166 168 165 164 167 166 166 169 166 159 133 101 87 70 72 93 139 150 164 126 71 103 48 86 139 171 172 157 167 175 156 161 168 169 177 174 180 189 194 187 175 163 158 153 148 140 123 113 108 108 98 90 90 93 114 121 138 148 154 153 149 146 143 142 133 134 127 121 120 117 116 122 116 114
164 164 162 153 162 162 163 167 170 177 171 174 174 168 173 174 176 172 171 168 172 170 171 173 168 150 131 83 94 79 71 107 146 163 157 102 85 79 66 95 138 169 167 169 154 172 169 161 167 173 178 174 185 185 189 191 174 164 157 147 148 126 109 107 80 59 59 70 91 119 148 165 172 162 167 160 161 158 160 144 134 143 139 127 124 122 121 125 133 131
172 169 168 165 167 165 168 179 173 179 174 177 178 173 176 176 171 174 171 166 173 174 171 163 172 148 146 71 83 80 60 112 150 160 165 85 88 51 125 128 130 173 174 166 144 171 169 161 169 176 165 162 183 186 187 178 170 165 149 139 132 109 93 61 41 72 117 133 156 143 155 166 169 166 178 167 166 164 169 156 155 150 150 146 133 120 113 116 133 136
171 164 166 167 174 172 176 183 178 181 176 178 180 177 179 178 178 175 168 170 181 180 181 174 173 162 143 93 76 69 56 77 142 172 153 86 87 38 84 127 133 148 163 173 147 162 171 160 159 173 166 163 171 171 182 178 168 159 141 124 116 87 58 43 89 136 150 144 141 152 148 163 162 163 167 170 155 166 161 156 160 153 152 147 142 137 119 104 117 120
164 164 166 174 173 180 178 183 183 183 179 180 182 181 180 179 176 174 171 174 183 181 182 170 174 154 141 108 67 63 45 58 132 172 147 90 56 32 59 68 135 155 161 161 148 160 181 168 173 172 167 172 173 173 180 168 160 145 132 119 95 54 52 98 142 155 141 136 145 115 128 142 139 156 175 168 159 168 169 161 158 157 157 151 149 146 137 138 123 119
171 171 165 182 175 190 179 183 186 184 185 186 187 187 181 177 178 168 170 180 182 176 180 174 174 158 129 113 82 57 53 50 115 164 143 72 46 83 34 75 143 159 149 161 150 156 177 170 175 170 169 174 174 180 179 167 154 139 116 98 64 58 103 139 140 149 148 150 149 131 111 139 156 154 161 162 172 173 173 167 164 161 159 157 156 154 147 144 139 128
174 171 176 179 182 180 183 193 192 186 185 181 182 186 183 184 179 176 181 178 178 184 190 182 172 171 152 124 81 73 65 48 92 147 136 51 41 39 5 56 129 157 148 164 141 156 176 170 174 175 172 171 172 179 169 157 136 123 102 81 69 107 146 143 157 163 161 153 153 138 111 138 154 164 160 166 174 178 175 171 173 168 163 162 154 152 156 146 153 142
178 172 179 172 188 180 189 195 186 182 187 184 184 187 181 182 183 178 185 183 184 184 182 183 169 157 148 131 74 58 51 68 93 125 113 55 27 4 41 76 124 154 143 147 148 167 178 177 175 180 171 175 177 180 166 150 131 106 90 94 114 152 159 154 166 162 167 154 156 146 91 89 151 175 173 172 179 170 177 179 182 175 167 172 155 138 148 143 156 155
182 185 181 179 184 190 189 196 190 184 187 181 181 188 185 189 184 177 182 177 183 184 180 189 175 161 140 122 93 60 52 71 88 120 95 49 27 60 82 71 127 135 142 142 157 167 181 174 182 180 167 181 181 177 162 136 115 116 114 139 153 163 161 150 159 162 159 158 157 146 83 35 125 174 165 173 174 184 179 171 179 185 172 168 156 149 165 158 145 155
176 178 186 186 189 187 180 195 183 180 182 182 188 187 174 177 182 181 183 187 191 190 185 187 178 156 141 130 88 73 65 72 90 106 84 53 32 45 66 92 132 126 143 142 151 172 176 177 178 173 176 184 167 164 158 142 138 142 146 158 165 160 158 148 143 161 161 152 148 130 75 16 111 166 181 168 174 181 170 180 181 170 170 172 170 170 170 169 164 162
187 177 194 189 182 193 187 189 178 177 186 187 186 181 176 184 184 176 183 188 182 183 182 174 177 141 136 129 86 89 67 75 94 102 86 43 51 75 115 120 130 132 137 146 167 181 172 171 175 176 176 176 181 165 157 154 152 154 156 157 163 168 151 146 151 161 156 165 149 138 81 5 98 155 191 172 165 177 171 172 174 170 172 177 175 176 179 172 169 164
169 182 184 185 187 186 189 188 193 181 183 187 188 186 180 183 183 186 185 184 189 188 181 183 177 153 114 111 94 91 87 73 90 98 92 41 68 57 88 100 140 143 146 169 174 171 170 176 170 172 177 176 175 160 160 160 153 152 157 162 157 151 153 145 144 153 154 156 159 136 92 9 55 124 164 162 154 153 170 175 174 174 174 174 168 171 182 178 176 170
178 183 188 189 192 193 190 190 187 179 180 184 186 185 180 180 182 183 184 182 183 184 181 181 173 165 133 101 101 87 87 93 99 90 107 54 66 69 54 111 150 164 158 172 166 166 168 164 166 170 175 181 167 163 158 150 156 154 143 151 159 147 141 145 146 157 155 154 164 136 93 32 29 92 145 170 163 143 148 136 166 164 170 174 172 177 180 172 176 174
189 186 182 184 192 195 191 186 185 181 178 176 179 180 179 181 176 178 184 184 182 183 181 179 182 167 155 117 113 92 73 90 102 102 110 92 66 104 79 116 154 178 163 169 165 160 156 156 161 172 168 165 154 149 146 151 155 160 151 113 126 163 156 146 149 156 158 163 168 139 96 59 107 86 119 164 170 153 142 135 166 160 168 168 167 174 176 176 169 169
180 187 179 184 192 192 196 189 183 186 185 181 180 179 179 181 181 179 181 179 178 183 185 186 174 171 160 142 122 114 103 94 110 131 116 128 104 128 144 141 172 177 160 167 165 160 160 165 168 169 164 157 159 148 149 154 154 160 144 78 63 128 148 145 141 146 162 165 153 143 108 48 108 89 98 147 167 159 149 155 167 159 158 160 166 174 174 172 173 171
180 173 186 187 182 188 186 184 184 179 175 177 181 184 183 179 180 171 178 181 174 176 176 167 168 157 155 158 129 115 116 125 119 131 134 139 133 140 157 160 154 160 163 161 155 156 159 155 168 161 159 152 150 144 155 157 152 146 132 24 64 96 133 125 133 152 162 178 171 143 106 80 130 135 93 126 171 171 151 148 155 159 151 153 162 170 181 180 171 169
183 179 174 180 190 184 177 182 182 175 176 182 180 179 181 177 178 178 171 169 177 176 169 173 177 161 145 146 150 143 143 137 137 136 148 150 142 150 150 158 160 158 157 151 159 161 158 162 158 158 151 152 146 151 153 151 152 147 150 45 74 101 116 129 147 141 163 171 179 142 127 66 101 139 96 105 158 191 163 145 155 165 146 149 160 168 188 184 169 168
178 184 174 172 185 182 182 181 182 174 175 180 179 176 173 173 176 174 173 172 170 171 171 169 169 162 150 157 150 148 152 139 140 139 150 163 162 154 159 151 148 154 151 146 155 151 150 158 155 152 152 146 145 151 169 163 155 151 149 109 81 108 107 124 149 142 161 166 174 146 128 73 120 173 99 99 157 185 184 124 141 150 148 144 150 160 179 177 169 169
188 177 177 176 181 181 181 187 181 165 168 178 180 183 180 173 169 169 169 167 165 165 169 172 169 162 160 162 159 162 154 148 153 153 160 165 170 163 161 164 151 146 153 153 137 141 155 157 162 159 156 158 145 162 182 177 152 145 138 135 95 95 111 118 132 144 170 176 170 140 122 87 127 171 112 91 155 167 194 130 137 149 150 139 147 162 169 173 171 165
166 176 169 172 179 178 184 180 173 166 175 181 175 174 176 174 177 174 170 168 167 166 165 164 165 159 157 155 155 163 156 158 169 167 172 168 176 175 168 172 155 152 157 162 147 157 169 171 168 163 161 171 169 186 193 178 164 151 140 127 106 92 111 111 125 142 154 177 175 135 112 83 81 161 122 71 147 161 182 136 132 138 135 136 147 157 162 179 170 159
151 153 165 172 170 184 188 173 172 168 172 177 179 178 173 173 172 167 167 170 169 169 166 160 161 162 159 159 155 160 161 163 165 163 173 174 179 181 176 165 162 160 154 161 160 178 179 175 175 171 164 163 180 184 183 166 156 147 133 116 96 94 98 105 114 125 145 156 167 144 105 87 90 167 175 95 145 159 180 130 128 130 120 132 140 149 166 180 170 163
153 143 148 168 171 177 176 173 175 169 168 172 179 180 173 170 160 159 168 173 167 167 169 165 163 156 148 148 146 154 150 142 154 151 160 169 172 172 177 163 162 162 161 160 142 160 168 163 156 165 159 152 163 159 160 158 149 134 131 109 94 77 90 105 118 123 137 149 165 127 93 83 86 155 191 144 137 167 175 127 129 130 124 127 129 147 170 168 156 156
138 145 132 157 177 174 168 176 168 164 170 171 166 168 171 172 165 162 169 174 170 169 171 166 163 158 158 148 136 142 138 137 149 146 151 162 163 156 163 160 148 147 148 146 129 144 154 146 128 146 145 147 143 143 144 148 142 133 129 113 98 92 74 103 112 124 155 158 165 129 90 92 74 143 180 144 135 159 162 116 132 124 133 129 128 145 166 163 146 148
125 137 145 157 164 175 162 166 160 158 165 168 166 169 171 171 167 164 165 171 174 174 171 166 162 165 164 156 145 145 138 135 138 137 147 155 155 146 145 143 146 144 146 142 130 134 141 137 125 135 132 136 132 134 137 140 136 128 121 99 103 101 70 98 107 117 134 161 163 115 85 89 70 140 175 147 131 157 150 118 127 120 134 130 135 139 160 163 147 141
97 128 138 155 158 165 163 167 162 163 166 168 173 173 167 166 166 169 170 172 176 173 168 170 162 168 152 151 148 145 144 135 131 126 137 136 137 141 140 134 138 127 133 130 119 121 134 132 123 128 127 126 134 130 137 140 131 129 110 112 103 91 70 85 110 118 126 156 147 103 81 93 65 104 131 106 131 158 141 125 117 125 135 126 136 133 160 157 151 136
78 120 139 149 156 160 154 161 157 162 161 166 167 165 169 164 166 161 167 171 174 168 170 162 165 165 159 139 137 150 132 124 123 123 121 129 128 117 115 123 126 120 115 124 126 120 114 119 123 119 116 123 124 124 134 137 134 124 108 111 83 69 72 75 92 106 136 143 130 103 94 84 73 135 161 124 138 161 147 128 119 127 131 124 125 138 154 148 147 138
78 94 133 148 155 157 156 154 158 159 158 166 169 166 166 159 159 163 169 173 168 167 169 164 162 156 149 118 121 121 109 109 120 126 116 110 109 104 110 106 108 113 109 120 121 114 111 110 110 112 113 113 117 122 128 135 127 122 116 95 80 63 69 84 90 96 144 140 122 96 93 79 81 128 147 125 147 155 145 119 129 125 126 123 126 139 160 161 148 139
85 78 126 149 153 157 155 155 157 157 156 164 167 164 163 158 158 167 168 168 154 159 163 163 160 157 138 116 93 89 97 94 103 113 110 103 107 104 94 100 102 99 109 114 113 122 114 112 110 111 110 103 110 122 119 123 125 118 103 57 84 77 74 86 91 108 126 134 124 105 102 72 102 152 145 113 136 146 144 128 129 123 123 125 129 136 152 152 150 140
105 97 127 152 151 157 149 160 155 157 158 161 160 158 161 161 161 167 166 163 152 156 162 163 153 138 127 93 64 79 82 92 96 108 102 98 97 98 92 91 107 105 111 110 113 126 119 125 123 121 110 95 98 109 111 115 126 119 85 26 83 92 88 96 87 108 126 130 115 105 95 72 97 127 107 113 128 148 145 120 122 124 129 135 143 144 149 145 148 138
129 125 135 153 153 154 148 158 153 159 160 158 154 155 159 158 156 157 161 162 163 159 162 158 151 136 120 82 76 75 72 85 100 94 96 96 92 73 89 97 98 114 100 105 113 108 112 122 125 128 119 108 102 102 110 112 121 121 88 42 90 100 95 94 95 99 123 129 117 97 91 63 85 94 55 124 144 149 137 122 128 126 121 121 132 136 147 153 147 139
138 135 141 148 156 152 156 154 153 158 159 155 153 156 156 152 156 153 158 162 170 162 161 155 151 143 111 92 77 56 64 77 91 85 90 80 46 81 100 92 108 106 97 111 118 116 116 115 127 128 120 116 112 109 114 113 121 122 103 78 92 94 96 93 96 104 115 131 116 89 88 76 121 137 78 131 139 141 133 128 133 126 118 119 129 132 145 157 125 121
136 137 143 146 154 153 159 154 152 154 155 153 154 156 154 149 158 157 158 164 168 163 160 156 154 135 110 88 58 50 57 86 86 86 79 22 79 103 52 92 122 106 114 123 117 123 121 121 123 127 124 122 121 115 109 107 112 119 113 94 90 89 92 93 95 105 118 125 107 94 75 87 133 106 83 127 135 137 129 119 133 124 118 120 128 133 149 157 135 134
134 143 145 149 147 153 151 153 151 150 151 151 153 156 154 152 148 152 151 161 159 160 155 153 149 131 105 75 62 46 52 78 92 87 49 75 91 49 56 114 144 128 116 123 127 131 125 122 128 137 139 128 122 114 105 113 115 115 98 77 88 98 94 90 96 108 123 123 110 92 81 72 76 55 102 129 138 141 130 133 135 127 124 122 124 133 148 146 147 149
138 144 141 148 148 142 150 149 148 149 151 155 152 149 150 148 146 154 147 158 164 154 158 157 147 123 86 76 70 42 42 74 91 76 44 96 42 82 112 117 134 139 130 125 123 135 132 129 130 128 134 136 122 113 112 110 109 102 80 86 93 82 97 93 105 99 116 115 111 85 79 89 82 64 126 139 139 128 129 136 128 131 119 134 135 138 149 149 152 156
134 140 144 143 142 141 144 152 152 152 151 152 149 144 143 140 140 150 155 153 153 151 149 150 135 111 87 60 61 49 32 70 91 65 70 67 90 163 149 130 142 132 133 135 139 138 136 141 134 140 146 144 132 116 101 90 77 79 86 90 98 94 95 101 98 107 120 124 114 82 77 91 70 76 122 148 138 130 133 143 134 131 123 130 137 144 151 155 151 150
134 138 139 136 141 144 143 150 146 145 143 145 148 147 147 143 151 146 149 151 152 152 147 148 123 108 80 57 49 38 39 73 102 60 81 53 138 179 197 137 149 141 148 140 137 143 138 138 136 145 145 139 137 131 117 106 102 89 93 91 100 99 94 107 107 105 109 120 105 84 54 17 36 101 152 143 128 131 135 135 134 124 125 128 147 157 153 152 156 149
132 137 131 133 138 140 145 144 146 141 138 143 145 147 149 143 145 140 140 149 154 152 147 137 125 114 63 45 47 30 48 87 115 76 79 36 61 85 178 160 152 134 141 142 143 158 152 154 147 151 147 140 142 142 130 119 113 110 106 97 101 104 107 107 115 111 111 123 113 83 27 9 64 131 152 132 125 127 133 133 125 125 137 137 152 156 154 154 150 141
126 131 131 131 128 131 140 140 148 140 139 143 141 144 146 135 131 138 143 144 145 151 149 133 120 98 66 50 40 33 57 96 124 105 80 123 96 54 89 145 151 135 149 141 141 151 151 156 153 151 149 147 147 148 139 126 122 118 113 113 114 106 108 102 116 114 121 130 123 77 5 33 99 131 123 137 132 132 131 133 132 138 147 147 154 151 153 149 137 129
127 124 133 129 125 133 134 136 142 137 138 143 140 141 141 130 127 132 145 148 150 152 141 130 111 96 68 45 33 35 70 118 133 101 70 57 24 47 74 115 141 124 146 137 145 145 152 157 157 152 152 154 151 152 146 134 128 124 119 115 118 114 112 103 119 114 120 127 123 76 11 67 133 127 132 137 131 139 132 139 137 140 141 144 144 138 138 126 131 126
127 123 131 129 128 134 131 133 138 137 137 139 139 138 137 131 134 128 131 143 149 144 135 130 112 89 58 47 31 41 93 119 132 98 73 11 6 33 75 115 132 132 150 140 137 144 147 153 153 150 155 159 156 156 152 141 134 127 120 120 122 107 104 114 112 118 123 131 124 68 29 103 138 119 135 129 133 140 133 145 139 141 140 144 132 128 130 122 126 124
120 126 131 131 128 126 129 134 133 137 134 135 140 139 139 139 131 134 127 139 145 136 138 128 110 84 55 45 31 43 96 123 133 93 73 27 70 104 73 114 135 130 134 150 133 142 134 154 154 152 155 156 152 154 152 143 140 132 113 118 129 111 110 121 114 116 120 126 108 78 77 115 122 133 129 131 133 138 141 146 142 134 129 132 119 125 128 122 122 121
120 124 130 125 121 124 123 124 131 126 131 138 138 139 140 135 131 126 120 136 139 135 133 128 104 78 60 44 33 50 107 128 136 87 75 43 89 96 58 123 127 128 129 144 130 145 139 142 145 151 154 151 149 155 149 152 141 137 122 113 117 121 117 105 113 119 122 119 112 70 96 119 120 125 122 131 134 142 146 147 140 131 136 127 111 113 118 115 116 111
117 115 120 121 122 123 120 122 124 124 127 133 135 137 137 134 129 128 125 137 134 127 125 121 108 89 72 44 39 53 99 127 128 85 93 35 56 90 104 113 141 117 130 158 145 145 137 152 147 148 150 158 149 149 152 145 149 139 132 120 108 116 125 111 116 121 123 116 118 95 101 106 117 119 126 133 141 134 138 138 141 130 135 129 106 104 116 119 117 114
116 115 119 121 121 120 118 119 119 122 124 126 129 131 130 129 128 128 123 130 125 122 122 120 103 96 61 48 24 51 107 131 139 84 103 53 66 108 92 110 144 110 130 151 145 151 139 140 145 146 143 152 150 147 146 144 149 139 139 136 114 104 115 117 122 118 118 115 125 124 117 116 113 130 144 144 148 143 144 136 148 134 120 121 122 115 112 112 110 109
115 113 113 115 118 121 117 111 119 122 123 123 126 129 129 128 129 126 119 123 122 123 121 116 100 100 68 51 47 56 105 126 127 88 95 81 49 61 89 118 129 102 133 154 149 147 140 141 149 143 146 150 148 153 149 149 139 142 134 130 128 117 109 109 108 117 115 108 119 140 133 120 129 134 132 140 146 154 147 142 141 136 121 121 125 115 112 116 116 117
110 111 113 114 115 117 118 116 115 116 119 119 120 125 128 126 127 125 121 126 124 124 115 105 92 84 82 64 61 55 85 123 130 110 80 108 57 44 106 122 132 116 137 153 150 140 142 143 142 146 146 146 148 150 141 149 135 141 130 126 133 127 116 114 100 94 89 107 115 113 104 99 107 129 147 161 162 162 148 144 134 127 119 119 115 112 119 116 113 115
116 111 109 115 118 115 116 115 121 120 122 122 121 124 127 124 122 123 123 127 124 122 112 104 96 79 77 74 58 45 73 112 125 121 88 97 94 58 93 126 125 117 128 150 152 134 134 137 133 137 145 155 145 146 154 148 140 138 136 136 130 123 123 120 121 120 104 95 75 70 100 125 157 171 180 165 161 150 138 126 118 118 114 113 112 113 116 113 114 114
115 113 111 116 114 109 112 113 119 119 119 118 119 119 119 118 120 121 122 124 119 119 113 109 101 91 71 69 76 55 84 108 119 118 99 63 98 77 94 108 117 131 143 153 147 135 137 140 135 138 139 148 143 139 141 141 139 139 137 133 126 129 129 113 117 132 138 142 141 143 157 153 160 155 150 138 141 133 124 120 106 113 111 108 116 117 111 113 111 108
115 115 112 115 116 114 117 113 110 113 112 113 118 117 115 117 121 120 121 122 116 117 110 107 103 99 80 73 57 60 86 107 116 122 117 81 74 103 80 93 107 121 138 157 150 135 131 139 140 132 132 139 141 144 138 145 132 133 129 128 128 125 124 121 131 126 123 128 139 142 150 143 138 142 134 125 120 125 112 111 107 109 114 111 112 117 114 117 113 108
103 106 113 109 114 116 115 114 112 113 116 109 114 112 114 113 116 112 114 118 124 115 113 102 103 104 84 72 69 60 62 96 107 117 113 113 93 99 88 101 105 127 135 139 145 140 135 131 134 133 130 138 138 138 136 137 126 130 129 126 126 122 119 121 122 124 130 130 126 130 134 128 133 125 124 123 116 112 114 113 116 108 110 113 117 119 114 115 110 105
99 99 107 100 102 107 107 110 108 110 113 106 111 111 113 111 113 114 113 113 115 114 114 104 106 106 94 79 73 75 69 78 102 110 114 111 104 106 95 96 115 122 131 136 144 139 128 134 135 134 132 139 135 130 131 136 124 129 129 124 121 119 118 120 124 124 124 125 126 124 124 126 123 121 120 119 116 114 114 114 112 109 111 111 114 117 112 109 108 102
80 93 87 83 96 93 98 104 107 106 107 108 115 114 114 113 117 117 112 112 111 116 117 112 109 93 103 97 68 73 81 77 88 100 111 105 116 114 112 119 123 120 135 137 130 136 134 120 135 133 129 134 133 132 129 129 130 123 121 123 123 119 117 118 120 123 123 122 122 119 115 113 110 111 111 112 116 116 114 114 116 111 113 115 115 111 104 102 97 93
70 75 93 70 68 91 94 96 94 95 98 105 109 104 107 112 111 111 108 116 113 116 112 111 113 101 98 107 107 87 67 89 90 92 106 107 118 118 123 132 141 133 120 122 128 134 141 137 131 133 127 127 127 133 131 126 126 124 123 121 118 118 118 115 112 106 108 112 109 107 110 112 110 116 119 116 114 113 114 116 115 117 115 110 107 108 103 96 98 95
53 53 70 58 59 74 74 77 89 90 90 101 108 107 105 102 107 109 109 115 112 116 111 114 108 108 106 102 100 100 92 106 98 88 101 115 116 125 126 121 130 134 129 129 130 130 132 128 128 135 131 128 121 125 127 127 128 121 120 123 119 113 112 114 111 113 114 111 111 118 120 114 118 118 117 115 115 117 116 112 114 110 106 105 103 101 101 101 95 91
42 59 47 39 48 47 59 64 75 83 79 85 89 95 95 90 93 101 105 105 105 112 110 111 107 105 103 102 97 99 98 104 96 99 104 113 116 128 119 119 121 129 135 129 133 139 131 126 125 129 128 132 126 121 119 120 119 119 118 119 121 123 121 117 117 120 118 119 124 122 115 114 116 115 114 112 112 115 116 113 106 109 106 104 102 102 102 94 89 86
33 38 47 45 40 32 40 50 62 73 73 84 86 88 85 79 77 83 94 96 106 112 109 107 103 106 101 104 102 103 102 99 100 112 108 107 112 120 109 121 128 115 123 127 118 120 124 124 117 118 118 128 126 122 117 116 119 122 124 124 122 117 116 121 116 121 118 115 120 121 117 117 120 118 112 110 113 114 111 107 107 106 104 107 105 99 97 93 92 91
18 28 37 47 57 51 49 40 49 57 53 63 59 60 68 79 71 66 72 76 97 105 108 108 108 112 101 103 102 99 99 100 109 106 104 105 107 114 108 114 112 114 109 116 125 118 112 109 108 111 111 118 116 118 122 126 114 120 120 119 121 121 118 120 115 115 118 119 116 112 112 114 113 116 111 107 109 107 104 107 106 105 99 99 98 97 100 97 89 86
16 26 23 18 33 51 50 43 42 41 35 36 46 57 65 66 69 73 71 55 61 77 75 80 83 91 88 95 98 104 102 104 104 109 106 98 105 108 99 105 105 106 110 111 111 107 106 115 111 111 112 117 111 117 115 116 110 115 108 119 121 110 115 119 114 111 116 115 110 111 114 116 109 114 107 109 107 104 111 101 102 101 99 100 101 92 84 85 87 88
17 20 17 19 31 40 40 42 42 36 38 38 40 48 49 50 56 64 66 63 58 54 62 77 86 95 83 69 72 93 104 102 107 101 102 105 100 99 102 102 100 104 107 107 108 105 102 110 107 111 108 110 111 114 107 110 109 114 114 115 110 115 111 106 113 112 108 113 113 110 116 108 107 110 105 102 101 92 88 96 104 98 95 96 91 86 89 97 89 89
20 31 32 24 22 24 29 37 36 30 43 46 41 40 36 41 41 41 44 54 59 57 59 63 62 75 79 72 70 71 79 81 95 95 95 105 105 98 100 99 102 97 103 106 106 109 109 106 104 108 108 111 107 109 109 110 116 104 113 105 111 113 109 109 111 113 110 113 109 105 110 103 106 94 82 78 98 110 100 108 104 92 89 93 95 96 95 93 92 93
26 24 15 10 14 19 21 26 36 36 43 39 38 44 39 32 35 41 51 50 54 63 53 40 51 63 67 54 53 55 70 74 69 78 80 87 94 89 89 95 100 98 102 104 103 105 107 109 104 105 105 107 105 107 108 106 106 105 109 106 107 107 103 107 109 105 105 104 104 106 102 98 95 83 88 95 104 105 95 100 96 98 101 100 96 96 97 93 92 93
13 19 17 12 19 30 32 29 32 37 44 49 48 42 41 42 43 38 45 48 44 41 39 44 51 53 59 63 77 75 71 56 55 59 67 70 74 76 81 95 97 98 96 97 106 104 97 104 103 105 101 102 106 104 105 103 110 103 104 104 109 104 106 109 114 109 108 106 105 105 102 99 107 104 104 100 96 100 100 96 98 98 95 90 91 96 97 94 89 92
27 17 10 14 19 19 22 29 26 33 36 43 47 47 50 52 50 56 54 56 50 43 48 44 50 55 58 57 58 58 62 59 63 54 50 50 61 65 66 86 103 100 101 98 95 94 94 99 101 103 108 111 110 106 113 106 107 106 102 110 91 74 88 111 111 112 106 108 104 98 104 103 99 101 98 100 99 95 98 98 98 97 96 95 95 93 91 90 92 95
30 19 12 17 21 17 12 14 27 27 34 42 41 37 38 45 40 48 48 54 52 47 58 62 61 57 52 55 44 34 40 51 42 46 51 55 58 61 76 103 105 104 108 107 106 110 109 105 89 103 115 119 120 105 104 98 88 91 103 92 84 119 85 110 107 105 95 101 102 98 102 100 99 103 97 93 95 95 96 93 96 92 91 90 88 90 95 96 95 98
24 15 15 29 36 28 21 24 22 17 29 33 38 50 52 54 46 43 42 41 37 31 31 40 40 40 33 39 41 54 56 54 47 40 41 43 36 55 98 115 107 115 100 82 90 97 94 104 123 116 73 64 111 109 91 88 74 70 80 89 126 98 102 141 143 136 132 130 126 121 118 123 125 122 120 119 117 115 113 111 112 107 106 102 95 97 97 86 92 95
27 27 24 29 33 28 22 17 21 25 35 37 43 38 31 28 36 40 41 41 45 43 39 41 37 37 37 35 30 37 43 53 51 44 41 57 77 90 100 106 109 80 64 70 88 97 111 121 79 49 31 54 93 112 96 89 78 83 90 102 129 101 136 149 143 144 141 144 144 138 141 141 142 140 140 138 142 140 141 140 136 139 139 136 133 127 118 113 110 106
38 35 24 22 25 21 17 16 18 23 33 34 40 41 44 50 52 52 45 39 39 36 34 38 37 40 43 43 34 34 35 42 46 47 70 98 106 110 113 100 58 46 48 50 51 49 47 35 26 40 54 75 101 111 94 94 80 81 108 130 111 149 145 143 141 142 139 144 144 140 143 142 139 137 137 135 139 137 138 136 139 140 138 137 138 139 138 138 137 134
