27 28 25 23 22 22 27 31 30 28 29 28 40 46 33 31 37 33 38 39 35 30 61 126 157 161 153 153 155 149 153 156 154 157 159 157 154 153 154 154 159 154 156 148 153 153 157 151 153 153 154 154 154 154 153 152 156 147 154 149 153 152 150 153 152 152 153 153 152 152 151 148 148 148 149 149 148 148 150 150 151 149 149 150 151 151 151 151 152 150
25 29 19 21 23 23 30 23 26 21 28 29 31 39 35 30 28 28 33 32 31 30 32 51 99 146 161 157 157 154 155 156 152 153 154 154 154 156 156 155 154 153 149 157 156 149 156 154 153 154 155 154 154 154 154 154 155 152 151 151 148 152 154 154 153 152 153 152 150 150 151 150 152 149 148 148 149 150 150 148 149 149 150 151 150 149 149 149 152 150
29 26 21 28 31 28 29 26 25 18 25 25 23 31 32 28 26 25 30 27 26 32 32 33 40 72 97 127 155 161 161 160 153 155 158 158 155 152 154 158 154 155 155 154 159 153 153 154 154 155 156 155 154 154 156 157 153 156 151 155 148 154 155 150 153 153 153 152 149 150 152 153 153 150 149 149 150 151 151 149 147 149 151 152 150 148 148 149 149 148
34 24 34 35 28 28 22 18 21 23 27 22 20 23 26 32 28 22 27 32 32 32 33 36 36 37 45 54 66 106 152 165 160 157 153 154 156 157 157 160 161 157 160 162 155 156 159 148 152 154 156 156 154 154 154 155 154 157 154 157 155 157 152 150 152 152 154 153 151 152 154 155 151 151 151 151 151 151 152 152 149 150 152 152 150 149 149 150 150 149
21 38 37 26 38 36 16 25 24 24 20 18 24 28 26 30 37 31 32 34 31 26 32 45 44 52 47 45 50 56 83 122 148 158 163 159 156 156 156 156 143 136 126 141 144 138 139 141 143 146 148 149 149 151 154 156 158 153 155 150 158 156 151 155 153 152 154 155 154 154 154 152 151 151 152 152 151 151 152 152 151 151 151 151 150 150 151 151 153 152
33 39 32 36 43 33 27 28 24 21 20 22 26 30 31 30 28 32 33 30 27 26 31 41 50 55 57 61 65 62 62 68 77 108 135 150 163 167 155 139 89 70 78 75 108 114 119 132 143 147 152 155 154 152 149 147 150 147 157 152 159 155 149 156 154 153 154 156 155 154 152 150 153 152 151 151 151 151 151 149 152 151 151 150 150 151 152 151 151 151
38 33 23 34 39 29 32 32 27 22 22 27 31 33 33 27 30 32 30 30 36 40 40 38 48 56 59 56 57 63 62 57 54 56 55 68 100 130 142 142 92 34 57 89 138 153 165 175 165 161 153 146 143 145 150 154 157 146 144 144 152 158 155 152 156 153 154 155 154 153 153 151 154 153 152 151 150 150 151 150 152 152 152 151 151 151 151 151 148 148
40 36 28 25 26 31 34 27 26 28 30 33 32 29 28 27 31 32 35 42 45 46 49 51 58 58 61 56 52 59 61 52 48 56 59 55 49 49 67 93 106 96 79 120 139 141 136 139 135 139 145 149 151 148 144 140 142 149 153 158 144 148 154 153 156 154 153 154 153 153 155 155 153 153 154 152 149 149 152 154 151 153 154 153 152 151 151 150 150 150
39 27 26 22 24 33 39 31 28 33 40 38 29 25 27 26 27 33 41 50 57 59 59 61 69 73 76 73 71 77 81 76 77 82 78 82 84 74 67 65 63 79 86 93 100 106 124 141 153 163 166 162 161 163 164 165 172 153 144 155 160 151 144 144 155 156 159 155 151 156 155 152 152 155 151 151 150 155 153 154 153 151 152 151 151 152 151 153 149 149
38 25 24 21 27 28 30 36 30 39 42 36 29 28 31 37 42 55 66 69 65 65 72 82 88 91 92 95 103 108 108 110 108 115 112 117 122 121 127 127 119 121 119 121 121 119 127 134 134 136 135 133 137 141 144 148 160 175 160 143 159 168 152 143 143 143 151 154 153 153 151 151 152 158 157 154 148 152 152 152 155 151 151 148 148 149 149 151 149 148
29 28 26 21 23 27 37 38 33 44 42 33 33 35 42 54 63 69 73 77 82 86 90 95 99 99 99 104 111 111 110 114 116 119 119 118 118 123 128 127 133 131 128 131 131 126 125 126 124 126 126 129 133 132 131 132 141 142 151 148 146 157 161 157 155 140 139 149 154 152 149 154 152 153 152 154 151 157 155 152 154 151 150 148 147 148 148 150 151 150
29 24 23 28 25 28 47 35 33 42 38 33 39 46 54 65 72 76 78 81 86 91 95 98 95 102 113 117 112 111 115 116 121 116 122 119 118 125 124 124 124 127 129 131 129 125 125 127 128 130 131 131 133 132 131 131 125 125 130 127 127 130 133 147 151 150 149 144 146 155 154 148 153 151 151 154 149 152 152 152 152 150 151 149 149 150 149 152 151 149
27 26 30 27 24 34 46 24 31 35 34 36 47 56 60 64 67 74 79 81 85 90 95 101 99 104 110 112 113 119 119 110 102 97 102 106 108 116 123 127 123 129 133 129 127 127 130 137 132 135 137 136 138 140 139 136 137 128 134 132 123 123 119 112 116 121 125 125 135 153 158 154 150 151 151 154 149 153 153 152 152 150 151 149 149 150 150 153 150 149
23 27 43 37 28 24 23 25 28 29 34 42 51 57 58 57 63 70 75 80 89 97 101 103 107 113 114 115 121 118 99 82 80 82 81 91 94 100 122 128 130 133 138 134 129 129 131 135 143 143 141 140 143 148 147 143 135 131 129 130 130 127 126 126 120 116 115 114 110 111 125 146 153 156 152 150 150 156 152 147 152 150 150 148 147 148 148 152 151 150
25 41 44 27 22 20 26 33 27 30 36 44 49 51 53 58 66 76 83 87 94 101 106 110 113 121 124 120 110 94 81 77 73 77 82 89 94 103 121 130 130 125 136 142 138 140 143 143 142 142 145 148 150 149 145 139 139 150 142 138 139 135 135 134 131 122 116 115 119 119 113 112 118 137 151 158 153 149 147 155 151 149 150 149 148 148 147 150 148 147
25 45 32 28 36 30 37 24 28 33 39 43 45 44 51 63 70 80 88 94 102 111 117 121 128 122 122 118 101 83 76 76 77 79 97 96 102 118 116 127 132 118 132 143 135 138 144 142 146 146 150 154 154 152 150 149 149 152 145 147 145 141 145 134 134 128 123 118 114 112 114 122 115 114 114 135 154 156 147 152 148 148 152 152 151 150 147 148 148 147
45 47 37 40 55 47 30 28 30 34 39 41 43 47 57 67 75 89 97 106 116 121 129 138 133 134 121 104 82 74 72 77 82 99 113 112 123 128 122 119 124 111 119 141 139 145 145 145 157 155 155 161 160 155 158 160 154 155 152 147 157 152 150 144 136 131 120 114 113 111 112 113 119 124 114 95 107 144 158 149 151 152 149 147 147 145 145 149 147 147
42 37 28 40 44 39 39 34 29 31 33 37 43 52 66 77 88 101 106 111 119 123 129 134 139 141 124 94 79 77 66 72 90 114 128 126 129 130 127 125 109 97 102 130 136 144 153 154 156 158 159 163 162 159 163 165 164 160 159 157 159 148 147 144 139 134 126 122 121 117 115 113 114 115 120 118 111 109 125 150 152 148 151 151 151 151 147 147 148 148
48 26 26 43 33 41 47 32 28 29 32 39 49 61 73 83 98 112 118 124 132 135 138 138 143 140 122 96 86 77 59 80 95 120 131 135 139 142 136 116 77 76 84 121 141 153 166 164 165 169 169 168 165 166 170 170 170 171 169 161 156 151 151 141 140 136 131 127 124 119 115 113 111 111 113 117 119 107 101 116 139 158 148 149 151 145 153 146 147 147
46 29 24 32 42 55 33 32 30 31 35 43 56 71 86 97 105 116 122 130 137 140 144 146 142 144 127 101 89 77 62 86 107 129 137 143 144 147 126 75 28 62 94 128 148 155 163 167 171 176 174 172 172 178 183 181 178 175 170 166 160 152 151 147 138 134 132 126 120 115 113 114 112 111 116 110 107 119 118 101 105 133 154 154 146 148 154 148 148 148
39 25 21 29 47 53 25 31 32 36 42 51 62 73 84 94 108 120 130 141 145 142 143 145 149 148 131 114 94 70 61 85 118 140 150 154 146 143 101 32 16 74 117 131 151 161 163 171 174 177 176 175 178 184 189 185 181 182 175 170 164 154 149 149 142 135 133 127 122 119 116 117 112 108 112 116 115 110 110 119 106 94 125 154 150 150 153 145 148 148
38 19 22 37 41 35 31 29 36 39 45 53 64 77 92 103 116 127 135 143 145 143 148 152 153 146 136 133 106 68 56 77 124 145 155 157 151 137 71 10 27 92 127 119 141 160 162 167 172 173 172 175 178 181 184 182 184 192 182 172 162 156 148 144 140 130 128 123 120 119 112 109 109 109 115 115 114 115 111 106 111 108 96 113 147 151 145 149 147 146
33 25 26 30 40 27 30 34 34 39 47 57 67 78 91 101 116 130 139 143 144 146 151 153 149 150 151 142 110 76 56 66 127 151 159 157 155 123 38 12 43 117 146 123 134 152 164 166 164 163 164 170 173 173 180 185 195 191 178 174 161 150 142 142 138 127 126 121 116 114 104 100 102 111 115 109 113 119 115 111 103 110 112 97 107 142 154 149 150 150
29 20 29 21 35 32 34 35 38 44 53 65 78 90 102 112 123 137 143 142 142 148 156 156 158 155 160 148 111 74 50 67 123 157 167 160 156 108 18 30 69 139 155 122 125 143 166 165 164 161 161 166 166 164 174 184 199 192 174 167 154 152 144 135 130 120 119 112 103 98 88 85 87 91 108 115 112 118 123 121 115 108 105 108 98 112 150 152 150 150
20 20 27 29 27 30 34 37 45 57 64 73 85 96 108 118 127 138 144 151 156 155 155 151 157 161 165 153 121 76 42 64 117 152 163 160 144 77 21 41 83 145 163 126 117 136 164 163 159 155 161 159 168 166 169 175 181 181 163 160 146 147 137 128 124 113 111 96 87 80 75 77 85 96 110 116 117 119 123 129 120 115 102 107 107 94 115 147 150 147
19 26 30 29 32 34 38 53 60 67 74 85 95 99 107 118 131 142 145 148 151 154 160 160 166 164 169 164 138 93 42 59 117 150 160 158 149 56 14 51 111 159 157 125 105 131 161 158 160 155 160 157 159 159 164 169 166 174 160 156 142 136 124 122 108 105 92 77 73 69 76 77 89 99 109 117 118 115 121 130 126 126 123 104 109 107 91 115 149 155
27 31 30 29 38 41 44 60 66 70 78 91 104 110 117 129 133 145 151 153 154 158 165 166 168 163 166 164 142 100 38 51 114 143 149 149 132 39 9 26 122 162 156 121 91 130 154 159 160 155 160 159 159 161 167 168 169 168 154 151 140 132 115 105 109 90 62 53 63 66 76 79 83 97 103 112 118 115 114 113 121 128 123 115 104 107 117 98 130 155
30 26 28 32 37 45 53 63 68 76 87 98 111 120 124 132 134 146 155 157 159 164 168 168 170 170 164 161 139 100 44 55 97 134 140 150 121 43 24 27 118 158 156 104 87 140 151 162 159 154 155 156 160 164 167 165 164 156 148 145 128 118 106 95 71 52 60 69 74 82 81 62 59 76 83 96 104 98 102 109 125 133 139 137 121 107 110 111 105 132
19 18 29 35 35 46 62 74 80 90 101 106 113 121 127 139 145 151 157 157 162 172 178 179 176 181 166 161 143 107 59 58 94 128 129 140 114 27 10 16 115 159 145 79 93 150 154 158 163 160 154 154 159 164 165 165 158 145 137 135 121 102 78 61 50 65 84 86 91 92 84 68 54 64 74 95 107 99 99 109 124 137 146 138 138 126 102 111 108 116
17 18 27 34 40 53 67 79 88 98 113 117 119 122 129 147 161 161 163 161 163 172 177 178 178 182 165 159 152 117 73 54 94 114 122 126 108 19 12 16 103 155 126 66 104 147 158 157 158 164 160 164 167 170 165 162 151 146 135 118 97 70 52 55 90 106 103 107 120 106 90 71 52 67 79 90 109 122 123 122 132 140 143 153 155 140 125 112 112 106
25 24 28 33 45 61 71 80 92 105 124 128 130 131 131 144 157 157 162 163 165 174 178 181 180 177 165 155 156 125 83 57 82 103 120 121 107 28 31 44 94 140 107 65 113 144 157 161 163 165 158 161 161 167 166 161 143 135 117 90 74 61 72 103 123 122 126 135 129 115 108 75 25 69 105 103 109 131 134 128 123 137 151 157 158 153 141 131 116 106
27 26 33 37 44 62 77 86 101 113 126 125 131 142 143 151 161 161 169 168 168 174 178 182 180 171 165 150 153 125 88 66 81 102 108 117 115 42 31 63 102 127 92 65 119 148 155 164 164 165 159 165 162 167 161 147 138 116 96 81 83 91 112 141 136 138 136 127 130 134 119 83 14 67 122 125 123 140 145 148 140 132 141 154 158 158 155 149 128 111
24 26 34 29 49 64 77 98 113 120 133 132 134 143 147 158 161 166 169 163 168 176 174 178 175 165 162 154 146 124 99 72 75 92 103 109 119 67 44 72 105 122 72 72 125 149 156 167 169 160 164 165 161 165 158 138 117 107 99 103 118 126 129 146 120 131 136 132 134 131 130 82 15 52 122 148 137 143 145 149 156 139 135 142 155 164 159 157 147 134
29 27 27 36 52 69 86 106 131 135 141 139 142 149 151 155 162 165 164 161 170 178 173 168 175 164 168 155 139 119 106 78 71 90 101 111 109 95 42 44 121 112 71 101 139 144 161 164 168 164 164 162 163 160 138 113 110 120 129 140 122 126 126 154 133 133 136 132 138 140 136 86 20 55 100 136 143 146 141 144 145 157 142 128 139 156 164 161 159 150
25 25 29 42 50 72 88 111 125 133 137 140 145 149 153 151 159 167 167 165 169 174 175 172 173 165 159 153 134 131 117 95 77 80 94 104 99 100 78 52 110 112 95 109 141 162 165 164 166 163 154 150 156 152 132 119 129 130 133 134 122 126 130 144 146 140 140 131 136 145 134 85 12 43 98 121 135 148 146 145 146 151 150 146 136 135 152 159 160 158
23 21 37 41 52 78 84 107 128 142 146 150 151 151 158 156 156 166 166 166 164 167 178 180 171 170 158 153 142 135 114 100 92 79 95 101 101 91 105 99 87 119 114 128 153 162 165 162 155 155 152 152 156 143 125 126 136 136 136 129 131 133 140 136 135 137 144 135 141 149 125 79 19 14 79 128 129 133 147 150 138 138 144 146 147 142 135 141 154 157
28 24 38 39 61 81 87 105 136 151 154 157 153 149 159 160 162 162 160 164 165 168 180 183 173 170 165 143 145 121 113 106 96 86 95 100 100 89 86 121 128 138 135 152 163 163 159 150 149 150 150 148 144 132 124 132 139 140 140 135 125 126 143 145 140 144 150 143 150 151 120 89 48 8 36 127 142 118 137 147 141 138 141 140 145 148 138 134 140 145
30 30 37 44 65 74 97 117 137 150 155 160 158 152 158 159 169 165 163 165 161 161 168 170 169 161 159 145 146 127 121 111 100 96 93 102 103 100 95 125 142 143 154 160 159 161 149 148 147 148 148 141 136 133 131 136 138 134 145 142 128 115 131 150 141 142 146 148 155 144 107 90 66 76 69 90 153 141 130 132 147 142 139 144 139 139 148 144 139 142
29 34 40 54 67 78 107 128 140 147 152 158 158 152 154 154 158 157 162 161 155 159 165 168 171 160 150 146 141 138 128 116 105 95 93 103 108 112 126 131 150 152 149 157 155 150 150 155 152 150 147 139 135 136 135 135 133 134 150 143 135 112 101 143 140 142 144 149 155 141 108 96 77 105 124 104 128 142 134 123 131 143 133 129 141 145 146 148 146 146
33 35 42 60 72 96 115 129 147 149 151 156 158 156 159 163 161 159 165 161 157 165 168 166 161 158 152 145 142 137 130 119 111 95 106 111 116 129 136 142 153 148 154 152 146 154 150 153 153 147 144 140 139 138 136 136 133 141 139 135 129 112 52 109 138 145 150 154 154 141 108 92 87 141 160 145 105 131 124 114 122 136 139 130 136 144 141 147 152 149
36 46 54 72 78 99 113 135 146 144 143 152 157 155 159 162 160 158 163 161 163 167 166 173 164 157 150 144 135 128 127 128 115 104 111 123 134 143 148 159 156 154 153 151 156 158 152 154 146 143 141 138 135 135 133 131 133 143 136 133 132 109 36 79 128 142 145 149 152 136 114 98 83 178 198 175 118 108 137 120 118 126 144 146 133 133 149 139 142 147
44 51 58 79 92 113 125 148 151 157 155 154 155 156 159 157 162 160 162 156 155 164 168 166 164 155 149 145 139 132 125 118 112 110 124 144 158 164 160 160 155 153 152 151 153 153 147 146 140 135 139 142 134 134 139 132 140 140 141 130 125 111 32 65 117 141 154 154 154 130 129 107 73 105 152 115 86 114 144 125 99 115 136 141 140 133 137 145 141 147
47 53 62 87 102 119 126 145 151 152 149 150 151 152 157 160 157 164 163 158 159 168 173 166 169 158 146 140 136 132 124 115 112 117 130 153 168 170 168 162 155 149 146 143 143 145 143 142 136 140 139 140 144 143 140 137 142 130 136 131 118 103 38 59 108 136 153 156 156 132 126 104 76 109 164 112 29 113 149 142 118 110 128 139 142 135 132 142 142 146
46 54 71 95 109 122 124 133 138 138 140 147 152 154 157 160 155 169 164 162 168 166 168 166 165 157 148 140 134 131 123 114 117 125 136 157 169 168 173 170 163 157 155 152 148 147 145 140 140 136 146 146 139 140 141 144 147 143 137 131 116 107 64 47 103 135 152 160 158 143 115 104 87 127 181 200 130 113 150 152 149 108 120 136 140 136 132 139 145 148
46 56 79 99 108 120 124 126 133 139 142 141 148 158 161 159 160 165 155 159 166 161 165 169 160 155 148 140 134 131 126 119 115 128 139 162 171 167 170 168 162 159 157 157 153 152 152 148 146 146 158 145 146 173 174 170 178 162 136 127 115 110 87 51 92 133 152 156 152 143 115 107 80 106 163 184 151 90 135 169 163 107 113 132 138 136 132 144 149 151
53 64 84 95 102 113 120 122 128 134 143 146 150 154 154 156 160 156 151 162 168 164 168 166 157 151 145 139 135 133 128 120 120 128 133 148 156 154 158 157 161 160 157 156 153 150 152 150 151 149 151 138 159 196 189 181 173 151 134 128 118 108 92 65 84 124 142 142 145 136 121 97 80 100 167 178 83 60 139 178 185 111 113 132 134 137 139 145 150 149
61 72 86 93 103 110 116 123 129 129 137 144 147 147 147 155 166 158 152 157 160 163 168 165 150 147 144 142 138 133 122 111 111 123 130 140 147 147 144 137 138 143 143 146 146 142 143 142 140 133 147 148 140 147 154 160 144 136 131 116 108 105 96 71 78 113 128 136 148 142 120 93 78 113 191 200 132 92 130 177 193 115 111 129 128 134 142 146 150 147
59 71 83 90 106 111 114 125 129 133 140 141 146 151 147 148 148 153 155 157 161 163 161 157 152 147 143 139 134 127 117 107 102 117 125 129 137 142 140 133 129 136 134 136 137 134 137 139 136 141 142 141 141 141 137 128 138 129 122 111 109 103 94 67 66 101 118 139 152 152 111 100 74 118 173 187 184 105 141 178 170 111 106 119 124 126 134 152 153 149
59 76 85 93 103 109 117 123 130 138 141 144 142 146 146 150 144 153 157 153 160 164 164 158 147 145 140 134 123 111 105 100 100 104 118 128 127 139 133 131 129 133 133 135 138 136 134 133 130 135 134 133 135 134 133 133 132 135 121 114 116 102 101 64 60 89 113 131 144 151 105 95 78 117 168 176 148 93 141 169 165 111 108 120 118 128 131 152 159 156
65 80 89 95 103 114 123 124 126 133 137 144 146 149 147 148 155 148 154 159 162 159 160 155 148 146 138 132 122 107 95 86 91 104 119 122 115 121 118 120 123 122 125 128 126 127 130 126 124 126 126 129 131 128 129 134 139 131 137 120 105 105 107 52 53 88 111 121 132 126 102 92 74 122 178 173 120 97 141 160 157 109 104 120 115 122 132 150 156 155
65 78 90 99 107 116 125 124 131 134 135 140 141 144 142 146 151 148 157 163 162 158 162 161 154 147 137 133 125 109 95 85 89 96 106 110 109 114 109 113 117 117 121 122 119 121 120 114 119 119 119 124 129 129 129 132 137 138 130 118 111 111 80 50 55 83 106 128 143 109 99 88 83 105 157 168 100 91 148 171 151 107 100 117 110 118 140 159 151 152
75 82 90 100 106 110 119 124 131 135 138 144 144 145 144 148 147 155 162 158 160 158 159 155 152 144 138 131 109 89 86 85 90 91 96 98 95 99 101 103 104 110 115 118 124 125 117 112 111 115 120 120 122 126 128 132 130 136 127 119 108 97 63 57 62 83 101 127 138 100 98 93 81 128 174 177 96 96 155 164 137 101 102 120 113 121 139 154 154 155
72 84 93 104 113 114 119 126 129 133 134 140 140 142 141 145 150 153 157 157 164 165 161 151 151 141 137 128 97 76 83 89 86 89 91 80 84 104 115 118 116 114 112 109 115 121 118 119 111 109 110 109 114 121 122 125 129 130 128 109 103 81 70 63 70 89 101 116 120 105 100 89 97 148 170 168 93 118 160 162 125 96 103 116 111 123 133 144 151 152
77 92 97 101 110 115 120 125 134 135 131 135 137 141 141 145 152 145 154 162 162 159 160 151 150 144 140 121 79 58 72 85 88 89 85 84 104 138 162 144 130 121 121 117 115 122 122 121 114 106 105 104 106 111 115 125 127 127 118 108 101 75 67 70 72 94 113 120 109 102 94 90 115 157 172 165 80 126 151 147 108 90 102 113 113 130 134 139 144 144
75 90 98 103 111 117 121 122 126 129 128 133 136 141 140 142 138 136 151 158 156 154 159 152 149 143 126 99 67 57 73 85 89 86 92 95 139 154 132 141 143 136 139 131 122 122 121 124 123 108 103 102 107 114 115 121 123 122 119 119 80 66 67 76 85 98 115 118 105 101 92 88 130 181 175 131 73 140 162 136 98 91 98 108 114 136 143 144 145 146
83 91 98 106 111 115 120 121 129 134 132 132 132 138 139 143 138 147 156 153 156 159 158 145 147 141 114 78 54 55 75 88 91 95 91 115 96 59 114 139 138 140 146 140 133 128 123 133 125 112 108 104 108 118 117 118 123 127 127 109 67 67 73 77 91 107 122 116 105 108 100 84 104 154 123 79 92 134 140 115 89 93 99 112 120 138 144 137 144 146
85 95 101 106 109 119 122 123 133 133 129 130 134 136 138 137 138 147 148 152 151 149 150 145 141 125 101 60 46 67 82 94 90 99 86 45 6 98 170 140 122 139 153 154 139 132 138 133 130 127 109 105 105 120 119 120 129 130 126 113 63 71 79 83 98 110 121 119 104 108 94 105 136 167 128 81 111 125 108 112 100 79 101 114 123 136 141 142 146 144
84 94 99 105 108 116 118 121 122 127 127 131 133 131 132 132 134 141 145 145 148 148 145 146 138 118 87 51 46 69 84 93 100 79 46 27 68 167 160 113 127 142 146 147 144 142 142 134 140 136 121 105 108 112 118 123 123 125 129 105 62 76 81 87 109 111 117 117 105 100 93 127 163 165 103 53 130 121 118 127 101 90 110 120 123 130 139 144 139 138
83 93 100 106 107 113 115 119 122 126 128 130 129 126 130 135 135 140 145 140 143 143 134 139 128 105 70 48 54 74 89 97 92 43 32 68 116 165 138 114 117 143 152 153 155 150 145 140 144 144 136 114 101 101 112 118 119 122 111 81 68 78 77 90 107 116 121 110 103 107 83 91 113 111 54 56 126 117 122 118 104 101 115 122 125 128 134 135 140 139
85 95 102 109 109 113 114 119 119 125 128 133 133 128 131 136 136 141 144 140 138 135 129 130 120 94 58 50 66 83 102 113 81 10 94 130 120 173 134 108 111 144 155 152 151 148 151 154 149 151 146 131 97 100 102 98 116 107 79 65 80 85 87 97 108 117 127 113 101 103 87 96 52 36 48 106 120 114 122 112 110 116 123 125 129 131 134 128 141 141
85 95 102 109 109 113 114 118 126 129 128 131 130 124 125 127 133 138 139 138 134 132 133 128 104 80 49 50 74 95 112 116 51 12 69 121 135 166 132 92 110 141 151 147 147 148 156 160 159 156 152 145 112 105 95 85 68 61 63 71 81 83 97 104 112 116 123 112 100 101 111 148 145 95 50 107 115 121 118 100 116 129 133 126 127 129 133 127 134 134
83 93 100 106 107 112 114 117 123 123 121 124 126 126 129 132 131 136 135 135 131 130 133 122 91 69 43 49 80 109 120 112 48 40 15 73 153 161 126 95 107 141 156 155 152 151 158 160 159 157 157 150 132 106 95 94 84 75 81 83 90 96 104 114 117 128 127 109 101 104 114 138 155 99 64 112 113 118 114 121 127 133 130 120 124 129 132 125 131 131
81 91 97 102 104 112 113 115 115 119 120 125 128 127 128 129 130 134 134 131 130 130 123 108 90 65 46 58 91 123 130 117 42 34 19 95 162 147 120 89 111 146 160 158 154 152 159 165 161 160 156 150 139 113 97 97 103 101 96 94 99 101 102 116 121 131 128 109 100 112 135 142 97 19 82 115 115 117 115 132 135 129 122 116 126 133 132 126 133 134
80 90 95 100 103 112 114 115 114 119 119 122 124 125 128 130 126 130 134 129 131 133 113 98 78 55 51 76 110 132 128 111 27 7 17 102 152 136 116 90 117 148 157 156 157 155 159 163 176 168 150 149 138 128 98 84 107 107 98 106 106 104 109 116 120 129 131 108 86 101 120 94 45 35 114 123 115 117 119 133 129 121 119 115 123 127 129 130 134 135
79 91 96 99 102 106 111 111 114 120 122 125 123 121 124 127 121 124 126 132 122 119 106 91 68 61 71 84 113 130 131 107 28 31 51 117 151 134 109 84 130 155 157 163 152 149 150 167 165 165 164 154 145 134 118 87 89 102 101 102 110 107 106 112 119 120 135 99 92 110 98 37 20 102 120 113 117 124 130 128 123 118 112 115 122 127 129 123 130 131
81 89 94 99 104 106 110 111 111 114 115 119 120 119 123 124 124 123 126 127 122 111 97 80 71 63 76 93 120 133 132 107 24 48 68 127 152 126 103 91 137 155 154 159 152 155 157 170 171 170 167 156 149 140 129 106 67 97 107 106 112 111 110 114 116 123 134 89 72 83 63 35 80 105 104 113 121 126 127 119 117 120 117 119 125 125 126 126 125 127
80 86 89 97 103 105 108 109 110 112 112 116 120 120 122 121 124 121 125 120 117 99 85 67 72 62 76 93 117 128 129 105 20 25 67 134 142 120 103 98 144 157 158 163 156 158 160 167 171 167 158 146 143 138 132 119 88 89 111 112 103 109 108 112 114 112 124 81 34 14 13 65 90 95 103 125 129 126 121 113 109 117 116 118 125 125 124 129 132 135
79 85 89 96 103 105 109 111 113 114 113 117 121 120 120 118 125 121 124 115 105 95 88 76 74 68 85 100 116 124 125 101 26 25 84 138 138 119 95 117 152 156 156 161 159 165 168 170 168 163 154 148 150 142 135 123 121 87 98 111 103 103 103 105 112 117 119 54 16 26 40 77 89 106 120 125 118 115 114 115 121 123 114 114 124 128 133 139 137 138
76 85 90 94 99 103 108 109 114 116 114 116 118 117 118 116 121 120 124 116 94 90 84 78 74 73 90 100 114 123 129 111 26 21 92 133 128 117 105 137 161 156 156 162 167 175 170 162 165 158 150 145 147 139 134 126 122 104 90 103 113 104 102 106 106 111 106 38 16 29 53 77 101 116 121 116 111 117 117 118 115 113 110 116 126 131 135 133 131 130
73 85 91 94 98 101 106 108 115 117 114 114 114 114 117 116 113 114 120 114 88 85 78 78 70 72 92 103 116 122 126 112 37 16 85 127 126 111 118 156 159 158 164 168 169 171 164 155 159 156 154 150 148 138 135 129 122 118 107 91 96 102 96 108 104 103 84 22 21 42 75 97 102 106 108 114 115 120 116 112 106 105 112 123 128 132 136 131 130 129
70 81 89 96 100 102 107 110 112 115 113 113 113 112 114 113 110 108 113 108 94 85 79 89 80 78 91 100 114 117 123 116 58 5 84 125 115 110 140 162 153 154 161 159 159 161 162 162 157 153 151 147 142 135 138 133 132 120 119 95 80 88 89 100 101 97 70 15 23 58 83 94 95 104 110 120 115 106 99 97 99 105 121 137 140 140 141 134 130 129
62 72 81 92 97 97 102 107 107 111 111 113 112 109 109 107 107 104 114 111 107 83 70 79 78 72 82 95 114 117 124 123 79 17 89 108 116 133 152 155 152 149 153 150 154 159 158 156 154 148 149 147 142 136 139 132 134 123 113 117 95 77 93 94 101 96 85 50 41 56 67 84 98 114 110 107 98 92 99 112 133 137 148 156 151 144 141 133 124 123
52 64 74 87 95 97 102 102 107 111 114 114 114 111 107 108 108 108 106 101 106 92 78 69 69 77 83 94 107 114 125 121 100 39 65 99 117 140 148 147 147 146 146 143 146 152 151 147 148 146 145 143 141 138 135 132 129 122 121 120 105 83 81 93 95 96 104 94 81 85 88 91 101 102 102 100 103 119 137 145 157 156 152 150 139 131 130 122 122 121
39 52 59 69 82 88 95 99 101 107 111 112 113 112 108 109 108 104 104 105 102 102 78 67 69 68 78 96 108 114 117 122 113 77 50 91 116 137 138 128 146 144 143 139 141 146 147 148 143 145 146 144 139 136 136 136 129 125 118 117 113 92 74 72 92 99 110 102 96 103 103 101 102 106 116 128 138 149 155 155 155 152 147 137 130 126 120 117 120 125
32 44 47 53 65 73 82 90 94 100 105 108 111 109 107 107 105 103 103 106 102 109 90 69 74 69 68 90 99 106 111 121 115 103 64 96 114 130 133 130 138 136 136 134 134 137 139 145 147 146 146 145 143 141 138 134 131 128 119 116 118 104 79 63 63 70 89 103 114 124 126 131 131 128 130 137 144 148 149 149 146 141 138 127 122 120 112 116 120 123
27 36 40 43 52 60 70 79 89 97 102 106 109 107 106 105 102 106 104 103 108 106 108 80 70 74 62 86 92 100 112 117 109 91 87 99 115 125 129 129 134 134 136 136 136 136 137 144 146 145 147 146 145 144 140 134 131 127 122 118 115 110 94 76 83 90 108 126 139 141 137 140 142 140 139 138 139 139 139 139 135 129 125 120 118 116 115 121 121 107
18 23 32 37 42 51 61 69 79 89 94 99 103 102 102 101 102 106 103 104 108 103 111 98 82 86 71 86 86 95 107 113 109 88 98 103 122 121 122 126 131 132 135 136 138 138 137 143 134 139 146 147 141 140 141 138 127 125 124 119 114 111 105 96 115 128 137 137 139 145 143 142 140 143 142 138 134 132 129 126 127 122 116 117 116 118 122 118 106 92
16 17 27 33 35 42 50 57 65 76 80 87 93 93 98 98 103 102 103 107 103 104 101 111 96 91 84 88 88 97 103 120 109 99 87 100 126 117 114 118 126 127 129 128 131 134 134 138 132 136 142 143 139 140 140 134 125 127 124 120 119 114 109 108 107 120 133 136 133 133 135 135 136 137 132 125 124 126 124 121 118 119 115 118 119 120 118 100 92 95
22 18 23 27 29 33 37 45 50 62 66 73 80 84 94 96 100 101 106 107 102 106 100 109 103 96 98 97 97 98 95 110 106 107 97 105 120 113 114 122 124 127 126 122 126 133 133 136 136 135 137 138 137 140 137 126 125 125 122 121 121 118 113 111 108 109 119 130 129 127 132 137 131 130 124 120 121 122 119 118 117 117 117 118 117 114 104 90 95 101
25 18 18 20 24 27 28 38 35 48 51 58 66 72 84 88 95 103 111 104 106 106 109 102 103 100 101 97 99 95 96 104 108 99 109 104 111 114 113 116 123 127 125 119 124 132 132 134 130 131 134 134 132 135 134 126 126 120 119 119 117 118 117 111 117 113 114 120 121 124 129 125 124 122 118 117 120 119 118 119 122 117 117 113 111 104 93 96 97 95
20 24 24 21 21 23 25 25 31 41 38 52 58 57 76 79 86 93 101 106 108 107 105 104 104 104 101 100 103 100 97 99 101 99 107 109 111 115 114 116 117 119 123 126 126 124 125 129 129 132 134 131 128 132 132 126 122 121 117 116 119 119 116 115 114 113 120 122 117 121 124 115 117 118 119 120 121 121 119 117 118 116 116 109 99 98 102 100 99 97
21 18 24 29 27 27 29 25 28 27 40 35 45 67 67 76 80 88 97 103 105 105 106 106 104 104 99 97 100 101 100 102 102 106 108 112 113 111 111 111 116 118 121 125 126 123 122 126 132 129 130 132 129 128 129 129 128 126 121 117 117 116 115 116 116 123 119 115 120 119 115 119 117 117 118 119 118 117 120 122 120 113 110 106 100 101 103 99 98 96
28 25 29 32 29 26 23 18 23 23 31 26 36 57 59 64 75 81 90 96 101 102 102 102 104 103 100 99 102 102 101 104 100 107 103 107 110 107 111 113 113 116 118 121 125 122 120 124 124 122 126 132 131 126 124 123 125 124 121 118 118 117 117 118 114 116 117 117 116 116 116 116 119 116 116 120 122 121 118 116 115 108 104 103 101 101 101 96 95 93
24 30 28 24 26 25 20 18 20 26 22 29 34 36 48 49 56 62 74 86 96 102 102 101 102 99 98 102 105 102 102 107 104 108 104 106 108 107 110 111 110 114 113 117 123 122 119 124 122 122 123 124 123 123 121 117 122 122 121 121 120 118 115 113 114 109 116 120 112 114 119 113 114 118 122 123 122 119 117 116 106 101 102 103 100 98 97 95 93 92
19 27 24 19 21 21 18 21 20 21 23 28 31 30 36 42 49 51 55 63 73 85 95 100 98 98 98 98 99 98 98 100 102 102 107 108 109 111 108 108 111 113 112 114 120 120 120 125 126 128 127 123 122 123 121 117 120 118 118 120 122 122 119 116 119 120 119 117 116 116 118 119 122 125 124 121 119 117 113 108 101 99 101 103 100 96 96 97 94 93
22 23 23 22 19 15 14 17 18 19 21 24 27 30 34 38 36 39 43 48 55 63 73 81 86 93 97 96 96 99 99 96 101 98 107 108 109 114 111 111 113 113 113 114 117 118 119 122 120 121 121 122 122 122 120 119 121 117 116 118 121 125 126 124 122 126 125 122 124 124 123 124 125 123 118 115 117 117 108 98 103 100 100 101 100 98 98 98 94 93
19 20 20 21 22 18 14 15 14 18 17 20 24 25 31 31 35 35 37 38 38 41 46 50 59 68 76 81 84 90 95 96 100 102 106 107 109 111 111 112 113 112 113 115 114 115 117 118 122 119 117 118 120 121 124 129 125 121 120 120 120 122 124 124 121 122 127 127 124 126 127 120 113 114 114 113 109 106 103 102 102 99 98 99 99 99 98 97 94 92
16 23 19 16 24 22 13 13 14 13 19 18 19 22 21 27 29 28 29 31 33 34 34 34 37 37 43 51 54 59 69 79 83 94 96 101 106 105 107 108 111 110 113 116 112 112 115 114 116 115 114 113 114 113 114 117 120 120 123 123 121 121 123 123 122 124 125 121 119 121 121 115 117 113 110 107 100 94 94 99 98 97 97 97 97 97 96 94 95 93
26 30 28 24 21 20 19 14 13 15 17 17 19 19 19 20 24 23 28 29 30 32 32 33 30 32 34 35 34 39 46 51 56 67 76 83 93 102 107 108 110 112 111 112 111 109 111 111 114 111 112 115 114 113 116 117 118 118 120 121 121 120 121 124 119 120 124 121 119 120 115 107 107 108 109 107 104 108 116 120 118 120 123 125 126 126 124 124 128 119
21 27 27 24 21 19 19 15 12 14 16 16 17 18 18 19 21 21 25 26 26 29 28 29 29 29 31 30 27 27 29 29 27 37 46 56 72 88 97 101 104 106 106 110 113 114 117 117 113 111 114 118 115 113 114 115 117 116 117 118 118 117 118 121 117 116 117 111 108 113 113 110 124 131 141 146 144 143 144 142 142 143 145 146 147 146 144 143 145 136
