165 162 164 166 148 104 100 72 34 38 34 32 38 43 39 36 35 38 46 68 100 141 168 163 157 154 159 156 158 163 158 161 159 161 162 157 158 163 154 129 120 120 130 133 147 151 153 153 157 151 157 149 157 150 152 153 153 155 156 153 154 155 153 154 155 153 154 156 157 155 155 157 159 162 160 159 163 160 158 164 159 160 159 159 159 159 158 158 156 155
162 174 138 100 64 51 46 40 40 43 42 41 42 43 42 44 41 37 39 34 27 60 117 144 166 167 162 161 163 160 159 157 162 158 155 157 166 151 81 72 69 67 77 87 107 133 138 145 156 150 156 159 153 155 157 153 157 155 158 155 155 161 157 152 154 153 153 155 156 156 156 157 158 159 158 159 162 160 159 163 160 162 161 160 159 158 157 157 155 155
164 128 48 38 37 38 42 47 41 41 43 44 42 40 42 45 39 42 39 39 45 37 34 53 108 143 160 158 160 168 172 166 165 161 167 162 177 169 72 44 48 45 48 58 60 75 85 108 128 122 132 145 158 159 155 154 152 156 155 156 159 155 152 155 155 155 155 156 157 158 159 159 158 158 158 160 160 160 160 160 161 163 163 161 159 158 157 158 157 156
93 52 38 47 45 42 49 43 40 38 40 42 40 39 41 41 43 38 44 42 39 44 42 38 41 47 59 62 74 88 98 119 132 136 144 156 176 193 152 53 52 80 82 81 99 127 143 156 154 152 140 148 154 154 159 154 160 157 151 160 158 153 161 155 156 157 157 157 158 160 160 159 160 159 161 162 159 159 161 159 161 162 162 160 160 159 158 158 157 157
48 48 42 39 49 45 58 42 42 41 42 43 41 41 42 40 46 40 40 40 47 48 42 46 48 45 42 33 36 39 29 31 31 41 65 101 147 183 178 136 106 157 188 179 185 185 176 169 169 180 176 167 159 152 174 161 145 157 154 153 157 156 155 154 155 156 157 157 158 160 160 159 161 160 163 163 159 159 162 160 162 162 161 159 160 160 158 157 156 156
49 40 47 45 38 43 47 40 41 43 44 43 41 40 40 40 41 44 50 50 48 48 43 40 40 47 48 48 49 49 50 48 46 45 42 50 67 136 173 162 137 128 160 173 165 146 135 127 128 127 138 159 194 182 149 185 184 164 160 159 157 158 155 160 155 156 157 158 159 161 162 161 160 160 163 162 159 161 163 162 163 162 160 159 160 160 158 156 157 157
44 45 40 47 43 44 45 43 40 41 41 42 42 39 38 42 42 45 54 59 51 46 50 50 47 49 50 52 50 48 51 50 53 69 69 63 63 72 76 123 153 132 137 165 163 135 120 113 109 102 113 133 148 205 164 148 200 199 182 162 155 157 156 154 158 158 158 159 160 161 162 162 161 162 162 161 160 162 164 163 162 162 161 160 160 160 159 158 158 158
38 45 46 41 41 42 38 43 41 40 38 43 47 42 39 45 40 48 47 52 59 59 58 49 49 44 52 50 48 55 55 59 59 57 58 67 60 53 71 75 105 141 125 157 170 114 79 86 99 90 111 121 118 151 193 161 198 198 175 169 159 149 162 158 159 158 158 158 159 159 159 159 163 164 162 160 162 164 164 163 160 161 161 160 160 160 160 160 158 158
43 48 39 42 39 37 44 42 40 39 43 44 43 41 43 52 56 53 61 81 63 61 50 49 45 43 46 47 52 57 56 59 59 54 48 47 49 50 54 35 57 117 142 140 137 103 82 134 168 178 175 161 134 147 198 206 195 193 184 172 174 140 134 162 156 158 160 159 159 161 162 160 162 163 163 163 162 160 160 162 161 160 159 159 158 158 158 158 157 157
46 43 42 40 37 45 48 46 42 57 54 52 47 43 58 72 75 87 92 75 57 60 59 54 61 63 70 73 78 86 88 91 94 95 91 99 114 115 122 124 131 145 142 136 138 139 136 155 152 149 152 161 154 149 171 193 187 201 195 185 181 138 107 156 160 157 158 160 161 161 161 162 162 162 162 162 161 160 160 162 160 160 159 158 158 158 158 158 159 159
40 37 40 40 38 39 41 46 53 69 62 51 53 70 94 99 100 91 87 74 79 73 76 79 91 103 119 126 127 131 134 138 140 145 145 153 164 155 156 160 149 147 145 146 138 144 147 137 135 135 139 137 138 138 132 139 144 148 157 186 196 159 99 139 156 157 157 157 157 160 162 161 162 161 160 160 161 160 160 161 160 160 159 158 157 157 157 157 158 157
36 46 41 37 40 42 54 59 64 59 70 82 88 102 115 120 114 110 113 102 105 94 103 116 127 132 141 145 145 145 146 148 147 146 145 146 150 150 158 156 148 147 142 149 141 142 147 139 139 135 142 140 141 146 139 140 135 128 119 136 150 141 106 150 163 154 152 158 161 159 158 161 160 160 160 160 160 160 159 160 160 159 158 157 156 156 156 156 155 154
51 49 45 45 51 46 58 66 66 84 111 121 125 139 142 130 134 132 134 132 136 136 137 138 144 144 148 152 147 143 146 151 150 146 148 147 150 152 156 146 145 152 146 155 154 146 144 141 141 136 140 143 141 138 136 138 139 137 138 135 126 132 127 140 151 154 157 157 156 157 159 160 158 160 160 160 160 159 158 159 159 158 157 156 156 156 156 156 155 155
74 61 60 45 51 59 68 74 84 108 127 145 150 149 152 144 146 146 151 156 147 144 142 150 148 142 143 151 152 149 151 150 153 149 148 147 152 149 147 143 147 149 135 143 152 154 152 148 145 149 145 142 143 142 142 139 137 140 137 134 139 138 134 136 133 137 150 163 164 159 157 159 158 160 160 160 159 159 158 158 158 157 156 156 156 156 157 157 156 156
67 61 66 54 64 65 74 93 117 129 139 160 167 157 155 153 152 154 157 157 151 153 149 151 153 150 147 150 149 149 154 151 152 148 148 147 152 147 145 147 150 157 150 154 157 157 154 154 154 154 149 146 148 148 147 150 150 140 139 141 139 137 139 139 138 135 135 139 148 157 161 160 160 160 160 158 159 159 158 158 159 158 157 157 156 157 157 158 157 156
56 76 77 64 78 69 85 115 141 148 160 162 161 166 162 153 156 156 156 154 156 159 155 154 154 153 152 155 154 155 156 147 136 135 140 139 142 139 142 143 155 161 155 158 162 159 153 158 158 155 155 150 148 150 148 149 148 150 152 146 135 139 138 138 136 135 132 128 124 130 145 158 161 161 159 157 159 159 159 158 161 160 159 158 157 157 157 157 157 157
64 74 57 74 89 91 108 135 148 160 163 166 163 153 154 157 161 163 161 156 162 162 152 156 159 161 157 154 159 159 146 134 116 123 124 122 121 124 136 141 149 159 162 165 163 161 165 159 158 161 162 152 150 158 157 149 147 156 152 129 125 139 142 142 138 133 133 137 136 127 124 129 143 158 164 158 155 159 160 157 161 160 158 158 157 156 158 156 157 156
54 64 70 93 101 114 134 143 163 167 167 166 164 159 160 161 162 160 164 162 158 162 164 160 165 164 161 166 167 146 122 116 116 112 108 108 111 118 118 138 148 156 154 158 165 167 166 157 166 164 162 158 157 157 154 154 155 155 154 145 139 141 143 144 142 138 135 136 137 134 130 130 114 121 143 165 165 158 158 162 155 160 159 157 157 156 157 157 159 158
51 71 93 112 118 135 152 157 167 168 171 169 166 168 166 164 162 165 166 165 162 162 167 167 170 170 172 171 153 120 105 113 118 108 90 90 87 92 120 127 139 156 164 170 174 171 173 174 168 164 161 160 162 160 157 162 164 155 152 156 154 149 148 144 146 143 137 134 135 135 131 128 130 115 110 133 161 163 155 156 160 156 155 159 156 156 161 157 156 156
67 92 108 119 141 155 159 172 170 170 177 172 167 170 166 161 167 172 169 171 170 164 169 173 173 168 167 156 129 111 111 116 115 103 83 65 53 87 109 127 147 154 159 168 174 174 180 184 180 175 170 164 164 166 164 164 159 160 158 161 154 146 151 151 142 141 137 133 132 133 132 131 127 123 117 107 113 147 170 163 156 161 157 155 158 159 158 154 157 156
78 103 119 129 155 165 168 188 173 172 180 176 171 176 173 167 174 176 175 176 172 172 181 177 179 170 159 138 115 109 112 109 103 89 61 38 62 94 91 134 147 154 164 169 168 173 185 189 192 185 180 171 165 170 171 167 165 164 154 155 159 156 153 145 147 144 139 135 131 127 125 125 125 121 123 117 101 100 125 150 157 156 159 163 159 154 159 161 159 158
90 104 124 141 165 173 178 185 187 183 187 185 180 179 175 168 175 180 177 171 173 181 186 183 179 162 136 115 103 97 94 94 94 55 39 78 68 72 111 138 144 149 156 159 161 177 190 190 201 192 189 182 173 175 176 172 170 170 163 160 161 157 151 148 145 140 134 132 130 125 121 120 121 126 119 116 117 103 97 111 135 140 142 148 156 159 161 162 158 159
97 118 141 154 173 178 183 182 191 189 187 188 184 179 178 174 177 180 178 171 176 185 185 186 179 149 114 100 98 91 87 93 79 33 91 91 27 100 124 134 147 146 149 155 165 182 192 193 210 204 202 195 186 182 179 176 172 177 178 167 159 157 153 152 145 139 132 129 128 123 117 113 117 126 128 119 113 118 114 101 106 141 139 122 131 140 145 156 159 161
105 137 154 160 185 187 187 186 195 192 185 184 178 170 176 179 186 175 181 183 178 184 186 184 172 138 109 97 84 71 76 89 61 72 109 36 56 114 119 123 157 146 141 144 154 168 184 198 206 206 207 200 193 190 184 180 179 180 180 166 159 165 159 149 141 138 132 128 128 126 120 115 119 120 122 117 110 111 112 105 97 110 133 148 139 135 141 137 138 141
127 151 159 180 190 201 204 197 202 201 191 186 158 172 175 185 187 186 183 185 182 179 187 192 170 135 99 84 74 61 75 86 52 113 75 52 96 115 110 117 152 146 129 138 149 163 181 186 195 203 212 210 201 199 197 188 186 181 182 172 167 161 156 153 144 136 131 123 124 123 125 124 115 115 117 111 112 110 117 113 108 92 99 133 141 143 139 140 143 139
143 167 175 182 196 198 204 209 207 207 209 199 182 183 185 191 190 188 192 188 184 190 191 181 167 133 83 64 56 52 76 71 77 117 39 59 100 112 147 119 138 134 113 125 148 154 173 189 199 205 215 220 217 209 198 188 193 182 181 173 168 161 155 153 139 132 125 117 122 118 119 127 116 117 119 115 109 110 110 110 110 106 90 90 115 133 131 142 146 145
152 168 184 191 209 207 214 222 224 212 214 197 197 189 188 188 189 193 193 198 193 188 191 176 162 129 76 51 46 51 74 61 101 78 37 41 27 75 131 111 119 130 109 118 147 151 169 189 188 205 215 215 215 210 200 192 192 188 187 174 166 159 152 142 132 120 121 117 114 114 122 125 126 121 117 118 112 117 104 101 112 107 101 86 81 98 124 131 134 137
167 171 193 198 200 208 228 243 231 213 209 190 196 186 184 186 196 196 201 200 199 195 182 176 165 133 88 51 43 51 64 57 86 52 43 38 38 36 101 101 105 110 87 118 147 143 156 187 194 199 202 209 216 207 194 193 186 174 174 170 158 140 135 135 120 99 100 99 102 116 125 119 128 124 123 119 114 119 113 116 117 116 113 97 73 57 90 111 123 131
171 174 194 204 203 225 238 241 225 215 210 196 194 183 184 191 194 210 206 202 199 193 191 176 161 139 94 49 41 51 63 60 68 43 36 35 39 33 86 104 90 94 82 126 138 138 159 200 197 201 202 204 208 198 184 178 172 158 154 149 138 123 123 123 101 86 84 85 102 114 116 118 124 121 125 118 119 119 122 126 123 123 119 107 93 59 63 90 105 117
168 173 183 195 207 240 242 230 220 213 204 198 196 188 193 200 205 202 205 201 196 195 184 173 161 151 99 50 41 48 62 51 60 44 29 30 29 33 93 87 82 83 83 121 124 138 170 201 192 203 204 194 187 184 174 161 160 153 146 133 125 119 116 100 81 70 80 94 111 110 103 109 119 123 132 130 136 131 132 128 130 124 128 117 109 86 63 73 90 103
165 174 186 192 203 224 230 223 229 217 199 192 190 178 188 188 196 186 179 193 201 196 189 176 162 152 104 56 44 49 59 47 60 45 44 74 47 66 101 84 80 74 93 122 122 139 182 206 202 196 195 191 178 168 161 151 153 143 136 129 121 108 101 84 76 69 83 89 92 81 77 93 119 135 142 144 143 135 134 130 132 135 129 119 114 98 68 68 79 93
168 171 188 195 203 208 221 218 220 211 195 186 183 168 188 186 183 189 190 191 193 187 180 178 171 150 109 59 42 46 51 46 51 58 50 73 92 108 89 75 74 72 103 117 127 156 201 202 200 194 198 192 168 152 148 140 139 132 125 117 108 99 93 73 59 76 88 68 54 43 64 121 155 167 157 157 148 142 137 129 125 133 123 133 125 108 87 68 72 86
161 172 184 189 193 206 204 202 202 199 187 199 186 178 187 185 177 185 188 192 187 188 191 174 162 147 108 63 49 45 53 44 44 63 49 85 108 86 80 72 61 77 102 115 138 178 199 204 201 203 186 177 169 150 138 131 120 126 114 107 101 97 83 70 78 98 86 57 31 43 106 152 161 167 166 164 154 153 144 143 137 137 137 134 128 119 100 75 68 75
165 174 179 186 197 202 189 189 199 201 189 192 179 183 196 183 188 190 188 191 191 188 182 166 160 143 111 71 52 45 51 47 40 58 45 51 65 61 69 68 64 82 104 125 156 188 202 204 210 197 184 184 171 149 131 113 108 115 112 112 110 100 88 95 112 130 118 75 26 82 147 163 169 170 166 168 160 154 140 138 140 142 143 143 137 127 109 87 66 66
160 174 181 183 185 188 184 191 201 192 189 187 176 179 178 176 183 185 186 188 189 185 175 166 155 137 116 83 59 48 49 47 42 45 46 43 47 47 63 69 61 88 115 146 179 195 198 199 198 203 190 176 158 130 110 101 105 123 132 126 119 116 112 135 142 149 150 115 53 101 171 161 173 171 165 164 159 154 145 143 144 143 141 142 140 131 116 96 73 62
167 172 177 180 179 191 193 187 187 187 168 177 177 163 173 176 181 181 183 183 184 182 170 161 153 135 120 91 62 51 49 48 46 38 46 40 40 45 68 66 69 105 136 164 186 188 189 190 191 189 188 178 141 107 103 108 125 140 135 138 133 130 141 153 148 153 160 153 87 97 166 155 165 172 170 165 159 153 146 143 138 146 147 146 137 124 117 109 85 65
169 167 170 177 178 190 189 173 171 181 170 174 177 166 173 170 177 181 188 185 180 181 175 167 157 140 126 97 67 60 57 55 50 40 46 43 42 40 73 86 101 133 156 172 179 179 183 183 184 180 179 171 146 127 129 134 143 143 146 144 137 145 150 155 150 162 162 168 93 98 163 156 157 168 168 161 157 150 148 146 139 150 150 150 143 129 122 115 94 68
167 172 175 183 180 184 185 182 182 177 183 174 172 171 168 171 170 172 176 178 179 184 181 167 154 143 130 109 81 75 70 65 64 51 39 46 62 62 92 119 131 152 168 174 176 180 183 181 175 179 169 156 156 162 164 167 161 141 135 144 141 143 151 166 162 166 172 170 99 95 161 152 156 162 158 154 155 146 149 151 149 154 146 147 147 137 127 115 100 73
165 173 173 179 179 181 184 187 181 178 177 179 177 163 170 169 162 168 169 172 173 172 171 162 149 145 133 124 102 96 91 86 93 87 64 61 84 103 119 132 146 159 173 175 176 179 178 178 178 166 161 160 161 168 176 179 167 136 89 127 148 134 155 160 172 166 176 174 113 84 157 149 154 159 155 150 153 141 143 142 150 161 154 151 146 133 126 117 100 76
164 175 175 178 177 183 186 184 177 177 173 169 173 162 167 169 168 175 171 175 178 171 169 163 156 154 142 139 123 118 119 117 118 131 130 118 110 117 128 144 154 164 176 173 170 171 168 174 173 168 160 159 168 168 163 167 171 138 76 73 112 146 163 164 172 172 168 178 116 80 157 155 150 158 151 141 146 139 145 143 150 167 163 161 154 135 125 113 95 74
158 170 173 177 178 182 182 180 177 178 173 166 164 164 163 168 168 171 174 178 182 178 169 162 160 156 151 145 138 134 134 133 136 150 160 156 152 153 151 154 161 163 167 168 172 174 172 173 168 164 167 163 164 174 169 169 170 133 69 31 64 129 165 170 169 167 162 172 115 81 158 146 150 146 144 134 138 136 150 149 156 168 178 177 162 134 125 108 93 72
165 173 173 178 179 183 181 177 173 170 172 167 163 165 164 166 173 178 181 179 176 173 169 165 163 153 148 148 144 139 142 151 150 161 174 170 167 165 157 158 166 168 169 164 168 175 172 168 166 168 164 160 171 166 164 166 143 122 86 38 40 100 149 168 163 164 160 166 111 79 160 135 129 134 139 132 138 137 143 146 169 179 182 171 151 144 129 104 91 71
160 170 173 180 182 183 177 172 173 167 166 159 161 168 166 173 172 185 184 178 181 174 166 171 164 154 149 149 143 136 139 149 158 170 182 188 193 192 186 183 182 189 194 189 189 188 177 168 168 164 161 163 169 154 182 199 161 117 88 56 44 79 121 151 151 151 151 159 109 64 145 137 121 128 129 121 127 134 140 155 168 184 195 181 147 140 125 110 90 70
152 166 175 185 186 185 179 174 168 169 169 163 172 172 158 164 177 184 180 176 178 170 161 165 160 156 154 152 147 142 143 147 156 171 178 185 186 185 195 200 213 209 207 210 220 222 206 194 183 173 173 175 177 188 223 214 149 118 94 63 47 70 102 122 135 136 135 143 108 48 117 133 113 118 124 124 126 133 135 155 177 191 194 175 146 137 121 103 87 69
143 159 170 180 181 181 177 174 166 168 166 160 168 170 163 174 183 171 172 175 167 164 167 162 152 151 149 146 141 139 139 139 143 152 162 167 170 171 172 176 179 183 188 190 196 203 205 209 192 187 194 204 204 214 208 171 138 112 86 74 64 60 76 94 105 124 128 140 110 40 109 139 112 110 118 121 117 126 138 163 182 182 173 162 151 128 114 98 85 68
137 156 169 180 181 182 177 172 168 167 167 162 161 163 167 175 171 159 164 169 161 159 163 159 155 150 145 141 136 131 131 133 142 146 164 160 160 163 154 164 162 169 174 171 173 180 183 186 178 181 184 192 195 195 174 156 129 110 82 75 72 61 66 77 100 115 119 153 121 37 101 130 110 105 114 116 112 121 146 173 172 179 168 153 148 127 118 101 85 70
125 150 167 177 177 179 175 170 165 166 165 165 162 162 170 173 169 169 169 170 166 160 156 156 152 144 139 138 134 130 129 132 140 146 160 162 166 169 159 163 163 162 160 159 165 172 170 169 168 174 174 168 175 177 163 148 129 109 83 76 79 78 73 70 89 94 112 159 125 41 91 128 108 102 110 111 113 121 152 171 171 166 154 147 138 118 106 98 86 72
119 148 166 175 173 177 178 178 168 172 164 166 168 163 166 166 167 167 167 164 160 158 155 151 145 140 137 137 135 131 129 128 140 152 153 156 157 153 159 158 164 161 162 165 168 166 162 165 169 166 174 171 174 165 162 143 128 101 87 90 103 111 101 90 82 83 112 153 125 61 90 128 105 99 106 107 118 124 151 160 162 157 153 155 140 123 100 95 85 71
110 143 163 173 177 172 172 175 172 166 169 162 166 164 168 168 170 171 171 164 163 162 151 148 147 145 139 136 129 126 124 129 133 141 150 139 141 138 139 141 146 148 151 154 158 163 161 152 150 148 153 159 168 168 155 153 141 116 100 109 125 120 112 106 91 81 107 140 116 53 90 118 99 101 106 104 110 122 148 166 162 161 151 155 135 122 108 99 84 75
102 135 158 169 175 172 172 174 174 169 169 161 163 162 165 165 167 168 169 167 165 159 151 150 147 141 133 128 122 116 114 126 132 131 126 114 104 104 111 127 127 132 138 142 147 151 153 153 151 146 146 150 159 165 163 164 147 121 116 123 119 117 113 109 100 101 117 142 101 56 96 124 101 106 104 101 111 118 137 162 164 150 156 157 138 126 107 90 83 73
97 128 153 166 173 174 174 175 174 170 169 161 161 163 166 166 166 168 167 169 166 156 152 153 147 140 132 122 113 104 102 118 118 110 92 85 86 103 105 109 116 125 133 138 145 147 146 148 151 151 145 144 150 157 160 156 140 123 103 114 120 125 125 125 113 110 113 129 89 69 113 124 110 109 112 113 118 122 143 164 165 152 153 146 137 122 104 91 85 75
96 123 148 162 172 177 177 176 171 169 169 162 160 164 165 165 168 171 166 168 165 155 154 155 149 142 136 115 99 90 95 109 103 88 66 60 64 80 87 95 101 114 122 129 141 144 140 140 144 152 141 134 141 151 157 153 146 114 71 106 128 129 133 132 135 126 127 127 88 79 130 124 115 112 119 123 123 123 144 164 164 161 152 149 140 121 108 96 88 78
93 116 141 159 171 178 177 173 168 168 168 163 159 163 161 160 166 172 167 166 165 159 159 157 153 142 132 106 82 74 93 106 85 61 49 51 55 49 65 86 92 111 121 124 135 141 140 142 152 157 138 126 133 142 152 157 151 91 61 122 137 131 142 143 139 134 141 134 80 80 132 128 122 125 126 125 126 119 133 159 162 159 152 155 134 125 114 98 90 80
90 109 138 158 171 179 175 172 166 167 166 165 161 166 163 163 162 169 168 165 166 164 162 159 154 140 126 98 74 66 92 97 60 44 43 51 60 50 60 70 76 103 121 125 130 135 138 143 154 153 137 128 133 137 146 159 153 101 97 135 132 133 142 147 142 137 137 139 85 102 136 135 135 134 135 131 128 121 135 156 155 153 151 151 133 133 111 100 94 84
93 108 137 158 170 177 174 172 168 167 165 165 161 167 164 166 163 167 169 164 164 164 160 159 150 142 118 85 67 64 88 75 44 46 47 51 51 49 54 53 62 88 113 125 132 136 141 149 150 146 139 133 135 142 151 163 145 127 132 132 127 136 138 144 149 143 136 135 92 115 132 134 143 137 139 136 130 126 139 149 146 153 154 149 143 139 114 102 98 89
96 109 137 157 167 173 172 173 174 170 164 164 157 162 158 161 167 168 170 163 161 161 155 158 148 146 111 68 56 60 83 54 36 44 48 59 54 54 55 56 63 81 103 121 131 136 141 148 150 140 131 113 106 118 130 137 138 133 139 132 131 136 137 139 145 149 151 133 93 106 126 141 146 145 140 134 136 129 132 143 146 151 151 146 138 131 126 105 100 91
100 117 137 153 166 171 169 166 170 165 164 163 163 161 158 161 167 164 170 174 170 166 161 158 148 137 99 54 42 58 80 41 44 43 49 83 73 53 55 58 65 78 97 118 133 138 143 150 151 151 138 118 101 91 94 108 126 133 130 132 129 135 142 144 139 152 150 133 77 115 131 153 152 144 141 135 132 132 132 139 147 154 154 146 141 137 124 108 100 89
103 118 136 152 164 167 166 167 169 165 163 159 160 162 160 162 163 167 170 167 166 166 161 155 153 131 94 50 39 63 70 37 43 39 46 61 83 65 58 61 71 78 96 117 135 143 145 151 151 150 143 129 110 95 88 89 108 117 117 124 126 128 132 138 145 144 148 113 77 107 139 146 146 142 140 134 133 138 142 147 154 151 147 144 140 133 121 111 99 88
109 122 139 154 162 165 166 169 167 165 163 158 159 163 162 162 167 166 166 170 172 164 159 161 143 116 75 42 33 66 65 40 45 41 35 25 50 68 61 72 75 86 102 108 127 151 153 152 157 160 150 136 124 105 89 87 80 88 90 104 115 121 123 130 140 139 145 92 82 127 133 134 133 138 141 136 135 141 142 143 157 151 147 145 140 129 116 108 103 94
111 126 143 154 161 164 166 168 166 164 164 160 159 161 159 161 164 166 167 169 169 166 163 158 148 115 62 43 39 74 68 45 44 34 34 39 36 58 69 72 80 84 101 110 127 150 154 161 166 161 155 145 130 117 106 96 84 80 72 80 92 106 113 121 131 131 118 58 99 130 125 130 133 138 140 136 135 141 145 145 148 149 148 144 139 131 121 112 102 96
107 126 144 152 158 163 164 163 165 163 163 160 158 156 154 159 162 162 163 166 163 161 161 152 148 115 66 50 42 79 70 63 49 38 30 29 34 58 82 79 86 87 106 116 131 149 149 155 159 164 157 148 142 128 113 108 92 83 71 69 71 87 100 110 120 113 64 43 99 106 113 124 131 136 138 137 137 140 145 147 145 148 148 143 137 131 122 112 98 97
100 122 141 150 157 164 163 160 164 160 159 158 157 154 152 157 167 160 161 169 163 157 160 155 139 98 60 45 43 88 69 76 53 32 74 62 27 63 85 89 94 96 110 117 131 149 150 151 159 159 161 156 145 136 127 114 105 94 83 72 59 67 82 96 98 84 35 38 72 94 108 122 129 135 138 141 141 140 142 141 147 146 146 144 138 126 112 103 99 101
94 115 135 147 156 162 162 159 160 157 157 156 157 156 153 155 161 164 164 167 163 162 165 154 137 93 61 46 48 92 71 82 77 21 82 100 78 86 86 109 103 98 107 121 134 145 154 163 160 164 162 157 154 147 136 127 121 106 93 81 65 64 72 89 81 69 53 33 54 84 107 123 133 138 139 142 143 142 145 144 142 139 139 140 133 118 106 101 101 104
88 107 128 143 154 159 159 158 156 155 157 156 159 161 155 152 155 158 158 167 166 159 160 155 142 97 56 47 59 99 78 81 98 42 98 144 149 95 102 118 106 110 117 124 132 143 154 158 162 163 164 162 160 156 145 132 129 113 101 96 82 67 55 64 78 85 75 55 52 71 85 105 123 133 137 143 146 147 148 142 143 140 136 130 120 109 103 102 104 108
76 99 121 134 150 161 158 155 158 156 158 156 158 160 155 154 154 161 158 159 158 158 163 156 134 101 63 53 64 90 84 66 115 38 88 164 121 97 132 126 114 112 119 122 135 151 153 160 158 160 166 160 158 160 151 147 138 123 115 107 91 78 65 48 49 64 81 87 80 70 72 82 104 122 132 138 145 148 148 146 144 138 127 124 116 99 100 106 106 107
72 91 113 128 144 156 157 156 156 156 161 160 159 161 158 157 159 157 153 160 161 157 160 157 132 94 87 69 75 100 92 62 110 73 38 125 90 107 140 132 117 120 120 126 142 153 155 160 162 159 162 158 159 161 152 150 149 138 131 122 105 94 86 76 54 47 47 59 74 82 85 86 97 115 126 134 141 143 142 140 135 130 125 119 107 103 109 111 108 110
65 80 101 118 135 149 154 156 160 158 159 158 157 159 156 153 154 156 152 155 160 164 164 154 140 100 105 90 80 100 103 76 84 132 62 41 92 119 133 135 127 130 127 131 142 151 161 165 165 160 163 162 163 163 155 154 157 145 134 126 119 112 102 91 87 77 74 78 84 94 104 109 115 126 131 135 138 136 136 134 134 129 124 112 103 108 113 112 113 116
59 70 89 107 125 141 149 154 154 157 155 152 153 156 157 160 160 161 153 147 152 161 165 155 141 114 104 105 83 97 120 113 64 95 126 38 76 127 140 131 134 128 131 139 147 160 168 162 160 160 164 164 163 160 154 152 158 155 150 141 131 122 116 113 108 99 99 106 112 121 128 127 125 130 131 132 133 131 131 131 129 123 115 104 107 115 113 115 118 119
54 62 78 95 114 130 141 149 157 159 151 149 157 160 159 160 159 156 152 153 155 159 162 161 158 140 108 104 93 102 121 116 93 52 88 99 71 113 140 140 141 132 140 142 144 159 164 163 161 163 165 163 161 161 156 153 152 157 157 148 137 129 128 131 129 123 126 132 132 135 137 133 130 134 134 137 137 134 134 132 128 118 113 111 118 124 121 126 128 127
50 57 69 82 101 117 128 140 151 160 158 156 159 157 157 159 161 161 158 154 152 156 160 161 158 156 136 105 100 105 121 123 122 104 65 103 101 112 136 141 148 138 139 136 146 161 160 164 168 168 165 161 161 164 162 158 157 155 151 148 147 146 142 137 142 137 137 138 137 137 137 134 136 137 134 134 133 130 128 125 120 110 112 119 122 125 127 129 130 128
50 57 63 70 87 101 111 127 140 151 157 161 160 158 160 157 154 160 163 157 156 161 162 158 158 160 155 123 112 114 123 130 124 125 109 96 109 107 120 130 137 138 142 144 153 161 163 167 166 165 163 162 162 163 162 160 157 155 153 151 150 151 148 143 144 141 138 136 137 138 138 139 138 138 134 132 130 127 126 122 115 113 117 127 131 133 137 135 131 130
52 59 60 62 78 90 99 116 134 147 161 166 157 154 160 157 160 158 160 161 159 158 159 162 161 160 159 149 125 120 121 131 133 137 135 117 110 110 116 133 143 144 146 151 154 158 165 162 162 163 165 168 167 163 162 161 158 160 163 159 152 151 151 147 146 144 139 137 138 138 137 138 140 141 138 137 133 128 124 116 119 126 126 131 138 138 137 131 130 130
52 52 56 58 67 89 101 94 106 135 160 166 155 155 156 159 164 158 158 161 159 156 157 158 156 160 158 159 151 137 132 126 139 141 137 132 130 127 128 136 142 146 151 153 157 161 159 161 162 164 166 165 162 163 165 163 166 157 144 149 154 152 153 148 147 143 143 142 138 139 143 144 145 143 137 136 129 125 122 120 125 134 137 139 139 141 141 135 133 134
47 47 51 53 58 74 87 88 89 109 137 158 157 158 158 159 159 161 163 160 156 156 156 153 154 154 156 156 153 150 146 146 145 151 150 144 141 140 139 142 147 150 154 153 156 161 162 166 166 164 163 163 163 166 166 161 162 158 148 152 156 150 151 150 144 143 143 146 148 148 147 146 144 138 137 136 130 123 129 129 129 139 144 143 141 140 142 138 136 132
42 43 46 50 53 59 68 76 79 93 116 137 140 149 152 151 147 147 148 147 148 154 158 156 155 151 153 147 147 151 147 150 153 155 152 148 148 147 146 148 156 157 158 154 155 159 159 162 165 166 167 165 164 165 166 163 167 170 164 164 162 150 145 144 146 149 150 150 151 149 148 150 141 139 135 128 131 130 137 136 141 146 145 145 143 141 140 135 139 135
38 39 42 47 51 50 52 59 61 72 94 120 127 131 133 135 134 127 125 133 141 145 147 149 152 151 150 146 147 151 150 152 158 156 154 154 152 146 146 152 159 158 158 154 155 158 156 156 159 160 161 163 164 166 165 162 158 161 159 160 157 150 149 151 151 149 148 150 154 153 147 142 136 135 135 138 138 140 146 145 144 144 142 145 145 140 137 133 127 126
44 46 46 48 51 50 50 54 50 52 67 98 111 108 105 114 119 109 104 111 120 125 135 147 151 155 151 149 148 146 148 148 154 149 146 151 155 152 149 150 154 154 156 154 154 157 158 160 160 163 165 163 160 158 158 159 158 159 161 163 159 155 155 152 149 147 150 154 153 149 143 135 136 137 147 164 151 147 147 144 145 144 143 146 141 132 130 130 124 116
44 46 45 43 44 45 47 51 51 50 49 64 79 88 85 88 93 89 85 84 88 99 119 138 147 154 150 152 152 149 153 154 153 152 151 151 155 157 156 154 152 152 157 155 153 154 157 163 157 156 154 154 158 161 161 160 163 159 159 158 153 154 156 152 151 148 149 147 142 144 152 155 153 162 137 119 130 143 143 147 143 139 134 133 131 125 121 117 106 85
44 45 46 45 45 46 49 51 47 50 45 46 55 71 72 70 71 74 74 71 70 74 85 96 103 109 111 115 122 126 132 139 153 160 165 162 156 154 155 157 155 153 157 158 153 151 153 157 151 153 152 151 152 153 154 157 159 157 157 156 153 154 153 149 148 146 148 152 156 160 163 164 167 180 106 15 28 45 63 89 117 122 122 119 116 111 102 89 69 59
43 42 45 49 50 51 50 48 51 48 44 48 46 52 60 68 65 67 67 65 63 59 58 62 60 61 64 64 70 76 78 89 88 95 109 130 146 154 154 151 155 150 155 159 156 153 150 151 153 157 157 155 154 153 153 156 152 153 153 151 152 154 153 154 156 158 159 161 164 164 162 163 161 172 112 20 36 26 24 27 38 67 89 94 90 86 78 64 49 65
43 45 45 54 54 49 53 46 50 47 41 49 48 41 52 58 63 61 60 55 58 58 57 52 53 49 48 48 53 56 52 54 58 54 44 64 81 91 121 144 146 152 161 154 171 164 162 162 160 152 153 150 154 157 148 153 151 154 163 148 146 157 163 164 162 161 162 164 163 162 163 165 160 176 139 33 39 39 35 33 29 28 39 66 73 70 63 53 49 79
45 52 47 48 53 50 50 51 50 52 47 50 50 41 48 61 60 60 58 58 58 55 62 65 58 57 56 53 58 64 61 60 55 63 51 54 55 71 132 150 151 156 136 111 146 167 163 153 124 97 94 132 161 163 162 160 154 152 172 149 144 164 162 162 161 161 161 162 163 162 163 166 164 168 154 35 39 37 32 36 38 34 28 32 44 55 53 52 55 81
50 51 53 53 51 50 51 52 51 53 47 42 47 50 50 51 60 62 58 56 57 57 58 51 54 54 53 50 54 61 60 60 63 56 54 62 96 115 151 157 147 166 146 105 96 95 89 95 89 76 80 141 184 184 183 168 169 162 172 148 147 166 163 164 161 162 160 161 163 163 163 166 163 173 173 49 28 41 33 37 36 32 41 27 37 92 68 51 55 70
54 61 59 55 60 54 42 48 50 51 53 47 43 49 48 44 52 57 58 55 51 55 54 54 51 49 49 50 51 53 56 60 56 51 75 115 139 146 145 146 150 156 144 124 104 97 87 91 91 90 100 149 171 171 187 177 167 164 156 150 161 163 163 165 161 162 160 160 164 164 162 166 163 170 175 70 28 37 34 38 34 34 31 39 57 112 86 75 56 60
53 56 60 60 60 57 50 48 49 44 48 50 47 47 46 46 50 51 59 60 53 55 47 55 47 47 46 47 45 44 48 52 62 73 106 139 152 140 158 166 166 161 145 127 103 103 96 96 102 117 151 172 139 124 158 175 168 166 151 155 168 160 164 164 161 163 161 162 165 164 163 164 166 165 176 81 33 37 40 32 29 36 50 58 56 77 65 67 53 51
70 35 35 57 57 55 57 48 53 54 49 46 49 53 51 49 39 47 53 47 37 54 63 83 99 103 103 103 103 106 112 112 132 116 146 150 114 91 118 138 154 168 177 169 137 118 107 114 123 153 170 144 119 133 159 170 172 167 161 159 162 159 164 162 162 162 162 163 164 164 163 163 165 163 172 100 36 44 36 20 46 89 79 54 66 62 71 57 54 48
144 115 69 44 42 51 58 50 46 55 52 48 44 43 44 39 38 37 32 54 81 123 140 147 157 159 157 156 154 154 158 154 161 136 148 127 37 54 64 59 68 84 117 149 161 158 147 147 157 150 135 121 138 159 158 160 160 158 164 160 160 161 161 158 162 160 162 163 162 163 165 163 164 162 164 135 40 30 39 56 113 111 102 63 63 57 56 63 62 55
157 169 147 106 65 39 41 43 42 41 47 66 63 46 44 38 39 50 67 128 156 163 160 157 161 158 156 160 159 156 159 156 158 153 152 122 66 57 59 58 57 52 61 76 94 115 125 125 132 128 141 151 156 162 158 158 159 160 162 156 160 159 158 160 161 158 161 163 160 163 166 163 163 161 162 165 80 47 66 76 92 98 116 80 79 104 65 55 61 56
154 156 157 164 150 121 82 55 68 65 78 90 102 103 109 126 138 143 151 152 153 155 155 159 156 157 153 156 154 157 158 158 159 162 158 151 129 105 101 101 98 103 109 123 130 135 145 148 152 157 157 157 157 157 156 158 156 157 156 158 160 157 158 159 161 159 161 161 161 162 160 160 163 157 163 166 151 93 72 60 77 89 72 70 66 105 108 79 59 70
157 156 151 156 158 161 154 145 143 144 152 148 151 150 152 161 158 157 157 156 157 157 154 155 157 157 154 158 156 158 159 158 154 156 157 162 157 146 147 148 145 148 149 156 156 153 158 157 155 158 158 157 158 157 155 156 155 157 155 158 159 157 158 159 161 159 161 161 161 162 160 160 157 161 162 156 168 160 139 84 66 117 109 76 64 70 81 93 70 93
