159 158 162 162 158 160 161 158 157 156 147 139 136 137 141 140 137 128 143 156 155 155 155 153 162 157 155 156 156 154 151 147 151 155 159 152 153 156 149 153 148 152 153 144 151 148 150 150 148 150 148 150 147 148 147 148 145 147 143 147 144 148 144 147 147 146 146 145 144 146 147 143 145 146 144 142 142 142 142 143 142 143 144 144 144 143 143 143 143 142
133 124 111 101 97 99 95 84 80 76 57 40 36 44 50 47 41 35 47 57 60 68 77 82 80 75 70 76 95 120 146 164 160 159 156 155 164 165 162 160 164 156 166 172 171 162 162 159 154 153 154 160 155 151 152 149 149 150 149 150 146 148 147 147 147 146 146 145 144 147 147 144 145 147 146 145 144 143 141 141 142 143 144 144 143 143 144 144 143 143
26 28 23 23 26 27 27 19 27 27 26 33 36 32 28 26 33 29 31 30 27 29 32 34 28 32 30 27 32 47 73 99 123 154 160 169 174 143 110 96 102 107 107 121 132 141 165 172 175 178 177 176 168 168 172 156 146 145 147 146 146 144 148 148 146 146 146 145 145 148 148 146 145 147 147 146 145 144 142 140 142 143 144 144 143 143 144 145 144 144
25 31 29 34 36 31 34 36 32 33 30 30 31 31 33 33 31 32 32 33 36 40 39 38 35 36 37 36 33 27 24 25 32 57 102 206 161 63 65 54 55 59 74 81 95 127 157 184 191 194 191 187 178 176 188 177 164 155 152 146 151 144 147 148 147 147 147 146 146 148 149 147 146 146 146 145 144 144 144 144 143 144 145 144 143 143 144 145 146 145
33 35 32 36 38 33 33 33 32 34 33 35 34 31 31 30 30 33 30 29 33 36 35 33 32 30 34 35 32 32 36 37 34 29 73 207 183 72 33 62 103 121 151 171 182 197 195 166 149 149 156 174 184 176 187 191 180 164 150 143 153 147 147 149 147 149 148 146 147 149 148 147 145 145 145 145 143 144 146 145 144 145 145 144 143 143 144 145 146 146
36 40 41 37 35 35 34 32 34 31 30 38 39 31 28 30 29 33 31 30 32 31 31 31 35 31 33 34 28 29 36 36 39 32 55 143 207 173 82 148 200 196 212 209 211 185 140 108 103 103 114 137 175 187 194 193 192 174 154 144 150 150 148 147 148 149 148 146 147 149 148 147 145 145 146 146 144 144 145 143 145 145 145 145 144 144 144 145 145 145
41 47 56 48 39 39 35 33 38 42 41 40 40 38 36 32 31 32 30 32 32 28 29 28 33 29 29 30 27 27 30 30 31 37 29 51 116 187 173 151 176 204 209 199 200 143 114 101 94 112 131 135 173 199 203 190 186 178 162 148 138 146 150 147 147 149 148 146 148 149 148 147 146 145 146 146 143 144 145 143 144 144 145 145 145 145 145 144 145 144
58 53 59 50 42 48 47 51 55 53 49 48 45 40 43 49 41 36 29 30 30 26 28 27 30 30 32 32 31 29 31 34 32 39 32 39 36 87 175 179 164 200 213 204 198 119 94 88 96 131 165 154 171 191 203 200 192 193 183 162 132 141 151 148 147 149 148 146 148 149 148 148 147 145 146 145 143 144 146 144 144 144 144 145 146 146 145 145 145 144
60 59 51 47 62 61 61 68 80 86 76 65 59 53 66 63 44 38 38 35 30 31 31 29 30 33 32 28 28 28 28 30 34 34 36 37 39 32 59 110 130 152 171 198 157 85 79 84 97 163 200 184 161 150 167 201 200 181 192 181 140 130 153 151 147 147 148 148 148 148 148 149 147 146 145 145 145 144 145 146 143 144 144 145 145 145 145 145 144 145
58 63 55 64 77 68 96 97 95 100 93 81 65 68 86 59 42 47 47 35 27 31 34 30 30 30 30 30 31 31 31 34 31 33 39 36 39 40 38 29 38 57 96 134 130 88 65 68 137 186 199 189 178 140 137 191 181 166 188 190 163 131 143 151 149 147 147 148 150 151 149 147 146 145 146 146 146 145 145 146 144 144 143 143 143 144 144 145 144 145
56 65 62 74 80 100 97 85 89 96 111 80 75 85 67 61 51 46 40 36 34 32 30 30 33 34 33 34 35 34 34 35 35 35 40 44 48 41 39 38 27 12 17 23 46 94 134 159 197 198 192 190 194 189 179 176 157 158 182 180 167 129 135 147 149 148 147 148 151 151 149 146 145 146 147 147 147 145 145 145 144 144 144 144 143 143 144 144 144 145
54 44 58 68 77 81 63 76 83 100 99 87 103 91 64 65 48 49 42 37 38 38 36 34 33 35 37 39 44 50 53 53 48 58 66 66 67 56 56 64 70 77 87 84 90 126 165 176 179 170 165 166 169 174 172 161 161 157 165 168 164 129 126 143 146 147 147 148 148 149 148 146 146 147 148 147 146 144 144 144 143 143 144 145 144 144 142 142 143 144
42 44 46 50 54 65 74 93 121 122 101 104 109 85 85 82 69 64 53 54 57 53 47 41 43 40 43 54 71 88 101 107 112 118 119 111 109 113 129 133 144 153 150 156 167 166 163 162 159 154 152 156 161 159 156 156 159 154 148 154 156 144 133 141 143 144 144 145 146 148 147 146 145 146 147 146 145 143 143 143 143 143 143 144 143 143 142 141 143 143
38 46 46 59 68 100 124 140 154 128 122 122 125 117 106 99 96 81 68 75 81 72 65 58 65 65 81 110 137 153 162 167 161 161 158 162 173 168 167 162 163 166 163 160 162 161 159 164 164 160 161 159 155 157 157 149 149 155 149 149 146 151 146 148 145 143 142 142 145 148 147 145 143 144 145 145 144 144 144 144 144 143 142 142 141 141 142 142 143 143
40 55 83 90 118 141 165 177 168 156 148 145 147 139 133 128 109 109 102 101 102 104 108 99 102 113 137 162 175 176 171 164 168 174 166 161 168 164 169 170 171 171 175 171 168 172 170 163 161 163 162 160 158 155 156 160 160 160 158 160 154 149 149 159 150 148 145 143 144 146 145 143 143 144 144 144 144 145 145 144 144 143 143 143 142 142 142 142 143 143
55 88 111 120 145 159 169 175 176 177 164 160 163 154 157 153 145 142 134 136 136 138 146 139 140 154 168 170 168 170 170 164 160 162 166 168 164 160 173 169 174 180 182 184 180 171 170 170 168 166 165 165 163 161 159 156 162 159 160 160 164 159 157 157 154 153 150 145 142 142 142 142 144 145 145 144 144 145 144 143 143 144 145 145 145 144 142 141 144 143
93 104 116 135 152 167 173 179 184 181 176 174 174 172 170 170 167 161 164 164 160 159 160 161 165 177 179 164 170 172 169 145 134 116 129 165 177 157 169 175 183 190 184 186 182 185 181 177 178 179 176 176 174 167 162 157 155 155 156 160 164 165 163 161 160 154 158 150 150 146 140 130 136 143 145 144 145 143 141 144 144 143 142 143 143 144 142 141 141 142
112 127 138 148 157 170 176 181 182 181 181 182 183 181 178 178 181 177 178 175 171 169 166 165 171 177 172 169 176 179 148 119 104 92 120 150 167 160 151 170 185 192 193 194 186 190 187 182 186 189 185 180 174 169 164 157 155 155 157 157 155 156 158 159 161 155 158 152 154 151 146 139 135 134 130 133 142 146 144 144 145 143 141 141 143 144 144 143 142 143
133 139 145 157 162 169 175 184 188 189 190 191 190 186 182 180 185 182 179 173 171 173 171 171 173 175 169 167 165 152 110 90 71 92 126 144 157 154 129 143 184 189 192 193 189 191 187 186 190 192 189 184 177 170 165 159 160 157 156 154 150 151 154 154 152 146 147 143 144 143 141 138 133 133 129 126 127 129 137 147 142 142 142 143 143 143 143 144 142 143
142 141 143 158 167 175 182 192 196 197 196 194 191 186 181 180 179 179 178 173 172 169 164 165 179 176 175 170 162 128 96 87 67 115 145 148 152 131 90 126 187 187 186 187 193 195 188 194 201 196 189 186 178 168 166 164 156 155 150 146 144 143 143 144 146 141 139 136 135 133 135 137 137 134 127 123 121 120 125 134 135 138 143 144 143 140 141 142 143 143
135 145 151 158 166 184 192 195 198 198 197 195 192 188 184 183 183 182 182 180 177 172 169 175 182 183 185 183 157 111 92 98 103 126 143 136 130 90 47 125 188 181 179 185 196 196 194 200 206 200 194 190 181 168 161 154 151 154 149 142 141 138 135 139 140 138 133 130 126 125 128 133 132 128 123 123 124 122 120 121 126 130 136 141 142 141 141 143 146 146
136 147 159 170 172 181 190 197 198 198 197 195 194 191 187 185 186 182 182 180 176 174 177 187 188 193 190 187 139 101 86 111 132 131 138 121 78 44 64 147 181 174 173 184 197 196 202 205 206 205 199 192 183 174 164 150 151 147 135 130 135 134 128 126 131 133 127 126 119 117 120 125 123 124 124 122 119 117 118 122 121 122 126 133 138 141 142 143 141 141
142 163 176 176 175 192 197 191 198 198 196 195 195 194 189 186 191 189 192 190 183 181 184 189 198 200 196 177 128 104 87 124 146 139 124 93 43 39 113 162 169 172 166 176 199 198 206 208 211 207 199 190 181 178 172 159 145 142 135 124 117 117 122 125 126 133 127 128 120 117 116 119 120 120 120 118 116 116 119 121 121 120 122 127 133 136 139 141 141 141
159 164 172 185 187 193 194 195 197 196 193 193 195 195 192 189 190 187 191 188 182 185 190 193 196 202 209 166 117 92 78 124 154 144 111 60 31 48 117 153 155 170 155 160 197 197 201 206 203 200 196 192 183 174 165 152 143 131 122 111 102 106 115 114 120 129 123 126 117 113 109 109 112 115 117 118 117 118 119 119 122 122 124 127 128 130 134 138 140 140
159 171 182 190 194 202 199 198 199 196 192 192 195 196 194 192 192 192 190 189 189 188 190 195 201 207 209 162 118 88 73 123 154 144 83 41 54 57 133 148 143 156 152 148 185 189 194 199 196 189 184 185 184 174 158 149 138 117 110 99 100 104 114 112 110 114 122 124 113 112 110 107 107 108 116 121 121 120 119 121 121 123 126 127 128 128 129 130 137 141
161 175 185 192 193 199 197 198 199 194 189 189 193 194 192 191 192 192 192 192 192 191 192 196 202 215 207 158 111 78 75 132 155 125 60 80 60 65 140 153 135 140 145 138 183 190 189 191 189 182 175 175 176 167 150 137 121 109 104 100 99 94 94 97 109 113 119 124 115 116 113 102 106 111 119 121 123 124 122 123 123 125 126 127 127 128 129 129 132 136
166 179 187 194 198 204 203 202 203 196 190 191 194 195 194 195 195 196 197 198 197 194 193 195 198 217 207 168 111 62 68 133 153 104 80 99 53 96 133 150 129 118 136 125 177 187 183 185 180 182 182 180 172 156 137 124 111 101 100 94 74 71 76 82 88 101 102 112 118 120 114 108 106 115 127 129 131 133 128 126 126 127 129 129 130 130 130 129 131 134
181 191 194 202 207 214 211 207 206 198 191 191 193 192 194 197 200 203 204 204 202 196 192 193 198 209 206 173 99 41 52 123 145 91 101 52 37 83 126 131 127 103 134 120 173 184 181 185 183 181 179 175 164 145 123 110 102 104 89 75 64 67 66 80 85 90 84 102 120 122 115 109 113 119 132 136 136 138 135 133 131 132 133 135 136 137 134 131 128 130
178 191 195 203 206 212 214 213 209 202 195 193 192 191 194 200 204 207 210 210 207 200 194 193 195 198 205 171 89 47 60 119 134 112 98 41 27 42 123 133 119 94 132 110 163 180 177 179 178 177 175 170 156 133 112 103 101 99 80 66 58 71 78 94 100 93 85 102 117 124 125 125 130 126 134 139 135 138 143 145 141 141 140 140 142 142 138 133 129 127
177 196 204 210 206 208 214 217 213 207 199 195 193 193 198 204 207 210 213 214 211 203 196 195 196 196 204 161 76 56 65 101 120 102 85 31 27 20 111 133 111 94 123 93 150 178 176 175 172 175 177 169 148 122 105 100 96 75 66 67 69 92 110 114 122 105 78 82 111 134 138 149 147 138 142 146 143 143 149 154 152 151 148 146 146 146 142 137 133 130
171 192 201 210 208 211 217 220 213 208 200 195 193 195 200 206 211 214 216 216 212 203 196 195 197 194 198 156 75 60 66 98 117 92 80 24 19 19 85 124 107 98 111 82 152 183 176 176 176 176 168 151 129 107 91 82 69 72 78 85 109 127 139 152 146 110 58 41 83 137 149 155 159 152 152 154 153 150 150 158 157 158 157 153 151 149 146 142 133 129
173 191 198 211 214 218 221 219 215 210 202 197 196 200 205 210 216 218 219 217 212 202 194 192 188 186 190 162 84 56 54 91 112 82 73 22 48 25 94 120 100 93 98 79 160 185 169 172 173 178 169 143 113 88 71 61 73 89 104 108 136 153 166 176 152 101 51 19 40 120 161 162 165 162 157 154 156 152 150 160 157 160 162 159 155 152 149 145 133 128
167 187 199 210 212 223 221 220 219 209 208 198 199 204 207 211 216 216 220 219 210 199 193 190 181 184 175 151 97 54 55 82 100 87 80 31 79 42 103 121 97 99 87 91 170 188 169 168 180 174 164 128 88 60 49 67 92 114 118 137 149 169 189 183 144 87 29 26 16 78 153 165 166 163 160 152 155 153 151 159 156 161 163 165 167 164 156 149 135 131
163 186 201 209 215 220 217 218 213 206 207 198 200 203 205 212 215 216 215 211 204 197 189 180 166 168 171 151 103 66 52 73 91 75 83 40 80 88 123 108 95 92 82 112 179 172 167 174 176 181 150 101 64 45 66 111 121 126 131 153 172 183 201 187 136 72 24 29 25 25 129 165 164 171 165 166 152 160 149 151 159 161 164 168 174 170 158 148 136 132
167 180 195 204 213 214 213 211 210 204 203 196 202 203 205 213 211 210 209 206 201 193 180 166 164 159 167 148 110 81 56 71 85 73 76 68 100 115 103 105 97 93 76 132 183 166 163 174 182 169 135 75 51 79 112 135 141 139 151 159 179 188 203 189 120 60 30 33 39 41 76 154 174 162 164 167 164 156 158 150 155 160 164 169 172 170 164 159 135 130
170 172 188 200 216 216 216 207 205 200 198 195 202 202 202 208 210 205 205 206 202 190 175 163 165 157 164 147 112 84 59 72 97 77 65 73 57 78 87 99 95 91 93 163 175 162 166 181 182 173 111 67 108 137 126 141 157 148 162 167 184 196 202 177 111 54 32 49 101 109 81 115 177 175 160 163 163 159 151 145 148 154 161 167 174 176 176 176 155 147
148 168 193 200 210 209 213 211 202 199 199 197 201 196 195 199 205 201 199 198 192 183 173 165 160 158 162 154 118 85 66 74 86 86 58 63 51 50 81 97 96 87 126 185 172 168 183 196 209 164 117 138 167 167 164 142 157 163 168 175 183 193 202 170 113 58 34 49 91 115 108 86 151 185 166 142 151 161 151 145 148 150 154 164 176 179 176 172 161 150
143 170 188 190 204 206 204 204 199 197 199 196 197 195 200 205 195 196 194 189 183 178 171 161 161 155 151 151 128 98 78 72 84 88 67 59 50 24 83 103 90 109 167 191 189 188 197 199 204 158 147 176 179 185 188 138 120 164 164 162 180 191 194 155 104 47 46 106 126 145 110 50 123 173 174 147 126 146 148 144 139 140 145 157 173 181 182 182 165 152
157 174 185 195 202 204 199 203 206 201 200 194 191 189 196 196 191 192 191 186 179 175 168 158 152 152 150 147 123 99 85 80 78 82 76 64 63 61 108 111 102 153 196 196 197 196 193 193 188 159 162 181 190 191 174 156 76 115 149 153 179 189 181 141 101 44 61 141 158 161 170 136 143 160 187 161 129 131 150 136 133 134 140 153 170 181 186 189 168 154
165 167 181 206 205 203 199 203 200 193 194 192 190 188 193 187 191 186 182 178 172 167 161 156 153 151 149 145 125 110 91 80 77 78 73 70 80 113 132 128 153 184 188 193 184 188 189 194 181 168 177 189 188 190 182 158 77 45 114 145 172 188 176 135 97 37 57 111 131 144 142 76 104 141 189 187 131 124 129 128 125 123 128 146 170 182 183 181 172 157
165 162 180 199 201 206 201 197 195 189 190 191 186 187 189 185 185 177 175 175 168 163 161 156 151 149 146 145 132 115 105 92 79 78 78 79 99 125 151 161 178 183 180 182 189 190 192 191 184 180 182 183 185 185 172 156 80 27 83 120 162 185 171 125 87 38 76 155 186 187 198 62 85 150 179 184 137 117 114 117 118 117 126 140 162 180 181 182 175 158
164 167 183 198 198 203 199 197 188 184 185 186 182 181 182 180 185 176 174 174 169 165 163 157 152 150 146 143 134 121 110 96 97 90 94 103 120 139 163 173 177 182 183 189 193 190 191 191 188 183 185 191 188 175 157 140 90 22 71 102 137 173 163 126 83 44 94 168 193 189 194 83 106 145 157 184 137 111 106 111 113 114 121 136 166 190 190 186 172 154
161 170 183 192 193 198 194 193 185 182 181 182 181 179 179 180 181 175 175 175 170 167 165 161 155 154 149 145 138 130 121 109 110 108 121 135 145 155 173 181 190 187 186 190 190 186 186 183 182 187 189 190 185 176 161 137 93 28 56 88 123 164 156 120 84 39 79 122 148 172 167 60 46 129 143 167 138 117 97 100 107 115 123 134 160 182 183 179 166 148
161 173 181 187 189 194 188 186 182 179 175 175 177 177 177 181 176 174 175 175 171 168 167 165 156 155 151 146 141 134 128 123 128 143 167 175 177 178 187 189 185 183 186 188 183 182 185 183 182 192 202 214 205 179 155 127 99 63 54 75 105 139 147 117 84 49 105 162 191 194 192 163 81 139 139 155 136 117 93 86 96 109 120 133 155 172 173 170 157 141
162 178 183 186 188 190 184 181 181 178 172 172 176 177 176 179 172 171 173 174 171 169 167 164 158 153 148 144 140 133 128 130 137 164 193 200 202 199 201 202 196 192 193 191 190 198 203 199 203 210 214 221 208 180 157 131 111 94 65 71 95 128 146 114 83 48 115 183 202 194 190 191 91 125 131 146 137 113 89 89 92 99 113 134 156 168 167 163 155 139
160 177 183 186 185 184 180 178 180 178 173 173 177 177 174 173 170 168 168 170 172 171 167 162 163 154 146 141 141 135 128 132 144 168 193 203 209 204 203 205 209 210 214 209 204 211 215 212 213 209 196 183 169 158 148 131 110 102 90 83 88 119 140 113 81 57 101 156 186 189 182 186 80 107 132 151 140 112 91 86 91 96 112 138 154 158 160 159 154 139
156 171 177 184 182 181 178 176 176 175 173 172 173 174 172 168 169 168 168 169 171 172 168 163 165 157 147 141 141 138 131 137 150 163 182 191 197 192 190 189 189 192 201 201 200 203 198 192 196 183 174 168 159 149 142 136 116 103 104 90 84 109 128 107 85 62 89 125 138 161 173 159 62 116 135 147 141 122 95 87 90 93 112 140 150 152 159 159 148 133
154 166 171 182 183 182 180 176 176 176 176 174 173 175 174 169 168 170 171 171 170 170 169 167 162 158 150 140 140 138 134 140 152 162 178 186 192 192 192 187 184 185 191 190 189 191 190 192 190 181 176 168 161 157 146 136 117 105 112 100 91 105 127 114 89 74 101 142 152 171 180 155 64 96 114 154 141 114 94 90 99 95 110 138 150 154 161 155 147 131
148 162 172 178 182 181 180 179 176 177 177 175 173 176 175 170 168 172 172 176 174 170 170 166 163 158 153 145 139 137 136 139 153 163 171 182 176 181 185 187 179 179 180 179 181 182 178 178 177 177 171 168 169 161 157 143 132 131 140 115 98 105 127 112 91 88 121 161 194 188 185 164 73 97 112 154 146 107 93 90 98 98 115 135 144 154 158 151 146 138
142 160 171 177 180 181 181 179 175 176 177 175 174 174 173 170 169 169 170 177 176 168 167 165 164 160 155 146 138 134 131 135 150 161 171 171 166 162 167 171 171 166 168 169 169 171 172 174 172 173 171 169 172 168 164 152 147 139 138 118 103 104 122 107 92 95 139 179 204 196 191 160 65 99 122 144 134 112 93 94 101 101 119 139 146 154 161 157 148 139
137 157 171 177 179 179 180 179 178 181 180 179 179 177 174 175 171 170 172 178 177 169 166 163 161 158 155 146 137 131 128 133 145 150 153 144 150 148 154 157 162 162 171 175 169 169 171 173 169 169 172 172 176 173 169 158 147 135 131 120 112 110 123 110 91 77 118 154 168 172 167 90 43 104 123 140 138 116 101 103 108 106 122 141 148 156 163 160 147 136
139 157 170 177 179 177 178 179 177 180 179 178 179 174 172 176 174 175 177 178 176 173 168 162 159 155 150 140 130 123 121 128 133 135 138 137 143 135 135 147 153 156 166 171 172 174 171 169 171 167 173 175 176 171 167 159 135 126 130 124 120 119 122 113 97 74 107 148 163 171 176 78 49 122 133 150 154 123 104 112 118 116 126 143 154 160 163 162 155 142
144 158 168 177 179 176 177 179 175 177 176 176 177 172 170 175 177 178 179 177 175 173 168 162 160 154 147 133 120 111 110 117 128 130 119 113 119 129 127 139 138 149 158 158 161 167 169 173 175 166 169 173 172 166 166 161 119 119 133 127 123 127 122 118 99 89 122 173 195 181 185 97 34 116 153 165 157 128 107 129 128 129 133 146 160 165 165 169 161 149
146 158 167 175 178 176 177 180 177 178 177 177 177 175 174 177 179 176 178 177 175 171 165 164 161 155 147 132 115 104 103 112 119 114 98 93 97 109 105 119 134 146 153 152 158 164 165 170 177 164 160 165 167 164 172 164 113 122 136 128 125 133 127 123 102 92 127 173 201 193 199 107 62 130 153 157 144 130 127 137 136 139 142 149 160 164 166 172 165 155
145 159 167 172 176 177 179 178 177 175 175 176 175 175 176 176 177 175 179 178 175 172 166 165 161 157 150 134 113 99 98 108 113 97 89 88 77 60 66 109 117 135 154 159 157 156 158 167 174 163 152 157 163 166 179 163 118 133 137 132 130 137 134 124 107 80 121 162 190 188 175 66 51 133 157 160 140 129 144 150 147 147 148 151 156 161 166 169 161 154
143 160 168 170 173 177 179 176 177 174 175 175 174 176 177 175 175 177 182 178 176 176 169 165 161 158 153 135 110 92 90 100 104 94 91 72 55 38 58 104 100 119 148 161 158 154 157 167 171 163 148 153 162 169 182 159 117 137 132 134 138 143 146 131 109 79 124 144 152 147 160 104 72 139 154 146 140 145 149 160 158 152 152 153 154 161 167 165 164 158
152 158 164 173 176 175 178 178 177 176 175 176 177 175 176 178 179 178 178 180 180 175 167 160 163 157 154 141 101 81 77 94 95 93 86 46 52 37 69 101 100 115 145 157 157 157 156 164 173 157 143 156 160 169 176 158 124 136 131 128 134 148 156 140 117 91 131 163 178 175 151 82 100 143 146 137 143 155 162 166 160 156 151 155 158 163 169 162 165 168
149 164 167 168 174 177 177 177 177 178 177 177 177 177 176 177 179 179 179 179 180 178 170 161 166 163 157 134 93 70 65 90 92 86 65 48 65 72 93 114 104 104 131 158 162 156 155 160 174 154 130 145 153 168 178 148 131 142 133 129 142 153 154 146 119 110 142 134 145 142 100 70 128 142 138 146 158 166 167 167 158 156 151 152 159 168 171 165 164 167
151 166 167 166 173 178 177 175 177 179 179 178 178 178 177 177 179 180 178 177 180 181 174 166 164 167 163 134 92 65 59 91 95 80 67 67 50 72 111 118 111 99 115 150 161 154 158 163 165 148 115 123 140 142 137 128 137 143 135 131 144 154 153 150 126 99 113 119 151 131 74 93 134 141 145 161 168 169 167 164 162 161 155 149 156 167 169 167 169 171
158 160 164 171 174 177 179 175 179 178 177 178 179 177 176 177 178 178 177 177 180 181 177 172 166 169 167 134 90 60 56 88 96 84 73 59 26 40 103 123 108 103 110 144 163 157 160 165 170 154 116 102 119 126 116 135 144 140 141 139 143 154 159 158 134 94 100 98 79 58 62 111 133 150 161 170 166 165 163 159 156 158 163 161 165 172 170 170 169 169
159 159 164 174 176 176 179 178 183 178 175 178 180 177 175 178 177 176 175 176 179 177 175 176 173 172 168 133 87 58 64 93 101 85 79 44 27 21 88 112 108 110 106 135 164 159 161 171 178 163 130 96 90 111 119 129 140 137 144 143 140 150 162 165 141 84 63 51 19 32 83 126 153 163 165 166 162 164 160 157 155 153 163 167 167 172 171 172 168 167
157 165 169 174 178 177 179 182 186 180 177 179 181 177 175 177 177 176 174 176 179 175 173 177 176 175 170 135 85 56 75 102 111 92 87 28 23 11 80 117 117 114 103 128 161 159 160 174 173 169 141 110 83 88 112 125 128 134 139 139 139 147 159 168 152 74 26 23 17 62 120 148 164 161 155 159 160 160 157 161 163 155 159 165 167 172 175 175 172 170
161 169 171 174 178 178 181 182 184 182 180 181 181 179 177 177 175 176 174 176 180 178 176 179 177 181 172 133 79 47 78 108 114 105 100 42 64 54 85 120 121 114 108 132 160 161 160 168 173 174 148 125 92 70 82 107 117 131 131 134 141 146 157 165 164 87 17 22 48 115 161 162 156 154 152 157 156 157 157 165 162 161 165 173 177 179 180 177 172 169
168 167 170 177 177 179 184 179 179 182 183 181 181 182 179 177 174 176 175 176 181 182 180 182 179 186 172 129 74 43 86 123 124 107 110 59 70 76 100 126 128 116 113 132 153 161 165 167 170 171 155 138 113 85 72 84 109 124 123 128 138 143 155 158 161 125 28 38 106 147 149 150 154 157 158 157 153 160 161 163 164 170 169 174 177 175 176 172 169 165
158 170 173 174 180 183 183 183 182 182 183 182 178 179 179 177 174 175 175 175 177 178 178 181 183 183 170 123 76 45 93 128 133 115 112 68 64 83 108 127 128 122 119 127 156 162 167 168 172 171 162 146 127 107 86 71 88 103 116 119 125 140 151 149 159 126 74 94 137 138 141 145 148 153 157 158 159 163 169 175 175 175 175 175 175 175 172 169 166 163
159 170 172 173 178 180 182 183 181 180 181 180 178 179 179 176 175 175 173 173 175 176 177 180 175 184 173 124 73 55 114 130 138 111 117 100 90 98 98 133 130 127 127 135 155 165 169 171 173 169 160 148 136 120 101 85 77 91 105 110 113 125 139 144 147 149 124 121 130 129 140 147 143 148 153 157 162 167 172 175 176 177 178 178 178 176 173 170 158 156
160 171 172 172 175 176 178 179 179 179 178 177 175 175 176 174 173 173 171 171 173 174 174 177 183 185 169 126 77 62 125 142 145 119 110 118 70 84 123 141 131 130 131 142 158 173 174 177 177 171 163 155 147 134 115 100 81 78 85 99 107 112 123 136 131 125 108 105 116 127 136 137 143 152 160 166 171 175 175 174 172 174 174 174 172 170 165 162 160 159
157 167 170 172 175 175 176 175 177 179 180 177 173 172 173 172 171 172 172 173 174 173 173 174 177 180 166 132 92 68 109 132 143 143 98 123 70 79 130 143 135 135 128 147 165 178 177 178 177 173 169 164 156 143 126 113 97 84 77 86 96 103 111 120 113 97 100 121 131 129 132 140 149 159 168 170 171 172 171 170 173 173 172 170 167 164 161 158 159 158
154 163 167 172 176 177 178 176 178 180 180 178 176 174 173 172 168 171 172 173 175 174 174 176 175 181 169 127 91 75 101 126 140 144 112 90 81 82 140 141 143 143 128 152 171 176 177 178 175 172 171 169 161 151 139 128 117 101 79 69 81 102 112 111 113 117 133 134 125 130 142 153 164 169 171 168 167 169 171 171 172 172 169 167 164 163 162 161 158 157
154 162 166 170 173 174 176 175 176 177 176 175 176 176 173 170 167 168 167 168 171 172 174 177 175 176 174 139 100 82 100 125 137 150 137 103 69 84 144 150 148 146 135 158 175 174 180 182 178 175 173 171 165 159 150 139 123 118 105 85 71 72 91 112 115 105 107 113 125 146 157 161 169 169 167 165 166 167 168 167 168 166 164 162 162 164 165 165 163 161
146 155 162 167 169 169 172 172 173 175 174 173 175 174 172 170 171 169 165 165 169 172 173 175 174 172 175 161 121 88 95 118 143 155 150 135 94 76 118 153 157 147 151 165 176 176 182 184 182 179 178 175 170 166 159 147 138 128 120 114 96 69 58 64 75 98 129 146 153 160 164 166 169 168 167 167 169 169 166 165 166 165 163 163 164 166 167 167 162 160
132 144 155 163 167 168 172 173 173 178 178 175 174 172 171 173 177 173 168 168 172 174 173 174 174 178 182 177 142 99 94 107 146 150 155 163 138 108 106 141 169 152 166 170 176 178 181 180 180 181 183 180 174 172 166 155 151 144 135 128 120 109 106 112 127 139 152 159 165 169 168 168 165 164 164 164 165 163 162 163 165 164 163 163 164 165 165 163 163 161
89 116 142 154 160 164 166 166 168 171 172 174 175 171 169 174 174 174 172 172 171 174 177 173 175 170 178 178 153 117 91 87 128 155 156 160 156 140 116 139 161 168 171 180 177 175 180 185 184 178 184 183 175 173 168 163 161 153 148 147 144 137 135 136 147 155 163 166 168 170 170 168 166 168 167 164 162 159 160 165 164 166 161 169 163 167 162 161 162 161
42 65 95 122 142 153 159 163 163 170 171 170 171 171 171 174 176 174 169 170 173 171 173 174 170 175 176 176 170 138 102 94 108 141 157 160 158 155 142 151 159 168 172 184 187 189 187 183 185 187 187 179 177 178 173 172 168 164 162 161 157 154 156 160 164 168 170 170 170 171 171 171 173 171 167 165 165 163 162 163 169 167 165 170 164 162 159 161 159 158
37 36 42 61 86 105 120 132 147 150 151 153 157 156 156 161 164 160 152 154 158 154 155 161 166 168 172 173 173 164 136 114 125 135 158 176 173 161 158 170 174 177 177 187 189 189 189 193 193 189 185 184 186 181 174 179 175 174 175 177 178 177 176 176 175 176 177 177 176 176 177 178 167 165 162 162 165 166 166 167 163 165 167 164 161 170 171 168 163 165
34 31 31 37 45 53 66 80 99 110 115 116 124 130 128 124 125 124 121 125 126 118 116 118 118 134 166 177 177 188 181 154 164 158 168 177 179 176 180 179 180 189 188 187 186 190 188 188 191 192 194 189 185 185 184 181 180 179 179 179 177 176 176 174 171 173 178 182 180 174 169 167 163 162 159 156 155 155 155 156 157 155 161 167 144 139 140 150 156 160
33 33 34 36 38 37 40 47 55 64 73 82 91 92 91 92 96 95 92 92 87 82 82 80 77 76 97 125 142 153 164 176 183 185 186 178 176 182 193 190 191 191 185 189 191 190 185 191 193 190 190 192 192 192 190 186 187 187 185 179 173 175 181 186 185 183 180 176 169 159 152 150 149 149 148 147 147 148 150 151 152 146 152 166 121 84 57 54 53 47
38 37 35 36 41 43 40 39 42 54 59 58 62 68 71 73 70 72 73 74 70 68 68 63 61 57 59 62 65 69 76 86 86 94 100 108 112 115 125 135 147 162 170 176 183 189 187 197 190 186 183 188 190 183 184 189 185 185 187 186 184 181 178 175 172 167 160 155 150 148 148 150 153 152 152 152 152 154 156 155 153 155 160 177 138 93 66 57 50 34
39 42 41 38 38 40 45 50 52 57 58 58 59 59 61 67 69 70 67 65 62 58 56 52 45 41 46 50 52 58 58 52 50 58 52 61 63 61 52 53 56 60 64 82 108 132 147 172 186 196 188 166 154 165 182 182 182 179 176 174 171 166 160 155 153 153 152 152 152 152 151 151 154 152 152 152 152 154 155 152 156 151 150 174 167 113 86 71 65 53
40 45 48 47 44 40 41 46 50 57 61 64 67 65 60 58 68 71 67 68 69 63 57 55 50 48 48 43 44 49 51 51 49 61 55 65 61 62 59 70 97 106 107 107 108 112 115 137 159 157 140 115 114 155 191 184 168 172 177 174 164 155 153 153 155 154 153 152 152 152 152 151 153 153 154 153 151 153 154 152 152 155 153 168 185 132 106 76 72 73
46 46 56 53 52 53 45 53 44 49 49 53 57 54 50 47 51 53 50 52 52 50 54 52 52 46 46 46 48 42 47 54 44 53 57 70 83 125 149 165 172 175 189 178 135 123 121 130 140 135 136 157 157 176 185 184 177 180 181 175 165 158 155 154 153 153 152 152 151 151 152 152 152 152 152 153 153 153 154 154 155 150 153 154 184 168 120 89 75 77
44 46 54 54 56 57 50 56 58 53 45 45 45 42 42 41 39 43 36 35 44 45 44 47 45 44 47 45 43 37 44 54 54 47 57 101 125 162 190 198 186 178 185 182 146 126 122 120 128 122 140 187 193 190 183 183 185 189 185 171 157 153 154 154 153 153 153 152 152 152 153 153 151 150 151 152 151 152 153 153 155 153 150 148 162 184 130 108 75 68
51 40 48 55 53 59 59 48 48 55 53 44 36 35 40 37 38 40 44 40 39 45 48 49 53 45 41 41 48 49 52 54 50 79 123 151 132 132 141 148 169 179 189 189 171 141 128 122 122 127 149 186 186 185 183 184 186 180 170 159 154 155 155 152 152 151 151 151 151 151 152 152 150 150 150 150 150 151 152 152 148 151 150 145 149 180 163 106 87 75
49 48 42 43 53 57 55 56 52 49 48 51 47 41 39 35 37 34 42 40 40 50 47 38 40 39 40 37 41 43 53 61 66 128 188 155 90 90 91 85 91 99 122 149 178 170 162 160 155 168 177 182 174 183 189 186 178 165 154 153 155 155 152 149 151 150 150 150 150 149 150 151 151 150 150 150 150 150 151 151 152 149 154 149 147 165 196 142 94 70
44 50 47 43 47 49 52 60 67 57 45 43 43 41 39 33 35 42 49 44 41 40 38 50 63 78 92 83 73 76 108 137 131 142 183 178 140 140 144 147 121 97 93 93 122 157 180 182 181 183 183 184 179 179 176 167 161 155 153 155 154 152 152 153 152 151 150 150 150 149 150 151 152 150 150 151 150 150 150 150 151 151 146 149 152 143 165 222 189 156
45 43 50 48 42 44 44 42 47 59 58 50 44 45 48 46 41 40 43 51 68 90 117 147 168 164 162 157 158 155 158 159 162 156 159 171 175 172 174 178 177 166 172 167 167 168 161 160 168 164 163 168 167 163 159 152 151 153 154 152 151 152 153 152 151 150 149 149 149 148 148 150 152 150 150 151 150 149 150 150 150 148 149 150 146 147 142 174 210 230
37 43 44 38 49 55 49 59 50 49 46 56 63 53 44 45 64 86 116 144 160 162 160 156 158 157 160 159 160 155 156 158 155 165 159 156 163 159 157 156 158 163 163 160 161 165 159 162 156 156 155 155 156 154 158 157 153 153 152 150 149 151 150 145 149 148 147 148 147 146 147 149 150 148 149 151 150 149 149 149 148 147 146 144 146 149 149 138 144 178
73 81 86 79 95 115 127 155 142 132 112 103 95 81 84 102 123 158 165 159 160 157 158 161 154 153 156 156 159 155 157 160 165 156 159 159 156 154 157 157 159 157 153 161 156 156 154 153 156 154 154 155 156 150 152 151 151 150 151 152 151 151 151 152 150 148 148 148 148 147 148 150 148 147 148 150 150 148 148 149 148 147 146 146 147 145 147 148 143 131
142 141 139 143 153 166 164 162 164 165 162 159 150 151 155 162 156 158 155 156 156 160 158 159 158 157 159 160 160 162 162 159 158 159 159 160 160 158 157 158 158 157 157 156 158 158 154 155 156 155 154 155 155 154 152 152 152 151 150 148 148 148 149 150 150 150 149 147 147 149 149 148 148 149 148 148 149 149 149 149 148 146 148 148 148 148 146 147 146 146
103 129 156 167 162 162 158 161 159 161 160 161 155 155 156 161 158 159 156 157 158 162 160 160 160 159 160 160 159 160 160 157 158 159 159 160 160 158 157 157 158 157 157 156 158 158 154 155 156 155 154 155 155 154 152 152 152 151 150 148 148 148 149 150 150 150 149 147 147 149 149 148 148 149 149 148 149 149 149 149 148 147 149 149 149 149 146 147 147 147
