143 108 71 47 49 60 48 28 30 27 18 19 24 21 25 33 28 24 32 35 28 33 41 36 36 38 56 101 125 120 124 131 131 135 129 129 136 138 145 135 134 137 142 145 143 140 140 143 144 139 141 142 139 139 137 136 138 137 135 134 134 136 136 135 136 135 135 135 134 134 134 133 135 135 135 134 135 135 135 135 133 133 133 131 131 132 132 132 133 133
53 25 15 21 21 15 16 28 23 29 26 25 29 31 32 31 30 28 31 32 31 33 35 32 32 32 31 39 39 41 63 82 88 97 107 104 145 142 133 100 80 94 102 112 129 139 139 141 146 140 141 140 138 139 139 138 136 137 139 140 137 133 132 133 135 135 134 134 134 135 136 136 135 136 136 135 135 135 135 135 134 134 133 132 132 133 133 133 132 132
21 21 26 26 25 27 27 26 26 29 28 31 32 29 30 32 30 31 29 29 31 31 30 30 31 33 29 30 28 27 35 37 34 34 45 82 142 151 104 49 45 41 43 53 73 107 136 145 141 140 143 142 140 142 141 139 140 139 138 138 139 138 136 135 135 135 135 135 135 135 136 136 136 137 137 136 135 135 135 135 135 134 134 133 134 135 135 134 132 132
29 24 24 26 27 26 25 25 26 26 25 31 33 29 31 35 29 32 30 28 29 29 28 31 32 31 27 29 29 27 32 35 29 23 25 66 90 116 77 40 45 36 37 37 38 68 111 133 144 144 146 142 140 143 142 141 140 139 137 135 136 139 138 136 135 135 136 136 136 136 136 134 136 137 137 136 134 134 135 135 135 134 134 134 135 135 134 133 133 133
22 24 26 28 28 28 28 27 27 31 30 29 30 34 35 28 34 33 30 28 27 27 29 30 32 30 27 28 26 24 28 32 30 29 30 29 22 47 50 37 38 67 96 109 115 124 135 142 140 144 150 150 150 150 146 142 138 139 141 140 138 135 135 136 137 135 135 135 136 137 136 134 136 137 137 135 134 134 134 134 135 134 133 133 134 134 133 132 133 133
26 28 27 27 27 26 28 27 26 26 25 26 29 36 41 36 39 34 30 29 27 27 28 26 30 28 25 25 27 28 26 23 23 25 31 32 35 47 55 47 63 112 157 172 175 173 164 153 147 150 155 157 161 164 159 157 146 139 136 140 141 137 135 138 138 135 134 134 135 137 138 137 136 137 136 135 134 134 134 134 135 134 133 133 134 133 132 132 133 133
25 28 25 27 28 26 25 21 30 24 22 27 29 33 40 39 35 31 29 29 27 26 26 24 25 26 28 26 25 27 27 27 30 28 21 29 32 40 46 45 62 109 160 183 178 161 144 137 133 134 141 149 158 161 154 149 161 151 141 137 137 138 137 137 138 137 136 136 135 137 138 138 136 136 136 135 134 135 135 135 135 134 134 134 134 133 133 133 133 133
25 27 24 25 25 21 24 26 24 26 28 29 31 39 45 36 27 27 28 28 27 25 24 26 28 28 30 28 26 25 25 29 26 32 28 30 29 36 47 41 59 97 140 182 197 157 113 109 110 111 119 132 150 160 155 152 175 176 166 147 136 137 140 139 137 138 139 139 137 136 137 136 136 136 136 135 135 135 135 135 135 135 134 134 134 133 134 135 134 134
24 25 26 26 26 26 25 25 25 26 26 28 29 29 30 26 24 25 27 28 28 27 27 28 27 28 29 27 26 28 29 28 28 33 28 27 30 29 32 30 34 49 54 81 143 117 78 73 77 83 89 107 123 150 178 171 173 176 174 149 135 131 142 137 137 137 138 138 138 137 137 136 136 136 136 137 136 135 135 135 135 135 135 135 134 134 134 134 135 135
25 26 26 25 25 25 26 27 25 26 23 23 23 23 26 25 27 28 30 30 29 27 26 28 29 28 29 30 27 27 28 29 26 21 25 29 27 27 30 31 25 25 24 18 39 61 71 101 117 120 118 131 155 162 164 176 177 178 170 157 136 118 141 138 138 138 138 137 137 137 137 137 136 136 136 136 136 135 135 135 135 135 135 134 134 134 134 134 135 135
25 27 27 27 27 26 25 26 24 26 26 27 26 25 28 27 28 29 29 31 32 30 29 31 30 28 27 27 23 19 20 23 22 17 29 36 36 38 33 32 36 39 37 45 37 23 42 131 186 183 182 165 182 184 153 177 183 177 171 166 142 114 137 143 138 138 138 137 136 136 137 137 136 136 136 136 136 135 135 136 135 135 134 134 134 134 134 134 135 135
28 28 26 26 27 26 25 25 22 24 25 27 26 25 27 25 27 27 27 29 31 31 30 32 28 29 32 37 45 56 70 81 83 90 98 99 102 109 108 109 111 112 121 117 105 101 76 108 140 151 151 150 164 165 156 166 182 168 173 166 146 112 117 144 137 138 138 138 137 137 136 136 136 136 136 136 135 134 134 135 135 135 134 134 133 133 134 134 134 134
32 28 23 23 25 25 25 25 26 26 24 25 25 25 29 29 28 32 36 37 38 39 41 44 43 59 80 99 119 135 145 150 148 154 151 149 151 155 157 149 144 148 151 151 143 145 146 143 143 142 139 143 143 139 144 148 157 158 182 176 149 96 92 147 137 137 137 137 137 136 137 137 137 136 136 136 135 134 134 134 135 135 134 134 133 134 134 134 135 135
28 26 23 24 25 25 24 24 22 24 24 27 28 30 35 37 45 57 68 73 75 80 87 91 98 113 127 139 150 156 156 154 150 150 151 156 149 147 155 149 151 145 146 140 144 137 131 135 143 136 143 136 134 140 133 135 136 140 154 157 141 87 88 141 138 137 136 135 135 136 137 138 138 137 136 135 134 133 133 134 134 134 134 134 134 134 134 135 135 135
24 25 26 26 25 23 25 29 31 34 36 39 40 41 49 52 58 74 91 100 109 119 127 130 132 138 142 144 151 154 155 156 148 149 158 159 142 136 149 157 152 148 145 144 143 136 143 136 134 137 133 130 132 137 142 135 136 135 133 134 130 101 113 145 137 137 136 136 136 137 137 138 137 136 136 135 134 133 133 134 134 134 134 135 134 134 134 135 135 135
26 28 27 24 21 21 28 38 47 48 46 45 42 44 53 59 66 83 99 111 126 140 145 143 146 147 146 146 150 149 147 149 146 143 152 154 149 144 141 148 155 143 143 146 146 144 139 134 137 133 134 137 137 136 136 137 135 136 136 133 136 126 131 133 134 135 137 138 138 138 137 137 137 136 135 135 134 133 133 134 133 134 134 135 135 135 135 135 134 134
32 27 22 23 29 34 40 42 43 37 43 40 45 71 99 119 121 121 105 102 129 149 149 151 151 146 149 142 145 150 142 151 144 149 147 146 143 143 149 144 146 144 146 148 147 147 144 139 139 137 135 136 136 137 139 140 140 136 139 135 135 136 128 128 132 132 132 136 137 136 138 137 136 137 136 136 136 131 130 136 135 133 134 135 135 135 135 134 134 134
29 20 23 31 37 38 34 36 32 39 52 65 95 128 133 129 124 129 132 137 147 152 149 146 146 150 149 146 149 151 150 148 145 145 143 139 141 144 142 142 145 147 152 154 154 153 150 146 145 142 140 138 138 139 142 144 154 137 136 142 147 146 137 140 131 134 133 133 133 135 137 134 135 134 134 135 137 136 134 134 133 132 134 135 134 132 132 132 135 135
18 29 32 35 31 30 38 37 56 72 96 113 121 112 103 115 134 138 149 159 161 158 154 153 150 149 153 150 151 152 147 154 148 135 140 142 134 130 129 136 144 150 153 153 154 155 156 157 153 150 146 143 140 139 140 141 144 134 139 126 110 129 147 141 140 141 138 137 134 132 134 131 132 134 134 132 131 135 136 132 132 133 135 136 134 133 133 134 134 134
29 43 37 22 34 41 40 62 67 89 105 103 102 107 122 149 157 155 154 157 159 152 147 149 152 155 151 162 160 155 164 148 105 129 137 136 141 129 115 128 143 150 151 150 153 156 159 163 157 154 152 149 146 145 144 143 144 137 147 137 111 123 144 140 142 138 135 139 138 133 133 134 132 126 129 135 135 132 132 132 132 133 135 136 135 134 135 136 136 136
45 44 33 36 39 37 52 68 73 78 86 100 120 133 145 161 168 165 161 159 160 157 152 152 159 161 160 162 161 159 141 96 95 128 132 129 125 95 87 115 138 146 151 153 159 162 163 165 167 164 160 157 153 150 147 143 143 135 136 142 144 141 139 143 144 140 137 141 142 138 138 137 133 130 127 125 126 134 138 134 133 133 134 135 134 134 135 135 136 136
41 30 42 48 42 48 56 61 64 82 102 116 130 143 154 161 165 166 170 170 167 168 170 167 166 165 172 168 182 168 104 83 110 123 123 114 81 43 64 112 139 143 147 153 160 165 167 168 169 167 164 161 159 157 154 151 151 148 142 140 144 142 139 142 146 146 143 143 143 144 143 138 134 137 135 125 118 123 131 134 135 135 135 135 134 135 136 135 134 134
29 47 46 38 38 39 52 68 92 111 125 132 141 151 159 163 169 172 175 174 171 172 172 171 174 179 174 180 183 132 87 104 120 129 105 65 40 35 72 126 146 143 143 149 156 165 171 174 172 171 169 166 163 160 157 154 152 148 147 146 134 125 130 138 137 140 139 139 141 145 147 142 137 136 140 143 134 117 116 127 134 135 137 137 135 136 137 137 137 137
52 48 43 35 34 52 83 109 129 135 139 150 159 156 156 163 168 174 173 174 182 182 178 180 187 182 186 184 144 86 79 117 125 115 82 40 34 64 101 136 153 145 144 149 155 164 173 176 171 172 174 172 168 165 162 159 152 150 144 142 135 120 116 124 137 138 138 140 141 143 146 145 142 144 142 140 141 136 125 118 130 132 136 136 134 135 137 138 139 138
52 36 49 43 58 87 112 140 146 150 163 163 143 133 141 150 160 172 175 184 191 187 188 187 191 185 192 163 112 76 89 112 120 103 48 38 42 100 119 121 135 147 149 143 157 168 174 174 174 170 172 175 173 171 168 161 153 152 143 142 142 133 132 135 133 135 135 139 143 137 134 141 141 148 148 146 141 140 140 128 118 121 132 133 129 135 139 139 139 138
33 52 66 63 79 102 136 149 153 149 140 136 144 153 160 166 172 177 172 175 183 185 193 196 191 192 188 146 103 78 83 93 112 78 32 29 49 98 117 107 124 136 148 148 151 150 166 184 173 167 172 177 172 170 168 161 151 149 144 144 140 129 127 130 124 128 132 137 139 132 127 130 141 142 142 145 144 144 143 134 127 121 123 128 133 133 130 134 137 137
28 64 80 81 105 139 139 142 153 157 161 171 179 172 169 179 184 187 181 184 189 190 194 195 190 196 182 129 93 79 79 87 92 59 30 32 62 106 109 101 115 123 144 153 153 151 163 179 181 172 176 181 176 173 170 160 152 147 141 139 133 126 128 131 132 130 130 134 139 140 138 137 141 142 144 148 145 142 144 142 132 123 118 120 128 131 127 127 128 128
43 80 79 109 136 150 137 152 173 173 173 169 164 167 179 188 184 188 188 193 197 195 196 194 194 192 173 129 102 88 75 77 83 44 28 36 60 119 114 105 104 110 141 150 147 156 174 181 173 172 178 179 173 170 169 164 154 147 141 137 130 125 125 123 122 128 135 139 139 141 144 146 147 144 144 148 149 146 142 138 133 136 131 114 109 123 133 134 131 131
61 90 113 135 140 156 163 173 181 171 167 169 171 178 182 178 187 189 186 186 188 188 192 194 191 191 181 140 97 74 66 84 84 30 24 29 31 92 120 107 101 100 140 153 144 154 169 170 171 174 174 172 172 171 166 159 150 142 135 127 124 125 125 122 123 131 139 140 138 138 140 140 135 136 140 141 143 144 142 141 143 137 134 129 123 115 117 132 131 134
72 107 144 133 152 174 179 171 164 164 171 178 177 172 175 183 182 183 183 184 187 190 195 199 193 189 177 138 89 65 61 86 72 25 28 32 29 64 118 105 92 87 137 158 147 149 160 166 172 179 177 172 170 166 160 157 150 139 127 116 113 117 118 119 130 131 129 128 131 134 135 135 122 132 142 141 139 139 140 142 141 147 142 132 129 117 108 118 126 132
87 126 129 138 180 171 166 162 161 168 170 169 172 175 177 179 181 183 189 192 194 196 195 194 190 182 171 138 92 65 52 77 59 18 22 23 31 61 110 104 90 84 127 146 143 150 156 163 170 169 167 166 169 165 157 151 138 128 120 113 111 110 109 118 126 132 132 130 130 130 130 135 135 135 136 132 134 140 142 146 142 145 143 137 137 130 113 105 113 121
108 113 126 164 169 162 164 158 172 166 164 167 171 174 177 180 181 182 189 193 196 198 195 193 187 182 173 141 90 56 43 77 55 21 39 39 33 71 102 98 69 79 127 136 135 150 159 167 170 164 162 165 166 160 151 146 137 124 115 108 105 101 103 120 132 136 131 126 125 118 111 113 115 117 125 130 137 143 141 145 147 144 146 141 136 138 130 114 103 111
106 113 143 165 162 155 165 160 164 158 161 171 173 172 176 180 181 192 193 198 193 199 196 186 184 175 172 143 87 55 46 76 52 28 62 52 47 79 96 88 62 84 122 128 136 150 164 162 163 161 164 164 163 154 148 141 127 120 107 101 95 101 114 132 140 135 130 117 122 102 95 87 97 117 129 136 143 142 143 148 144 148 147 145 146 140 131 129 116 102
99 130 155 156 155 157 166 164 162 159 164 171 173 174 179 185 189 186 191 200 199 194 194 185 182 175 165 144 92 52 45 70 54 25 44 60 85 88 94 77 61 94 113 115 135 156 167 166 160 159 164 162 159 150 145 137 122 110 98 88 91 114 141 150 146 146 127 118 103 72 72 67 97 131 138 139 143 143 149 147 148 150 150 147 145 141 137 135 121 107
113 139 153 151 155 152 156 160 161 162 167 171 172 175 181 187 189 187 194 196 199 190 191 181 175 173 160 151 105 51 43 61 51 37 69 101 88 86 90 66 71 101 107 120 145 161 163 162 162 162 167 164 160 148 137 123 113 100 94 90 111 141 165 160 153 142 129 121 96 63 30 55 107 139 148 145 147 149 150 145 148 151 154 155 151 148 146 143 136 124
125 134 146 154 158 149 154 161 163 165 168 170 171 176 182 185 188 188 190 188 193 189 185 178 170 169 157 153 114 53 41 58 53 37 43 56 50 72 67 62 85 98 111 143 158 164 161 165 171 168 171 168 165 154 138 119 101 92 96 106 144 161 168 155 141 133 137 136 129 107 30 72 134 143 155 150 151 153 144 145 146 150 154 156 156 154 153 152 146 135
122 140 155 155 153 151 160 161 164 165 167 169 173 178 182 185 192 189 188 192 188 191 183 175 171 165 155 148 113 54 38 56 51 39 39 33 42 62 57 67 87 96 125 159 164 170 170 181 181 175 174 167 159 147 132 112 108 103 117 131 160 163 162 149 146 151 142 146 151 136 54 78 155 149 154 152 151 151 144 146 147 149 148 149 154 155 154 156 148 139
120 144 155 149 153 155 160 157 161 162 163 168 174 179 182 185 188 187 184 168 147 170 183 177 171 161 154 144 113 57 37 49 47 38 38 32 27 56 70 71 88 112 148 166 169 177 179 189 182 178 180 172 161 149 138 122 114 115 138 154 164 166 171 160 160 154 141 150 152 128 60 71 145 150 151 155 154 151 153 148 148 150 147 149 156 157 154 156 151 144
120 136 142 143 156 159 160 157 157 158 160 166 171 172 175 181 179 185 187 162 142 164 182 177 170 159 152 143 119 67 45 46 45 45 36 37 39 66 75 75 107 139 167 172 179 183 185 185 184 179 181 173 160 148 142 130 126 127 147 166 168 169 170 161 164 150 152 162 157 122 59 58 125 146 150 154 155 151 155 149 147 148 148 153 160 161 158 158 154 148
124 134 141 143 153 157 160 155 155 156 159 164 167 164 167 176 180 179 185 176 177 176 176 175 171 159 148 142 124 76 57 51 45 38 37 42 64 73 88 109 133 157 173 176 188 185 190 184 188 179 176 167 157 151 151 143 142 139 149 170 176 174 166 161 160 159 162 164 160 124 73 54 122 145 151 148 150 148 147 148 146 144 146 152 158 163 164 163 156 151
127 132 139 145 150 152 154 158 156 153 158 165 164 163 166 168 174 174 173 180 181 176 175 173 166 151 147 136 125 97 74 58 47 43 40 49 74 94 107 128 149 167 177 184 189 187 188 189 186 179 173 166 163 160 158 163 161 152 109 121 187 164 151 155 161 156 166 174 149 116 88 50 123 140 148 147 138 141 144 145 143 142 142 149 156 162 168 165 158 151
127 134 141 145 147 147 148 151 156 154 158 162 163 165 168 168 173 175 172 171 172 173 175 171 163 154 150 138 129 113 92 74 68 59 53 59 83 107 121 137 154 164 170 181 189 188 185 182 182 177 176 169 164 171 174 169 164 151 91 66 139 160 150 148 154 155 164 170 145 119 97 45 140 151 140 143 133 130 132 135 138 136 135 145 157 163 167 166 163 153
127 135 141 144 146 147 148 150 150 151 155 157 159 163 169 170 171 175 173 172 172 174 173 166 161 156 148 141 133 130 115 102 93 98 103 103 109 122 138 153 159 165 169 173 173 172 174 174 179 176 172 167 167 166 160 161 151 155 101 22 62 124 144 148 145 150 162 170 141 115 103 42 148 175 140 134 125 121 121 124 130 130 133 147 162 166 167 166 165 155
132 138 141 143 147 150 151 152 151 153 156 157 155 158 163 166 170 173 175 176 176 173 169 163 161 153 144 143 136 140 133 133 138 145 154 155 154 158 161 160 159 160 158 157 156 161 165 163 164 168 167 163 163 158 148 148 148 148 116 33 38 100 134 140 137 142 158 173 140 105 103 45 124 193 148 126 118 116 112 113 118 124 138 157 167 169 169 163 161 156
136 141 144 144 147 150 150 150 151 151 153 157 158 159 163 168 169 171 173 172 172 171 166 161 158 149 142 143 137 143 144 151 159 169 181 183 176 174 176 171 171 162 157 153 151 152 155 157 163 159 160 159 170 191 189 168 158 146 133 85 63 81 107 122 124 129 149 171 141 98 100 48 91 185 150 124 112 107 103 103 108 119 144 166 169 172 173 162 156 152
133 140 145 146 148 148 149 150 154 151 150 155 158 158 159 162 165 170 174 170 170 173 166 159 149 145 141 138 134 141 146 152 163 170 181 188 186 185 186 179 177 174 183 195 195 182 170 171 170 170 174 182 201 215 201 178 155 144 132 106 85 78 89 100 105 114 134 161 143 96 96 48 79 164 143 122 105 96 100 101 103 114 145 171 171 174 178 165 151 142
133 139 144 147 149 149 149 152 151 149 148 150 155 157 159 162 164 169 175 172 173 175 166 159 148 144 143 133 131 136 143 146 155 160 167 178 181 179 179 172 169 165 174 191 203 198 185 186 187 197 195 190 192 175 153 154 148 143 126 102 87 79 79 83 92 103 125 156 151 100 93 54 77 149 138 117 100 93 100 101 101 108 138 168 172 173 176 165 147 135
141 144 145 148 151 150 149 150 152 154 152 150 151 155 159 162 167 167 173 173 174 173 165 162 155 148 147 133 133 132 141 144 151 157 164 172 171 165 169 168 162 159 156 154 160 163 163 172 171 180 178 168 168 160 148 152 143 134 120 103 92 83 80 83 90 102 125 161 162 106 94 64 69 143 139 113 101 96 99 95 97 101 128 162 171 169 168 159 148 136
145 147 149 149 149 147 146 148 149 147 151 154 152 152 157 161 164 171 175 176 174 171 171 166 161 149 146 133 125 130 132 143 148 156 158 164 164 156 157 158 157 155 155 155 155 153 155 158 162 160 160 154 160 158 158 153 144 136 120 110 91 84 82 90 90 103 117 153 156 108 90 63 65 139 135 116 107 100 103 95 94 97 124 167 174 168 164 154 146 136
145 148 150 151 150 147 147 149 149 145 147 151 152 153 157 159 166 170 173 176 174 169 168 164 158 153 141 132 121 119 122 139 147 154 150 144 145 147 150 149 149 149 151 154 154 153 154 156 159 155 156 154 161 157 155 151 144 142 126 113 105 98 100 93 89 96 123 152 144 105 87 65 69 138 139 120 110 103 104 100 99 96 120 159 168 166 161 153 143 133
146 150 153 153 151 148 147 149 149 146 147 150 153 155 158 160 168 170 173 177 174 168 165 163 160 149 139 134 115 105 109 127 134 131 124 115 118 130 137 141 142 144 146 148 148 150 153 157 157 151 151 153 158 154 155 157 153 146 135 130 140 130 123 106 104 103 125 149 136 107 93 65 73 130 134 116 105 101 102 104 105 101 123 155 164 167 160 155 143 132
147 151 154 154 151 147 146 147 150 150 151 154 155 157 160 163 169 172 174 177 174 168 167 164 157 149 139 113 98 99 111 121 117 106 94 93 111 122 119 127 136 143 151 156 157 157 157 158 154 151 150 150 150 147 150 155 152 154 147 138 143 133 125 120 121 119 125 142 126 105 98 62 79 123 130 117 108 105 103 106 108 110 131 155 162 167 159 156 138 128
149 152 155 154 151 147 145 145 150 151 154 156 157 158 159 161 168 174 175 175 172 169 170 166 158 152 135 102 91 83 104 108 91 78 86 94 101 120 126 120 128 137 149 157 160 161 160 159 158 160 159 158 153 151 150 153 154 159 135 129 132 134 136 138 130 134 136 141 121 105 96 65 94 125 135 129 122 119 112 112 113 118 135 150 156 164 155 150 137 127
151 153 155 154 152 150 148 147 149 151 152 154 157 157 157 158 167 173 175 174 171 170 171 167 166 158 134 93 65 69 106 82 61 73 67 62 85 104 102 104 122 132 144 151 157 163 166 166 159 162 159 156 151 154 153 155 160 142 100 118 137 138 143 141 138 142 148 146 129 118 94 71 111 132 139 137 131 130 124 123 123 127 135 145 151 158 151 146 143 134
152 154 155 155 155 155 153 152 149 152 153 153 155 156 157 159 168 171 172 173 172 171 172 169 164 150 126 88 51 75 98 59 57 63 44 43 75 93 91 92 105 117 133 144 152 158 160 159 159 163 158 155 147 151 154 161 163 132 110 134 146 136 138 139 140 143 149 149 133 121 93 78 119 134 140 142 135 135 134 132 131 134 134 145 150 152 150 150 147 139
154 155 155 156 158 159 158 157 150 155 157 155 155 156 159 164 170 170 170 174 175 172 172 169 159 154 124 70 43 91 82 46 56 54 43 52 69 73 81 90 98 111 126 137 146 154 157 156 155 161 158 155 140 140 143 154 155 133 147 149 146 141 139 141 138 147 150 154 131 111 96 88 117 134 143 150 143 140 140 137 133 136 134 146 150 147 150 156 148 141
153 155 155 158 158 154 155 155 155 155 155 156 155 155 159 164 168 170 172 171 169 169 169 167 162 156 120 60 42 83 62 39 52 70 65 57 61 68 75 88 94 106 119 133 144 148 152 154 153 156 156 152 145 132 126 132 135 130 136 144 143 141 142 140 140 152 152 151 136 115 97 94 118 137 152 153 147 143 143 143 139 138 140 141 147 146 150 153 151 147
151 155 156 160 160 157 156 156 156 155 155 156 156 154 156 160 165 167 171 171 168 168 168 166 160 146 101 52 50 82 48 31 46 70 80 67 71 71 75 90 101 106 113 126 138 142 147 150 151 152 150 148 143 131 121 119 120 121 130 140 143 144 143 138 138 148 153 154 143 120 94 95 118 139 155 153 148 148 147 144 141 141 143 143 148 146 149 153 151 147
151 156 157 158 159 158 159 158 157 156 156 157 157 155 155 157 163 166 169 169 167 168 168 166 164 139 93 55 55 75 39 32 37 44 47 69 77 76 78 91 109 110 112 123 134 137 143 147 148 147 145 143 141 134 125 120 114 115 122 132 140 144 144 142 145 147 153 158 154 115 72 95 126 145 157 154 149 149 149 147 142 142 145 144 147 145 148 152 150 147
148 155 157 158 159 158 160 158 157 156 156 158 158 156 156 158 164 166 168 167 165 168 169 167 170 126 81 54 52 73 40 29 30 41 36 54 82 92 84 96 112 116 118 125 131 133 138 141 142 144 144 140 137 132 126 121 114 110 111 120 131 136 138 140 140 138 143 157 159 104 55 113 142 148 151 151 151 150 147 145 145 146 148 147 151 149 152 155 153 149
143 152 157 160 161 160 160 157 156 156 157 158 157 156 157 160 164 166 168 168 167 169 169 166 163 112 73 51 46 72 44 26 21 23 38 41 82 92 88 96 115 123 125 126 129 132 135 133 133 138 143 142 137 134 129 123 114 110 107 111 122 131 135 137 134 129 126 130 128 81 51 123 138 144 148 149 148 147 148 149 148 148 149 148 154 153 155 156 155 151
141 149 153 156 157 157 160 159 156 155 156 156 155 154 157 160 162 165 168 169 169 171 168 163 153 109 75 53 48 77 48 23 28 37 29 47 89 101 108 105 123 131 131 129 132 136 137 133 134 135 139 140 138 139 136 129 117 114 109 106 113 128 137 136 133 131 126 113 96 68 55 101 122 132 140 142 145 150 151 150 149 148 148 147 153 153 154 154 156 152
135 143 146 150 152 153 157 159 156 154 154 154 155 154 156 159 161 163 166 167 168 170 167 160 148 105 75 56 55 91 60 22 78 83 35 70 98 105 108 113 127 136 137 136 138 141 144 142 143 140 140 139 136 137 137 129 123 117 113 109 108 118 129 132 135 131 123 117 107 96 78 77 106 120 133 137 140 145 149 151 151 150 150 148 154 154 156 155 157 153
126 135 142 149 152 150 152 153 156 153 152 154 155 156 157 160 161 162 163 164 166 169 167 160 139 101 83 66 59 101 77 38 42 72 98 128 99 110 121 117 126 136 140 141 142 143 148 150 148 144 145 145 141 142 141 133 130 120 120 122 114 111 119 126 129 130 124 122 111 104 98 95 104 113 124 134 139 141 144 148 149 149 149 146 152 153 156 156 152 148
119 129 140 149 144 146 148 152 154 154 153 153 155 157 158 159 159 161 163 163 162 164 164 159 127 87 87 79 78 112 87 48 51 130 163 113 100 125 130 125 136 140 142 142 143 145 149 152 153 153 149 150 149 145 141 134 133 129 126 127 127 121 118 122 127 128 125 127 120 111 116 114 117 116 121 127 130 134 141 145 146 147 150 150 149 152 153 152 146 143
106 124 129 131 140 151 149 149 151 152 153 153 155 157 159 161 161 157 157 160 162 164 163 160 126 78 82 91 98 114 87 75 46 141 156 95 113 129 131 138 136 140 143 146 148 149 151 153 155 155 154 156 156 151 147 143 139 137 133 130 130 129 130 134 133 134 131 134 131 126 131 129 129 126 127 133 137 141 145 147 150 147 147 149 153 156 153 146 143 139
95 106 122 135 133 140 145 145 149 151 152 152 153 154 156 158 161 155 154 159 161 161 161 162 141 84 74 96 111 121 106 102 64 60 104 110 127 134 137 138 140 142 145 149 151 152 154 157 159 158 156 158 155 149 147 144 147 139 135 138 135 125 128 141 142 144 141 143 141 139 143 141 142 137 135 137 140 144 148 150 148 150 153 154 152 151 148 144 135 135
93 107 113 118 126 138 143 147 146 150 151 152 153 155 156 158 159 155 156 160 159 158 160 162 158 107 74 94 114 127 123 97 105 58 75 122 132 139 140 138 144 145 148 152 154 153 154 157 160 160 158 158 157 153 153 150 151 143 143 149 143 129 132 147 147 151 151 150 146 145 149 148 147 146 146 146 145 146 149 151 151 152 154 155 152 148 145 140 140 143
87 98 103 111 117 128 135 146 141 146 150 152 155 158 160 160 156 157 159 159 156 156 158 158 174 149 100 93 117 142 137 105 95 111 76 123 129 137 142 144 145 147 151 155 157 155 154 157 161 163 161 159 159 158 157 151 148 149 151 151 147 145 147 149 149 152 154 154 152 153 157 155 150 154 157 158 156 153 152 153 155 154 153 151 147 145 146 146 150 152
78 84 101 120 116 116 123 132 136 142 148 151 153 156 157 157 157 158 159 157 155 156 156 153 163 162 127 98 117 145 135 129 97 91 103 108 125 137 140 145 146 148 150 153 155 155 157 161 160 163 162 160 159 158 156 149 153 151 151 152 152 153 153 151 155 155 157 158 159 161 161 158 158 160 160 160 160 159 157 157 157 154 151 148 144 145 151 156 151 152
70 86 92 102 113 120 118 122 129 138 146 149 150 152 154 155 159 159 159 157 156 157 157 153 148 165 155 108 99 141 149 142 136 121 112 121 119 141 146 142 147 150 151 152 154 156 160 163 159 161 160 162 162 161 162 161 163 156 155 157 156 154 154 155 158 155 157 159 161 163 161 158 163 163 160 157 159 160 158 159 157 151 148 150 153 155 156 154 151 152
60 67 77 92 98 109 116 121 122 133 144 149 151 154 158 160 161 160 161 160 157 157 158 157 159 152 165 148 107 123 150 148 146 135 134 129 137 142 146 146 143 149 155 157 158 159 159 159 163 161 159 162 161 158 163 167 159 161 161 157 153 155 157 154 153 151 155 158 159 161 160 160 161 163 162 160 160 159 157 157 149 150 155 160 160 157 155 154 154 153
57 55 59 72 85 95 107 118 121 126 131 138 147 149 151 159 165 161 162 163 162 158 154 156 164 156 157 160 140 127 143 156 153 143 144 144 143 145 145 150 150 152 155 157 162 163 161 165 167 164 162 162 162 159 160 164 160 163 159 161 160 157 160 160 159 158 158 160 161 161 163 165 162 163 162 160 159 156 155 156 156 159 161 156 157 153 160 151 150 152
52 57 62 64 62 65 80 97 105 110 114 120 129 138 140 138 142 153 163 161 158 156 153 154 157 156 152 153 153 152 155 154 157 150 148 148 148 149 150 152 157 158 158 157 160 162 161 165 157 156 159 162 162 161 160 161 159 161 160 162 163 162 165 167 167 165 165 166 166 163 161 161 164 165 161 158 159 156 153 156 161 159 157 154 158 158 149 152 151 149
50 51 56 62 60 55 60 71 69 72 82 92 98 104 110 111 106 116 128 138 155 165 160 157 158 158 154 154 152 150 154 157 155 157 157 158 155 151 152 152 156 158 159 157 159 162 159 161 149 150 155 160 160 160 161 159 161 161 162 161 162 165 166 170 163 162 163 166 168 166 163 162 165 161 148 141 147 149 150 156 160 155 158 159 150 151 148 148 145 144
49 49 51 54 56 55 53 54 57 53 53 57 62 69 73 73 74 74 80 94 118 138 150 164 161 157 157 159 156 156 157 153 155 159 157 161 163 161 162 157 157 159 160 157 158 161 157 156 158 156 158 160 158 160 162 158 160 159 163 161 161 162 157 159 161 159 159 161 163 161 157 155 149 141 127 120 123 124 122 123 128 141 139 139 151 153 154 151 149 146
57 44 38 49 61 62 58 57 49 53 53 50 53 59 61 60 53 53 50 45 46 58 86 120 144 153 161 161 162 168 165 154 159 166 164 164 163 159 161 159 158 157 156 152 153 159 160 160 159 158 160 160 158 160 162 160 162 159 164 164 165 162 152 151 160 157 155 155 155 154 151 149 144 142 142 145 146 144 138 133 136 139 109 56 66 87 119 135 145 153
64 50 37 37 48 55 55 52 49 50 52 52 49 47 54 65 58 53 47 40 36 35 33 37 53 81 109 125 140 148 152 161 167 170 168 167 168 166 164 163 158 158 161 159 160 163 160 157 158 158 159 160 161 161 161 159 162 156 154 157 160 157 151 152 152 150 148 148 150 151 151 150 152 149 148 148 144 146 150 150 148 152 138 47 24 32 44 49 73 91
45 60 57 36 31 47 58 55 53 44 43 48 45 39 39 42 45 42 44 42 42 45 41 35 32 34 37 43 56 64 75 98 124 136 151 159 166 168 167 172 171 168 167 163 162 165 163 162 159 165 165 161 157 153 155 163 156 146 139 145 151 149 149 150 149 148 148 147 148 149 149 149 153 151 150 149 147 147 149 150 146 156 143 47 25 34 26 32 24 29
27 45 60 58 46 38 40 45 45 43 43 39 38 49 53 42 40 36 39 39 38 44 46 43 42 37 37 38 44 47 42 42 58 65 79 88 104 121 134 152 158 158 165 168 169 170 165 161 165 156 142 143 158 162 157 155 153 144 136 147 156 151 150 149 149 149 150 150 151 151 151 151 149 149 147 148 152 152 149 149 146 152 140 54 17 29 27 24 28 28
35 34 44 54 54 42 42 40 38 37 45 43 38 45 45 43 45 40 39 43 44 41 41 41 45 47 51 49 49 43 44 49 50 56 49 52 51 50 50 53 59 65 72 105 145 161 165 165 148 119 111 129 163 169 168 161 156 147 147 152 151 150 150 150 150 150 151 151 151 149 149 150 150 150 150 149 147 147 147 147 148 148 153 95 24 27 23 26 27 28
43 42 35 41 51 48 55 48 37 34 33 37 41 47 39 43 43 38 36 38 44 47 43 36 39 47 55 53 55 54 52 45 45 45 46 46 63 62 66 71 86 111 134 137 134 134 132 130 123 119 133 154 173 179 177 167 159 152 149 151 151 150 152 152 151 149 148 149 151 150 149 148 149 149 150 150 150 149 149 149 146 146 152 133 52 27 28 22 22 23
50 47 35 32 44 46 52 48 48 45 31 37 41 47 51 44 42 43 42 40 40 44 44 42 42 44 38 32 42 45 47 51 51 57 72 79 92 126 145 148 158 166 182 174 158 154 149 146 143 147 154 158 155 164 167 161 158 153 150 150 149 150 152 151 151 149 147 148 150 150 149 148 149 149 150 151 151 150 149 149 150 147 147 156 72 23 30 27 24 24
50 47 45 29 35 47 43 37 52 53 48 46 42 38 49 48 45 49 50 44 37 35 40 46 39 51 62 56 54 53 61 64 65 106 123 100 90 116 124 137 143 145 159 166 166 168 163 156 151 154 151 151 145 156 159 156 151 149 149 149 149 149 150 149 148 149 149 149 149 148 149 150 149 149 149 150 150 150 148 147 148 148 147 159 93 24 24 28 25 25
36 42 51 35 37 50 49 41 34 37 49 36 47 54 57 51 40 38 57 85 85 61 61 83 94 95 126 146 135 120 123 118 118 150 145 74 55 81 91 85 83 86 86 93 110 133 150 151 151 154 151 157 154 157 150 149 148 148 149 149 149 149 150 149 148 148 149 150 149 148 149 150 149 148 148 149 150 149 148 147 147 148 148 158 116 33 23 26 25 24
19 30 45 52 45 36 53 63 27 31 47 48 44 44 76 82 81 66 67 97 129 139 136 136 141 133 137 144 148 146 148 145 146 151 155 112 67 61 66 71 71 85 99 124 145 150 153 148 150 150 147 151 150 148 144 148 150 150 150 149 149 150 150 150 149 148 147 149 151 150 149 148 149 148 147 148 149 149 149 149 150 148 145 154 135 50 29 27 26 25
81 74 65 67 60 52 90 123 104 93 88 94 56 32 83 140 131 120 108 110 126 139 145 149 148 146 141 139 147 141 141 148 147 150 153 151 134 126 116 130 132 136 142 153 156 148 145 150 151 150 151 149 150 148 150 152 150 150 149 149 150 149 149 151 149 148 147 148 150 150 149 148 150 148 147 149 149 149 148 149 148 144 146 151 152 80 32 26 26 24
150 148 141 136 139 136 145 152 150 141 138 146 130 99 59 94 145 144 139 138 143 146 145 146 145 147 152 147 146 147 150 144 148 146 151 149 154 155 153 152 156 154 154 146 145 150 148 149 148 147 151 145 149 148 152 145 148 148 147 149 150 149 148 150 148 148 148 148 148 147 148 149 150 149 148 149 149 147 147 147 148 144 150 145 158 107 31 31 28 27
145 149 150 151 154 152 144 138 147 146 143 146 155 155 131 103 115 142 151 144 148 146 146 147 147 148 146 148 148 146 147 148 145 146 146 145 145 146 146 146 146 148 149 148 147 148 148 148 147 147 147 148 148 147 147 147 147 148 148 149 149 149 149 149 150 149 148 148 148 148 147 147 147 148 148 149 149 148 147 147 147 148 147 142 151 139 50 24 29 27
148 150 148 146 147 148 145 143 142 148 148 143 142 147 149 146 138 145 147 144 146 141 144 145 146 147 145 147 147 144 146 147 145 147 147 146 146 147 148 147 147 148 149 148 147 147 147 148 147 147 147 148 148 147 147 147 147 148 148 149 149 149 149 149 150 149 148 148 148 148 147 147 147 148 148 149 149 148 147 147 145 142 150 143 141 157 83 18 29 27
