42 18 37 47 46 37 39 27 36 20 27 37 22 25 24 23 28 25 33 39 40 48 41 31 10 23 6 40 81 182 111 41 15 21 14 10 6 10 30 100 138 130 137 158 178 188 171 126 134 160 170 171 155 116 109 137 150 148 141 145 150 142 144 143 141 149 146 147 143 141 140 142 143 141 142 138 135 139 139 128 136 135 137 129 130 133 132 132 135 135
33 49 58 48 39 26 26 12 33 36 25 25 27 21 24 26 27 25 28 38 38 24 37 47 27 43 25 7 58 210 96 6 14 8 18 37 49 121 166 186 135 88 94 102 104 117 177 145 95 110 152 163 176 169 154 118 109 132 158 145 141 151 139 145 142 150 143 141 143 147 146 150 143 141 141 140 137 137 139 140 140 132 134 133 128 133 133 129 134 135
59 55 35 31 26 26 51 54 42 59 22 29 21 31 28 35 15 23 23 29 66 59 44 30 15 33 38 26 58 167 182 124 26 40 159 213 185 181 169 101 57 46 44 45 55 70 103 118 144 117 136 172 180 176 175 192 139 104 127 151 152 143 146 142 144 144 140 146 154 150 133 133 140 141 142 142 140 135 134 137 140 135 136 142 133 137 135 136 132 133
55 45 31 41 60 64 58 70 44 49 41 13 27 47 32 53 52 41 37 31 30 32 47 34 27 31 34 34 33 67 108 135 83 62 127 172 194 201 160 77 41 45 47 39 51 71 94 122 198 174 150 166 196 195 172 173 161 153 89 99 153 148 144 141 139 143 141 138 140 145 139 143 136 139 142 143 143 141 137 134 139 137 129 140 136 139 129 134 135 133
62 73 51 44 43 41 46 49 42 42 31 21 58 38 28 57 47 50 28 24 31 25 26 28 28 35 32 53 24 22 39 43 49 19 12 79 220 245 161 52 47 58 47 24 42 114 141 89 154 207 180 170 175 161 150 188 176 159 134 85 119 161 145 148 142 142 144 149 145 141 137 144 146 142 144 146 144 144 144 139 136 138 133 144 140 142 137 146 134 133
76 51 54 32 23 32 24 42 50 29 21 32 85 47 41 45 27 34 35 20 27 39 19 23 28 49 41 39 40 31 39 42 26 36 40 27 61 125 137 17 29 43 21 14 110 227 195 81 122 191 189 186 132 122 147 174 169 167 158 95 34 155 150 141 148 146 140 142 141 145 148 147 145 137 138 142 136 134 136 134 145 140 134 141 136 137 135 134 133 135
49 38 48 43 50 34 17 37 42 51 29 44 52 50 52 30 34 23 41 24 24 38 21 26 23 21 23 30 31 34 51 42 33 40 40 56 16 20 34 60 71 20 47 123 206 202 144 111 130 136 126 160 159 130 158 181 179 187 183 109 25 135 166 147 145 146 138 147 144 139 145 149 142 138 140 143 141 138 139 138 138 138 137 140 137 134 136 133 136 138
38 51 47 37 36 23 43 39 44 46 31 25 28 44 38 27 36 34 36 27 33 25 25 23 15 22 22 12 24 17 20 21 21 23 39 54 18 59 60 95 135 104 136 194 170 144 128 125 148 150 135 197 233 176 158 178 180 158 160 117 35 62 158 144 144 149 136 146 148 141 142 140 146 146 144 141 142 144 142 138 129 137 137 139 146 141 139 136 136 134
54 60 44 32 35 56 42 46 40 33 32 31 27 27 40 42 39 32 29 44 32 24 39 40 56 57 42 65 69 77 74 72 77 84 96 105 114 137 129 146 137 132 126 107 112 110 131 114 116 125 113 111 135 136 133 158 181 171 166 132 64 45 163 141 143 134 144 151 140 138 142 141 145 143 138 141 149 140 140 142 145 141 137 135 138 135 135 136 133 135
56 35 37 50 43 42 46 41 36 35 37 26 36 32 31 40 50 47 45 55 51 60 93 111 132 125 126 145 138 144 146 144 149 151 150 154 139 140 140 127 133 131 129 132 124 123 125 124 126 113 106 102 112 115 99 94 80 98 129 129 78 47 159 148 144 148 146 143 139 142 146 138 146 129 143 141 134 138 139 137 140 137 136 138 138 137 135 139 131 135
55 52 58 55 47 41 44 31 34 36 38 42 36 37 47 58 74 86 82 111 111 126 150 151 142 143 142 140 143 142 135 139 142 138 137 135 132 131 130 132 135 152 143 138 137 133 132 126 130 118 128 120 108 112 111 112 120 107 106 102 124 97 110 118 125 144 147 152 152 145 147 142 144 142 146 143 142 138 141 144 148 141 145 139 141 140 138 135 134 134
91 64 68 33 35 37 44 36 39 29 55 47 39 40 66 93 104 114 126 150 135 156 148 144 137 138 151 149 146 141 144 146 148 161 152 145 149 144 152 158 144 145 143 145 141 136 144 131 135 129 132 124 112 111 112 122 113 111 118 113 120 116 116 109 104 100 102 109 112 135 163 157 150 142 142 137 140 144 144 143 143 139 152 138 141 134 138 136 134 134
61 49 38 62 67 48 55 59 26 52 54 45 48 78 110 130 140 147 142 145 133 145 147 147 143 137 141 141 144 139 152 151 159 147 142 138 140 141 147 151 153 150 149 153 148 146 139 133 131 130 120 117 123 120 114 113 107 112 113 107 95 111 113 114 114 105 102 102 97 93 91 91 137 160 154 141 143 140 145 137 138 135 146 141 139 141 141 130 131 142
77 78 59 53 41 45 34 42 40 52 67 72 111 130 135 137 140 142 152 133 141 140 138 147 143 147 154 144 136 140 154 141 148 132 139 125 126 152 144 139 147 140 139 155 149 137 149 134 131 137 130 128 126 117 110 101 112 111 104 114 105 111 105 110 105 115 112 101 102 101 93 99 79 95 132 141 150 147 134 142 145 145 137 140 135 147 148 153 160 161
65 49 47 37 42 46 59 54 60 84 101 125 139 143 151 147 135 145 148 139 145 132 143 147 144 149 142 133 148 151 135 124 132 127 115 102 102 139 155 156 142 151 141 144 151 144 151 141 144 136 129 127 119 115 118 117 111 103 112 103 101 120 98 108 107 100 102 106 104 105 105 94 93 96 75 58 108 162 165 145 140 137 139 142 136 162 170 133 106 74
62 60 42 51 53 60 68 76 105 128 146 151 149 138 150 152 152 152 145 153 151 146 149 140 150 144 156 163 155 131 108 117 117 100 80 60 70 141 162 159 159 149 146 150 146 156 126 147 151 130 131 137 128 118 114 116 116 109 118 112 105 108 101 100 99 105 98 105 114 109 106 98 97 93 97 85 68 80 125 150 146 151 153 154 162 101 52 13 1 9
61 52 53 73 76 79 109 140 144 151 175 147 165 157 164 163 171 158 156 162 153 147 149 155 155 162 183 172 138 104 112 109 101 73 59 21 50 149 176 165 161 146 153 145 137 143 138 141 149 138 136 133 127 127 129 119 121 119 113 107 103 98 97 101 98 110 102 107 109 107 106 100 104 94 95 86 83 73 54 70 112 120 97 106 100 48 34 22 19 10
78 77 83 96 123 151 164 160 177 173 173 156 178 170 157 159 169 154 161 157 158 163 165 161 175 175 183 161 111 118 118 88 74 51 43 13 57 162 185 168 156 158 151 136 146 163 146 137 134 139 137 136 124 126 125 122 123 119 111 102 99 100 101 98 88 102 100 101 101 110 108 107 107 96 90 88 86 81 67 50 54 120 141 121 123 126 140 139 120 99
61 83 111 140 158 162 173 158 181 174 166 171 171 165 172 179 179 163 167 164 169 161 165 163 179 186 178 148 100 113 93 75 55 38 49 20 109 179 168 164 155 161 143 147 154 149 137 140 153 134 146 156 137 129 122 116 114 115 113 103 96 101 99 86 97 95 110 99 104 106 116 109 98 97 92 93 89 81 79 72 53 44 115 135 125 133 114 114 123 124
114 147 174 172 160 163 165 156 188 190 187 166 165 180 171 176 171 173 166 163 167 161 178 180 196 201 167 113 115 110 77 64 43 18 10 33 143 165 174 169 156 151 142 147 144 147 139 147 151 151 168 145 140 137 127 114 112 105 109 112 104 99 99 95 109 104 101 100 110 111 104 102 99 102 101 95 91 91 85 76 63 40 27 111 130 125 128 130 108 107
177 178 170 178 182 179 169 169 184 170 166 161 170 167 160 169 162 167 164 171 169 167 183 187 204 185 148 120 103 106 82 58 30 24 7 62 152 131 130 169 148 126 135 136 142 163 142 142 146 152 158 141 137 132 131 126 117 112 111 108 100 97 98 95 97 95 94 108 107 113 112 109 105 95 97 98 84 80 84 79 78 78 34 34 116 128 109 135 119 117
61 190 192 158 177 189 190 181 190 173 183 151 154 177 175 176 167 155 161 174 171 178 189 198 190 172 128 118 103 106 65 44 9 20 0 63 195 154 98 153 138 125 132 138 150 157 148 150 143 161 154 164 144 134 133 117 115 110 107 107 104 96 92 95 93 102 100 104 111 108 108 111 120 100 84 97 98 82 86 89 77 68 62 30 36 105 117 116 111 122
72 81 182 177 152 169 169 177 176 174 179 165 174 179 175 182 167 163 174 173 176 187 193 194 184 165 138 94 92 94 63 20 21 23 47 82 191 156 88 132 128 126 116 113 142 158 162 146 160 183 158 165 145 138 130 124 113 118 112 104 104 99 92 95 113 107 105 115 113 121 116 113 105 103 84 87 103 98 90 88 83 69 71 59 19 32 89 107 101 102
160 76 119 164 180 164 172 164 174 170 186 184 176 171 167 175 173 176 181 173 183 181 192 200 176 149 137 96 72 84 61 17 30 30 53 106 178 142 95 82 105 108 116 98 137 171 170 151 180 173 153 156 144 147 136 120 114 117 105 96 98 93 94 111 112 98 112 108 110 106 110 118 111 110 104 92 95 99 89 90 91 76 77 63 54 27 34 73 93 98
133 112 68 123 139 155 168 162 166 154 176 183 177 181 171 169 170 176 160 178 183 186 202 204 162 89 97 102 86 92 54 3 22 22 19 33 119 151 104 56 99 104 109 102 145 164 165 168 170 164 162 160 149 135 136 140 131 90 94 99 111 104 90 100 114 109 111 109 100 107 124 111 108 107 70 80 102 97 95 82 88 84 81 78 68 42 16 33 63 89
175 167 85 96 131 135 156 162 165 176 184 176 174 182 187 175 181 184 177 185 184 189 199 208 167 120 107 50 67 76 55 9 25 23 24 30 74 153 100 46 84 110 104 122 141 159 179 164 181 158 158 149 154 125 127 137 121 107 121 108 104 101 103 118 121 121 116 124 101 116 129 126 120 110 103 107 102 86 91 93 91 93 91 70 71 60 38 18 37 58
178 172 154 106 106 120 145 145 154 159 176 182 180 174 189 189 183 191 189 191 187 191 194 189 165 121 88 27 76 80 53 8 26 22 11 26 59 134 91 40 73 107 105 118 140 175 164 148 183 165 158 147 147 147 135 131 113 111 120 94 98 103 129 119 131 119 105 112 114 112 112 121 119 109 108 102 93 83 89 94 101 91 89 56 56 68 51 33 24 40
179 165 182 149 127 99 131 124 140 170 171 181 186 164 187 188 184 191 185 196 199 197 199 180 153 93 45 32 71 82 45 15 19 16 9 22 36 116 73 42 83 93 100 105 151 191 155 160 179 151 156 151 147 140 127 121 113 120 98 91 92 117 144 130 103 85 93 105 93 112 116 112 114 113 109 106 94 88 92 89 84 100 94 90 69 67 64 50 25 35
176 188 190 183 146 129 143 124 136 155 162 166 178 185 201 189 193 199 192 192 195 201 203 173 162 95 30 44 58 81 35 18 30 63 55 39 56 108 62 37 89 84 97 126 178 174 151 155 169 154 164 148 140 131 131 125 110 95 82 96 93 108 116 89 92 85 101 102 109 116 108 114 119 109 103 109 98 95 92 93 88 102 94 102 94 94 75 48 34 32
140 214 192 191 176 117 128 127 141 157 142 152 175 186 198 193 188 190 199 198 197 199 192 166 150 86 29 42 56 73 29 21 37 105 79 35 77 100 58 49 88 86 94 140 191 168 168 162 155 153 162 160 159 136 122 109 106 99 97 80 92 82 86 107 125 100 117 117 131 118 113 107 107 108 107 101 100 96 82 95 93 92 107 107 110 113 82 69 47 31
42 82 175 181 183 148 134 114 114 136 156 162 159 179 182 196 201 185 194 201 197 184 179 167 132 70 37 40 57 65 34 20 66 59 67 90 85 94 47 66 81 78 96 155 182 168 173 157 160 167 163 154 146 117 116 105 91 89 81 63 59 81 105 144 126 118 118 113 93 89 94 81 110 109 116 100 103 91 87 95 97 97 101 103 100 104 98 98 62 36
70 40 16 110 170 167 147 136 151 151 151 161 169 192 179 190 191 188 191 192 191 186 184 151 124 55 40 36 61 77 49 5 68 113 114 90 60 75 46 79 78 65 108 196 179 162 169 143 156 174 143 148 120 122 110 87 85 70 58 51 50 102 144 142 118 133 115 95 74 55 73 79 98 89 123 122 104 71 99 97 98 101 104 112 106 126 104 94 80 51
81 79 52 26 62 145 165 149 152 162 170 167 172 181 183 188 189 192 203 197 196 183 174 150 142 69 37 40 54 63 58 9 24 53 66 49 58 73 57 77 66 58 147 208 160 139 165 166 163 187 163 141 123 107 86 62 58 54 51 57 115 146 149 154 135 141 116 81 54 52 45 90 103 124 132 115 93 82 101 104 102 109 106 115 123 122 111 99 91 70
60 91 64 60 30 63 155 144 143 153 157 161 155 175 175 183 187 181 184 190 189 180 170 133 129 79 36 38 54 62 51 32 22 24 32 38 60 72 62 68 49 96 191 177 154 157 181 171 162 180 143 127 102 85 64 55 49 59 75 120 160 152 138 125 141 141 107 62 44 24 43 106 134 142 132 115 92 92 102 108 101 106 98 113 134 126 105 110 98 73
51 52 60 71 60 22 66 136 161 157 159 178 148 174 177 186 189 185 180 184 183 178 159 143 141 85 50 41 54 54 57 37 20 27 18 12 53 69 59 54 69 170 200 150 158 170 186 189 182 181 139 116 81 64 49 47 62 80 131 168 149 140 148 129 136 131 107 88 48 5 35 145 148 103 116 109 100 95 92 90 95 95 106 116 135 148 118 105 109 80
48 46 47 40 52 48 33 65 125 146 156 160 158 172 162 163 185 188 181 191 184 182 167 148 129 99 50 37 54 56 49 55 27 26 21 14 53 61 49 42 113 192 202 171 186 187 190 192 173 161 118 96 67 63 56 75 91 108 155 173 165 154 146 155 147 148 125 60 33 9 3 115 166 126 111 124 108 90 88 88 91 94 107 113 127 139 110 96 116 89
40 37 40 35 42 30 38 24 65 107 135 147 144 164 163 173 177 178 154 181 182 165 149 136 120 102 72 60 55 53 48 47 32 23 25 22 44 33 44 97 170 189 189 176 174 195 156 178 172 140 90 82 87 93 64 72 130 153 179 162 153 157 151 141 155 137 92 53 28 5 0 100 167 164 116 108 105 96 83 84 83 97 99 114 121 125 127 117 108 86
59 59 49 41 35 40 43 44 50 76 96 97 103 150 171 171 175 166 171 187 168 161 151 146 123 105 81 63 55 47 45 38 33 29 25 27 64 70 84 142 164 168 172 184 189 182 176 186 164 140 145 156 175 148 112 80 117 149 171 174 153 145 161 163 185 151 64 44 30 23 5 74 166 179 138 114 98 100 82 65 83 87 106 120 130 145 133 123 115 94
37 41 52 48 44 40 34 38 41 35 81 91 95 114 158 156 150 163 178 167 164 181 154 139 131 116 85 78 60 57 42 35 33 28 24 21 41 75 106 132 154 170 174 177 172 168 154 189 157 170 191 175 175 147 131 62 92 156 168 159 149 158 152 184 198 111 53 32 31 40 12 41 152 205 135 132 92 89 83 56 63 91 92 116 132 133 138 126 114 98
28 34 56 61 47 45 23 28 42 28 43 77 86 97 104 118 150 173 172 166 169 171 156 140 132 115 95 85 66 55 47 39 35 31 26 38 56 83 111 129 162 176 172 174 169 181 177 179 169 196 189 191 177 143 109 47 28 84 155 167 123 153 136 174 197 106 35 24 15 31 16 14 109 222 141 114 82 58 51 56 52 76 97 106 122 158 151 110 112 105
35 28 25 37 35 44 34 31 43 42 22 48 61 82 109 104 132 157 152 160 161 164 154 148 136 118 109 92 74 54 42 42 34 30 28 48 77 98 137 169 165 173 178 168 176 173 180 186 181 187 186 193 182 156 104 56 43 14 78 139 155 141 147 176 182 75 34 29 45 55 50 18 88 212 184 114 91 55 51 49 47 63 98 110 137 175 146 105 105 101
24 32 25 36 33 38 38 39 28 29 33 22 42 67 98 104 118 141 140 157 165 166 151 144 134 125 106 94 80 63 43 45 41 32 46 79 106 137 160 175 165 186 165 160 173 176 181 187 179 180 182 173 176 155 99 38 9 7 34 105 129 130 154 187 169 52 38 26 54 60 63 22 70 166 185 125 81 56 44 46 45 62 102 119 163 179 128 89 101 82
27 27 22 34 29 28 31 39 35 17 31 34 30 22 68 83 103 127 142 159 153 150 146 145 123 123 108 94 90 78 61 50 65 76 102 139 156 158 156 166 154 149 159 170 162 168 181 185 181 175 176 185 179 149 111 40 5 21 14 62 100 121 156 209 165 44 44 23 21 29 46 21 66 126 154 162 93 50 38 62 51 53 85 118 166 164 132 107 91 80
43 30 29 29 29 44 34 20 43 31 23 25 39 21 19 66 97 118 135 150 149 152 152 155 138 129 126 106 97 69 71 57 89 125 160 179 176 178 184 162 148 137 157 156 156 162 179 178 182 179 166 173 159 154 132 72 9 13 21 49 89 113 127 176 155 37 45 29 55 96 130 77 50 123 125 145 99 57 47 75 55 56 79 130 163 139 125 108 89 73
30 27 36 31 24 36 34 31 27 45 33 19 31 37 18 35 74 104 127 143 156 156 143 145 143 129 123 102 99 84 91 71 112 158 204 211 205 205 220 208 189 173 160 153 161 166 190 189 181 183 180 168 150 142 109 85 43 11 20 49 71 96 111 150 155 73 39 26 84 114 128 98 49 111 133 134 107 61 55 67 55 58 63 114 151 135 108 80 83 78
36 28 21 23 28 27 30 39 32 53 40 16 32 44 34 27 47 78 116 134 142 144 138 140 138 125 111 105 100 91 86 82 119 156 198 198 191 187 190 213 221 206 204 199 176 176 192 200 201 196 198 183 168 145 120 98 90 38 6 46 73 91 98 117 160 132 39 11 112 172 146 93 53 117 149 133 107 59 54 53 50 51 62 96 128 143 119 86 76 85
42 43 36 26 27 26 29 37 30 29 49 22 25 35 22 32 42 62 103 125 138 142 136 133 143 137 120 111 107 107 92 88 133 142 173 189 174 167 150 178 155 171 202 211 212 220 210 209 224 213 218 222 188 138 120 87 74 46 20 50 75 83 87 99 161 146 60 10 100 165 161 79 21 123 141 112 115 71 52 60 59 54 74 97 121 134 112 74 76 70
32 27 37 30 31 31 23 30 34 28 55 32 16 28 23 26 36 58 86 108 143 148 134 144 132 128 121 106 104 102 98 101 132 166 174 177 161 170 144 163 153 164 177 178 190 189 199 204 209 206 206 201 161 136 113 78 58 50 67 65 69 74 91 101 147 146 81 32 51 55 61 30 27 132 155 95 113 82 63 59 61 56 71 95 130 126 111 90 70 67
40 33 28 44 30 26 29 34 29 29 41 35 21 22 28 32 38 45 74 104 123 147 147 136 121 127 114 109 102 108 112 109 132 160 169 165 163 166 145 148 151 149 160 160 163 168 180 184 180 182 160 148 144 111 101 87 70 54 85 84 77 65 78 89 145 159 80 36 69 94 77 37 44 117 141 115 104 80 63 56 63 60 72 89 120 140 102 94 78 69
47 20 24 41 35 27 33 26 30 33 35 49 16 22 33 36 42 44 66 103 114 135 150 142 143 121 114 116 110 104 106 106 138 153 158 166 166 163 171 149 150 162 160 160 159 185 176 168 166 179 147 147 142 126 94 79 80 75 114 98 87 73 65 86 132 129 68 37 89 102 82 37 39 116 133 111 99 80 59 53 60 70 79 94 115 139 118 90 79 68
39 30 26 38 43 29 29 35 28 32 45 38 22 27 31 36 37 51 72 87 117 110 124 131 140 113 114 115 114 104 113 122 146 160 151 152 139 152 145 160 158 162 149 162 152 167 165 153 159 161 161 157 137 152 137 118 105 105 110 103 95 93 88 92 123 96 71 38 123 147 126 59 39 111 130 117 96 84 67 58 57 71 89 104 111 130 121 84 88 69
44 33 23 29 38 50 31 35 29 26 48 26 34 26 30 31 41 40 62 86 104 116 125 135 136 128 116 103 107 109 116 120 135 132 125 119 125 126 131 150 149 152 153 148 150 153 153 158 167 153 150 150 155 179 166 134 124 119 104 119 95 93 102 108 116 88 64 48 83 146 156 44 36 109 124 109 100 90 79 78 72 80 90 100 115 133 123 100 94 71
28 38 22 32 40 46 35 26 32 27 35 35 34 22 35 28 48 40 62 91 95 118 133 141 137 133 109 108 105 100 109 122 121 111 121 111 117 103 120 143 150 144 143 143 150 140 152 139 143 149 148 158 152 149 150 134 107 106 112 112 92 103 106 110 143 102 71 62 72 130 130 42 43 110 136 119 105 96 98 82 81 94 95 100 122 134 129 120 109 88
31 35 21 23 38 38 38 29 29 39 38 32 29 28 36 28 41 60 63 69 94 124 141 137 125 130 108 106 96 100 114 113 96 88 104 126 120 113 99 106 134 136 147 142 151 152 152 164 160 157 159 155 171 160 165 165 65 97 128 115 109 103 107 122 141 118 57 63 147 192 137 43 52 129 156 130 115 101 107 98 98 84 85 112 127 126 141 128 123 106
43 17 33 23 28 50 34 32 25 44 44 24 30 32 35 26 37 56 64 88 100 118 129 139 132 121 100 97 96 100 107 91 87 84 99 118 102 94 113 116 116 126 142 143 145 154 162 167 183 153 163 155 174 170 173 123 18 101 129 116 118 109 116 128 141 136 73 35 68 118 43 21 78 122 131 121 113 110 115 98 101 97 110 121 118 125 140 107 116 105
36 31 27 24 29 49 33 35 27 42 33 34 34 23 37 21 32 45 74 84 104 114 128 136 129 110 94 88 96 97 101 87 83 83 98 76 75 62 66 96 120 117 143 150 154 145 141 162 170 163 149 155 166 168 176 86 31 120 125 118 119 119 118 135 145 156 96 29 43 99 30 54 107 134 128 135 132 125 118 105 100 101 113 113 120 125 126 113 108 104
38 38 32 30 32 37 39 43 22 30 29 32 30 37 29 32 34 36 78 92 110 129 139 133 128 101 92 64 93 110 97 95 77 70 56 50 83 84 45 72 103 124 143 140 151 147 147 160 160 146 149 149 151 173 176 134 105 150 120 118 117 126 134 143 147 163 123 50 35 61 34 75 117 119 125 137 139 123 117 107 111 109 109 105 119 113 128 122 117 116
36 44 43 22 41 37 41 36 22 36 39 29 32 32 34 36 32 27 66 92 113 132 143 143 129 108 85 56 94 111 94 91 35 40 28 17 70 75 65 68 79 110 129 136 157 157 156 156 155 139 138 137 144 175 169 156 132 144 129 123 119 139 126 124 141 155 148 79 39 8 37 82 110 139 139 135 134 116 113 106 104 105 118 117 129 128 135 135 126 127
36 41 54 29 41 36 44 39 24 38 34 36 34 33 34 42 38 32 59 89 112 137 149 150 152 114 51 47 107 99 90 47 26 33 31 24 64 63 47 59 74 85 129 145 145 147 150 155 152 152 117 99 65 79 78 96 135 142 140 135 114 125 130 139 145 156 149 135 93 12 38 92 136 152 135 124 119 103 105 91 112 110 128 123 125 141 139 117 122 117
31 38 43 31 37 44 43 49 35 44 34 43 37 34 30 32 35 32 58 86 111 136 136 143 168 114 53 28 93 101 80 11 33 56 60 50 51 64 47 62 81 75 118 146 141 142 149 156 150 155 138 112 96 80 77 76 98 116 135 140 131 137 132 135 139 141 135 138 92 13 60 132 143 131 126 138 117 69 77 99 116 123 125 127 136 139 133 125 132 120
42 31 28 45 29 26 41 48 31 37 39 43 43 37 41 33 35 39 56 75 103 139 139 127 156 123 65 32 82 95 62 15 45 42 48 65 57 58 59 57 84 82 101 139 137 138 159 144 156 150 155 124 114 92 78 71 67 99 106 115 120 129 142 125 126 134 124 114 66 11 31 84 110 111 118 130 134 113 110 119 117 134 128 135 136 124 131 131 135 109
35 33 22 46 46 29 42 41 35 34 37 48 40 31 35 38 40 29 72 93 86 123 156 143 143 121 43 18 76 102 37 15 45 48 61 48 57 65 68 58 81 86 90 131 152 153 157 146 146 145 149 142 123 106 89 84 72 73 88 98 111 119 121 113 126 142 135 116 70 31 25 66 89 102 118 120 124 127 128 122 126 132 127 138 144 137 146 125 103 86
37 48 43 33 33 37 48 46 46 38 33 46 32 30 29 41 39 54 64 111 117 90 138 149 165 145 51 31 87 100 40 31 43 19 47 55 44 73 74 65 83 101 90 108 145 151 139 160 156 158 157 146 135 111 108 97 86 90 90 88 100 108 123 110 114 109 113 111 97 71 64 78 88 95 110 116 120 124 132 122 120 129 131 129 145 129 120 118 93 85
43 48 53 34 36 43 28 59 51 45 38 29 30 38 40 39 40 50 78 101 121 108 126 155 151 130 76 24 81 118 48 28 18 16 13 45 27 85 79 85 88 104 98 117 140 162 164 150 153 158 164 152 151 144 127 119 106 102 97 99 109 100 120 130 103 109 92 112 122 123 101 112 108 119 115 115 123 118 124 122 120 130 143 117 132 123 101 94 77 86
33 48 48 40 44 52 33 34 47 43 39 25 32 38 36 47 46 43 82 107 132 138 130 158 165 133 68 28 78 121 53 25 15 24 20 26 32 89 94 99 94 107 106 103 133 157 151 153 166 167 152 159 155 135 138 134 123 118 113 121 118 116 116 126 127 121 115 113 106 113 122 130 133 135 139 132 130 127 122 125 127 136 135 124 128 109 101 90 77 109
49 59 49 42 39 39 54 37 44 45 53 32 34 40 41 43 53 59 83 114 120 149 146 155 140 112 75 56 93 102 58 5 60 109 97 23 34 103 103 114 86 103 110 112 127 140 146 157 154 158 153 150 163 144 140 128 131 123 114 121 132 135 136 140 126 109 138 130 129 139 134 136 138 130 122 137 133 134 130 137 148 132 124 114 120 111 84 95 107 113
50 56 42 50 46 28 51 42 43 28 36 58 48 34 41 52 61 55 67 85 125 147 163 153 142 107 81 56 103 115 83 3 25 61 68 89 128 95 119 143 98 112 114 111 118 134 146 148 144 147 168 158 149 150 141 144 134 128 129 126 143 136 145 144 144 136 144 141 139 149 143 143 139 146 138 146 138 135 130 128 132 135 129 114 106 100 82 116 124 117
55 60 41 55 38 43 41 45 50 34 37 39 53 40 48 52 60 63 68 82 119 145 162 150 142 119 103 66 102 118 102 13 96 134 163 202 92 106 119 149 109 115 113 116 122 132 147 151 151 149 149 159 151 145 148 143 133 134 138 133 140 133 144 142 145 151 144 153 154 158 157 149 139 149 150 148 146 133 131 133 130 120 131 125 91 75 115 139 119 121
51 46 55 57 45 44 45 49 48 34 45 43 42 49 50 53 61 69 72 86 110 157 163 139 150 125 107 89 108 123 116 9 80 201 222 163 43 120 133 154 124 126 113 109 119 132 147 152 143 156 151 143 158 155 162 149 151 150 144 144 138 138 144 139 151 145 154 150 151 155 160 150 144 143 147 144 142 137 129 127 129 128 116 110 74 113 140 132 125 130
48 43 35 58 53 62 46 47 52 53 34 55 46 64 56 48 56 84 106 109 125 147 150 142 135 129 117 92 107 133 118 45 31 149 167 85 97 160 148 153 131 122 110 117 130 131 137 151 146 142 154 150 155 152 142 148 148 146 148 145 147 137 150 142 144 145 153 149 147 151 152 149 151 144 146 149 136 146 137 133 138 121 117 93 97 130 134 125 134 135
48 57 42 48 57 62 57 44 40 67 40 50 71 64 62 68 79 116 123 135 145 157 149 161 143 127 140 108 102 145 137 91 30 39 85 91 141 162 169 148 134 132 127 124 131 134 135 146 156 144 145 151 141 142 148 158 146 151 156 152 156 138 151 149 147 156 146 151 149 151 150 147 155 144 137 142 128 131 131 136 130 107 98 96 133 141 125 139 125 126
63 58 47 37 42 43 72 64 45 59 55 41 50 56 64 83 97 141 142 150 142 154 149 158 167 140 120 95 117 146 126 104 72 28 57 129 155 162 151 150 134 132 131 131 143 151 143 142 153 137 147 141 145 144 144 154 143 155 142 155 148 145 143 153 155 150 146 147 151 150 155 141 148 151 140 132 134 131 130 124 111 97 107 132 139 129 134 130 131 139
64 49 41 51 44 36 44 72 63 55 61 57 66 88 95 125 124 148 158 147 151 146 147 151 174 154 133 87 131 165 145 129 81 62 71 107 155 152 146 154 136 139 135 143 145 158 146 141 157 142 149 145 156 149 146 156 143 151 147 142 147 153 140 154 158 134 145 146 148 148 139 140 145 144 138 134 131 125 140 124 97 126 142 136 130 132 129 129 144 134
39 51 48 46 46 45 43 64 86 67 67 79 105 121 146 155 161 152 149 144 149 150 156 154 166 152 138 109 114 155 156 140 119 71 75 103 139 137 140 143 127 134 140 139 131 144 145 141 153 147 150 151 151 145 153 158 161 147 150 144 147 144 135 127 142 143 144 140 142 137 136 138 137 146 144 138 142 127 120 115 130 155 148 134 136 136 125 127 121 119
47 51 55 48 52 54 59 72 81 75 91 108 129 108 131 149 154 143 144 145 144 143 150 148 153 166 155 122 109 152 158 139 142 131 111 114 131 136 140 135 139 133 142 149 145 150 153 149 152 142 148 146 149 157 142 145 148 143 156 149 143 144 147 138 145 149 141 136 144 141 145 146 136 135 137 133 127 115 116 124 140 131 131 150 140 142 150 147 138 130
63 50 54 57 76 64 61 69 77 65 88 114 154 142 138 144 138 141 150 149 139 137 144 144 152 157 158 145 121 135 159 159 148 139 142 130 135 136 147 141 139 134 143 146 143 142 151 159 150 151 157 145 141 154 129 144 144 152 150 152 148 142 134 146 146 146 148 148 150 142 139 141 141 141 139 123 113 132 160 164 172 93 18 25 20 21 24 19 26 29
66 56 58 68 60 48 48 63 83 60 63 73 105 135 144 145 149 151 149 145 142 144 144 143 148 135 158 157 145 147 129 161 155 151 137 148 143 141 149 142 144 147 148 143 153 156 152 150 151 159 155 154 154 164 143 148 153 151 148 148 136 144 149 145 149 144 145 149 154 145 142 141 133 139 133 134 145 159 162 149 185 108 8 13 14 14 12 11 8 8
72 47 45 63 87 50 37 30 57 59 58 62 71 95 113 125 146 143 149 158 151 151 144 130 128 142 128 140 150 157 142 160 163 152 157 150 149 154 156 141 147 154 154 157 166 162 148 148 154 151 152 153 150 165 152 157 148 143 141 146 158 151 151 145 146 147 140 146 155 145 143 131 143 152 154 166 163 150 147 152 187 111 6 20 20 22 25 23 22 23
48 60 32 49 72 81 61 51 66 71 51 49 62 86 101 108 100 111 98 106 134 146 138 153 142 151 135 142 139 147 149 155 147 155 149 151 154 158 152 154 151 152 153 163 160 155 148 163 160 151 160 158 152 161 146 153 155 158 156 155 157 148 151 142 141 139 136 134 134 136 153 151 157 155 153 158 152 156 153 150 171 119 7 19 25 21 17 26 19 22
59 54 48 61 55 66 86 59 47 69 72 60 58 81 83 63 76 79 71 64 56 76 101 124 144 148 150 149 158 157 154 161 161 153 157 154 149 155 151 149 145 149 152 162 151 154 154 168 153 152 148 154 154 151 144 145 148 150 141 149 144 142 144 141 137 129 150 155 148 153 161 153 154 153 155 155 151 161 153 156 173 139 16 13 22 27 19 20 20 20
56 73 62 64 73 67 66 74 66 65 79 70 68 63 46 49 68 59 79 61 36 31 38 42 51 68 80 88 96 117 116 123 143 154 152 160 158 165 154 154 159 155 154 149 144 152 148 137 159 161 156 147 139 138 144 152 146 131 143 125 147 152 158 164 167 151 156 155 154 159 152 151 151 157 155 156 157 155 159 160 164 174 35 14 26 21 23 20 20 20
45 58 72 49 35 64 57 63 77 78 71 68 57 74 82 67 58 57 57 49 56 56 52 44 36 61 50 54 59 50 55 52 69 91 86 103 106 121 128 125 139 148 152 150 159 158 172 161 131 114 112 155 148 157 140 113 118 121 122 68 152 170 152 153 156 160 153 151 153 155 160 153 153 153 150 158 162 156 153 153 158 189 45 6 27 20 21 17 19 19
53 26 62 62 52 49 59 52 56 69 70 58 74 68 70 101 108 74 67 74 62 33 25 24 32 29 44 50 45 63 48 49 50 75 82 72 87 72 56 68 80 63 76 84 119 133 116 103 92 87 116 172 185 185 167 123 124 128 130 88 162 154 154 153 157 160 150 155 156 150 159 157 152 161 159 154 152 154 156 156 152 192 53 8 25 20 19 24 20 20
64 59 55 55 71 56 68 81 82 72 82 67 52 73 81 89 82 84 93 80 64 54 46 49 54 50 36 33 45 43 56 58 64 58 54 65 72 69 58 73 77 54 66 61 60 51 36 98 153 142 188 202 182 172 191 157 137 134 126 103 163 163 156 154 159 154 155 154 153 158 159 153 157 159 157 158 158 156 154 155 156 186 120 14 20 25 19 23 20 21
54 66 84 62 69 67 80 67 69 81 86 86 69 61 71 79 86 76 76 80 87 91 77 72 66 51 48 53 37 51 71 69 71 97 141 154 141 157 117 96 92 84 75 69 67 59 68 123 156 153 165 163 158 150 147 160 142 135 117 130 170 153 151 153 161 152 158 156 156 163 158 157 156 158 158 157 158 156 153 156 166 165 201 40 14 26 22 24 19 20
51 48 39 59 61 50 32 52 74 86 83 86 96 80 74 64 81 91 94 104 97 78 65 64 57 43 54 46 50 54 61 60 62 86 87 126 186 202 147 100 82 70 63 61 68 69 110 141 151 141 122 101 96 114 110 131 149 134 152 156 164 159 154 158 157 154 151 153 156 152 149 156 152 158 162 158 158 159 156 156 162 158 196 86 12 26 21 26 21 21
79 79 73 80 83 80 65 42 30 38 68 78 58 70 85 103 98 93 83 84 73 81 80 54 44 64 62 41 50 74 74 60 58 47 28 32 57 141 172 165 139 105 106 104 118 159 181 133 96 85 102 118 118 127 125 135 156 155 164 160 155 153 156 160 153 163 158 152 155 157 157 153 156 156 160 159 155 150 154 170 152 154 177 156 25 8 33 20 22 23
139 123 115 122 143 126 127 162 102 67 73 76 75 71 60 67 100 90 75 70 69 82 72 63 69 64 39 32 38 72 150 156 138 132 133 126 113 100 107 133 164 170 159 165 163 118 78 81 102 116 130 133 125 146 158 172 167 155 151 162 155 158 155 154 149 153 155 154 155 160 160 154 155 153 154 154 157 158 154 158 155 154 168 182 100 3 22 28 22 23
153 142 127 136 160 155 158 175 166 139 148 162 158 138 124 91 61 75 77 83 78 70 86 99 88 99 117 136 164 161 160 169 162 166 164 163 171 163 159 160 155 150 154 153 150 146 149 144 146 150 153 160 167 163 154 151 154 155 155 152 150 148 156 151 151 153 156 153 156 154 155 154 158 153 154 154 152 158 153 154 154 152 151 174 164 37 9 31 26 24
139 151 147 149 160 147 148 156 159 153 160 159 156 152 171 178 160 156 158 163 159 146 149 167 178 168 172 164 160 150 152 156 154 152 152 152 156 153 155 155 152 149 154 152 154 158 164 159 161 161 157 156 160 159 156 156 153 154 156 156 155 150 156 150 152 155 156 157 166 158 153 157 158 154 156 155 151 157 153 154 156 149 155 153 174 138 28 7 28 27
