47 57 62 48 35 37 49 47 56 82 84 95 105 111 133 139 147 161 178 179 171 166 163 162 163 165 163 162 160 161 163 160 157 157 160 160 159 165 159 165 162 163 164 164 165 167 165 161 160 162 164 165 165 165 165 166 165 162 167 167 158 162 169 165 159 159 165 165 156 154 159 159 158 162 162 157 154 155 153 149 151 154 155 150 153 152 143 147 150 149
56 65 65 45 35 30 21 38 49 43 50 63 75 84 91 99 99 112 134 150 166 181 179 168 166 167 167 166 165 170 176 170 163 165 173 168 168 161 162 158 163 164 161 162 165 167 169 164 163 166 162 161 165 165 163 167 162 164 165 164 162 162 162 162 162 159 160 159 156 158 161 160 156 159 156 153 156 156 151 148 148 150 152 152 156 156 151 154 154 154
70 71 57 42 19 19 25 28 31 29 46 58 70 83 84 91 82 71 61 65 104 161 186 179 171 172 163 164 178 190 192 187 186 189 182 186 182 169 168 170 170 163 157 164 167 161 165 172 166 170 166 161 165 170 165 158 163 165 162 162 164 162 160 163 162 160 157 156 158 160 157 152 159 160 155 154 159 156 149 148 147 150 151 154 155 153 154 155 154 154
62 60 41 44 27 29 34 27 21 34 43 52 59 63 68 74 55 46 40 31 32 63 112 150 181 186 183 180 164 136 135 157 180 195 179 185 189 185 183 186 187 197 192 174 165 162 161 166 172 164 162 163 161 164 168 164 164 160 159 161 162 161 162 163 164 165 161 158 160 159 153 149 159 159 157 158 159 154 150 152 153 155 154 157 152 146 151 150 151 151
48 32 30 41 29 34 24 23 29 36 37 53 62 59 65 68 64 47 35 28 24 27 35 45 86 128 166 205 204 127 69 81 101 121 130 151 187 193 199 194 197 204 214 213 214 199 171 171 169 166 167 163 158 163 171 169 163 161 161 165 167 165 163 163 166 169 166 161 161 159 156 158 155 154 156 159 157 155 155 157 157 156 154 158 153 147 152 150 147 147
35 35 43 45 27 29 28 30 36 31 36 48 59 75 86 89 81 72 54 38 40 45 32 16 18 38 74 123 166 180 146 91 107 150 185 196 202 200 191 178 179 195 213 216 227 229 204 190 188 175 162 160 163 162 162 168 164 166 163 163 167 164 161 165 160 165 165 163 162 160 160 163 159 155 157 159 157 157 159 157 154 152 151 154 153 152 154 152 149 148
57 58 39 28 34 30 19 23 40 35 48 55 64 81 83 83 71 73 64 46 36 30 24 27 23 23 29 34 49 95 133 129 135 197 242 241 219 195 139 111 124 139 151 157 173 199 207 194 187 193 189 179 172 163 158 162 163 165 161 159 161 159 159 164 160 161 162 163 162 159 158 160 161 160 160 158 156 157 158 156 151 152 155 153 152 151 151 153 153 153
65 37 36 35 45 37 15 27 33 26 34 50 63 62 54 57 61 62 50 33 30 29 25 30 29 29 24 21 24 40 61 70 66 117 187 220 227 168 90 78 80 96 125 163 171 178 203 205 199 206 210 205 195 182 172 166 165 163 166 166 161 162 164 163 169 163 159 160 160 158 157 157 157 161 159 154 153 155 157 158 154 159 165 157 150 148 145 152 150 150
39 27 46 43 47 35 24 52 31 13 21 43 54 52 58 35 47 56 36 38 39 61 84 95 86 89 94 100 103 102 99 99 109 109 119 151 169 149 128 126 129 141 165 186 194 193 202 224 232 222 215 210 210 212 195 173 170 167 164 164 165 164 159 155 161 160 159 158 157 154 152 151 157 160 152 152 158 153 150 157 161 154 157 150 153 147 147 152 150 152
34 57 45 32 28 33 44 36 14 19 31 28 41 54 54 40 48 44 39 46 50 102 154 171 179 188 187 182 182 181 184 195 193 186 174 171 175 180 187 189 186 182 183 183 180 177 178 188 202 217 225 224 218 228 224 181 163 176 168 155 161 167 162 160 156 160 163 163 159 154 155 159 159 158 153 154 156 154 157 160 156 152 155 149 152 150 151 153 148 150
41 66 39 29 38 42 30 21 22 29 34 23 27 34 40 51 60 65 65 73 94 149 181 189 190 197 197 195 198 199 197 199 201 206 200 195 195 195 198 201 193 188 187 184 181 180 175 172 164 176 189 196 191 202 210 184 152 169 174 162 157 163 165 163 161 163 164 163 162 161 157 154 159 157 153 155 158 155 155 154 150 150 152 147 151 152 152 152 149 151
53 45 45 48 37 31 25 32 36 30 18 12 15 24 41 49 76 106 118 136 163 183 182 183 180 184 189 192 193 195 196 194 192 197 197 200 201 200 202 202 199 197 201 201 199 201 198 194 191 182 181 179 174 172 171 173 160 161 167 169 165 163 161 158 162 166 163 157 156 159 159 155 158 160 152 152 159 155 150 150 149 148 149 147 149 150 150 148 152 151
61 52 56 50 30 24 46 50 22 16 10 14 19 31 50 62 109 142 160 181 192 190 191 192 194 193 192 189 189 190 194 197 195 194 194 196 198 205 208 199 204 203 209 209 205 206 206 207 207 201 193 185 182 176 167 167 174 172 168 169 173 165 158 162 148 152 154 155 159 162 161 159 160 162 154 152 156 153 151 153 151 149 148 150 148 148 148 147 155 153
67 60 64 48 32 35 50 33 12 17 29 30 31 43 49 70 116 162 177 178 179 182 194 192 190 198 193 188 195 193 188 194 194 193 185 188 199 200 198 200 202 203 209 210 208 208 207 209 207 209 199 197 194 187 184 174 179 181 179 175 173 171 170 170 160 153 149 152 154 153 153 157 159 161 161 160 155 151 152 150 154 152 148 153 148 148 149 149 154 153
55 59 59 40 33 32 21 16 27 33 34 22 19 32 21 24 60 128 168 172 178 181 184 179 173 189 185 179 190 192 185 191 192 191 181 184 197 198 202 214 210 211 211 208 208 210 208 210 214 214 206 208 206 198 197 190 187 181 181 180 176 178 178 169 174 169 165 161 152 142 137 140 147 152 157 161 158 153 151 145 154 154 149 153 146 149 151 149 151 151
73 70 65 58 37 40 41 35 36 26 16 19 17 23 19 24 36 78 122 145 161 167 172 174 179 179 159 146 162 177 173 168 182 179 179 175 172 191 214 211 209 213 214 210 213 217 214 214 215 217 216 214 218 216 205 201 193 188 182 180 178 171 168 173 172 171 167 163 160 154 142 132 132 141 144 151 160 158 152 148 152 155 149 151 143 149 151 148 155 155
81 79 66 56 64 54 42 36 35 18 21 26 24 24 30 44 50 69 104 129 147 172 178 186 189 156 121 126 143 157 165 170 171 176 186 155 126 179 216 217 215 217 212 209 218 223 221 221 220 220 221 219 216 215 212 205 196 192 191 184 183 179 164 167 159 157 162 164 164 167 166 157 144 134 130 132 145 157 156 156 152 148 148 148 148 150 149 146 150 150
69 74 67 64 74 45 38 48 32 15 25 28 17 18 27 33 40 56 93 132 147 170 187 185 176 144 118 117 122 150 177 175 170 172 173 107 72 163 221 215 215 216 210 207 216 225 224 220 225 224 224 221 215 213 213 210 201 201 196 186 185 182 164 153 157 150 152 161 167 168 170 172 157 145 135 128 127 132 139 150 161 150 146 147 149 151 151 154 153 153
72 71 73 63 58 38 41 47 38 29 32 32 26 25 25 32 27 40 72 121 141 165 188 175 157 140 124 111 108 136 171 177 175 164 133 48 49 176 230 210 215 208 208 218 224 222 222 227 227 224 224 222 217 215 215 214 207 208 198 184 180 176 161 147 162 163 161 158 159 163 167 169 169 159 148 137 126 120 118 120 146 161 160 155 151 146 150 152 153 153
68 58 57 67 46 42 34 43 34 33 37 29 20 27 29 23 26 32 44 92 133 166 181 162 150 137 111 95 114 141 165 178 184 141 69 9 69 189 218 201 203 197 204 219 226 229 232 232 233 229 228 228 225 222 219 215 211 210 198 185 172 159 151 143 146 157 165 162 158 161 168 171 169 170 166 151 134 123 114 108 112 130 139 158 157 147 155 147 148 148
35 61 68 47 53 43 44 34 34 33 34 36 37 33 25 25 33 41 48 81 128 177 192 182 143 119 85 71 108 147 174 186 187 116 24 5 92 179 202 199 187 173 184 210 223 229 235 235 238 234 234 233 227 221 216 210 206 202 192 180 162 143 132 123 134 152 169 168 161 165 167 160 165 167 167 161 150 139 127 114 109 103 98 129 163 159 149 150 149 150
65 85 53 51 52 48 42 31 29 28 45 56 44 34 31 23 29 44 62 91 137 191 204 193 157 108 74 62 96 143 177 175 173 92 8 17 101 170 206 203 181 157 174 215 225 221 230 239 235 234 234 231 224 218 214 210 210 203 192 177 160 145 128 112 123 128 149 167 165 160 163 166 165 161 161 166 162 150 136 122 116 112 103 95 127 159 153 156 154 154
102 85 48 54 48 39 38 31 24 51 60 47 35 33 33 32 40 54 66 93 144 201 212 197 161 97 67 64 95 141 179 174 158 67 3 49 129 170 209 222 185 152 167 213 227 225 233 237 233 233 234 231 225 221 218 213 207 196 186 164 144 133 113 96 93 112 138 153 156 160 167 169 167 164 162 164 156 147 145 141 128 116 117 95 96 143 162 150 153 154
85 64 48 48 44 45 35 24 53 58 41 25 28 26 28 40 50 80 96 123 167 212 220 211 166 85 44 51 100 142 169 164 134 44 23 129 212 189 195 227 195 134 136 197 226 226 230 233 234 233 233 230 225 222 217 209 198 186 179 153 125 109 87 75 79 116 150 157 157 162 168 169 167 165 161 160 155 152 155 150 140 134 132 125 106 105 132 156 154 154
59 56 53 47 51 49 40 49 47 31 27 33 33 34 50 66 79 96 131 176 200 215 224 207 162 90 47 48 86 134 158 154 118 31 46 134 174 198 201 212 201 129 106 181 226 221 230 228 231 229 228 231 223 223 211 204 202 182 166 141 105 81 70 58 70 101 111 122 136 152 169 165 166 167 165 161 163 156 157 155 152 141 141 136 127 106 92 116 158 166
69 55 30 37 53 53 67 79 40 20 31 41 32 30 33 35 53 86 127 175 210 222 221 207 170 97 52 51 79 124 151 150 113 27 28 40 41 77 159 211 196 125 90 160 223 225 226 224 228 229 226 224 220 225 214 202 194 175 153 120 83 68 60 47 53 54 60 79 121 153 159 165 174 172 171 172 167 172 161 163 163 151 145 146 141 130 113 101 123 149
53 46 17 31 70 85 75 44 25 28 50 40 22 41 53 43 55 82 110 158 206 218 217 219 188 103 49 52 77 115 140 140 99 25 53 47 12 14 111 212 189 113 76 147 219 228 228 232 226 227 222 219 216 220 210 195 186 178 143 97 71 59 44 37 35 42 64 106 137 150 164 167 177 177 181 174 173 175 171 169 162 159 151 153 151 149 148 127 95 110
42 25 20 47 77 71 44 30 44 50 47 36 43 55 56 61 81 118 144 168 199 212 213 214 185 96 42 59 83 105 118 117 92 43 61 47 11 19 82 186 171 102 81 147 207 224 228 224 222 221 218 219 218 216 208 197 181 163 122 76 57 46 32 34 41 68 112 142 154 154 151 158 167 177 180 177 183 183 186 170 168 175 168 166 161 153 155 149 121 105
31 26 42 63 78 67 42 43 45 43 35 41 52 56 70 85 102 134 160 176 193 208 215 216 190 105 45 63 79 85 93 98 86 35 16 18 8 15 59 151 150 82 83 158 209 221 224 223 221 218 217 217 213 207 202 189 159 118 85 55 32 34 50 70 91 119 153 155 130 114 116 126 151 170 169 174 173 181 189 187 181 183 178 174 172 164 162 164 158 134
27 44 60 61 61 56 42 37 53 52 41 45 56 72 97 103 107 124 153 179 194 203 209 208 203 127 54 61 74 77 78 83 84 37 2 17 24 17 80 162 139 81 92 161 208 222 221 217 214 214 216 215 211 208 203 176 127 86 54 34 41 75 99 111 135 155 166 170 140 83 76 115 149 161 167 171 175 179 182 189 183 182 187 185 181 181 176 173 173 160
31 65 79 59 39 35 34 30 41 56 47 55 79 81 83 98 110 137 168 184 194 208 212 207 205 145 60 49 65 77 76 77 79 42 7 18 28 22 97 168 132 75 98 171 211 219 216 218 217 217 222 219 215 211 198 150 92 51 37 64 111 136 136 149 156 178 189 185 182 98 26 98 169 174 174 171 190 190 190 188 185 185 191 186 179 186 190 189 176 171
45 60 63 44 34 38 38 38 41 43 46 55 68 74 85 105 125 149 174 187 199 210 209 203 197 161 80 57 67 78 70 64 73 46 15 18 33 47 105 157 127 77 114 188 216 220 216 213 215 212 220 220 217 210 188 128 80 72 99 142 175 182 169 174 185 193 197 195 204 125 20 41 164 193 186 187 193 194 197 195 189 193 194 188 181 184 189 188 186 183
55 37 31 39 32 23 35 41 44 48 60 67 76 93 108 121 144 170 173 188 211 203 195 203 194 180 104 54 79 76 71 61 67 67 36 19 39 52 116 168 117 92 151 205 207 216 215 219 222 218 218 214 214 202 166 140 146 168 180 199 201 200 183 195 208 200 198 202 202 128 30 4 107 207 206 194 184 196 201 201 192 190 193 193 185 188 186 188 188 188
36 26 33 39 32 30 39 46 42 57 73 81 91 99 115 141 158 179 187 192 197 199 202 196 187 175 124 80 87 80 78 66 67 70 69 48 19 31 119 158 114 119 182 213 212 212 218 226 227 220 217 218 211 186 171 180 193 200 203 207 199 190 187 202 205 205 210 208 197 128 36 1 54 160 208 199 193 193 195 194 198 191 186 194 187 186 193 189 189 189
23 23 33 33 32 36 39 48 47 58 69 81 101 116 132 154 172 189 201 201 193 195 200 185 182 171 142 109 103 90 81 68 65 71 80 84 68 57 116 157 126 153 204 214 220 217 221 222 220 222 221 216 201 184 189 205 203 186 189 200 202 191 192 196 205 205 211 210 196 135 48 15 57 128 192 196 193 192 195 195 193 192 182 190 188 186 191 191 196 197
21 25 23 20 29 34 36 47 59 59 65 78 102 132 153 160 179 191 199 203 199 194 191 185 181 173 159 135 125 100 78 72 63 65 75 88 103 113 139 149 139 182 223 224 227 222 224 224 219 223 219 206 191 196 215 213 208 208 196 190 207 203 194 206 197 196 203 210 199 138 58 40 83 108 153 186 184 184 193 197 191 190 189 190 186 192 194 194 198 199
25 26 18 20 30 35 43 51 65 71 82 94 111 139 162 168 181 188 191 197 200 191 187 192 181 175 170 155 139 107 76 75 66 68 79 78 95 129 147 147 177 210 228 226 221 219 220 223 222 219 215 212 203 208 222 218 216 218 194 154 156 197 207 203 199 201 207 211 194 142 70 55 111 130 144 177 182 163 172 186 187 189 199 204 187 186 191 189 195 198
27 25 22 30 33 37 51 54 64 81 97 113 131 146 163 174 186 190 195 198 196 190 187 191 187 173 171 164 148 121 88 77 73 76 84 86 102 129 152 183 214 221 218 218 218 221 218 214 216 217 217 219 217 214 216 218 220 218 197 100 44 130 199 197 201 200 207 210 193 158 85 46 111 151 154 167 185 159 156 162 177 173 157 176 190 189 193 194 195 198
23 22 24 30 34 40 52 60 75 94 103 119 145 158 167 176 184 189 196 197 192 189 186 183 187 175 170 164 150 134 106 89 84 80 86 101 120 152 189 216 213 217 221 220 223 223 221 215 213 217 220 215 214 214 213 216 218 210 190 75 3 58 141 196 203 199 204 211 196 162 76 21 88 169 154 137 186 181 147 164 163 161 134 156 188 188 188 194 195 198
20 24 26 27 40 51 56 73 94 110 111 120 146 165 175 177 177 180 187 188 188 188 185 183 173 174 170 157 140 129 112 102 94 89 86 113 140 169 199 212 210 215 224 213 216 213 219 216 213 212 221 219 214 214 211 212 207 206 185 59 5 47 116 177 203 198 199 208 196 159 77 36 115 188 188 165 179 204 159 148 165 157 147 164 181 188 188 191 198 201
21 28 26 32 44 55 72 82 102 114 122 138 150 160 175 177 177 173 180 186 183 183 183 179 173 168 160 147 141 131 120 106 91 95 110 134 159 181 201 214 215 216 216 216 216 217 215 211 213 213 217 219 217 215 213 208 196 209 173 58 7 65 106 154 190 199 207 206 196 160 77 43 111 164 195 147 160 235 185 138 157 144 136 152 169 181 183 186 196 202
21 24 24 33 52 68 80 88 98 118 135 149 153 159 171 170 173 171 171 174 178 182 179 172 168 153 154 156 147 127 119 114 95 106 132 163 188 203 212 217 214 217 218 215 211 209 210 211 210 215 219 215 212 216 215 208 201 195 169 87 14 63 114 123 178 196 211 211 193 166 91 32 65 136 148 94 120 234 224 145 131 135 118 120 143 166 176 184 193 196
23 22 23 34 57 76 82 88 104 130 139 146 160 164 167 172 169 171 174 179 182 179 178 181 168 161 155 144 137 128 119 105 103 114 139 169 193 208 218 224 222 222 222 224 226 225 224 223 221 222 223 223 227 231 226 212 207 191 164 114 45 64 95 105 168 196 204 203 185 161 96 26 75 159 182 151 145 213 223 147 127 128 102 104 129 152 170 185 190 193
20 22 29 40 61 77 79 86 118 137 140 145 157 159 158 164 163 173 183 185 182 179 179 181 167 166 158 147 143 125 108 101 105 115 137 164 186 203 218 227 233 228 225 228 236 240 241 242 243 238 238 242 243 236 224 214 201 194 158 107 68 81 70 91 152 184 190 193 171 146 104 47 96 171 202 190 166 195 208 144 132 116 82 89 116 143 166 179 192 197
17 26 40 50 65 77 80 91 122 126 135 141 138 143 156 159 164 176 183 179 178 185 183 171 164 162 160 156 150 126 114 116 114 124 143 165 181 193 207 217 220 221 221 224 229 230 231 234 236 231 229 229 220 206 198 198 191 175 140 92 67 82 57 69 132 154 169 188 161 135 106 48 85 151 190 174 154 190 205 156 131 105 66 72 104 143 170 180 184 196
25 36 47 54 63 72 82 96 108 110 122 133 135 140 148 150 164 171 178 179 179 184 185 179 171 164 158 149 144 139 133 121 113 120 136 154 166 175 187 196 205 205 203 204 209 210 209 211 211 206 199 194 186 178 174 175 175 154 124 84 55 60 48 50 88 123 155 185 162 132 98 49 72 126 169 148 139 183 191 146 119 85 50 63 97 133 159 177 189 203
34 43 48 55 63 69 80 92 100 106 108 113 127 136 139 148 159 169 178 183 183 183 184 185 176 162 154 147 145 138 125 104 98 105 121 141 155 165 177 186 196 199 199 200 205 201 192 188 190 185 177 174 174 171 164 160 155 143 112 66 49 52 46 41 65 108 147 178 162 126 80 41 48 99 143 127 126 176 191 153 113 68 46 66 93 126 152 175 195 207
32 43 48 59 70 72 79 84 89 98 102 103 114 127 139 152 157 180 189 184 187 192 186 175 170 163 155 146 140 125 106 88 85 88 99 116 131 144 158 169 179 188 191 188 184 175 166 165 158 159 160 165 168 164 157 153 149 123 89 53 58 59 47 44 54 93 140 170 145 108 66 34 54 97 142 139 132 161 179 149 109 62 49 65 84 128 161 175 191 199
33 41 49 59 69 75 77 79 77 89 98 102 108 121 139 151 156 166 183 181 189 191 181 175 171 161 155 143 132 118 97 86 78 67 76 92 106 121 133 145 161 164 158 148 138 133 134 133 134 144 163 169 167 156 150 150 138 98 72 59 66 60 45 40 43 79 143 160 125 86 53 33 67 106 142 145 136 168 197 153 104 58 51 62 86 119 144 174 200 202
36 42 50 59 68 72 75 77 82 85 93 99 110 124 134 149 160 168 179 189 193 185 184 178 170 155 151 149 133 105 81 75 63 59 65 78 81 85 100 112 121 115 105 103 104 104 106 107 121 135 159 163 158 151 145 136 109 81 62 52 56 52 44 39 41 73 121 133 103 64 41 44 74 99 133 124 123 186 192 145 93 57 48 59 84 116 143 174 195 203
41 48 55 62 68 70 71 73 80 81 92 97 112 127 129 143 159 172 183 187 189 187 189 174 164 151 139 137 132 101 64 55 49 56 60 68 71 77 91 93 96 94 89 95 102 101 99 98 105 122 148 153 147 145 138 115 87 72 55 47 50 46 44 38 42 63 96 106 86 56 40 50 94 111 134 113 101 180 183 115 80 54 44 56 84 112 138 167 190 203
41 48 56 62 64 62 62 66 75 86 97 104 122 139 147 157 163 170 184 184 187 185 179 173 160 151 135 123 111 82 56 52 52 54 51 54 64 79 97 101 110 111 102 95 95 96 102 107 108 120 134 131 125 125 125 104 86 72 48 44 54 49 47 40 40 59 95 106 81 53 40 40 57 88 97 71 95 177 162 104 73 54 42 59 88 110 133 160 185 199
41 48 55 58 58 57 60 66 76 92 98 107 123 138 154 161 164 174 182 178 182 178 170 165 165 150 131 106 74 51 47 50 57 48 46 49 60 75 91 108 120 128 122 114 108 100 101 108 114 113 106 100 100 101 110 103 95 74 40 38 59 54 49 43 50 64 93 99 69 44 40 43 47 65 66 41 105 177 133 89 71 56 46 64 90 106 131 161 184 194
44 48 52 55 55 56 64 74 88 100 105 119 131 137 151 152 161 181 179 173 176 169 168 157 152 150 120 80 55 45 46 51 45 43 42 35 45 69 91 114 130 138 135 134 131 120 120 132 130 113 92 102 127 129 132 122 107 79 41 38 60 55 48 44 52 71 94 91 59 40 61 91 90 88 69 59 118 149 106 72 66 54 52 66 84 101 132 165 185 193
44 46 48 50 52 56 66 78 91 100 110 124 134 141 150 149 162 172 171 177 176 158 162 163 150 143 101 61 47 43 44 48 40 41 36 37 60 87 101 108 136 144 141 139 139 132 140 159 154 123 93 118 158 157 150 132 110 82 51 46 58 53 50 48 57 76 92 86 58 38 51 74 91 91 60 80 118 104 75 66 62 53 59 68 79 101 135 165 182 191
47 47 48 51 55 58 68 79 93 100 113 119 126 141 150 148 158 164 172 174 171 160 162 167 157 103 54 43 42 43 50 46 38 39 37 52 68 76 95 113 135 155 159 155 151 142 147 164 173 136 98 117 149 143 138 123 103 80 59 52 56 53 55 55 65 82 96 87 59 38 35 36 54 41 39 93 106 85 66 67 62 54 65 72 79 106 139 163 174 185
41 42 49 57 63 65 70 83 96 108 112 123 136 142 150 152 158 159 164 167 167 166 165 165 136 80 34 39 38 44 46 39 41 41 29 38 18 34 93 115 128 156 164 163 171 163 165 175 179 148 103 117 136 128 126 107 90 84 64 52 55 54 50 56 67 84 95 89 56 41 51 61 55 26 46 82 83 72 68 68 62 56 63 73 89 111 135 158 169 183
44 47 52 56 67 77 81 86 97 109 110 115 132 142 145 148 144 154 156 155 156 158 159 152 128 70 34 37 39 44 41 38 42 24 26 11 4 62 121 106 117 148 168 170 175 177 184 184 189 170 124 116 130 111 90 84 83 62 48 54 59 54 51 55 74 88 100 87 48 53 82 87 54 33 58 87 77 68 72 74 60 61 67 76 96 119 138 155 170 173
49 52 56 61 74 87 89 91 99 106 118 120 122 132 140 143 150 155 149 154 157 152 152 146 108 51 30 33 41 44 41 40 27 16 15 9 23 107 139 88 105 146 177 177 175 176 190 198 187 189 154 117 112 99 70 61 49 48 51 54 55 56 61 63 75 88 98 85 48 41 48 41 26 36 66 78 67 68 76 72 64 66 71 81 101 126 141 149 154 154
51 53 59 70 83 90 91 97 99 103 120 122 118 126 136 141 155 155 143 152 161 153 150 140 91 39 29 32 39 41 41 32 12 16 33 71 69 114 138 76 86 142 181 183 182 174 181 198 196 195 175 136 110 103 88 72 57 55 54 57 60 58 60 68 76 90 94 75 50 58 54 28 19 43 63 66 65 70 70 63 64 67 79 93 109 130 142 141 147 155
52 53 62 75 89 95 96 103 100 106 110 108 120 134 134 140 140 148 139 145 157 158 151 130 76 33 28 34 39 43 45 23 5 20 49 108 116 112 131 77 71 129 172 179 186 182 185 199 203 194 183 161 121 90 89 93 86 77 66 63 65 64 65 69 74 84 98 78 38 43 51 33 29 44 58 67 72 67 60 59 64 77 93 108 120 127 131 132 135 137
53 58 66 76 91 102 103 106 107 112 111 106 115 132 138 135 136 143 139 144 150 146 133 108 64 30 27 37 43 52 48 16 11 25 21 48 84 120 128 78 58 114 165 174 181 189 199 207 202 199 186 176 143 96 80 85 93 88 85 81 72 68 71 75 75 75 84 71 29 17 21 21 35 50 64 69 65 62 69 73 83 101 106 112 119 114 112 119 114 99
57 65 73 78 90 103 103 101 108 111 118 116 109 120 135 129 129 129 132 139 143 138 121 96 61 30 28 41 49 62 40 7 18 23 11 8 39 124 130 72 45 99 160 177 182 193 205 209 210 208 193 184 172 142 106 78 84 99 101 86 75 76 73 63 61 70 75 56 20 9 11 18 47 62 66 64 66 78 95 101 110 116 107 103 106 101 99 101 94 76
60 70 79 82 90 99 97 95 99 105 112 120 115 113 124 125 128 130 133 132 135 139 119 85 57 26 26 41 55 72 36 6 9 12 12 0 42 116 116 70 43 88 147 171 184 196 206 210 211 206 200 190 179 168 137 95 80 98 99 88 81 71 63 65 66 62 66 49 10 5 18 29 48 53 50 64 92 109 116 116 121 113 100 95 96 98 98 87 81 73
65 72 73 80 87 96 103 94 98 110 110 111 114 115 121 122 121 122 129 138 137 132 109 70 50 33 32 43 67 78 33 5 8 9 16 1 44 115 111 66 39 75 143 179 187 201 207 210 212 209 204 195 186 176 160 121 85 89 96 81 67 65 61 68 70 55 62 41 7 10 26 35 43 47 54 83 112 122 120 113 111 99 95 95 90 89 85 75 73 73
70 67 75 85 91 100 101 93 99 110 106 106 115 113 110 114 105 124 133 132 133 126 96 59 50 32 34 55 79 78 30 8 15 20 20 10 58 114 100 57 43 74 139 177 190 205 211 215 216 207 206 198 191 180 164 140 104 80 76 74 66 68 69 65 57 55 49 22 4 14 22 21 33 60 86 106 119 122 119 109 102 96 96 93 82 78 78 73 74 69
70 67 80 88 90 93 92 98 97 95 98 103 108 110 108 107 103 120 127 131 133 118 92 69 52 34 35 62 91 84 33 9 14 27 29 27 77 119 96 49 44 75 139 179 190 201 209 219 220 206 204 196 193 184 161 142 128 94 73 59 44 54 75 77 83 72 47 28 29 38 48 59 84 104 115 115 115 117 113 103 93 87 84 79 70 68 72 71 72 65
69 70 75 82 92 93 90 101 102 93 100 104 102 103 101 99 100 105 116 128 124 105 81 58 45 39 41 61 86 84 37 10 25 54 50 48 101 124 88 49 47 75 138 184 196 199 199 203 206 205 206 194 188 179 162 145 123 101 83 69 44 37 64 89 102 91 71 74 92 100 110 122 121 123 119 114 113 111 102 90 78 75 73 69 63 64 70 71 67 63
72 80 79 87 95 92 92 97 101 99 104 103 101 96 88 93 96 100 110 118 113 98 76 48 33 44 50 60 74 73 39 14 20 56 49 53 112 114 68 48 49 79 140 184 194 193 196 203 200 204 198 185 179 169 158 139 126 99 87 96 84 55 52 66 79 88 87 94 105 119 135 136 129 124 118 110 100 90 77 68 68 64 63 65 67 69 67 63 57 59
61 73 81 93 97 96 102 100 94 96 102 102 97 92 88 90 96 100 103 110 110 95 73 53 35 46 52 63 73 72 43 18 14 31 43 69 111 98 60 47 56 90 149 187 189 186 195 208 204 199 185 175 173 162 152 131 107 96 88 87 94 102 97 82 61 58 76 117 140 144 150 150 138 125 107 84 67 60 56 55 58 60 62 63 63 63 63 63 63 66
58 61 71 83 90 95 95 89 94 95 97 97 89 86 89 84 87 91 91 98 102 88 64 46 38 47 54 69 77 76 52 27 10 9 41 81 101 82 60 54 65 96 149 188 197 195 197 201 192 185 180 172 166 156 147 133 104 95 90 81 78 90 104 116 132 131 144 162 167 159 146 130 109 92 75 58 49 51 53 56 59 60 60 60 62 63 64 65 65 60
52 55 64 69 77 81 78 82 87 94 84 79 80 77 78 77 77 85 82 81 89 92 75 46 33 47 59 74 75 73 59 39 23 20 49 79 88 63 46 56 92 116 157 186 190 187 188 190 180 170 172 163 158 151 134 117 100 89 84 73 68 71 81 106 124 126 132 131 121 106 91 83 69 56 54 54 54 55 54 58 57 62 64 64 66 66 67 70 59 46
54 56 56 63 70 74 77 78 80 75 77 78 79 76 70 76 74 77 75 76 82 86 75 47 33 47 60 72 75 78 75 50 30 28 51 75 77 63 60 79 106 123 156 174 171 172 177 178 174 162 159 156 146 140 129 108 91 82 79 67 59 66 72 77 91 91 92 83 76 72 63 59 56 58 52 50 57 58 56 60 63 61 61 62 64 65 64 62 45 37
46 56 54 57 71 75 75 79 81 78 78 75 75 76 75 73 70 74 74 77 81 83 74 52 42 53 62 70 71 76 78 59 39 32 49 76 77 73 91 112 108 125 146 154 157 161 164 170 164 159 151 146 139 126 111 103 89 83 76 67 63 65 65 65 72 70 73 68 63 65 62 59 57 59 56 53 55 55 56 60 63 66 66 64 65 66 60 50 36 32
32 41 46 54 64 72 77 77 80 81 80 79 75 75 77 72 72 73 74 76 78 79 74 62 55 61 66 71 71 76 83 74 57 41 42 72 86 88 102 109 111 128 146 154 159 159 154 156 150 147 137 128 126 116 101 93 86 82 71 64 63 63 65 65 65 62 66 64 58 62 63 59 52 55 58 59 59 59 59 60 61 65 70 70 65 57 44 33 36 37
35 31 30 39 50 61 68 65 72 76 76 79 77 74 79 78 78 75 73 75 75 75 75 73 73 72 73 76 73 72 77 75 71 57 51 70 90 95 99 103 108 120 139 147 146 142 135 133 135 123 116 117 111 101 94 91 85 82 72 67 63 62 69 69 65 65 68 66 62 62 62 59 59 57 58 58 59 63 66 65 66 64 66 66 55 40 35 39 38 39
37 42 34 30 38 44 51 56 61 68 67 71 77 74 77 79 78 74 74 75 76 75 75 77 81 76 75 81 79 72 72 74 69 61 61 70 90 102 102 105 99 108 125 136 135 130 125 127 115 109 107 103 93 91 92 88 85 81 77 76 68 65 72 67 64 68 69 67 66 64 64 65 67 64 63 63 62 65 68 66 67 64 62 57 45 37 40 48 45 45
27 39 43 42 44 48 52 50 46 56 56 61 74 79 77 76 74 72 75 77 79 78 75 77 81 76 77 84 85 79 76 77 67 63 72 75 83 99 104 106 107 112 118 120 120 116 112 119 110 101 95 96 95 89 86 87 86 78 77 79 73 72 76 68 65 70 68 67 68 66 66 68 65 67 70 71 68 68 69 67 65 66 61 47 40 44 46 42 45 44
16 16 23 34 37 41 45 37 38 40 41 45 61 74 76 79 74 74 78 78 79 79 76 80 85 82 82 83 86 84 78 77 81 74 73 76 85 99 105 103 103 107 113 113 113 111 105 103 100 98 91 90 96 95 88 85 87 77 76 77 75 77 77 72 68 70 66 67 68 65 65 64 67 69 70 70 70 71 71 72 67 63 52 40 39 47 49 44 47 45
22 21 18 23 23 21 35 54 49 37 31 30 39 54 64 77 80 79 81 78 78 80 79 84 83 83 82 79 83 86 81 77 74 79 76 83 94 97 101 102 97 95 103 103 98 102 99 88 86 89 92 93 93 90 89 91 88 79 80 79 77 78 72 70 71 71 67 71 71 68 68 63 69 71 71 72 74 73 69 66 64 51 43 45 49 51 51 52 50 47
29 25 20 21 20 13 21 45 47 38 27 23 28 38 54 69 80 86 83 77 78 80 80 81 81 77 81 81 83 86 83 81 80 81 85 89 90 94 98 100 99 92 89 94 95 91 89 91 87 85 86 88 91 93 91 85 81 78 77 81 76 73 78 76 77 76 77 79 78 74 72 73 75 74 70 73 75 72 71 63 51 49 51 53 53 58 59 48 47 50
21 21 17 16 21 24 21 19 25 26 25 24 25 30 41 53 74 84 87 83 83 82 80 80 81 81 87 86 83 83 82 85 85 84 86 90 89 89 92 96 92 92 93 95 94 89 85 82 87 85 84 83 82 83 83 79 82 79 77 79 75 73 79 78 77 77 76 78 77 74 71 72 76 73 67 70 72 66 62 62 50 53 59 57 57 58 51 52 50 53
15 22 18 9 15 24 24 20 20 25 27 24 21 22 30 39 54 70 83 87 89 86 82 81 86 84 85 84 84 84 82 85 81 82 84 86 84 86 90 92 87 90 91 88 84 83 83 81 83 89 94 91 82 77 79 82 82 80 79 81 78 76 79 78 82 81 79 79 79 77 76 77 75 75 74 72 70 62 54 59 64 63 62 62 64 60 52 56 57 53
10 23 22 13 13 14 13 19 20 25 26 25 23 22 24 27 35 50 65 73 78 81 81 82 85 84 84 83 84 83 82 83 81 86 88 83 81 86 89 86 86 90 92 90 87 87 88 87 89 88 88 85 80 79 83 87 82 81 81 84 83 82 84 84 83 82 80 80 80 80 81 82 76 73 68 57 57 61 60 67 66 70 69 67 64 63 63 57 54 53
10 15 18 18 16 12 10 13 14 17 17 16 19 20 21 22 21 28 34 37 43 51 59 64 67 73 78 79 77 77 83 86 80 86 88 84 81 85 88 85 85 86 87 87 86 86 87 87 88 83 81 83 83 84 86 86 87 85 84 83 83 82 82 85 81 81 81 80 81 80 80 81 74 69 70 70 77 85 79 76 68 60 61 60 55 53 56 65 62 62
12 8 14 19 12 12 15 12 12 13 12 11 14 16 19 21 22 23 22 21 23 30 36 40 42 46 50 54 56 69 85 88 81 81 85 88 86 86 88 89 86 83 82 84 84 82 82 83 86 82 83 86 85 85 86 88 87 86 85 82 83 81 77 80 77 77 76 77 81 89 98 104 115 118 132 145 150 150 144 141 133 122 124 115 105 89 61 57 67 70
10 9 17 20 12 8 10 8 13 14 14 15 17 16 15 17 20 20 20 20 20 22 22 22 26 23 23 25 30 52 78 79 83 81 86 92 90 87 87 90 88 88 90 94 95 92 87 83 84 81 83 89 89 85 82 81 81 80 78 74 75 76 72 77 87 95 105 116 127 138 147 152 164 157 149 154 163 164 161 157 156 161 159 156 165 163 120 65 55 58
13 15 16 19 19 12 9 14 15 14 11 12 15 16 16 18 16 18 20 22 23 23 21 19 20 19 19 16 12 34 63 63 72 73 79 85 86 86 87 88 88 88 89 91 93 93 90 85 87 87 89 88 80 77 83 92 94 93 93 94 106 119 126 139 151 155 157 156 155 154 154 155 158 160 148 143 147 148 150 149 147 154 144 152 155 161 169 132 82 60
14 16 12 10 14 14 12 13 13 14 15 15 15 15 16 16 19 19 20 22 23 24 24 22 21 20 18 15 27 53 68 70 79 76 71 65 67 76 78 77 73 78 79 73 53 47 67 78 77 75 78 70 83 129 156 153 149 152 152 158 160 159 163 162 165 166 158 158 159 154 154 152 151 151 152 145 149 148 149 153 155 152 146 144 144 145 154 161 147 94
13 13 11 9 12 13 12 11 12 13 14 15 15 16 16 17 18 18 20 22 23 24 24 23 20 23 31 38 58 82 88 82 76 60 50 48 53 58 63 73 84 79 54 29 21 36 62 73 65 62 60 74 129 182 182 162 163 164 160 163 162 157 158 155 155 157 151 155 158 154 155 154 150 147 146 142 149 149 147 146 149 151 149 150 150 149 152 154 166 145
