173 171 169 169 167 153 148 137 132 97 70 56 63 54 51 66 68 106 140 163 164 175 174 167 168 168 167 169 165 162 168 173 172 163 171 171 171 170 170 171 172 170 169 170 162 168 165 163 164 167 165 161 166 168 161 158 161 161 163 162 161 161 163 162 163 164 164 162 160 160 163 164 163 163 164 164 162 163 164 160 164 164 168 163 160 163 162 164 163 164
142 146 111 103 85 79 85 91 66 57 35 22 40 47 37 50 31 39 56 79 108 164 182 180 169 173 171 167 167 169 169 168 168 170 170 163 169 170 170 172 166 166 171 169 168 168 168 170 172 164 165 169 166 164 163 161 169 162 161 163 164 165 164 162 161 162 164 164 160 161 163 162 162 165 164 163 163 163 163 163 160 162 166 161 160 165 164 162 166 163
76 64 55 48 35 35 57 55 28 23 13 9 19 11 30 38 46 39 48 52 53 88 117 155 201 196 184 182 188 184 177 181 174 173 174 177 180 171 169 167 166 168 176 170 172 165 166 168 168 168 169 167 160 162 165 161 160 161 167 169 165 163 165 163 158 158 162 164 163 165 167 165 162 168 168 165 165 162 159 161 160 163 165 161 161 168 167 163 166 163
40 32 85 66 37 31 39 29 22 21 14 6 0 10 27 38 36 30 35 45 50 60 55 76 121 123 137 140 131 134 148 158 177 181 175 162 164 175 185 168 171 168 171 167 169 166 166 166 165 165 160 160 165 163 162 164 164 163 165 165 161 164 166 162 162 161 162 160 161 162 161 162 165 168 168 165 164 161 160 161 163 164 165 162 162 166 167 165 164 166
48 93 69 27 11 15 18 16 18 8 6 5 5 14 53 32 8 7 11 40 59 66 57 61 48 39 41 42 39 36 46 65 82 85 117 126 103 118 172 182 179 172 173 176 169 172 167 161 162 171 165 159 161 160 164 169 167 164 165 165 164 164 163 160 167 168 167 163 166 167 162 165 165 164 163 162 161 164 166 167 163 163 163 164 163 162 164 165 164 167
88 69 17 7 11 18 1 7 4 4 1 1 4 21 26 15 8 20 32 61 58 54 59 61 34 30 22 12 15 17 10 13 4 17 45 64 63 57 94 138 144 147 154 160 152 170 185 194 204 206 188 166 154 158 167 162 160 160 163 168 169 163 159 161 161 162 164 161 165 167 161 164 164 162 163 165 164 165 166 164 162 162 164 168 166 162 165 166 163 164
74 30 8 14 20 10 0 2 3 0 3 10 13 6 21 15 12 34 47 64 50 49 59 55 34 23 30 31 26 28 27 26 35 53 63 61 78 96 113 129 140 137 140 144 148 165 174 173 181 181 179 177 165 162 172 168 164 166 162 161 167 166 161 163 165 162 166 164 163 167 162 163 163 164 165 166 166 165 162 160 162 164 165 168 167 164 167 167 163 163
12 4 29 19 6 0 0 8 3 4 6 1 0 3 9 5 32 37 39 64 64 64 72 77 67 86 100 106 120 118 110 131 150 147 159 161 164 164 167 173 170 166 168 159 162 163 161 151 155 161 164 170 168 171 177 166 165 181 179 165 163 162 161 163 166 158 166 164 161 168 168 166 164 166 163 162 165 164 162 165 163 166 164 165 164 163 168 165 166 167
4 37 28 8 3 1 8 12 6 0 0 2 3 8 17 27 43 60 79 93 82 84 106 122 144 157 161 165 176 179 178 176 174 181 176 173 171 166 169 169 170 167 165 168 163 169 163 162 159 157 157 156 153 153 155 155 156 165 173 166 162 167 162 155 164 163 162 168 168 166 170 169 159 166 166 162 166 170 166 163 163 167 165 164 165 165 166 165 166 166
12 18 5 1 10 8 5 2 0 4 6 2 5 3 10 40 55 78 79 81 96 123 140 148 161 168 169 170 169 166 168 172 175 176 175 168 160 162 169 169 164 166 171 180 176 177 168 169 169 163 159 157 154 154 157 159 151 147 146 146 155 163 155 143 156 159 163 167 166 165 168 166 167 164 161 164 167 165 163 163 165 163 160 163 166 164 165 168 167 165
13 8 3 6 9 4 0 2 2 0 0 0 1 14 36 48 62 79 90 111 131 146 151 157 166 168 166 166 164 162 166 167 175 169 171 176 178 175 171 173 175 176 178 181 176 177 174 177 171 172 169 164 161 163 161 155 158 156 154 148 144 146 147 149 140 146 150 153 153 157 164 166 162 164 166 166 165 166 166 164 162 162 160 164 166 161 161 165 165 163
22 10 8 7 4 3 0 1 1 2 1 8 12 33 71 77 89 120 141 149 151 158 164 173 160 166 165 163 162 163 167 167 169 170 172 173 174 176 179 180 179 179 184 183 178 180 179 177 174 171 169 170 169 165 160 156 158 153 148 143 140 141 142 144 145 146 144 140 138 141 147 151 157 162 168 166 161 162 164 159 162 167 164 163 163 162 165 169 165 163
28 10 6 2 0 4 1 1 0 6 22 28 25 58 110 126 136 161 160 155 168 179 167 163 168 171 163 160 166 167 166 166 163 164 169 181 180 178 187 189 186 180 188 190 184 182 181 174 180 179 172 164 164 170 169 164 162 160 155 150 145 143 141 138 144 145 148 150 149 144 141 142 130 133 149 167 171 167 163 161 159 165 164 164 166 164 166 168 166 166
12 3 4 3 0 0 0 2 5 13 30 23 30 94 152 169 175 175 168 168 173 178 169 169 169 172 165 164 167 164 168 179 178 173 166 176 184 170 170 196 195 184 191 193 189 183 184 181 182 178 174 173 175 173 169 169 165 164 158 153 150 150 150 144 140 138 139 141 143 143 142 148 140 130 127 137 151 161 166 167 163 166 163 165 168 163 162 164 166 166
1 1 3 3 3 1 0 2 8 23 35 55 102 157 183 184 184 178 183 184 172 175 176 175 170 170 165 167 171 170 174 180 173 178 173 161 169 167 164 203 185 184 193 191 193 189 191 190 185 184 177 172 173 175 174 173 171 167 158 153 150 150 152 147 148 146 146 142 141 141 140 147 148 146 137 126 123 132 149 163 166 169 163 161 164 163 165 169 166 165
0 10 9 2 0 0 4 9 40 61 93 150 170 168 190 192 187 181 181 183 179 181 175 174 172 175 174 175 174 173 174 172 162 151 159 147 149 160 160 191 179 189 195 183 188 190 192 190 191 189 185 183 184 181 177 178 176 170 159 157 154 149 146 140 142 146 150 144 141 141 139 144 145 143 141 142 137 125 120 127 143 159 162 160 163 164 164 165 169 167
9 18 6 2 3 0 22 60 70 84 148 180 166 171 194 191 194 193 187 181 178 178 176 173 175 176 174 180 172 158 161 160 140 134 147 150 146 168 176 164 165 196 190 196 192 194 194 191 192 188 184 180 183 186 183 179 176 164 162 157 155 148 142 135 136 138 141 138 137 132 135 142 147 146 141 145 144 146 128 115 107 126 157 166 163 167 166 164 168 166
26 24 0 0 10 27 59 84 75 126 180 168 159 187 183 191 188 188 187 184 180 176 175 177 179 182 175 181 160 133 146 152 144 143 139 153 149 172 168 129 153 191 191 198 198 200 198 201 201 199 194 191 191 188 182 179 174 162 157 151 150 143 139 135 134 134 135 137 135 134 134 130 140 143 145 147 143 141 134 133 122 107 124 154 162 161 163 166 164 166
30 8 2 29 34 63 70 83 123 171 168 173 182 189 184 189 179 179 182 186 184 178 179 184 185 180 180 182 143 112 129 136 146 152 156 156 158 168 141 80 178 183 185 203 202 206 212 216 212 213 212 212 208 196 185 180 176 166 159 149 144 134 129 129 128 132 130 131 126 133 132 132 130 134 141 140 138 130 132 136 132 122 110 113 133 157 170 167 160 163
19 4 28 45 59 73 97 130 174 172 174 194 187 183 182 185 181 180 182 186 187 183 184 188 192 184 191 180 141 118 122 130 142 153 165 152 163 165 96 62 195 175 180 205 202 209 223 226 229 228 228 229 217 198 184 176 171 163 158 145 135 120 114 116 118 118 107 108 113 133 123 127 134 137 143 140 143 132 133 132 133 130 120 110 102 119 155 173 169 166
6 39 61 60 67 78 118 161 169 167 189 186 180 188 183 187 191 190 188 187 185 183 184 186 187 192 194 171 145 128 119 132 157 168 158 154 163 141 36 71 194 178 179 194 192 196 213 223 233 228 230 233 219 199 189 179 165 157 152 140 130 117 111 111 111 108 100 98 102 125 117 125 135 142 144 139 144 135 134 128 121 125 118 119 112 96 116 155 165 169
33 85 70 81 57 68 135 172 175 190 194 184 184 186 194 200 193 193 191 187 182 181 183 185 188 196 195 174 147 128 126 141 167 178 156 162 166 91 7 108 196 171 163 184 189 186 204 218 226 225 228 233 219 197 187 177 165 153 148 135 127 118 112 106 103 97 92 89 82 100 111 117 137 150 150 145 145 140 141 136 127 124 118 117 115 106 104 106 140 167
90 82 70 45 55 116 158 176 174 168 175 186 181 186 193 190 192 192 191 188 184 182 183 184 186 191 191 174 145 116 114 147 176 183 169 168 146 38 14 130 207 174 149 168 186 181 192 197 203 209 212 218 209 188 179 173 156 143 138 124 114 106 100 88 86 89 86 89 78 87 124 133 143 159 156 152 147 145 144 142 129 127 117 109 116 119 110 104 100 127
92 61 37 54 107 146 145 137 151 177 191 209 202 200 195 195 198 195 193 192 190 187 184 183 184 192 190 168 152 111 90 156 191 189 176 168 111 11 24 125 207 191 141 134 171 179 185 188 185 195 192 195 190 169 163 165 143 132 130 115 101 93 87 74 73 81 72 91 100 106 152 152 153 167 159 159 153 150 145 142 142 126 120 115 116 120 113 106 95 98
67 34 20 93 138 130 122 143 189 175 157 186 206 201 211 204 201 198 197 196 191 192 186 190 190 193 181 167 165 113 82 156 193 201 180 173 70 9 66 126 186 211 135 116 153 175 187 183 181 188 182 186 186 168 161 159 139 130 123 105 84 72 67 68 63 75 68 89 117 122 157 165 163 168 165 158 161 156 154 152 147 132 119 118 119 119 119 114 110 101
44 14 53 106 118 121 170 163 193 196 184 190 192 188 206 207 202 203 197 194 192 194 188 190 190 198 197 173 125 94 82 134 194 204 194 182 50 16 129 183 181 207 131 94 147 177 186 173 183 184 179 175 172 164 155 150 133 118 108 92 74 64 58 58 62 71 81 105 129 130 151 159 159 167 167 161 162 156 156 157 147 140 126 122 123 119 118 117 120 113
9 24 77 121 154 184 209 211 208 217 212 208 203 201 207 203 206 213 206 203 202 199 190 187 191 203 213 184 95 82 88 123 195 198 199 186 37 0 36 103 168 192 109 71 145 173 184 173 181 181 185 181 175 163 142 129 122 101 88 75 63 57 53 56 58 59 80 111 136 137 143 157 163 162 160 156 162 159 157 156 147 142 142 143 133 125 122 113 119 116
3 44 102 167 180 200 214 212 217 214 208 201 200 207 209 200 209 213 203 203 201 200 198 196 197 198 205 180 89 68 70 93 175 185 181 183 36 11 5 19 132 187 98 64 140 169 188 173 181 176 174 171 164 148 130 120 113 89 75 61 52 50 48 52 47 49 77 117 146 148 148 164 160 158 160 157 162 158 156 156 160 150 148 148 135 127 128 122 121 121
27 73 141 173 185 208 217 214 210 205 203 194 190 204 213 209 209 209 203 209 206 204 204 200 199 192 194 166 84 43 48 78 154 174 157 167 52 4 3 8 97 180 91 80 139 157 185 174 176 179 171 170 162 143 129 118 100 77 66 54 48 49 43 45 42 56 94 136 152 154 153 154 159 153 155 154 161 163 163 164 163 160 151 152 150 133 123 127 125 122
48 108 160 181 196 201 218 212 203 208 217 212 205 215 221 216 217 211 208 216 212 211 209 206 196 187 194 172 104 47 45 68 124 144 146 154 50 3 1 7 90 163 77 97 143 157 184 179 171 182 173 167 156 136 121 105 85 61 54 47 44 44 35 38 52 82 124 150 142 141 143 136 143 138 147 152 164 170 170 169 169 166 159 162 159 142 134 138 136 127
75 137 172 181 196 207 209 210 208 214 221 221 218 218 220 221 215 209 209 215 216 219 211 206 196 188 194 178 118 53 42 60 102 130 126 137 60 6 9 8 86 137 69 95 131 157 179 168 169 178 176 167 151 129 109 90 73 46 43 40 39 41 41 55 96 120 139 141 123 113 102 100 109 120 150 162 169 170 168 168 171 167 168 171 162 152 153 154 144 129
102 144 167 189 200 203 213 211 217 220 221 224 221 212 216 229 225 216 207 204 208 217 210 209 197 184 180 173 125 59 35 47 87 121 114 117 88 12 6 13 93 121 78 109 131 152 169 168 166 168 174 168 148 126 102 85 64 38 38 42 45 56 70 100 130 159 161 133 94 58 37 64 99 113 147 161 168 171 170 168 164 170 171 171 166 158 161 167 148 130
112 153 170 187 193 196 209 217 219 222 226 224 218 218 221 221 216 208 198 209 213 216 209 205 191 180 168 164 126 70 42 49 76 103 103 100 94 22 13 41 96 104 92 107 118 148 167 165 169 175 179 167 142 117 85 71 48 38 47 56 68 92 105 138 157 169 158 116 56 19 7 40 116 141 152 165 164 169 174 177 170 170 171 170 167 168 171 169 152 143
129 159 170 185 194 196 205 215 221 221 223 222 216 215 218 220 212 203 205 207 207 209 207 197 191 180 168 161 127 82 55 52 69 86 98 88 82 45 13 27 76 114 107 108 124 154 167 173 183 192 178 170 144 105 75 67 68 79 91 91 104 137 149 160 177 178 159 121 41 0 4 45 170 183 172 177 165 171 185 174 167 168 171 170 167 167 171 171 159 151
150 167 173 185 190 190 197 216 218 218 221 222 218 217 221 223 216 210 207 198 203 201 202 199 185 172 160 156 134 106 78 60 69 82 90 84 73 71 46 12 70 132 124 122 143 157 167 182 190 199 195 174 128 74 95 118 128 117 134 137 139 166 169 178 187 183 181 146 39 0 1 27 154 195 190 178 173 176 174 177 164 166 171 172 168 167 170 171 163 157
162 175 179 177 179 194 201 208 211 216 225 228 223 219 216 212 213 207 199 198 204 197 197 194 177 171 165 161 135 113 90 69 73 80 83 87 68 66 79 65 101 153 130 127 148 156 173 187 204 201 205 169 114 96 151 178 170 151 136 155 159 161 178 185 188 188 192 139 24 6 0 7 67 176 191 186 180 170 177 178 166 168 174 176 173 171 173 173 171 166
170 170 175 180 183 199 204 207 209 215 220 217 212 212 211 206 211 204 196 208 200 196 200 185 176 170 166 162 136 117 98 78 71 73 83 78 72 65 76 105 134 149 128 128 153 173 191 195 202 214 209 154 112 165 193 186 184 170 118 115 150 173 181 181 189 196 196 132 16 7 25 66 68 144 175 195 186 173 176 173 172 174 178 181 180 180 182 181 170 165
163 169 178 185 187 202 208 209 206 211 213 207 202 206 207 200 198 204 197 207 198 197 199 186 176 165 157 157 140 127 112 93 75 68 77 78 87 80 67 88 118 108 124 155 186 206 208 211 203 208 203 164 149 188 189 197 174 141 78 47 98 167 177 180 189 189 193 139 17 25 95 145 131 123 153 182 175 180 174 172 175 176 180 182 182 186 189 187 170 163
162 167 175 191 194 197 204 214 212 211 207 200 195 199 200 194 187 200 201 200 199 189 178 177 177 168 160 157 139 129 120 106 90 72 74 94 97 91 87 108 132 128 164 200 214 214 208 208 207 201 198 178 184 188 190 208 172 116 40 19 53 119 168 181 182 196 204 128 24 96 193 187 179 178 161 174 180 168 155 166 172 176 180 182 182 187 189 184 177 167
165 170 169 183 196 202 203 207 206 204 203 201 198 199 195 187 181 183 196 191 195 188 181 187 182 172 160 156 143 135 124 108 100 89 88 101 98 110 113 149 162 180 204 210 201 194 201 194 202 199 194 185 184 187 197 204 174 89 8 0 38 96 146 172 188 186 195 127 35 99 186 190 190 159 150 186 179 157 154 159 170 176 183 185 184 187 186 179 188 176
171 173 174 189 193 191 202 203 204 194 195 199 198 198 188 193 191 180 190 185 185 189 174 178 172 167 157 153 148 141 133 124 112 100 100 112 121 128 148 172 182 187 193 191 189 192 192 191 198 194 196 187 188 182 197 201 167 74 1 8 49 95 127 164 189 189 192 122 27 32 116 179 156 126 159 190 179 156 149 148 162 179 177 182 182 184 188 185 194 180
166 176 183 190 190 190 199 198 204 191 192 193 184 192 195 194 179 181 186 186 188 181 172 183 172 167 161 151 148 146 136 131 113 110 117 129 143 159 170 170 180 184 192 194 194 195 191 189 199 196 198 196 195 182 194 191 164 77 0 20 67 86 124 165 185 190 196 121 31 76 175 210 203 173 163 171 187 162 144 138 157 176 178 179 183 190 187 183 191 181
160 172 184 187 185 184 181 175 184 190 189 189 187 186 178 176 178 188 190 185 180 180 182 176 165 158 157 143 135 139 133 134 126 127 130 142 160 170 175 181 181 183 188 188 186 188 189 191 187 194 196 193 189 182 198 186 166 98 12 19 83 101 130 157 178 185 194 119 48 103 191 209 210 153 159 187 195 160 142 130 136 164 175 176 180 188 186 193 192 183
162 174 190 192 188 186 180 180 183 197 186 183 189 185 173 177 179 177 175 176 174 179 184 175 165 155 154 140 123 126 130 133 132 133 140 149 160 178 191 191 192 187 186 183 182 183 181 182 182 186 189 187 190 200 212 192 161 125 54 21 74 98 126 159 174 175 177 105 41 40 131 205 192 130 158 193 198 170 129 113 117 157 173 179 184 183 179 187 188 179
170 176 186 184 184 187 183 186 182 184 178 180 178 177 173 170 174 173 170 166 171 178 174 170 160 153 145 137 124 121 129 133 128 135 140 156 180 193 198 207 208 205 203 199 196 199 204 211 209 200 201 201 212 227 221 195 157 132 92 48 65 72 106 149 149 155 173 108 39 44 178 222 196 136 166 190 187 165 105 85 108 154 162 170 181 181 181 180 180 172
164 174 183 176 172 177 179 184 186 179 173 173 168 170 169 168 168 170 180 172 169 181 175 167 156 152 139 133 129 122 122 125 127 121 129 146 158 167 185 202 203 204 210 214 217 222 224 226 231 229 227 212 214 232 215 182 151 117 87 58 54 51 94 124 115 126 162 111 31 55 223 228 197 130 170 182 165 155 101 62 95 149 156 162 172 174 176 168 172 163
166 171 174 174 177 181 181 183 181 179 173 168 165 168 162 169 174 166 182 183 172 174 172 168 163 156 146 134 126 122 115 111 114 115 111 116 137 153 158 162 169 174 183 185 185 187 190 193 195 190 190 193 193 195 185 175 156 116 80 55 41 34 76 98 89 126 155 102 40 42 168 210 201 109 165 173 158 135 82 52 87 136 146 153 162 167 171 168 161 152
167 165 162 166 172 171 171 174 171 173 174 168 165 171 165 172 168 169 178 177 176 182 180 176 162 149 149 134 118 121 117 107 97 96 92 94 107 123 137 146 155 160 168 169 167 168 168 169 165 166 163 171 175 176 167 150 135 95 63 50 42 26 50 71 76 126 156 97 44 32 110 190 165 72 170 170 147 124 77 50 96 131 142 153 165 166 160 159 155 148
168 156 160 166 160 158 161 162 176 171 162 166 158 158 157 159 160 173 177 177 169 184 183 163 159 147 137 134 124 118 111 89 81 77 73 65 76 94 99 110 117 121 133 149 154 145 139 141 149 146 155 156 163 162 155 138 110 57 55 59 48 18 29 56 80 127 145 87 40 19 87 173 144 88 179 156 134 123 70 42 94 132 140 151 164 160 151 156 148 151
167 163 167 162 152 156 163 163 165 162 159 164 158 153 152 152 166 167 178 170 175 175 169 163 161 144 128 126 123 115 103 84 64 61 59 57 64 70 67 75 78 85 103 118 118 109 106 107 107 121 148 156 156 148 142 129 82 62 64 62 51 13 19 48 88 138 150 71 25 63 140 181 149 113 172 150 133 117 56 37 89 125 142 157 162 158 154 155 144 146
163 162 165 159 154 164 172 170 158 159 163 166 165 157 160 160 158 161 172 170 178 176 173 172 163 145 131 129 124 112 94 72 52 50 54 54 58 60 56 59 63 70 81 86 80 79 83 84 86 107 130 132 134 135 125 98 71 61 46 41 34 19 20 39 81 137 135 60 36 76 127 169 149 109 167 136 136 120 60 45 88 123 143 156 158 158 154 149 147 146
168 158 157 159 163 169 167 160 153 155 160 154 152 146 155 154 152 164 169 181 176 174 170 162 156 141 135 131 114 97 79 56 44 43 49 47 43 45 47 50 54 64 74 76 76 78 79 78 90 102 111 114 117 117 107 88 66 28 14 40 33 29 20 37 67 102 92 43 35 83 124 166 144 95 149 122 126 100 49 49 93 127 142 149 155 158 148 140 145 141
165 161 165 167 164 160 157 156 154 156 155 141 138 138 152 153 158 167 164 176 171 165 161 156 150 140 136 128 104 81 64 53 46 39 37 41 42 37 38 52 65 75 81 85 91 90 91 98 106 109 107 116 126 128 112 87 51 6 19 46 37 29 18 31 56 80 73 39 22 54 85 123 104 88 139 116 115 92 40 49 97 123 139 150 155 154 142 135 141 134
162 159 162 163 163 161 154 151 156 154 147 136 133 139 152 153 153 168 169 156 169 172 166 157 144 136 133 122 96 67 50 52 41 38 34 39 40 31 48 90 111 112 104 98 97 94 102 124 128 108 96 122 147 152 123 80 38 5 36 36 33 25 23 29 50 76 62 35 26 41 71 125 68 70 144 109 99 78 32 50 95 111 134 154 153 146 137 134 142 132
165 165 167 165 163 160 154 153 156 150 139 138 136 141 145 146 152 160 163 164 176 161 152 157 145 136 135 116 81 57 48 47 35 37 38 38 38 55 99 141 143 149 142 128 121 118 128 147 147 91 78 135 156 141 111 82 36 4 31 33 36 26 26 35 51 68 53 34 43 76 111 137 69 67 126 93 96 67 43 61 88 103 126 145 143 136 129 134 136 123
158 158 161 159 155 149 145 148 143 134 124 134 135 139 137 137 150 165 157 164 157 147 146 147 144 132 132 103 54 43 45 35 34 33 47 60 73 105 120 97 132 153 159 148 143 149 158 164 167 92 80 149 156 124 97 76 43 16 28 38 30 32 27 33 51 66 51 36 45 68 84 77 38 96 117 86 84 52 54 63 82 104 119 128 132 129 122 133 126 111
162 158 151 155 156 144 138 144 141 138 121 127 135 137 138 138 153 156 151 147 146 144 144 144 137 128 126 77 36 32 37 29 34 50 73 67 70 61 27 83 167 152 167 155 151 156 171 174 165 113 68 119 140 113 95 73 64 35 29 30 32 30 24 34 54 63 53 32 33 41 53 35 11 104 97 85 72 57 60 67 79 98 111 130 130 113 118 130 119 108
150 150 148 144 146 140 129 134 135 139 130 135 136 134 136 139 146 145 144 148 149 145 144 142 134 124 109 61 32 31 30 30 51 86 89 41 27 6 20 175 188 150 170 168 148 154 178 168 171 133 80 82 96 93 87 77 69 45 35 31 31 28 25 39 57 68 50 31 46 66 78 53 49 93 85 81 66 56 63 73 82 93 108 124 124 120 126 127 126 100
148 140 146 142 138 141 134 133 134 133 124 128 128 133 143 148 141 141 142 146 144 140 139 135 127 128 101 47 21 27 24 36 94 119 62 34 18 17 68 199 172 145 163 164 152 158 180 180 170 154 114 79 69 57 56 67 53 37 31 28 24 22 28 38 55 67 44 25 45 64 64 39 58 78 81 79 58 55 64 81 93 102 118 127 128 133 136 130 103 73
137 136 140 139 142 141 131 133 136 127 117 122 125 132 133 129 131 132 133 134 135 139 140 130 129 112 74 38 22 24 29 70 132 93 40 14 33 130 172 187 135 137 149 150 161 170 179 190 186 180 157 121 101 64 37 27 29 30 26 25 28 27 31 43 54 65 42 18 32 37 26 24 58 73 71 59 50 63 77 95 100 114 132 132 126 118 101 90 77 62
126 123 129 132 125 125 129 122 117 118 119 125 121 124 125 123 120 125 129 130 125 127 132 127 116 95 65 41 24 23 42 102 138 73 38 9 5 65 162 180 119 122 135 146 165 181 184 182 186 184 168 144 133 104 71 31 19 29 21 19 33 32 31 47 59 58 31 5 21 26 8 28 56 65 55 45 53 76 95 109 110 119 133 128 115 101 78 68 61 61
110 122 122 118 116 114 117 115 119 117 116 120 117 121 119 117 117 117 120 126 125 122 125 124 107 96 78 46 21 25 58 119 125 61 34 11 2 8 104 169 108 104 119 139 159 182 195 196 188 185 170 159 147 128 109 74 34 20 15 18 23 29 35 44 58 58 34 3 3 5 0 40 69 63 56 62 77 92 107 113 119 112 113 106 90 80 69 62 60 61
100 107 116 114 110 113 113 108 111 111 109 107 102 104 103 104 116 116 115 117 114 110 116 122 113 90 73 44 29 37 77 135 107 44 13 1 4 11 94 153 83 81 99 139 178 202 201 195 197 191 177 178 166 149 133 116 73 27 24 34 27 33 44 47 50 46 25 6 0 2 16 61 73 64 79 103 119 122 117 108 103 93 86 80 71 65 61 59 63 62
100 97 100 96 102 110 107 114 118 119 114 106 97 100 103 110 108 109 103 101 103 107 116 124 101 85 76 44 36 49 88 134 89 23 5 0 3 11 109 127 64 73 99 144 182 204 204 200 198 195 177 173 162 156 145 142 109 51 40 49 45 43 45 55 49 37 12 7 0 4 32 77 81 82 112 127 128 121 109 100 86 81 68 61 61 57 56 61 63 61
95 103 108 106 104 108 116 120 114 115 120 112 101 105 105 102 95 103 101 99 97 102 115 115 93 88 68 53 36 61 85 117 68 17 0 8 8 20 130 114 63 61 86 139 189 202 203 202 207 197 181 173 167 159 153 148 133 90 57 63 62 54 62 63 54 33 22 9 3 27 63 85 90 102 116 119 120 118 99 81 75 71 66 65 61 57 58 56 59 59
93 96 107 114 113 112 116 123 118 113 111 105 102 103 97 94 97 98 94 97 97 97 103 98 85 85 69 47 37 59 83 101 59 17 12 24 11 60 148 95 61 50 82 155 190 209 207 202 201 196 186 183 174 157 152 148 138 118 87 71 68 70 75 74 63 65 64 52 54 79 98 106 111 112 115 111 105 101 88 75 73 68 62 63 61 58 56 52 56 59
92 88 102 111 109 106 105 109 110 107 103 98 96 93 89 91 101 102 98 99 97 97 102 99 73 77 68 47 46 60 81 86 46 17 31 67 53 101 136 80 58 50 88 180 195 200 200 205 204 190 173 174 168 151 144 139 135 115 101 86 71 71 84 94 96 94 102 112 119 119 116 116 122 116 113 106 97 89 78 70 67 66 65 66 61 54 56 57 61 63
85 83 99 106 106 107 100 95 97 97 98 97 96 94 91 92 97 101 99 96 95 101 106 100 76 74 64 53 53 60 77 82 42 15 32 65 58 120 126 67 59 48 97 191 194 196 200 197 196 180 169 168 161 148 140 138 127 105 103 98 79 71 87 118 114 113 118 116 111 115 119 115 112 108 104 97 91 83 72 69 65 65 65 66 60 54 58 62 61 60
87 85 94 99 102 106 98 90 97 93 90 90 93 98 100 98 92 94 92 92 97 104 104 94 89 76 62 58 51 57 70 77 46 21 14 18 45 121 114 66 51 31 117 202 189 189 198 194 193 176 170 162 152 143 130 128 118 110 103 89 82 77 85 121 125 119 118 118 111 105 109 111 106 105 97 85 82 78 70 70 66 60 56 59 59 57 59 59 57 55
84 83 87 95 99 97 93 89 85 86 87 90 90 92 94 90 93 93 94 95 96 100 101 98 89 68 61 61 51 56 62 65 47 30 10 2 52 106 87 67 41 51 153 199 187 186 183 182 179 166 163 154 144 135 123 119 108 99 90 75 71 72 78 100 117 117 109 105 109 106 102 99 102 102 92 77 73 70 64 65 63 59 55 57 57 57 61 60 58 59
67 75 82 96 100 92 92 91 82 85 84 85 84 81 86 90 92 95 99 96 92 95 100 102 81 52 58 59 54 54 57 55 52 33 19 8 45 84 71 57 58 123 191 185 175 178 175 170 163 162 160 157 138 120 115 110 98 81 76 70 60 61 69 78 91 103 99 95 98 99 98 95 87 84 79 69 62 61 57 56 57 59 59 60 57 56 62 63 61 62
64 76 77 86 88 81 89 94 92 89 79 81 87 84 87 94 90 96 101 97 95 101 102 97 82 41 54 55 54 48 53 51 58 38 16 7 45 73 58 55 113 173 188 177 172 165 175 169 160 157 145 147 133 113 115 107 86 78 73 67 58 54 59 65 85 87 86 90 90 87 87 83 74 67 68 64 56 57 59 56 55 56 57 59 59 59 61 59 65 62
51 63 70 74 78 84 91 92 91 92 84 85 89 88 90 89 90 90 100 99 92 98 99 93 76 47 51 53 53 57 50 56 61 53 26 7 54 73 55 97 155 165 173 174 165 163 167 158 153 145 136 136 124 110 107 95 82 75 65 57 54 52 56 65 80 77 79 80 81 79 73 70 63 56 61 58 57 57 58 58 60 59 57 57 60 62 62 62 64 63
30 37 51 60 72 76 77 93 86 85 93 92 93 92 81 84 86 83 90 91 86 88 89 89 80 61 58 60 56 54 53 58 57 60 51 16 42 66 79 128 151 157 164 155 154 156 147 150 147 133 126 125 115 103 94 83 69 63 56 54 54 52 53 56 67 66 70 69 67 65 62 62 59 55 58 54 57 59 58 56 58 61 63 62 61 61 61 63 65 63
14 23 27 37 48 61 75 71 75 78 81 86 86 82 79 76 81 80 83 83 82 83 84 86 79 72 63 64 59 50 52 52 53 53 54 17 33 65 94 128 141 151 148 144 148 146 140 139 139 123 119 115 106 95 83 76 74 64 56 55 53 52 52 51 63 63 65 63 60 60 59 62 60 57 56 50 57 61 62 60 59 64 66 65 63 64 65 66 65 60
9 10 19 39 41 39 57 67 67 70 67 71 73 73 79 74 79 83 83 79 81 85 85 84 82 80 65 63 60 52 55 54 50 46 52 27 34 71 101 124 135 140 134 134 133 130 131 123 127 118 114 109 97 87 80 75 73 61 56 55 53 54 56 54 61 59 59 56 57 58 57 60 59 58 56 51 58 61 63 65 63 65 65 64 67 69 69 67 64 58
24 18 26 22 30 46 45 52 54 58 67 61 58 64 64 68 72 78 76 72 76 78 76 75 73 76 70 66 65 58 54 52 43 41 51 52 55 89 106 120 127 122 126 120 119 124 119 117 112 111 103 98 87 79 80 73 66 60 59 60 57 56 57 56 56 55 55 53 56 58 54 56 54 56 57 57 62 58 61 64 67 67 66 65 69 71 67 63 62 57
28 29 34 24 19 31 39 41 47 57 61 53 45 44 50 60 57 63 62 67 73 72 72 73 67 70 69 63 63 61 56 57 51 43 46 60 68 101 106 112 121 123 121 117 117 113 105 104 99 99 89 86 79 73 78 71 72 67 66 65 60 57 56 55 54 57 59 58 61 60 56 58 57 58 60 61 64 59 64 67 69 69 68 68 68 66 61 58 58 57
19 37 31 31 20 9 34 50 42 54 51 54 49 35 37 42 58 63 63 67 71 67 66 65 63 67 66 64 65 64 61 60 53 51 58 69 74 100 105 107 109 118 109 110 112 102 97 93 93 88 80 79 75 71 74 73 73 70 65 63 61 59 58 60 56 59 62 60 63 63 59 61 63 63 64 64 66 64 71 71 69 69 69 68 66 62 59 59 59 60
11 45 33 35 44 13 14 51 51 44 37 36 41 34 25 36 49 58 59 61 65 65 65 60 64 64 56 56 60 62 64 60 56 57 69 71 75 97 111 110 112 110 107 101 101 98 89 92 89 80 78 77 73 70 70 76 74 71 66 64 66 64 62 64 61 62 62 60 64 66 62 65 64 64 66 67 69 69 75 69 70 68 66 66 64 62 61 64 63 64
23 28 47 19 52 42 12 23 44 46 38 40 27 26 23 29 45 53 59 61 65 65 64 64 63 64 60 61 60 61 66 60 60 62 70 75 82 99 103 113 109 103 99 100 98 90 82 81 78 74 77 76 72 72 74 77 74 72 70 66 66 67 65 66 64 61 59 62 65 67 67 67 67 69 72 70 68 76 78 67 73 68 66 67 67 65 63 62 62 60
4 10 46 31 29 79 24 17 22 32 31 44 29 30 19 21 32 46 57 61 65 68 68 68 66 65 58 58 60 58 61 60 62 66 73 74 79 96 97 101 109 107 101 94 88 84 79 76 76 70 69 68 68 71 71 71 72 71 71 67 66 66 63 65 62 63 62 61 62 62 65 71 69 71 69 71 76 73 69 74 70 72 69 61 58 63 68 66 68 70
4 0 10 30 23 71 37 22 39 22 12 30 38 23 18 18 22 39 53 59 64 70 70 68 69 69 62 63 65 60 57 60 64 70 73 71 74 91 92 93 99 102 97 87 80 76 72 68 73 67 66 64 66 70 68 66 67 68 69 67 65 63 61 63 65 64 58 58 66 67 64 67 69 71 73 76 78 78 76 76 68 61 56 60 74 98 124 139 146 149
0 7 0 16 26 45 61 12 37 31 32 9 26 27 13 12 15 27 40 50 60 68 69 66 65 67 65 65 66 62 60 64 61 65 70 73 75 85 85 87 86 88 86 81 75 71 68 68 68 68 69 66 65 68 65 64 64 64 66 63 62 61 60 63 63 65 66 69 73 72 69 71 70 69 71 74 76 74 69 63 69 71 89 123 154 169 171 169 170 170
3 1 2 6 15 22 74 57 27 35 29 14 17 13 4 6 7 11 20 32 44 56 62 64 69 71 71 67 64 63 63 65 66 63 62 67 66 70 73 82 74 75 74 71 70 70 70 71 66 69 72 68 66 67 66 66 65 64 64 62 61 62 62 67 67 64 65 68 68 69 72 72 71 78 78 73 67 57 69 100 120 140 161 168 164 161 160 158 162 161
2 0 0 5 0 11 58 101 18 23 18 10 22 16 5 2 2 2 6 13 22 33 43 50 58 62 67 64 61 61 60 62 67 63 60 65 62 60 61 69 64 67 67 65 67 70 70 68 70 71 72 68 69 72 71 72 69 67 67 64 64 65 66 71 68 65 69 73 71 74 78 78 79 77 70 65 70 88 125 162 173 170 166 161 158 158 160 160 160 160
3 6 0 4 0 1 19 74 44 2 30 14 1 15 13 2 2 1 2 3 6 13 21 24 33 38 44 46 51 54 55 64 66 65 61 64 62 64 64 66 64 65 66 67 70 70 68 67 72 72 72 70 74 76 74 76 72 71 72 69 67 66 66 72 71 69 71 75 74 73 71 68 68 66 80 106 136 163 171 161 160 154 154 161 164 160 159 160 162 162
0 0 2 1 0 5 0 20 34 14 14 19 11 16 14 14 0 1 1 0 0 5 8 5 9 11 11 12 22 27 31 48 59 66 66 70 71 77 74 68 74 68 67 71 73 70 70 75 71 71 72 71 75 76 73 75 72 73 75 72 69 66 65 70 64 68 70 65 60 63 79 95 113 126 146 162 166 161 159 162 156 158 159 157 155 157 159 159 162 161
2 2 1 0 1 0 0 2 8 11 6 4 10 8 3 8 1 2 1 0 0 1 2 3 7 7 7 7 8 8 8 10 23 30 36 47 52 56 68 73 76 76 79 74 77 76 74 79 81 78 81 74 77 79 76 74 74 70 65 72 72 69 63 68 69 67 70 83 107 126 139 154 163 166 164 165 159 154 158 156 157 163 159 160 159 162 161 160 158 157
2 2 1 0 1 0 0 2 1 2 1 1 3 2 2 4 1 2 1 0 1 1 2 3 3 4 4 4 5 5 5 5 4 8 17 26 29 26 22 18 22 34 56 63 70 68 66 73 69 67 73 70 77 82 80 79 80 77 72 74 71 70 73 87 107 121 137 148 164 171 163 158 161 163 161 163 159 155 159 156 155 161 157 158 156 159 158 156 159 158
