27 28 29 30 35 42 48 51 52 56 41 31 31 27 26 28 31 29 27 37 50 46 40 48 52 55 49 43 48 51 46 42 49 48 50 53 52 50 55 65 57 26 40 124 193 206 179 136 132 169 196 190 176 172 149 135 117 131 145 159 189 198 176 169 187 196 200 188 168 163 166 162 166 166 166 166 167 164 163 169 169 167 165 165 165 164 161 159 163 162
27 29 30 31 34 37 38 40 43 44 32 29 31 29 29 30 31 34 35 40 49 50 46 47 47 48 46 44 42 37 37 43 46 47 45 42 44 48 51 53 57 47 32 70 151 203 198 167 131 151 173 188 176 151 126 114 104 125 152 166 177 183 181 180 195 195 192 192 189 178 167 161 163 164 165 165 167 167 164 165 163 163 165 166 164 163 162 163 160 159
28 29 30 31 32 31 30 31 33 33 34 42 49 43 34 26 32 39 44 41 35 36 41 44 46 44 45 49 47 39 37 40 41 38 36 40 45 47 51 56 55 58 44 50 95 152 185 186 156 137 151 185 158 115 101 95 96 121 147 161 166 173 185 188 189 199 195 190 196 200 187 166 160 162 167 166 164 166 163 159 165 166 168 168 166 163 162 162 159 159
28 28 28 29 29 28 28 31 35 39 44 45 39 33 34 35 33 36 42 40 33 36 47 52 51 46 43 41 40 41 40 38 39 38 37 40 44 48 51 54 55 62 61 53 50 85 146 183 179 149 137 139 104 76 72 70 76 125 160 173 173 173 187 197 192 192 192 198 201 200 193 175 158 159 170 170 165 167 165 164 163 162 162 163 164 164 162 161 162 162
28 27 26 26 27 26 28 31 30 38 46 44 35 32 34 36 38 35 37 40 43 51 56 50 45 45 44 40 36 36 37 34 39 36 37 45 50 49 50 56 61 59 56 55 47 48 92 150 156 153 140 120 88 57 44 63 106 158 186 190 184 177 185 191 204 195 189 200 205 199 198 193 151 145 160 167 162 164 165 166 167 165 162 163 165 165 163 161 163 163
28 28 27 27 26 25 26 28 30 34 41 41 41 41 36 31 30 34 38 41 49 58 55 46 45 43 42 41 40 38 38 41 39 48 51 51 58 70 75 72 67 69 65 60 60 64 84 110 133 138 140 134 116 92 84 117 170 190 190 185 180 179 180 171 195 208 199 195 200 202 203 195 157 142 157 168 165 167 167 166 165 164 163 161 160 159 158 157 161 162
27 29 29 27 26 25 25 25 29 35 44 43 41 38 31 31 37 47 50 49 53 53 47 44 48 46 42 41 40 35 37 46 58 77 95 105 113 119 121 119 117 120 129 133 132 136 140 140 150 149 147 148 144 143 141 146 157 160 157 157 160 166 170 163 179 201 200 199 206 207 205 193 158 138 153 166 162 165 164 162 162 164 165 164 163 163 163 162 160 162
27 29 29 27 26 26 26 26 31 33 40 42 43 42 36 41 48 53 51 53 59 54 46 50 50 54 52 47 49 58 81 109 127 147 162 163 160 160 163 165 164 167 174 174 173 176 176 171 164 167 160 163 160 158 158 157 151 152 148 147 149 151 152 152 155 168 167 178 195 208 212 193 153 134 151 164 159 165 166 164 163 165 166 166 165 164 162 160 162 164
29 32 31 27 24 26 27 27 31 28 36 42 44 52 55 52 54 55 53 56 59 57 58 63 63 60 57 66 89 114 140 162 169 174 173 175 172 167 171 171 174 171 174 178 176 174 173 171 170 169 165 164 165 161 157 159 161 160 159 159 157 155 153 152 149 152 153 153 162 176 185 185 140 127 156 172 164 167 165 164 160 161 161 161 162 163 162 160 161 163
37 30 25 24 25 25 26 27 36 37 42 47 58 64 62 66 63 63 64 63 65 67 67 68 70 77 89 109 135 154 166 177 168 170 169 171 171 171 175 176 175 174 174 173 172 176 178 174 170 171 168 163 161 161 161 160 160 158 156 156 157 157 156 156 154 151 152 152 150 153 155 153 138 132 154 167 164 166 164 165 166 164 163 163 163 162 163 163 164 164
30 30 32 35 34 31 32 35 35 37 41 52 70 76 73 80 80 79 85 86 86 88 86 90 101 112 127 145 161 169 168 169 170 167 168 166 166 168 168 170 175 176 176 174 175 182 184 180 175 176 177 173 169 168 168 165 165 162 159 158 159 159 157 156 156 152 154 154 149 150 153 150 152 151 154 155 156 159 161 167 166 166 167 167 165 162 162 165 163 163
39 44 46 42 35 34 37 40 29 30 40 58 78 87 91 100 108 103 111 114 110 108 107 115 129 142 155 164 170 171 167 165 166 164 168 165 163 164 161 166 172 173 178 182 185 188 190 189 182 179 181 182 178 174 173 171 169 167 166 165 164 161 158 157 155 156 156 154 151 154 155 149 151 156 152 148 149 148 149 151 159 161 165 166 165 163 164 166 162 162
55 53 48 41 36 36 38 41 47 55 72 91 104 104 104 116 118 116 124 129 132 136 141 151 160 166 168 167 167 169 169 170 167 164 169 167 165 164 160 163 167 170 177 183 188 191 193 194 191 185 183 184 181 179 179 177 168 168 168 168 166 163 162 162 163 166 164 160 159 158 152 147 150 157 155 154 153 151 151 148 143 149 157 162 166 168 165 161 161 161
58 50 44 41 39 38 44 52 66 75 84 90 95 88 88 108 124 136 145 151 157 162 163 161 164 168 170 169 170 170 168 165 167 163 164 165 166 166 162 162 162 168 173 177 184 192 195 194 192 191 190 186 183 183 182 177 171 170 168 166 164 162 162 163 165 164 159 158 160 155 149 151 153 155 155 153 149 149 152 150 141 142 143 148 156 162 163 162 163 162
63 51 41 39 39 41 49 57 59 57 52 50 54 57 69 95 131 153 159 162 167 170 175 173 171 172 172 170 167 164 161 158 157 156 156 162 166 166 166 164 161 164 168 176 186 194 196 196 191 195 194 189 185 182 179 177 178 174 169 167 166 164 163 162 166 163 158 158 158 155 154 157 154 154 158 156 150 148 148 147 151 144 137 135 138 143 152 161 158 158
61 49 38 39 48 53 50 44 38 28 25 28 34 44 58 74 112 146 160 171 176 172 177 178 178 179 178 173 164 157 152 148 153 156 156 164 166 162 163 161 161 161 166 181 195 198 197 199 198 201 199 194 188 181 179 185 181 175 169 168 170 170 166 163 161 161 162 161 159 160 161 158 155 154 160 158 152 149 147 148 147 144 144 144 137 129 133 144 162 164
58 49 48 51 49 43 38 44 51 62 62 67 63 59 61 66 95 132 160 173 178 178 181 182 186 187 183 164 146 142 140 139 151 157 154 163 165 162 155 153 150 141 147 180 195 199 201 203 201 200 196 191 189 188 187 185 187 176 175 173 168 168 169 167 166 166 162 163 162 161 163 156 159 159 156 154 154 153 151 152 151 148 144 141 141 137 132 128 137 154
56 51 49 45 43 47 59 74 91 95 96 107 109 107 105 105 103 124 154 174 181 181 181 185 195 192 182 162 147 142 140 142 145 153 162 161 161 155 148 137 123 104 146 188 192 197 200 203 205 203 202 198 192 192 194 191 176 156 156 172 178 172 169 175 175 169 163 164 162 159 160 159 159 156 151 152 155 151 148 151 148 147 146 147 146 141 134 131 130 135
63 52 45 45 57 73 78 81 87 90 93 105 110 120 134 145 141 141 157 170 179 186 188 196 201 190 172 156 150 145 138 140 146 151 160 160 167 150 111 113 83 86 162 196 191 199 202 209 212 210 211 207 197 194 195 192 185 169 165 174 182 179 173 175 177 170 166 164 164 162 159 161 159 158 154 154 157 154 151 154 149 150 148 144 141 140 138 135 128 121
47 48 53 57 65 72 71 71 68 78 92 105 106 118 135 147 161 164 170 172 177 184 191 199 208 191 167 150 146 138 132 141 148 152 156 167 166 116 79 79 57 115 192 198 191 197 201 211 213 213 213 209 202 198 197 194 196 193 188 183 185 186 178 175 174 171 171 165 165 165 157 158 157 161 160 156 156 158 156 154 152 154 150 141 136 139 140 137 136 127
47 47 50 52 55 61 65 71 73 81 91 98 99 114 127 133 144 154 150 159 175 185 197 202 205 192 171 152 138 120 114 131 143 154 168 180 132 72 78 45 59 156 205 195 190 190 198 208 217 217 213 210 208 203 197 196 198 198 196 192 190 184 175 176 174 172 172 165 162 161 154 155 154 156 156 154 153 156 156 151 151 152 153 149 144 142 140 137 138 135
44 44 49 53 58 62 65 70 69 76 84 88 91 108 119 128 139 152 145 156 173 181 200 210 209 191 167 145 127 107 106 127 144 165 184 169 89 72 72 29 81 175 198 192 188 188 202 214 223 223 216 213 213 206 199 199 200 200 198 192 190 186 178 177 174 167 166 164 159 155 153 156 150 148 147 150 153 153 151 150 150 147 150 155 151 144 141 141 136 137
41 42 48 53 59 64 64 66 63 69 76 81 85 99 110 126 137 147 148 161 178 186 200 208 209 190 166 143 120 99 101 126 156 183 184 133 85 91 50 29 104 180 194 192 180 191 209 223 224 222 217 214 213 209 206 207 204 204 201 190 189 193 187 179 170 163 160 163 156 150 151 148 144 147 145 148 155 153 149 154 154 147 147 151 148 143 143 143 140 140
41 45 52 54 58 63 63 63 66 68 74 83 92 104 110 126 139 152 163 173 183 193 205 214 205 189 168 138 103 79 91 126 165 193 175 100 107 83 36 29 119 186 201 193 169 191 209 225 226 223 219 215 209 206 206 208 210 206 203 197 193 191 183 177 168 164 162 163 154 147 145 132 137 150 148 146 155 153 150 158 157 152 150 147 144 145 146 142 144 140
41 44 50 55 58 62 66 66 72 72 78 90 100 107 120 136 148 155 167 175 188 198 208 222 210 180 150 119 77 68 92 127 174 198 158 116 120 66 35 61 135 190 213 183 160 177 206 217 218 219 213 205 203 203 208 216 207 209 201 197 196 190 185 177 168 164 161 158 154 153 148 137 140 147 147 147 151 149 145 148 152 151 147 143 143 145 144 142 139 140
43 47 54 62 69 74 74 72 74 79 84 95 109 116 126 141 155 161 172 183 191 199 211 221 211 183 138 93 58 61 95 138 188 205 161 141 97 41 58 121 168 199 205 173 155 178 208 217 213 213 205 196 199 209 213 214 211 207 201 201 194 184 182 180 172 165 161 159 156 153 150 147 143 147 144 139 143 149 149 146 145 147 147 145 145 144 142 139 136 137
40 50 61 72 82 83 78 76 80 91 96 104 118 126 135 149 162 172 182 192 195 203 217 218 207 179 120 67 45 54 90 144 192 199 158 149 66 20 50 107 168 200 200 156 139 174 210 221 210 202 195 198 207 210 211 215 216 208 204 202 189 177 174 170 169 164 161 160 157 151 150 153 149 143 141 144 146 146 146 145 150 151 149 145 142 140 138 137 139 141
47 59 70 77 83 80 74 75 86 98 106 111 123 135 148 162 169 183 189 196 200 208 221 214 201 169 103 56 44 47 72 131 185 187 156 120 38 19 24 33 108 181 197 145 135 179 207 208 208 202 195 195 204 212 215 216 213 207 203 199 190 180 172 164 167 166 164 164 161 153 151 156 153 146 145 149 148 143 142 144 153 154 149 142 138 137 136 138 143 146
51 61 67 72 80 82 84 91 103 110 117 122 130 145 161 171 179 189 191 198 205 210 220 216 200 164 94 53 51 49 65 120 173 173 147 79 26 27 27 8 68 171 184 124 133 187 209 206 206 203 200 201 207 213 214 214 208 203 199 195 190 180 169 165 168 168 164 161 161 156 152 152 153 154 148 141 141 142 141 139 145 148 147 143 143 142 141 144 148 151
51 57 63 71 82 88 93 99 105 108 117 128 141 160 177 184 188 191 192 202 209 209 214 215 193 156 87 48 51 58 72 118 162 159 125 52 25 24 33 15 56 163 165 114 138 187 204 206 207 204 206 214 218 216 212 211 209 203 198 194 188 176 167 171 169 167 162 160 161 162 159 154 155 151 142 138 139 137 134 135 139 144 143 142 145 146 146 149 155 159
47 52 63 77 90 99 104 107 105 110 120 134 149 163 175 184 188 190 198 207 209 209 208 204 181 145 81 45 47 58 73 110 148 146 105 44 24 20 24 13 62 150 140 110 146 184 200 205 208 213 216 213 213 217 216 210 205 197 195 189 180 171 166 170 155 155 158 161 162 164 162 157 160 146 141 146 142 130 127 134 139 143 141 140 144 146 145 149 158 162
53 58 70 85 95 104 110 111 112 121 133 147 159 166 174 185 183 189 205 210 208 210 204 191 181 144 85 52 50 57 67 99 127 132 95 42 21 30 28 24 83 145 121 108 158 193 209 211 208 212 217 218 213 210 210 209 196 189 187 176 163 158 152 148 147 153 167 175 174 173 174 171 163 150 148 149 139 129 129 133 142 146 146 146 152 152 150 153 159 164
56 66 77 89 101 105 108 114 120 126 132 148 167 178 186 190 191 196 208 218 212 203 201 193 185 147 93 65 57 51 65 87 110 119 93 46 25 35 39 53 110 132 114 124 166 190 208 214 216 215 211 220 219 208 208 207 195 185 180 163 146 142 141 148 157 170 183 188 183 179 180 174 165 150 144 124 100 98 118 130 140 151 156 157 155 150 154 162 163 165
59 71 81 92 105 111 115 122 128 137 147 161 174 179 184 187 190 198 211 219 210 199 194 186 181 148 98 73 67 61 67 79 92 111 91 58 38 39 52 76 123 127 117 140 179 199 213 216 222 221 215 219 218 210 207 199 192 177 162 147 141 143 152 169 190 191 193 194 189 183 180 173 166 151 128 90 56 66 112 135 147 157 162 160 155 152 156 158 161 163
67 77 88 100 112 116 118 123 139 149 158 168 175 176 180 185 195 202 210 212 203 194 189 180 171 145 103 77 71 66 68 74 91 103 91 75 55 26 31 87 141 125 128 168 202 213 222 224 226 225 216 214 213 207 202 190 175 160 146 143 152 168 183 190 200 199 196 197 195 189 183 172 161 147 108 58 28 59 120 143 162 165 167 166 161 160 164 162 158 159
72 82 95 111 123 122 120 123 143 152 158 167 173 176 186 195 201 205 205 202 195 188 181 170 164 146 114 90 79 72 73 80 88 95 97 93 81 40 24 98 162 143 161 206 225 222 221 221 217 217 210 206 203 197 189 176 157 141 144 162 170 179 196 204 200 201 198 197 194 189 181 167 161 142 101 47 18 62 132 171 181 178 172 170 166 164 164 161 164 165
78 89 106 125 136 131 129 135 146 153 158 165 170 172 181 190 197 201 198 193 187 180 171 160 157 144 123 103 89 77 75 84 93 97 97 97 110 102 88 135 165 165 190 222 228 219 211 208 203 204 201 197 191 183 175 167 158 160 173 178 168 167 185 203 209 206 200 197 194 186 178 169 163 154 125 51 13 87 155 174 180 184 177 169 167 165 163 159 162 163
86 99 115 129 135 131 131 141 141 148 155 165 172 171 175 180 185 190 186 180 177 173 170 165 159 148 133 116 102 89 85 93 103 114 114 115 121 128 133 154 168 183 201 211 211 208 205 200 202 200 195 189 183 178 176 174 177 179 182 173 153 130 138 182 208 203 198 199 196 184 176 171 166 161 142 63 22 110 168 162 163 179 179 171 168 167 165 160 158 160
100 113 124 130 135 136 138 145 146 152 157 166 172 171 172 175 180 183 176 171 170 170 170 170 158 149 139 125 112 102 96 101 115 126 127 131 134 143 155 167 188 201 202 202 202 200 201 200 205 202 196 188 184 185 187 188 192 189 177 147 121 93 93 146 195 199 200 200 194 182 174 169 167 167 137 54 24 120 171 156 153 170 177 175 169 165 162 157 156 159
101 113 119 122 130 138 140 141 147 151 152 161 168 170 174 180 182 184 176 171 172 169 166 163 155 153 149 138 126 116 107 109 127 144 153 154 162 175 173 181 196 201 195 199 203 197 198 200 200 200 198 192 191 195 194 192 194 181 164 124 86 54 57 120 181 198 204 198 190 185 181 175 182 168 113 45 41 129 165 155 148 156 168 176 172 163 161 159 158 161
101 113 125 121 121 134 140 140 145 146 152 154 158 165 170 177 179 179 178 173 167 163 161 159 157 152 140 130 133 132 124 127 146 161 168 172 178 180 185 190 195 193 195 201 203 200 199 201 195 195 197 199 197 196 197 191 188 176 148 89 47 24 40 116 183 196 200 195 192 188 184 181 192 151 89 36 49 138 161 152 149 142 160 176 177 167 163 154 154 156
102 114 120 110 113 128 134 135 143 148 158 161 162 165 168 173 175 176 177 174 167 163 160 156 154 146 131 125 134 139 141 153 171 180 181 182 185 187 191 194 193 195 199 203 205 203 200 199 194 197 200 203 200 197 196 190 181 170 137 51 12 20 45 130 172 188 192 191 194 189 186 194 183 123 67 31 52 145 166 153 139 128 143 163 170 165 162 156 152 154
100 113 118 112 119 128 130 134 139 146 159 165 168 171 173 177 176 178 181 178 171 164 158 152 151 144 134 133 143 150 156 171 183 192 196 199 198 197 198 196 197 199 199 197 198 200 198 195 192 193 194 198 200 201 203 198 182 166 145 58 0 23 67 133 164 183 192 195 196 189 191 203 163 98 57 32 59 162 178 149 129 111 123 146 160 157 153 148 150 154
102 110 115 118 125 130 134 144 145 148 156 162 167 171 170 171 175 178 179 175 171 163 155 149 148 144 145 147 153 158 164 174 185 198 209 214 208 203 203 200 200 200 198 196 197 198 196 194 197 199 201 208 214 216 212 202 183 165 154 99 28 30 83 120 165 180 188 194 194 192 195 195 142 91 62 33 58 175 189 144 127 100 105 127 146 149 146 141 142 147
102 108 114 123 128 131 139 148 150 152 157 160 165 170 170 170 173 178 174 169 169 163 154 151 143 141 148 151 151 158 167 171 176 193 209 216 212 211 220 224 220 215 209 206 205 204 204 205 215 222 229 237 240 231 214 195 171 163 154 129 75 49 76 96 140 167 182 186 185 189 198 195 138 94 67 31 56 177 194 149 116 82 80 98 123 135 136 135 134 139
94 103 110 118 122 126 134 139 143 148 155 159 164 171 174 178 177 179 171 164 164 159 150 147 140 138 145 145 142 149 157 159 167 183 195 200 196 195 203 210 218 213 212 216 220 221 222 226 224 233 237 240 236 223 205 188 175 158 142 121 89 67 68 76 109 148 167 175 181 183 189 186 141 94 61 30 56 170 188 149 105 73 70 84 108 124 127 128 129 133
88 97 97 103 111 114 123 131 140 145 154 156 158 165 170 176 176 172 166 159 155 152 145 137 135 132 133 131 129 130 132 137 154 167 175 180 180 177 178 180 178 179 184 194 201 201 199 200 206 211 210 207 204 197 188 178 165 141 121 97 78 73 63 53 78 119 145 158 160 157 167 171 143 93 55 27 53 162 178 136 94 67 65 72 92 109 114 118 130 135
85 93 94 104 116 114 118 129 145 149 156 156 158 165 170 176 173 166 162 158 152 152 148 136 129 123 118 115 115 113 112 121 130 141 147 156 165 164 162 161 157 155 156 161 168 173 176 179 178 183 180 179 180 179 173 163 149 128 101 74 67 72 63 47 52 82 109 131 135 137 158 167 151 103 60 27 52 162 179 129 90 65 62 62 79 100 110 118 121 126
86 95 103 112 117 127 129 131 139 146 152 157 158 164 171 168 161 164 161 152 148 149 145 137 131 126 116 106 104 102 100 104 104 113 119 124 139 148 145 142 136 134 131 139 144 148 160 168 169 171 168 167 167 165 161 147 128 108 82 62 70 78 58 47 43 64 99 118 138 150 162 176 170 107 61 24 47 148 173 126 93 69 59 57 66 85 97 109 116 124
86 94 104 115 118 123 126 133 132 136 141 147 152 159 165 160 159 165 163 155 149 145 140 136 138 129 116 101 93 89 84 86 90 89 87 93 102 107 113 116 114 110 114 114 113 124 132 132 140 146 147 152 155 147 139 131 113 85 65 72 80 72 58 43 35 63 104 131 150 162 181 194 153 83 46 24 41 125 151 116 84 65 56 54 62 78 88 97 114 124
77 87 97 109 112 118 123 131 134 136 139 146 154 162 165 159 158 164 162 157 152 146 140 139 133 121 108 93 80 76 74 74 70 73 69 67 68 76 86 82 89 97 99 91 97 102 97 106 115 122 128 135 136 131 124 117 96 71 63 72 65 54 50 40 40 59 91 123 150 170 191 189 116 60 40 28 40 115 143 115 82 68 60 55 61 75 82 88 100 109
69 80 88 97 104 118 124 129 134 136 137 144 152 159 160 154 154 156 153 149 148 142 135 136 127 111 98 82 67 63 62 61 64 60 56 56 57 59 64 69 77 80 89 93 89 88 89 92 92 99 113 120 116 117 115 101 86 74 72 56 42 49 46 38 43 48 63 92 125 151 169 147 83 46 39 31 37 99 121 99 72 65 59 54 60 75 83 88 94 100
64 73 79 86 94 109 118 124 132 137 140 146 152 155 157 154 152 152 146 143 142 137 132 132 122 99 82 68 56 53 52 51 52 50 54 54 57 58 57 70 82 82 87 97 90 83 89 83 78 82 94 99 97 104 106 94 84 76 54 20 21 48 50 41 38 43 52 73 97 123 138 107 54 45 41 25 36 97 111 85 66 66 61 54 59 71 78 82 84 89
59 64 68 77 81 93 102 112 122 130 136 143 146 146 149 149 148 148 146 143 142 140 138 136 112 83 62 54 52 52 51 50 48 47 49 58 78 89 88 92 93 99 93 98 97 92 96 86 82 81 83 84 88 91 86 83 80 76 43 15 24 47 53 45 42 46 53 65 82 105 120 90 58 50 41 29 43 87 92 77 68 73 68 59 60 65 68 70 78 87
57 62 65 72 77 87 94 102 111 122 130 137 139 138 141 142 140 140 141 140 139 140 137 130 97 68 48 46 49 49 46 47 49 57 72 108 127 116 109 105 104 105 106 108 101 105 115 99 81 78 76 76 84 89 81 78 78 75 49 24 24 39 50 50 47 45 48 56 69 89 103 78 57 52 40 27 38 72 73 63 66 74 69 60 59 62 64 67 76 86
55 61 63 69 76 90 93 94 104 115 124 132 134 132 134 135 138 137 138 138 137 138 132 116 77 53 39 41 46 43 41 46 56 89 106 115 90 65 91 108 117 125 125 118 113 114 115 113 102 90 78 67 72 86 85 79 76 75 66 38 29 45 50 50 46 43 48 53 61 76 88 70 58 51 41 32 39 62 63 62 69 78 72 61 59 61 64 67 73 81
45 53 62 66 71 78 83 90 96 108 118 122 125 130 133 134 133 133 136 138 138 136 119 95 65 39 43 37 48 42 39 56 96 118 72 33 10 45 111 120 125 133 142 141 126 108 104 110 120 98 80 74 69 73 83 80 74 77 74 62 51 50 51 48 45 44 48 54 60 69 75 72 54 55 49 32 39 56 55 64 79 75 69 62 58 62 67 67 70 73
41 47 55 59 67 75 81 88 93 103 111 114 119 125 130 132 132 129 131 135 137 133 111 82 58 44 42 37 43 43 50 89 110 61 17 11 21 75 125 122 124 137 146 146 138 125 116 115 114 103 93 86 76 70 72 71 76 77 78 71 57 47 46 47 47 46 48 52 57 66 71 70 60 58 50 35 39 53 58 65 77 70 63 59 59 63 65 63 67 71
35 39 45 50 60 69 75 83 90 98 105 108 112 118 123 125 128 123 125 130 132 124 99 71 55 45 37 38 39 48 71 112 70 19 21 40 72 118 134 120 127 139 144 145 147 142 133 131 122 118 109 102 90 76 71 68 66 65 66 64 53 44 44 47 51 50 52 54 57 64 69 69 65 63 51 37 37 49 61 66 69 64 59 57 59 62 63 62 66 69
30 33 38 43 51 61 67 75 83 92 100 105 109 113 117 120 124 123 126 129 126 115 93 71 57 42 31 39 38 57 96 98 28 18 24 27 76 122 129 125 131 138 139 141 149 148 143 146 139 132 122 117 108 95 85 75 64 59 53 48 44 44 47 47 51 52 55 57 59 63 67 67 67 67 49 34 34 45 60 64 61 61 60 60 61 62 63 64 66 68
28 29 34 38 44 51 57 65 72 82 93 100 105 109 114 119 118 120 125 127 120 106 86 69 55 40 30 39 43 67 112 69 29 27 33 21 30 79 129 123 130 140 141 141 149 149 145 147 148 139 132 130 123 113 104 90 84 74 61 51 46 48 49 48 50 51 54 56 58 61 64 66 71 68 42 26 33 45 58 60 59 61 63 64 64 63 63 65 67 68
27 28 32 34 39 44 48 57 66 75 86 93 97 100 107 114 112 118 124 125 116 100 79 62 47 41 32 39 51 78 116 53 23 26 25 21 17 53 118 125 126 143 147 141 144 149 147 145 151 146 142 140 132 125 122 114 107 96 83 72 61 54 52 50 52 54 55 55 57 59 63 66 74 65 35 22 35 49 56 57 61 65 66 66 67 66 64 65 66 67
26 26 30 32 35 39 43 51 63 70 79 85 88 92 98 105 112 119 126 125 114 95 72 55 42 40 35 43 59 91 110 47 20 22 24 29 19 51 108 117 118 139 148 142 141 148 151 148 151 152 149 147 142 136 135 132 120 116 106 91 76 67 61 56 56 58 57 57 58 59 62 65 72 57 34 29 41 49 53 56 61 66 67 65 68 69 67 66 67 67
26 25 28 30 34 38 41 49 57 64 72 80 85 88 94 101 107 117 124 120 106 86 63 47 43 38 36 48 63 101 103 45 20 28 26 24 19 59 103 114 107 128 144 145 144 148 152 152 148 153 152 152 152 146 139 134 129 131 122 102 85 80 73 62 57 59 59 59 59 59 59 62 67 50 37 38 45 47 49 55 58 66 68 65 67 69 69 70 67 68
26 26 26 28 32 36 39 43 49 56 64 71 78 82 86 90 103 113 121 116 97 78 63 49 45 42 40 49 68 95 91 45 22 32 33 34 44 72 104 107 98 120 143 146 146 151 150 151 152 153 158 161 155 151 151 143 136 134 132 118 105 98 86 73 67 63 61 60 60 60 60 60 55 48 43 45 50 52 55 60 61 64 67 67 67 68 68 65 68 70
25 25 24 25 29 32 35 40 47 52 57 62 70 76 82 87 95 105 117 110 96 81 62 55 48 45 42 49 66 91 85 40 30 41 52 59 61 79 106 106 93 116 141 147 150 156 157 159 156 158 161 165 161 156 154 147 143 139 132 117 106 103 93 83 70 65 61 59 58 58 58 58 55 54 54 56 57 55 56 60 61 63 65 66 66 68 69 67 67 69
26 26 25 25 28 30 33 37 40 45 50 56 64 70 75 79 90 98 110 101 89 76 55 54 49 47 45 53 67 85 81 46 34 42 59 70 66 78 102 99 86 110 135 145 151 157 158 160 160 163 165 169 167 161 157 153 145 139 132 118 108 105 97 86 75 69 63 60 58 58 58 58 56 58 60 61 61 59 59 61 62 63 65 66 67 68 70 70 72 73
27 27 26 26 28 29 30 34 36 40 45 51 59 65 69 73 79 87 97 92 80 68 55 52 52 52 52 60 66 74 72 50 36 36 46 55 54 70 92 90 86 110 134 147 154 158 157 158 162 164 164 167 167 161 157 155 144 137 129 115 105 102 94 84 78 72 65 61 58 58 57 57 57 58 57 57 58 61 62 63 66 64 66 68 68 69 71 73 75 76
25 26 25 25 26 26 27 30 31 33 36 41 48 53 59 66 73 79 85 87 74 62 58 49 50 54 56 60 63 68 69 53 38 33 32 37 47 67 84 81 86 110 133 148 157 159 157 157 161 163 161 163 163 158 155 154 145 135 125 112 101 97 91 85 77 71 65 61 58 56 54 53 55 55 53 53 57 62 64 65 68 66 67 69 69 69 71 73 76 77
24 25 25 25 26 25 26 28 33 37 40 44 49 53 58 64 71 75 76 82 71 59 59 46 46 56 57 57 61 70 71 56 42 36 30 33 47 67 76 74 86 109 130 147 158 157 156 157 160 162 161 162 160 156 154 151 140 129 121 111 101 94 87 83 77 72 68 64 60 57 55 53 52 54 56 58 61 65 67 68 69 67 68 70 70 70 71 73 76 78
24 26 25 26 26 26 27 30 32 37 42 46 48 50 54 60 65 66 68 74 69 60 57 48 48 59 59 58 61 66 68 57 46 39 34 36 47 60 68 71 89 113 132 148 156 153 153 156 155 157 159 160 156 151 149 142 128 116 110 107 99 90 81 77 75 72 69 67 64 61 59 58 55 58 61 63 66 68 69 70 70 70 71 72 72 73 75 76 76 78
23 25 25 25 26 26 27 30 33 37 40 41 42 44 50 59 64 62 65 68 65 58 49 43 45 53 55 59 61 60 64 64 49 41 37 38 43 52 63 73 91 115 132 145 151 145 145 150 146 150 154 156 149 144 141 130 120 104 98 96 91 83 75 74 70 69 68 67 65 63 62 62 62 62 62 65 68 70 71 72 72 73 73 74 74 77 79 80 81 83
23 24 24 25 25 25 26 27 29 30 33 36 39 44 52 59 59 59 60 61 58 51 46 45 50 54 57 59 62 63 62 61 56 49 41 39 43 53 63 71 89 110 127 137 138 133 136 143 142 144 143 140 139 137 129 122 110 103 96 92 86 80 75 72 70 69 67 65 66 67 66 65 65 67 69 71 72 72 72 74 73 75 78 77 78 81 82 81 82 88
23 23 24 24 25 25 26 26 27 28 30 34 37 42 49 55 59 60 61 60 56 52 48 45 49 53 58 61 64 66 64 63 60 55 49 45 48 56 67 76 89 106 119 128 130 127 127 131 131 131 131 130 129 125 117 112 104 97 90 84 80 77 73 70 70 70 69 68 68 69 70 70 69 71 73 74 74 73 73 74 76 75 75 76 78 81 83 83 82 85
23 23 24 24 25 25 25 26 26 26 27 30 33 36 42 47 50 55 58 57 56 55 52 48 52 56 59 62 65 66 65 63 63 61 57 54 53 58 69 77 91 105 112 118 122 121 121 121 119 118 118 119 117 111 103 100 95 89 81 76 73 73 72 69 72 73 73 72 71 71 73 74 74 75 76 77 76 75 74 75 76 75 75 78 80 81 82 83 84 82
24 24 24 25 25 26 26 26 26 26 26 27 28 31 34 36 41 47 54 58 60 59 56 53 56 59 60 62 65 67 67 67 64 64 63 60 58 60 68 75 91 102 106 108 111 113 114 113 110 110 108 107 105 99 93 90 85 82 77 72 70 73 73 71 74 75 75 74 73 73 74 75 76 77 77 77 77 76 76 77 78 79 81 82 82 84 85 85 84 79
25 25 25 26 26 26 26 26 27 26 25 25 26 27 28 29 33 37 45 53 56 55 55 55 57 59 61 63 67 69 71 71 67 67 66 64 62 63 68 73 85 94 98 99 99 101 103 102 101 102 99 94 91 89 85 81 77 77 76 73 72 75 76 74 77 76 76 75 75 75 75 75 76 76 76 77 78 78 78 80 80 81 82 81 81 85 86 84 77 71
25 25 25 26 26 26 26 25 26 25 25 25 25 26 26 27 26 28 34 43 48 50 54 59 57 60 63 65 68 68 68 69 71 70 69 67 65 66 71 75 79 88 93 94 93 92 94 92 93 95 91 85 82 82 80 76 73 75 77 76 75 77 78 77 77 76 75 76 77 77 77 77 76 76 76 77 78 79 80 82 82 82 83 84 85 86 82 76 63 61
25 24 24 25 25 26 25 24 24 24 24 24 24 25 25 25 23 26 29 34 39 45 52 57 56 59 62 64 65 65 64 65 70 69 69 68 67 67 70 73 76 82 85 87 87 87 88 86 86 87 84 80 79 78 76 75 72 74 76 77 76 77 78 77 76 75 75 76 77 77 77 78 77 77 77 78 80 81 81 82 84 83 84 86 84 77 71 66 64 66
24 23 23 24 24 25 24 23 22 23 23 23 23 23 23 22 22 25 26 26 29 35 41 44 50 53 57 59 62 63 65 68 65 66 68 68 67 66 67 68 71 74 74 77 79 81 83 81 80 79 78 78 77 74 73 74 73 73 75 77 77 77 77 76 75 75 75 76 76 76 76 77 78 79 79 80 82 82 81 82 83 78 76 75 67 57 53 56 59 62
25 24 23 23 23 24 24 23 23 23 24 23 23 22 23 23 22 24 26 25 24 25 29 32 37 40 45 50 55 58 62 63 65 70 70 68 70 69 66 66 72 70 70 74 76 74 75 80 76 75 76 78 79 75 73 74 73 72 74 75 75 75 75 73 72 77 73 75 78 76 76 78 79 82 82 80 80 80 74 67 72 95 107 109 100 89 82 68 53 49
24 24 24 24 23 23 23 23 23 23 23 23 22 22 22 23 25 24 24 23 23 23 24 24 28 29 31 33 37 42 48 52 59 65 68 69 71 71 69 70 70 73 73 72 74 77 76 74 73 77 78 77 76 76 75 74 71 73 77 77 74 72 72 72 75 74 72 76 73 78 79 78 71 71 72 74 71 70 82 101 121 142 150 157 160 153 146 140 128 125
23 24 24 24 23 23 23 23 23 23 23 23 23 23 23 23 24 24 23 24 24 25 25 25 23 23 24 24 26 28 30 32 34 41 47 53 61 66 68 70 70 73 72 69 72 77 79 76 75 77 77 74 73 74 76 78 73 74 76 75 73 72 73 74 77 76 79 79 66 69 69 70 74 79 81 89 106 121 135 147 159 165 159 160 165 163 165 166 168 165
24 23 23 23 23 22 22 23 23 23 23 23 23 23 23 23 21 22 23 23 22 22 23 25 23 23 24 25 25 24 23 22 26 26 25 28 37 47 55 61 64 65 67 69 70 69 71 76 77 75 75 78 78 76 76 81 80 77 74 74 76 76 74 72 74 73 74 72 83 90 93 100 114 130 138 143 158 169 167 164 161 162 160 162 161 161 163 157 165 163
26 24 23 24 24 23 23 23 23 23 23 23 23 24 23 23 23 24 24 23 22 21 22 23 24 23 23 24 24 24 25 26 26 25 23 22 25 32 42 51 51 52 58 63 60 50 48 54 54 53 56 64 67 61 57 57 56 55 57 62 68 67 60 56 53 52 53 72 135 150 149 155 157 164 166 167 168 163 158 160 159 160 161 160 158 162 166 162 159 157
27 25 24 25 26 25 24 24 23 23 23 23 23 23 23 23 25 24 23 23 24 25 25 25 26 25 24 25 25 25 25 27 23 25 26 26 25 30 42 52 59 59 59 57 48 34 27 27 27 29 32 36 39 37 33 31 30 37 45 52 56 50 41 37 43 48 51 89 167 175 163 164 163 160 157 158 160 158 157 161 160 165 162 156 157 160 162 163 159 159
26 25 25 27 26 24 23 23 22 23 23 23 23 23 23 23 21 21 21 22 24 25 25 25 27 26 26 28 28 26 25 25 27 26 26 26 26 33 48 60 63 58 53 52 49 43 35 33 26 27 28 28 29 28 29 33 40 47 53 55 52 43 36 37 46 55 60 111 164 168 159 163 156 158 162 163 161 161 161 159 160 162 160 157 158 159 159 161 164 164
25 25 26 27 26 23 22 22 23 23 24 24 23 23 24 24 22 24 25 25 24 23 24 25 25 24 24 26 27 26 27 28 25 24 28 33 38 46 55 61 58 48 41 45 50 46 37 32 30 28 29 31 29 24 28 38 48 52 52 49 45 40 41 48 57 66 74 135 165 167 159 161 160 156 159 162 158 156 160 161 160 156 162 166 163 162 160 158 159 159
26 27 27 26 25 24 23 22 22 23 24 23 22 22 23 23 23 23 23 22 22 23 24 24 24 26 25 30 25 23 23 23 23 28 30 37 48 59 67 67 58 52 51 50 47 40 34 34 30 30 30 29 28 28 35 45 53 45 45 44 41 43 47 52 59 63 106 154 169 163 156 162 158 159 160 159 157 158 160 159 161 159 159 160 161 159 159 162 159 157
15 18 20 22 24 25 25 25 22 23 24 23 22 22 22 22 23 23 23 22 23 24 25 25 21 23 22 24 17 19 28 36 36 36 39 52 60 56 55 56 57 52 52 50 46 40 33 33 28 30 30 27 27 32 41 48 44 36 38 40 39 42 44 46 53 89 143 165 160 158 158 159 157 158 159 158 156 157 159 158 161 159 158 159 160 158 157 160 159 157
