141 140 141 142 141 139 139 139 139 138 138 139 138 137 138 138 138 140 139 138 140 140 139 139 136 138 138 140 139 136 138 139 137 138 138 137 137 138 139 139 137 138 138 137 137 136 135 136 136 136 136 136 136 135 135 137 135 135 135 135 134 135 135 135 135 134 134 134 134 133 134 133 133 134 134 133 132 131 132 132 133 134 134 133 132 133 132 131 129 129
139 138 138 139 139 138 138 137 139 138 140 139 138 140 140 139 139 139 138 137 138 138 137 137 140 139 136 137 138 137 138 137 137 138 138 137 137 137 137 137 136 137 136 135 136 135 134 136 135 136 136 136 136 134 134 136 135 135 135 135 135 135 135 135 135 134 134 135 134 134 134 134 133 133 133 132 132 132 132 132 132 132 132 131 131 131 131 131 132 132
140 141 141 140 139 140 140 140 139 136 139 138 138 140 137 138 138 138 137 136 137 138 139 139 140 139 135 136 137 136 137 136 136 137 138 137 136 136 136 136 137 137 136 136 136 136 136 137 135 136 136 136 135 134 134 136 134 134 134 134 134 134 134 134 134 134 134 134 134 134 135 134 133 132 132 132 132 133 133 132 132 132 131 131 130 131 131 131 131 131
136 139 139 137 137 137 137 138 140 134 137 137 138 138 132 137 139 138 137 136 136 136 137 136 136 139 137 137 136 134 136 136 134 136 136 136 135 135 136 136 139 137 137 137 137 137 137 137 136 136 135 135 136 136 135 135 134 134 133 133 133 133 133 134 133 133 134 133 133 133 134 133 133 133 132 132 131 132 132 133 133 132 132 132 131 131 131 131 129 129
137 140 139 138 139 139 138 138 140 137 139 138 139 139 134 137 137 135 136 136 136 137 137 136 134 138 137 137 136 135 137 136 135 135 135 135 134 134 135 136 137 136 136 136 136 136 136 134 137 137 135 135 137 137 136 135 134 134 133 133 133 133 133 134 134 134 134 133 132 133 134 133 133 133 133 132 131 131 132 133 133 133 132 133 132 131 130 130 130 130
138 139 136 136 140 138 134 135 136 139 139 137 139 139 137 136 137 135 136 137 136 136 137 135 135 138 136 136 136 136 138 136 136 135 135 135 134 134 135 136 137 135 136 136 135 135 136 133 137 137 136 136 137 138 136 135 135 135 134 134 133 134 134 134 135 135 135 134 133 134 134 133 132 134 134 133 131 130 131 133 133 132 132 133 132 130 129 130 132 131
139 140 139 138 138 134 131 135 134 138 134 138 140 134 135 135 139 136 137 138 136 136 136 134 135 140 138 137 136 136 137 136 136 135 135 135 135 135 135 136 138 136 136 137 135 136 137 135 136 137 138 137 137 137 136 136 135 135 135 135 135 134 134 134 134 134 135 133 133 134 135 133 132 133 134 134 132 131 132 133 133 131 131 132 132 130 130 131 132 131
133 137 138 135 131 124 124 133 118 117 110 122 124 109 112 117 111 109 113 117 119 122 125 124 133 141 142 140 137 134 136 135 135 134 134 135 137 137 136 136 138 135 136 136 134 136 138 136 134 138 139 137 136 135 136 137 134 135 135 136 135 134 133 133 133 134 134 133 132 134 135 133 132 133 134 134 133 133 133 133 133 131 130 132 132 130 130 133 132 132
133 132 110 103 88 85 91 90 84 85 80 68 64 59 51 55 61 70 82 76 68 79 89 88 89 108 110 118 115 123 134 138 136 138 132 135 141 135 133 138 136 135 137 133 142 138 135 133 137 139 137 135 134 134 137 134 134 135 135 134 134 133 133 134 135 134 134 134 134 134 134 133 132 132 132 132 132 132 132 133 132 133 132 132 131 131 131 132 131 131
122 96 71 63 60 67 66 76 76 69 62 55 58 61 55 54 65 73 68 52 55 66 64 58 66 71 62 63 54 57 71 85 106 121 130 130 130 139 143 133 124 126 128 131 138 139 134 145 141 137 135 139 138 133 136 139 135 136 136 136 135 134 135 136 136 136 135 135 135 135 134 133 134 133 133 133 134 133 133 133 133 133 132 132 132 132 131 131 131 131
88 71 48 55 61 57 53 55 70 62 63 68 69 69 67 66 59 59 54 51 56 55 51 58 58 52 39 44 42 38 37 38 47 51 53 68 91 107 117 119 113 132 133 121 116 135 136 140 141 143 141 140 138 137 138 137 138 136 136 136 136 137 137 135 138 137 135 134 134 134 135 135 135 134 133 134 135 134 134 134 133 133 132 132 132 132 132 131 132 132
59 49 70 74 52 49 53 65 55 55 55 51 60 85 88 67 41 37 41 41 39 39 40 46 39 43 41 43 40 37 40 41 36 39 36 39 41 36 45 63 77 114 146 146 109 95 106 116 118 137 149 149 145 141 140 137 137 137 139 137 133 134 137 136 137 136 135 134 134 134 135 136 135 134 133 134 135 135 134 134 134 133 132 132 132 132 132 132 132 132
50 49 58 40 33 55 67 73 70 61 61 60 51 48 54 53 44 35 36 37 34 36 38 37 40 42 40 37 38 38 41 41 42 44 43 39 35 40 41 30 35 38 59 100 122 123 141 137 139 141 139 142 145 140 136 134 140 137 136 136 135 136 136 133 135 135 136 137 136 135 134 133 135 133 133 133 134 135 134 134 135 133 132 131 131 132 132 132 132 132
49 41 42 55 73 67 54 42 41 35 37 47 47 41 41 40 39 35 36 38 39 40 37 39 37 38 41 41 43 39 43 47 49 43 40 46 46 42 44 45 52 58 53 51 58 72 124 146 142 149 153 164 176 172 156 141 138 140 140 139 138 138 135 134 137 137 136 135 134 134 134 135 135 134 133 134 135 135 134 135 134 133 132 131 131 131 132 132 131 131
43 41 70 69 56 44 39 41 45 52 50 46 43 40 42 41 36 44 48 44 46 48 43 41 43 39 43 42 47 47 57 67 74 90 96 95 92 88 92 99 96 104 106 106 105 105 119 124 124 131 129 133 152 167 166 156 132 144 149 147 143 137 135 139 136 136 135 133 133 133 135 137 136 135 134 134 134 134 134 134 133 133 132 132 131 131 131 131 130 131
46 62 54 39 55 53 51 56 52 53 44 45 50 48 50 56 62 55 57 64 66 61 56 58 61 53 53 54 69 80 97 108 122 111 102 100 95 98 111 116 122 119 123 127 119 127 125 125 125 131 128 124 124 125 129 133 138 144 144 147 154 150 138 133 130 132 134 136 136 135 134 134 136 135 135 134 134 133 133 133 132 132 133 132 132 131 130 130 130 130
49 64 42 55 57 60 49 63 54 53 47 49 48 62 73 77 79 85 97 103 95 85 81 79 80 76 78 80 90 100 107 102 86 50 47 54 70 88 125 116 122 132 131 133 133 125 136 134 134 131 136 142 140 135 131 128 120 120 118 126 136 151 148 154 132 127 138 138 135 136 136 134 133 132 137 132 130 134 132 133 131 131 133 133 131 131 131 128 131 131
66 48 40 49 59 62 58 62 70 76 75 86 92 84 94 104 114 117 121 123 118 108 99 96 99 97 102 103 103 109 114 97 56 50 66 83 111 110 116 113 104 126 132 144 141 143 144 144 140 142 145 145 143 144 144 140 141 132 122 121 117 118 113 122 151 125 117 136 136 134 133 133 137 133 134 135 133 132 131 133 132 133 133 131 131 131 131 131 130 130
55 50 49 48 59 69 64 82 95 99 101 102 112 80 65 90 131 132 128 125 124 120 116 116 114 120 116 114 127 127 107 73 51 55 87 110 125 116 111 95 78 108 128 144 148 150 147 148 138 146 150 152 155 156 153 148 141 144 139 129 117 114 109 112 118 111 105 130 130 134 135 137 131 132 130 132 134 135 135 130 131 134 132 130 132 131 130 133 130 130
54 48 47 51 71 84 87 112 107 109 124 120 103 72 55 60 130 133 133 132 133 132 130 130 125 123 124 129 137 112 78 65 51 54 109 121 130 103 74 54 59 91 127 139 154 151 151 148 144 149 153 158 165 166 162 161 157 154 149 144 133 120 111 112 115 123 116 117 110 116 122 132 135 136 132 136 135 129 133 135 130 132 133 132 132 131 130 131 130 130
48 38 59 68 87 93 108 98 112 133 126 95 68 68 65 60 134 135 136 136 135 137 136 133 134 127 139 138 125 95 66 63 56 77 117 135 121 58 51 72 53 85 122 127 143 151 164 158 156 162 166 169 174 173 170 170 168 161 155 152 146 129 115 106 110 113 122 127 126 119 107 105 117 131 134 133 131 131 135 130 131 130 132 133 131 130 131 130 129 129
61 65 62 72 99 95 107 122 129 111 86 73 79 72 45 79 145 141 139 139 138 141 141 137 135 139 146 131 122 101 71 58 76 96 122 136 75 68 74 48 49 84 121 132 135 152 171 164 167 177 182 179 176 176 173 170 170 167 160 149 141 130 128 123 114 102 111 116 124 130 126 119 104 109 114 124 135 136 132 128 134 131 132 132 129 130 132 131 131 131
61 71 69 84 101 117 122 115 97 77 82 80 67 52 57 118 141 141 142 144 145 144 141 138 138 148 146 135 125 95 70 62 74 104 128 101 80 87 55 50 74 95 128 141 130 140 177 178 183 186 188 183 177 176 176 173 173 166 163 157 145 123 125 128 129 124 116 112 114 127 131 131 126 119 109 104 113 124 130 136 134 132 131 131 131 131 132 132 133 133
60 78 83 90 118 130 122 101 86 94 86 75 61 51 96 130 141 145 146 147 148 145 143 145 149 156 150 139 118 85 73 57 49 113 136 82 124 63 64 117 103 105 136 144 129 121 176 188 191 189 192 194 189 183 180 175 172 166 160 155 151 135 132 123 120 132 120 126 124 122 117 125 128 125 126 117 108 104 109 128 133 134 132 132 134 133 130 132 131 131
63 79 89 102 119 106 105 108 102 78 51 61 52 108 130 124 131 147 152 153 153 151 152 151 155 153 158 150 118 75 69 67 60 128 115 109 109 40 157 155 138 111 147 141 132 109 174 187 193 199 197 197 190 183 183 174 170 159 163 157 147 143 130 122 117 120 122 123 127 139 131 126 121 126 123 125 122 109 99 93 124 137 132 131 133 128 129 131 130 127
70 73 70 67 90 103 110 111 73 62 79 90 122 139 120 135 147 140 160 158 151 156 152 160 164 162 155 152 119 81 70 65 69 127 106 126 54 55 91 125 163 130 133 148 124 102 172 186 191 197 198 198 193 185 180 172 169 163 160 153 143 134 120 107 108 106 118 122 131 129 135 139 139 139 128 124 124 119 111 101 94 112 130 135 134 135 132 131 134 132
73 68 72 74 92 101 98 100 93 104 114 122 123 102 114 138 127 154 169 164 160 161 163 170 173 169 165 159 110 86 77 52 71 116 101 100 48 89 45 53 101 140 138 137 118 100 177 185 193 197 196 194 192 184 176 172 167 163 155 150 136 113 96 85 91 109 117 124 133 134 136 144 143 141 136 134 131 125 121 115 105 96 104 125 137 135 133 134 133 132
59 59 69 75 84 90 92 99 103 106 130 135 120 116 124 115 129 178 177 171 172 165 176 178 183 185 169 149 117 90 64 44 70 109 93 70 74 154 45 50 99 157 126 132 108 103 167 190 194 196 193 189 187 180 171 171 163 159 147 134 119 95 72 58 62 85 100 116 117 126 133 135 144 149 148 141 136 137 133 121 117 107 92 94 121 138 134 132 134 134
56 46 51 70 77 79 91 109 128 132 131 106 120 113 102 117 183 189 183 177 174 173 180 186 198 193 176 141 113 75 47 44 65 96 71 56 31 23 35 50 131 141 110 128 94 110 171 190 195 197 192 185 182 174 168 167 159 148 139 120 93 64 45 54 92 120 126 116 127 132 136 128 127 133 143 147 142 137 132 128 127 110 114 93 87 123 138 140 135 137
70 62 52 60 73 94 107 112 108 88 90 131 140 103 118 173 208 191 183 179 176 180 186 194 200 199 180 138 115 81 54 46 63 83 56 66 30 45 42 50 112 113 115 109 79 128 187 186 199 201 190 184 179 172 171 167 156 142 125 92 65 61 81 119 132 124 116 114 118 124 128 121 128 130 133 134 138 141 134 126 130 134 122 114 97 87 115 136 130 135
67 61 56 60 74 100 99 97 85 96 109 114 96 115 163 205 195 190 179 176 179 182 191 202 212 202 176 135 87 64 62 44 56 73 59 60 36 51 75 67 115 112 109 92 79 154 185 191 193 197 185 183 179 172 175 163 151 130 101 78 85 113 129 134 125 118 111 115 112 115 109 113 121 122 130 136 139 136 130 134 137 133 140 130 113 97 88 104 124 131
48 53 59 55 64 90 76 68 74 81 98 88 100 146 198 197 198 184 175 171 175 181 189 208 213 204 162 138 95 60 57 56 60 72 55 66 41 80 89 100 117 96 94 77 104 172 184 196 178 186 179 184 182 173 173 153 138 119 107 122 138 142 143 141 126 116 123 114 93 79 91 112 125 130 140 142 142 137 133 142 142 144 137 140 132 113 104 88 96 105
45 51 47 38 54 70 62 60 72 95 93 90 137 180 204 190 184 180 176 173 177 182 190 205 211 201 150 123 104 70 61 60 57 73 56 59 46 86 139 117 100 107 79 67 139 174 194 196 179 182 187 188 183 176 163 151 133 135 145 157 155 150 148 136 132 132 139 117 56 31 54 126 138 149 158 156 156 148 145 136 137 145 145 143 140 134 124 103 90 93
40 40 38 49 65 68 74 86 100 106 111 126 177 197 170 184 200 183 171 168 172 178 186 199 217 199 162 120 97 81 67 71 58 68 64 54 68 52 82 98 111 100 74 105 168 186 193 193 194 193 190 185 177 171 162 153 148 157 163 158 164 155 141 136 139 144 149 105 53 34 54 123 139 153 153 166 160 154 146 149 142 139 143 142 143 145 135 128 102 88
36 43 43 52 60 66 87 103 111 108 130 162 181 160 154 186 192 179 173 171 171 175 183 192 210 187 163 126 107 100 78 78 68 68 72 59 70 58 62 102 120 83 83 138 179 189 200 195 188 185 182 177 171 167 162 156 157 160 168 159 160 159 149 139 138 152 138 104 51 37 43 120 141 135 149 151 158 160 150 149 148 140 140 138 141 145 139 137 129 109
42 44 45 53 60 69 92 110 115 121 128 156 137 146 177 198 182 177 173 167 167 175 183 190 203 186 164 138 115 96 87 94 83 65 71 74 64 75 66 123 116 90 130 171 192 190 192 182 180 179 177 173 167 165 162 159 155 157 159 160 158 159 150 142 145 160 141 103 64 83 77 74 128 136 125 132 141 149 157 149 147 145 138 139 141 144 148 142 140 130
41 42 47 51 60 78 90 99 114 130 143 131 136 171 188 180 176 178 177 168 166 170 176 188 189 191 168 135 114 107 104 96 93 72 70 79 84 104 104 141 116 126 163 176 187 183 177 176 169 166 163 159 155 155 158 158 150 141 144 170 155 152 149 137 142 168 124 101 55 125 182 117 86 133 136 121 126 137 155 147 146 147 142 143 141 141 149 147 140 136
43 49 56 49 55 77 93 106 119 117 119 137 159 186 176 182 183 175 167 164 168 170 172 183 191 178 156 134 121 115 109 108 100 85 74 85 94 114 141 156 143 166 174 178 173 172 166 163 160 158 159 158 156 158 163 165 156 148 124 146 153 145 140 149 146 156 138 94 72 113 165 164 146 131 130 113 113 118 138 150 142 138 144 143 140 142 147 159 152 147
38 44 51 55 60 68 87 110 116 121 134 144 167 174 182 181 177 170 168 168 169 167 168 176 181 172 163 149 134 124 116 112 107 98 93 94 102 137 168 161 156 167 164 168 158 162 163 156 156 157 160 162 160 160 163 166 166 150 109 107 140 145 141 143 155 150 131 93 79 164 191 181 183 146 114 138 117 118 132 142 144 139 144 145 142 145 149 159 154 148
59 61 51 50 60 74 96 110 116 126 145 153 171 180 181 175 176 170 169 165 161 163 167 172 176 172 165 158 145 139 136 119 121 107 121 114 126 139 152 157 158 160 162 157 160 160 158 156 154 155 159 161 159 159 162 165 166 146 84 49 112 144 148 146 155 154 132 94 62 156 183 192 170 146 116 147 132 121 119 136 138 139 137 142 146 151 159 156 160 153
56 69 68 62 70 86 101 114 127 152 162 162 164 166 167 163 175 168 163 162 162 161 163 166 171 174 167 157 147 146 139 135 128 125 135 139 138 147 153 156 156 154 154 157 159 158 155 152 150 150 152 156 154 154 159 157 156 154 50 43 88 136 143 143 162 153 131 97 105 195 204 210 139 130 120 144 159 126 114 127 131 140 131 139 140 152 164 161 159 157
44 54 62 64 71 92 121 143 148 155 150 145 144 147 152 152 168 159 153 155 161 162 161 159 160 167 164 159 153 151 143 140 137 135 149 159 159 159 158 157 156 158 162 166 164 161 157 154 156 155 152 152 153 151 152 152 145 148 72 53 96 125 146 150 159 149 137 99 123 192 208 207 164 174 128 160 178 145 113 120 129 131 121 132 137 149 164 169 164 161
52 54 56 60 79 114 137 137 138 139 135 138 141 142 147 151 160 161 161 161 160 160 164 168 171 174 164 154 148 148 143 145 146 145 161 176 178 175 171 171 169 171 178 182 177 171 168 163 160 162 161 158 151 150 156 158 154 140 112 67 92 118 137 152 165 149 132 89 93 179 199 210 139 156 130 162 189 161 127 127 123 115 111 130 140 150 163 171 171 166
49 47 50 58 73 98 120 128 132 134 133 137 144 145 150 160 163 161 159 160 164 167 168 167 175 173 160 151 146 146 141 142 143 147 162 177 181 177 174 173 172 172 180 186 184 183 181 175 171 168 171 172 167 177 187 177 157 142 125 85 86 104 130 138 162 147 123 96 136 201 215 215 180 192 130 158 194 172 134 129 116 96 99 123 135 146 161 171 175 171
39 46 59 78 98 112 125 135 135 138 135 135 141 143 147 161 160 162 164 163 163 166 172 177 177 171 157 152 148 146 137 135 133 139 146 150 150 150 153 155 159 159 164 168 169 171 172 169 166 166 178 197 209 218 206 172 149 141 123 98 78 91 105 116 150 142 132 96 131 213 218 207 202 179 133 141 187 181 136 129 101 79 98 125 134 147 165 175 175 173
43 57 70 84 105 118 121 125 132 135 136 136 142 145 148 159 161 164 166 168 169 173 181 188 190 177 160 154 146 143 136 132 128 139 143 141 136 135 138 139 141 142 145 145 144 145 148 149 153 157 161 167 172 175 170 155 143 138 120 102 76 83 80 110 148 154 130 88 127 198 215 208 195 141 154 131 169 175 129 129 93 79 111 133 137 148 163 169 171 171
53 62 72 90 110 114 112 117 127 129 137 139 141 146 151 159 158 158 161 165 171 177 183 189 189 173 159 153 140 136 131 127 125 136 136 131 125 121 127 129 131 137 139 139 140 140 141 145 141 140 137 142 148 150 152 151 138 134 112 110 88 72 81 115 147 148 123 92 103 195 202 199 182 147 159 144 168 172 125 123 83 76 112 126 134 150 162 167 165 168
61 73 77 80 93 103 103 102 110 113 132 141 138 140 145 151 151 152 156 163 168 174 181 187 183 164 150 143 125 121 121 118 119 130 129 123 116 109 112 115 119 126 128 128 130 129 127 130 129 124 127 138 138 137 146 151 144 121 120 117 97 71 76 114 144 136 116 91 109 181 199 200 172 135 165 149 164 167 131 116 85 82 117 126 137 151 153 153 160 166
60 71 72 78 88 99 97 96 112 132 133 131 137 139 143 145 148 150 156 162 167 176 181 179 171 160 146 136 123 123 110 105 110 124 113 113 105 102 107 105 107 115 118 117 119 121 120 118 120 117 116 119 124 129 141 154 144 129 118 111 96 71 69 104 138 120 108 88 140 185 206 205 184 162 178 143 159 164 132 113 83 83 112 121 121 150 147 148 160 159
51 60 64 74 85 98 104 114 111 116 127 131 136 142 142 146 147 148 153 159 165 172 176 173 162 149 126 112 107 110 97 95 103 104 99 106 99 86 99 100 106 109 110 114 121 121 116 115 112 114 115 116 118 121 128 135 135 131 116 113 89 69 65 100 131 106 95 90 159 193 205 202 185 164 172 139 150 135 127 104 81 83 105 115 123 150 145 145 147 145
63 63 60 65 70 80 92 112 110 116 129 134 139 144 142 146 146 147 152 160 164 168 169 167 158 139 113 96 86 87 87 95 98 88 91 95 102 95 96 100 112 112 110 111 117 117 113 114 117 119 117 112 111 114 121 129 138 101 110 113 89 83 78 87 111 110 95 100 158 188 202 206 180 152 159 141 152 141 123 103 70 87 109 119 126 140 138 143 145 142
73 72 67 68 64 63 70 86 99 123 131 133 138 138 139 140 145 146 154 161 163 164 164 161 150 122 100 87 71 69 80 90 88 80 73 78 89 89 96 106 114 120 121 117 115 117 117 116 122 121 114 107 107 112 123 134 131 65 114 107 96 88 82 93 105 96 98 85 132 176 190 142 125 168 145 142 148 139 117 100 71 92 112 123 130 136 136 137 140 135
58 68 75 80 72 64 61 70 90 120 131 133 137 137 139 139 143 145 152 160 163 162 159 154 132 112 99 84 61 56 74 85 80 71 60 73 66 66 102 107 113 122 133 132 123 122 123 120 123 118 109 109 116 123 130 141 135 51 121 111 95 79 83 97 105 104 84 116 165 194 186 96 68 130 127 151 139 131 114 100 81 98 116 124 130 135 141 139 139 134
55 65 70 71 62 60 65 77 91 108 130 135 138 142 138 140 144 144 149 157 162 164 158 148 133 114 94 73 60 58 74 78 78 58 65 67 57 84 129 115 118 126 139 143 136 129 127 125 127 120 112 114 127 133 138 147 136 60 107 111 86 77 89 95 109 103 95 143 191 194 198 98 120 133 118 140 140 122 108 104 90 103 120 127 132 137 145 141 134 130
54 61 65 67 60 58 57 63 84 97 119 130 136 138 133 135 140 141 147 153 158 160 155 145 128 103 81 62 52 52 72 76 70 51 62 54 72 97 132 105 119 130 142 148 148 141 134 133 133 131 122 118 124 128 133 143 138 107 113 109 92 83 88 103 110 106 95 111 143 169 149 75 110 116 141 134 126 124 115 118 104 108 119 124 136 142 145 136 130 127
56 58 60 66 63 59 51 50 70 93 106 123 136 134 133 134 133 137 144 148 150 153 151 143 116 80 64 58 50 49 74 74 49 54 58 74 125 106 139 112 108 130 144 152 160 155 144 141 138 143 136 124 120 119 124 135 127 120 115 103 90 89 97 109 114 109 94 125 157 165 164 87 89 126 133 121 120 112 117 118 113 116 125 122 131 135 141 138 131 130
65 54 54 56 49 50 55 52 51 71 97 118 132 136 133 130 132 136 141 146 146 149 149 136 112 68 62 53 49 52 77 64 43 63 58 123 168 123 147 124 101 125 143 155 159 159 151 147 143 145 146 140 127 119 118 111 118 127 117 102 101 98 100 114 121 105 104 161 183 193 167 93 95 118 121 120 114 113 125 122 118 122 122 126 130 133 135 135 128 125
58 50 44 49 54 51 53 64 47 51 74 110 130 134 133 125 129 132 136 142 143 146 145 133 111 64 54 50 47 58 76 55 64 64 113 183 193 131 147 127 102 103 140 154 161 161 157 149 149 149 149 144 134 126 121 115 121 120 112 106 103 101 106 116 127 111 86 122 152 133 34 50 101 106 105 108 117 125 131 128 121 124 126 126 128 132 133 130 124 122
50 48 41 45 53 47 44 56 64 54 62 102 127 128 131 125 127 128 132 138 140 142 140 129 107 60 47 47 46 71 83 58 63 53 115 136 182 150 141 134 116 95 141 151 164 165 166 158 150 152 152 148 141 132 126 123 127 116 110 112 106 103 112 118 131 120 93 146 167 155 82 76 98 99 104 115 129 135 130 124 124 122 120 117 119 128 132 127 127 125
42 44 44 45 49 50 49 51 67 61 63 101 128 124 126 125 126 126 127 134 137 137 135 125 107 68 50 47 47 82 88 68 70 47 96 59 79 130 135 127 119 95 135 146 164 170 172 168 162 162 158 148 140 132 126 129 131 118 112 116 107 102 114 117 128 109 85 136 133 88 66 77 87 98 111 123 130 129 127 123 122 114 111 112 117 128 130 125 124 123
37 41 44 42 44 52 56 54 65 67 70 99 120 120 124 122 123 122 122 128 132 133 130 121 103 72 52 46 52 94 95 80 74 47 88 50 58 98 119 125 118 97 128 155 168 172 172 170 165 164 163 155 147 138 127 127 130 124 118 119 109 103 114 117 126 110 71 79 60 35 61 69 92 112 121 130 129 122 125 119 117 110 113 120 125 129 125 122 120 119
36 42 44 44 48 51 53 54 62 64 73 97 112 119 129 122 120 120 119 124 129 130 127 119 95 68 51 45 61 106 103 86 72 29 29 41 49 87 108 115 125 98 125 169 170 172 173 173 171 168 167 159 151 142 125 117 128 129 122 121 114 107 116 118 115 111 57 28 35 49 53 88 116 129 126 128 126 121 127 119 116 113 121 126 127 124 117 119 118 117
38 42 45 48 54 56 57 59 60 64 78 101 111 116 118 112 117 118 116 120 124 126 123 114 95 66 53 46 69 115 109 87 65 34 46 62 64 84 112 110 125 94 121 169 168 173 174 176 174 167 165 156 150 148 135 126 122 126 118 120 118 110 115 114 120 96 47 42 32 53 91 117 120 129 128 130 130 127 127 120 121 121 126 125 124 119 112 119 120 118
43 42 44 46 49 56 61 59 61 66 80 99 113 115 114 118 114 115 113 114 118 120 117 108 93 62 55 48 74 122 118 93 84 36 68 110 93 90 108 121 126 97 126 166 169 173 170 171 172 167 171 164 157 156 142 131 115 117 110 115 116 108 110 105 102 77 38 36 49 80 103 115 125 131 135 133 130 127 126 126 124 126 130 124 123 120 111 119 114 111
35 37 40 43 48 54 58 60 68 70 81 97 108 116 119 114 110 110 109 110 114 118 113 104 96 65 56 54 75 120 126 99 106 49 71 104 105 96 117 131 130 93 128 167 166 173 169 167 165 165 167 165 159 155 150 142 125 115 101 104 119 118 104 99 86 74 62 51 69 85 107 119 129 135 132 126 125 124 123 125 125 125 124 124 122 117 114 116 108 97
42 40 40 42 46 52 57 60 66 74 87 96 102 109 114 114 112 112 110 110 114 116 110 102 89 67 59 54 72 122 132 97 105 65 100 170 130 101 125 133 130 86 133 163 165 168 166 165 165 162 162 161 159 158 153 145 137 120 102 99 109 115 111 105 103 95 93 95 102 106 117 124 121 126 125 122 124 124 122 124 123 118 118 121 119 115 111 109 99 87
45 42 41 42 43 46 53 58 62 72 83 94 104 110 111 111 113 112 111 109 112 114 111 105 80 63 55 53 73 123 139 104 96 92 64 127 60 107 129 135 125 84 141 159 165 163 163 164 163 159 158 158 158 157 154 149 136 130 114 95 90 106 117 112 112 109 109 114 109 109 111 113 118 123 123 123 126 126 123 123 118 116 118 117 112 110 107 101 84 73
43 42 43 46 44 43 49 57 60 68 77 89 104 109 108 110 113 112 110 108 109 111 112 109 92 71 55 58 81 123 141 120 84 103 65 55 63 114 131 137 108 92 144 153 160 159 159 162 160 158 157 157 155 153 152 150 140 132 123 110 97 101 116 125 119 123 120 119 112 120 120 119 123 126 126 126 127 126 122 121 118 118 118 113 109 107 100 87 71 65
44 42 44 49 48 46 50 55 58 65 73 84 97 99 103 113 115 115 113 110 107 108 108 107 103 80 56 56 82 118 138 132 94 87 87 41 68 106 126 129 91 107 141 147 152 155 154 157 159 158 157 156 154 151 149 147 141 133 123 117 112 110 116 122 124 132 127 125 122 132 128 126 126 127 126 125 124 122 119 118 120 117 112 110 111 103 87 73 72 69
45 41 42 48 50 49 50 52 51 55 63 77 91 96 99 107 117 118 116 113 110 107 105 103 108 93 68 57 79 115 136 141 119 80 81 59 45 107 114 113 91 124 138 144 145 150 151 154 156 156 154 153 153 151 147 143 139 140 132 123 123 125 124 123 129 133 130 131 132 134 129 129 126 125 124 123 122 120 118 117 115 113 110 109 104 88 74 71 77 73
45 41 42 48 50 48 47 48 47 50 55 67 82 90 93 96 108 108 108 108 109 108 106 104 105 101 83 59 67 103 125 133 133 100 86 70 75 104 102 112 108 133 136 142 139 143 148 149 150 153 152 150 149 148 144 140 137 135 131 128 126 121 121 128 128 126 129 131 134 129 130 133 127 124 121 121 120 119 117 116 109 108 107 102 89 76 73 78 73 71
44 43 47 51 51 47 46 47 50 54 57 59 66 77 86 91 92 92 93 97 103 108 109 108 100 102 93 63 63 97 121 133 131 127 104 90 88 100 103 116 123 133 134 140 134 135 143 143 145 151 152 148 145 144 141 138 135 134 130 126 124 123 123 126 128 124 132 131 132 124 129 128 128 123 119 119 119 118 116 114 110 106 100 90 78 77 81 80 73 75
51 44 47 52 47 45 47 43 43 50 53 56 65 72 75 78 80 81 82 81 88 99 105 110 109 99 99 82 60 77 112 124 128 122 120 104 96 99 101 119 126 130 134 133 132 134 137 140 141 146 148 146 143 142 140 136 134 131 127 124 123 123 123 125 125 129 128 127 129 128 124 122 122 123 121 119 118 117 114 112 109 105 88 75 80 84 80 78 78 81
49 43 41 43 45 47 49 50 42 48 50 53 60 67 71 75 72 73 74 73 80 90 96 103 114 106 104 93 70 69 93 113 126 124 121 108 105 108 107 114 125 128 130 129 129 132 135 136 138 142 143 141 140 139 136 131 126 123 120 118 117 117 117 118 118 122 122 123 126 127 125 124 123 119 118 118 115 113 112 109 102 93 83 81 86 84 80 82 86 87
42 41 37 37 42 43 41 43 42 46 47 48 53 59 63 67 72 72 72 71 75 84 91 100 115 110 106 103 95 84 88 102 119 126 124 113 109 113 118 121 123 125 126 127 128 131 133 133 135 136 136 135 135 134 130 125 122 120 118 117 117 117 118 118 122 123 124 125 126 126 125 126 125 118 118 118 114 113 109 101 89 82 80 85 87 82 82 86 86 82
39 43 42 40 43 41 38 40 42 45 46 46 48 52 55 58 60 60 62 62 66 74 83 95 110 113 108 107 109 103 98 100 108 122 124 120 115 114 118 116 120 122 125 126 128 131 131 131 133 133 133 132 132 131 127 123 122 122 122 122 121 122 123 124 127 127 127 128 128 125 125 126 122 118 117 115 112 110 103 90 88 86 88 89 85 83 85 86 84 79
40 41 41 40 40 42 43 44 41 44 45 46 47 49 52 53 57 59 63 62 62 65 71 82 97 112 114 111 109 107 107 105 104 111 111 115 117 116 119 114 118 120 123 123 124 126 127 127 130 131 130 129 128 128 125 123 120 122 124 123 123 123 125 127 127 126 126 127 125 122 122 123 120 118 114 111 108 103 97 93 91 90 91 90 85 85 86 82 77 73
40 37 38 38 37 40 42 39 39 42 45 46 46 48 50 50 49 53 59 60 61 61 63 70 78 95 106 112 112 112 115 111 112 113 109 109 107 107 113 112 117 119 120 119 119 120 122 123 125 124 123 122 121 121 120 120 120 122 124 124 123 124 126 127 128 126 126 126 122 119 119 118 118 114 110 108 104 97 95 100 96 91 90 89 86 83 79 73 66 63
41 38 40 41 39 39 40 37 40 41 43 44 44 45 47 46 48 51 56 57 59 60 58 61 64 75 85 99 105 106 109 103 99 102 103 103 101 104 111 112 117 119 120 119 118 119 121 121 120 118 116 115 115 116 116 116 120 120 120 120 121 122 123 122 125 123 122 121 117 115 115 114 114 111 109 108 105 101 98 95 95 91 88 85 81 74 68 63 62 61
39 39 40 41 39 38 40 43 41 40 42 42 41 42 43 42 44 46 50 51 56 61 60 63 61 68 69 78 83 83 90 86 88 87 87 88 95 107 114 114 116 118 121 121 122 122 122 121 120 117 114 114 114 115 116 116 116 115 114 114 115 117 116 114 114 112 113 112 110 111 113 111 116 116 117 115 115 118 109 90 75 78 77 73 69 66 63 61 57 56
40 41 38 41 41 38 42 41 42 37 43 40 43 40 46 42 42 47 45 46 52 56 61 64 62 67 62 66 71 66 65 63 64 62 63 63 73 91 102 107 114 120 120 120 122 121 120 119 117 118 116 113 113 114 117 114 111 115 113 112 110 115 109 113 111 113 115 116 120 126 132 134 136 142 138 146 142 137 138 85 43 43 40 46 43 44 48 46 46 45
35 37 44 40 41 42 42 35 39 40 41 44 39 41 40 40 38 43 42 42 47 56 61 56 62 68 66 63 59 58 63 63 64 54 58 55 50 67 96 113 116 113 120 124 123 121 115 112 110 113 115 116 116 119 114 120 125 119 121 121 121 129 128 133 137 139 140 140 140 143 146 146 143 147 144 145 140 141 141 88 43 40 36 40 38 38 41 40 40 40
44 37 43 39 43 41 39 43 39 41 39 42 39 43 40 42 46 41 39 45 47 48 55 57 61 59 63 68 67 63 62 59 57 61 55 48 50 51 66 102 111 109 113 114 114 115 114 118 118 118 121 123 124 117 124 117 123 98 73 133 150 138 148 145 142 144 144 143 141 141 141 140 142 143 143 141 139 143 144 104 51 41 37 38 37 37 37 37 41 42
47 46 43 38 37 43 38 38 41 42 41 38 43 41 41 41 41 43 44 46 45 49 57 58 57 60 62 60 59 63 64 62 64 53 57 58 51 58 82 104 111 108 107 110 114 124 129 124 131 137 131 119 110 114 102 109 112 115 91 100 147 139 143 142 142 144 144 143 142 142 142 141 142 140 142 143 143 142 146 133 61 42 39 38 39 39 37 37 35 35
76 63 49 55 40 42 41 39 38 41 41 39 39 38 37 39 37 42 40 40 41 43 49 54 57 57 57 61 63 58 57 63 64 60 64 69 76 88 107 126 125 109 86 78 105 128 126 134 128 104 80 84 111 115 110 86 93 122 124 111 141 147 142 143 142 143 143 143 143 144 144 144 144 141 142 143 144 139 143 147 71 38 38 37 39 40 38 38 38 37
133 106 95 113 87 71 68 63 61 68 63 68 57 66 66 74 60 62 61 65 65 54 47 47 54 58 54 57 60 56 57 58 56 56 70 91 111 127 130 126 112 68 68 70 76 108 117 116 78 66 66 101 129 123 107 135 137 103 135 131 145 143 150 142 144 144 143 143 143 144 144 144 143 142 140 138 143 139 142 147 86 38 39 38 38 40 39 39 39 38
143 131 133 139 134 131 135 130 127 131 125 132 120 134 134 140 125 134 137 138 136 127 114 98 79 77 65 70 65 54 68 79 56 69 96 113 120 126 125 119 125 93 89 81 60 58 57 50 52 82 102 118 136 123 108 103 106 127 129 134 148 137 136 145 142 142 142 142 142 142 141 141 142 141 141 140 143 141 146 147 108 44 44 41 38 40 40 39 38 38
142 139 144 133 147 139 138 142 141 139 138 141 137 142 140 136 145 142 140 142 142 142 144 139 135 133 123 133 127 109 114 108 66 83 105 117 125 125 117 113 131 130 107 99 86 63 60 54 64 107 109 91 101 114 107 110 121 125 137 143 140 144 144 142 140 140 141 142 142 141 140 139 140 138 140 142 141 137 145 142 125 52 49 44 38 38 40 38 39 40
142 142 144 140 142 139 142 143 141 141 140 140 140 141 142 142 141 141 140 142 142 141 143 142 145 144 144 143 142 147 141 98 74 105 110 87 89 89 89 96 122 131 134 121 104 80 73 79 90 116 81 76 105 110 122 131 137 140 141 143 141 144 142 141 141 142 142 142 143 141 141 141 141 141 141 140 142 139 143 142 146 90 55 41 40 37 37 43 40 47
141 142 143 140 142 139 143 144 143 142 141 140 141 142 143 143 142 142 140 142 142 141 143 142 145 142 141 140 139 144 147 115 94 100 87 73 87 82 65 59 67 85 107 117 121 109 103 106 104 94 105 125 129 132 139 140 143 144 142 143 140 144 143 142 140 141 141 141 141 140 139 140 140 141 141 140 142 138 142 142 152 141 50 47 47 43 46 56 68 76
