117 115 120 113 117 114 118 118 115 116 116 116 116 117 118 119 117 117 116 116 117 116 116 116 116 115 116 117 116 115 114 115 115 116 117 117 116 116 116 116 114 114 115 116 116 115 114 115 116 116 116 116 116 115 116 116 115 115 115 115 116 116 116 115 115 114 113 113 113 114 114 114 113 113 113 113 113 113 112 112 112 112 112 111 111 112 112 111 110 111
116 116 117 114 117 115 114 114 116 116 116 115 115 115 115 115 117 116 116 116 116 116 115 115 116 115 116 117 117 115 114 115 115 116 116 116 115 116 116 116 114 114 115 116 116 115 114 115 115 115 115 115 115 115 115 115 116 115 115 115 115 115 114 114 114 113 112 112 113 114 114 114 113 113 113 113 113 112 112 112 112 112 111 111 111 112 112 111 110 110
117 117 114 117 117 119 117 117 116 116 117 116 116 116 116 116 114 114 114 114 115 115 115 115 116 115 115 117 116 115 114 115 114 115 115 115 114 115 115 115 114 114 115 115 115 114 114 115 113 114 114 114 114 114 114 114 115 115 114 114 114 113 113 113 113 112 112 112 112 113 113 113 113 113 113 113 112 112 112 112 111 111 111 111 111 111 111 110 111 110
114 114 111 119 114 118 117 118 115 116 116 116 114 114 114 115 113 114 115 116 116 117 117 117 116 115 115 115 116 115 114 115 114 114 115 114 115 115 115 114 114 114 115 115 115 114 114 115 113 114 114 114 114 114 114 114 113 113 113 113 113 112 113 113 113 113 112 112 112 112 112 113 112 112 113 112 112 112 112 112 111 111 111 111 111 111 110 110 111 110
114 112 110 118 107 108 110 110 112 114 115 115 114 113 114 116 113 114 116 116 116 117 116 115 117 115 114 114 115 115 115 115 114 114 115 115 115 115 115 114 114 114 115 114 114 114 114 114 114 114 114 114 114 115 115 114 113 113 113 114 113 112 112 113 113 113 113 112 112 112 112 112 112 112 112 112 112 112 112 113 111 111 111 111 111 111 110 110 111 109
109 104 98 99 88 85 92 93 96 98 102 105 107 108 111 114 114 115 115 115 116 117 116 115 117 116 114 114 115 116 115 114 115 115 115 115 115 116 115 114 114 115 115 114 114 114 114 114 115 115 114 113 114 116 116 115 115 114 114 115 114 113 112 112 114 114 113 113 112 112 112 112 111 112 112 112 112 112 112 113 112 111 111 112 112 111 110 110 110 109
83 79 72 72 71 63 70 71 72 74 78 85 90 94 96 97 106 106 107 108 112 116 117 116 117 115 114 114 116 116 115 114 116 115 114 114 114 115 115 114 115 115 115 114 113 114 114 114 115 115 114 112 113 115 116 115 115 114 114 115 115 113 112 112 113 113 113 113 112 112 112 112 112 112 112 112 112 112 112 112 112 112 112 112 112 111 111 111 110 109
56 58 57 62 72 59 59 58 63 64 67 74 80 82 82 81 87 88 89 92 99 106 110 110 116 115 114 115 116 117 115 113 117 116 114 113 113 115 115 115 115 116 115 114 113 114 114 114 115 115 113 111 112 115 115 114 113 112 112 114 115 113 112 112 112 112 113 113 112 112 112 113 113 113 112 112 112 111 112 112 113 112 112 112 112 111 111 112 111 110
45 57 57 62 65 57 60 64 62 70 70 82 91 77 67 69 71 66 65 65 67 81 95 97 107 115 119 114 112 115 114 114 111 115 117 111 115 116 109 114 116 117 121 125 127 129 133 134 136 135 130 128 128 129 130 129 124 120 116 112 114 116 113 111 113 113 112 112 113 113 112 111 112 111 112 113 112 111 112 114 114 112 110 111 112 113 113 111 111 111
52 58 51 52 59 65 74 76 68 71 77 84 77 63 57 56 49 50 54 51 45 51 64 70 80 89 110 120 119 119 115 113 120 123 116 124 127 124 137 142 145 147 150 151 150 152 156 158 166 159 156 158 156 156 158 156 151 146 135 121 114 113 113 114 112 112 112 112 113 113 113 112 113 113 112 113 112 112 112 113 113 112 111 111 113 113 112 111 111 111
44 47 47 56 67 74 77 72 69 73 79 71 58 54 55 55 58 51 46 46 47 46 42 38 45 47 66 82 99 113 116 124 132 127 101 103 117 126 142 140 134 141 150 155 159 163 164 162 164 162 163 165 165 166 167 167 165 165 154 135 118 111 111 113 112 111 112 112 112 113 112 112 112 112 112 112 112 113 112 112 112 111 111 111 112 112 111 111 111 111
57 60 67 76 73 65 64 61 71 80 79 68 73 80 66 55 50 47 42 40 38 36 38 43 41 34 33 36 55 73 90 125 146 131 86 57 81 117 129 133 141 155 168 169 163 157 154 153 156 164 165 159 160 164 164 167 168 171 166 152 131 114 111 114 113 113 112 112 112 111 111 111 110 111 111 110 111 113 113 111 110 110 110 111 111 111 110 110 111 111
78 66 57 56 53 55 65 71 72 83 81 70 80 86 65 51 49 46 44 44 43 39 39 42 39 37 39 37 36 34 47 85 133 164 160 116 122 158 161 158 165 173 173 163 149 138 132 130 135 145 161 165 168 177 177 176 174 173 168 161 142 118 111 113 113 113 113 112 112 111 110 110 111 111 111 110 111 113 113 111 110 110 110 111 110 110 110 110 111 111
86 81 78 75 68 65 65 65 74 83 87 79 75 73 67 66 67 59 53 52 50 46 44 42 42 44 43 34 35 42 41 35 37 62 79 71 68 86 112 137 153 162 164 153 139 130 128 132 129 128 150 165 167 177 178 172 175 171 166 167 151 123 112 111 112 113 113 113 112 112 112 112 113 113 112 112 112 113 112 110 112 111 111 111 111 111 111 111 111 111
80 76 75 72 68 65 64 65 72 82 91 99 100 97 98 99 97 90 87 86 78 70 63 56 49 45 44 50 48 43 44 41 41 44 54 69 79 86 104 124 142 144 140 133 131 131 135 142 149 140 151 158 160 172 177 176 170 170 168 171 154 124 114 113 111 112 113 113 113 112 113 113 114 113 112 113 113 112 111 111 113 112 111 111 111 111 111 111 112 112
45 49 58 65 65 66 76 94 104 119 126 134 133 123 120 120 116 114 119 119 107 102 103 101 95 97 89 91 94 94 101 101 116 123 132 137 143 142 139 150 140 143 144 143 144 140 137 139 140 138 141 138 144 155 154 159 166 170 168 166 144 114 109 112 112 112 113 113 113 113 113 113 113 112 111 113 113 112 111 112 113 112 111 110 111 111 111 111 112 112
38 40 45 56 74 95 115 131 137 141 138 137 135 127 126 126 127 127 123 121 121 120 120 124 127 122 127 126 139 132 131 130 129 131 135 139 139 147 153 145 151 144 154 156 152 150 144 145 148 139 143 144 139 143 135 138 143 154 159 155 134 110 108 112 112 114 111 111 112 112 113 110 112 113 113 112 112 112 110 110 111 111 111 110 110 111 111 110 112 112
46 52 64 85 110 127 133 136 138 139 136 135 131 128 132 133 129 134 133 127 128 131 129 126 130 128 130 133 129 100 94 108 101 108 118 128 135 142 145 152 155 154 154 156 155 152 151 152 154 151 149 153 148 146 144 143 136 136 133 135 129 120 121 121 112 113 111 112 113 110 111 109 111 112 111 110 110 111 111 111 110 110 111 110 111 111 111 110 112 112
73 92 111 122 128 131 136 141 135 135 136 137 133 132 136 135 132 138 138 135 136 139 136 132 138 135 133 137 109 75 80 108 117 116 119 125 135 137 140 148 153 159 155 157 159 156 158 156 154 158 151 160 154 148 154 150 147 144 139 138 135 130 128 127 127 124 118 116 114 110 111 111 110 111 110 109 110 110 111 111 109 110 110 110 111 111 111 110 111 111
111 124 132 136 137 137 139 138 136 137 139 142 140 139 140 138 139 139 138 141 143 141 139 141 138 140 141 139 89 71 92 115 126 128 127 118 130 123 125 132 145 154 153 156 158 158 162 160 162 167 158 164 156 149 156 154 148 148 145 143 139 135 133 131 133 134 130 128 124 118 115 110 111 110 110 110 111 111 110 109 109 110 110 110 110 111 111 110 111 111
125 136 140 142 144 143 144 141 143 143 143 143 146 147 145 146 146 141 141 146 147 143 143 147 142 149 147 128 69 68 97 116 131 135 129 114 87 98 92 109 139 144 148 149 152 159 165 167 166 167 161 162 154 153 156 158 160 155 149 145 145 143 137 132 131 136 134 131 129 126 124 117 114 111 110 110 110 111 111 110 110 110 110 109 109 110 110 110 110 110
129 141 144 146 146 144 145 142 143 144 144 143 148 150 147 149 148 146 146 148 148 146 146 147 148 159 149 119 71 73 92 112 126 137 117 82 74 70 64 105 136 138 143 147 152 160 165 168 164 164 161 160 156 159 159 163 158 154 152 148 148 147 140 137 134 138 134 130 129 129 130 126 119 115 112 111 109 111 112 112 111 111 110 109 109 110 110 110 110 110
128 140 142 146 147 145 149 146 141 143 148 147 148 150 146 148 148 148 149 148 148 149 151 150 156 160 142 110 85 89 93 112 128 142 107 70 99 50 67 114 139 141 139 147 156 158 165 168 168 169 167 167 164 166 163 165 159 157 158 154 149 145 139 139 135 137 136 137 135 132 131 128 125 121 119 116 111 109 112 111 110 110 110 110 110 111 111 110 110 110
129 139 140 147 152 150 152 147 145 145 152 151 147 149 149 149 150 149 150 150 150 152 156 157 154 152 136 110 102 105 94 102 135 132 80 108 68 37 92 118 146 149 134 144 157 156 166 169 165 169 166 170 170 170 167 167 165 159 156 150 146 143 136 135 137 136 134 137 136 131 132 134 129 126 126 122 113 109 110 109 110 110 110 110 111 111 111 110 110 110
131 136 137 147 148 149 149 152 150 151 152 153 155 155 152 148 153 153 153 151 150 151 155 160 163 157 148 119 111 117 90 90 135 126 88 95 44 108 127 116 153 158 138 138 155 159 165 169 168 168 170 172 170 167 166 165 165 161 158 152 149 143 133 136 134 129 131 132 134 137 137 138 132 130 127 124 119 116 112 108 108 108 109 111 111 111 110 110 111 109
129 130 131 144 149 150 152 157 155 155 155 157 159 158 154 151 155 157 157 154 149 149 155 161 165 162 148 124 110 94 68 83 131 128 97 71 83 165 164 126 158 162 139 135 154 161 165 165 169 169 170 171 168 166 165 164 166 160 157 149 144 142 135 132 129 125 128 133 135 136 135 138 137 135 133 131 126 121 115 111 108 109 110 111 111 111 111 112 112 111
134 130 125 138 148 155 155 155 159 160 161 163 163 160 158 157 158 159 159 157 154 154 158 163 167 162 152 138 111 81 66 82 132 126 95 59 76 85 136 133 157 160 136 132 154 165 169 167 169 168 170 171 169 168 168 167 168 161 156 147 140 139 134 125 123 123 128 133 136 135 134 138 139 136 135 133 130 124 119 116 113 112 110 110 110 110 109 109 109 109
134 138 134 138 143 154 160 160 163 164 167 168 165 161 162 165 161 160 160 161 163 164 164 165 168 162 156 142 106 78 66 78 135 128 85 50 53 56 62 128 156 154 131 130 155 169 172 171 168 168 171 172 171 170 169 166 165 158 153 147 139 136 132 126 124 128 132 133 136 138 135 137 137 135 133 133 132 129 126 125 121 116 111 110 112 112 110 108 108 108
139 145 143 144 148 160 168 169 169 169 170 170 168 165 166 169 166 163 161 163 167 168 167 166 166 166 158 136 104 76 61 80 133 130 64 88 126 48 79 144 163 148 125 131 157 169 171 171 170 170 171 171 169 169 166 162 158 150 144 142 136 129 128 133 132 136 136 133 137 137 130 128 134 134 133 133 134 133 131 131 124 120 116 115 116 117 116 115 113 112
149 151 148 155 161 169 172 172 175 173 171 171 171 170 169 170 172 168 165 165 166 167 167 167 171 165 162 144 102 70 58 79 130 120 65 73 80 18 61 160 163 138 119 135 162 172 173 171 171 170 170 170 169 170 168 163 154 141 131 133 129 119 124 136 142 142 139 134 132 122 113 117 127 131 132 132 133 131 128 127 126 125 123 121 118 117 117 118 115 114
144 154 159 167 166 169 172 175 176 174 173 172 172 172 173 173 174 172 170 169 169 169 170 170 174 165 166 158 106 61 53 67 112 125 66 37 31 31 61 158 150 125 118 142 166 174 175 173 170 169 169 170 171 171 167 160 144 125 115 124 124 117 129 142 149 144 141 135 119 92 87 112 124 131 133 132 132 130 125 123 129 129 128 126 122 118 116 116 122 121
135 151 160 168 169 174 176 174 172 174 175 173 171 172 175 177 175 173 172 173 175 175 173 172 166 168 166 165 119 64 52 64 103 108 68 48 47 67 88 147 136 116 121 150 168 173 174 172 170 170 170 170 170 168 160 149 130 109 103 119 123 124 140 151 152 144 142 135 105 64 68 113 129 137 139 135 135 133 128 126 132 130 129 129 128 125 121 117 113 114
132 137 155 169 171 177 181 175 172 178 180 177 175 177 177 174 174 174 174 175 177 176 174 174 170 173 160 166 146 78 48 60 93 103 76 52 47 65 108 142 130 121 130 157 171 172 173 174 170 168 168 170 171 165 152 141 118 94 102 124 142 145 157 152 148 147 140 138 117 65 62 123 140 147 142 140 141 134 131 131 133 130 132 135 134 132 128 122 116 108
132 138 150 163 171 176 178 177 175 178 179 177 176 177 177 176 177 176 175 175 177 176 175 175 174 172 164 163 147 94 54 56 83 102 79 63 53 75 113 143 137 125 140 166 174 173 172 170 168 168 167 167 168 162 147 133 115 106 124 143 152 159 161 149 151 147 146 146 135 92 73 131 153 149 146 142 140 138 134 135 135 133 133 135 136 137 136 132 123 115
128 136 146 159 174 177 175 177 179 178 178 177 177 177 177 177 178 177 176 177 178 177 176 175 170 167 170 163 151 117 73 64 82 102 85 68 59 65 108 156 142 130 150 172 172 171 170 168 168 169 167 163 159 154 140 125 119 128 143 152 157 164 159 156 153 149 152 146 142 113 77 120 149 145 149 145 142 145 140 138 141 138 137 137 136 139 140 137 130 123
122 133 142 154 170 177 176 178 181 181 179 177 176 177 178 177 177 176 177 178 179 179 177 175 171 164 166 161 155 135 91 67 77 97 102 82 81 58 96 166 151 145 165 177 171 169 166 163 163 165 163 156 148 142 135 129 125 144 153 159 157 166 160 155 149 150 154 146 144 125 75 90 135 143 151 148 146 149 148 143 145 143 143 141 140 142 143 140 134 127
121 131 139 147 160 172 177 179 181 184 182 176 175 178 179 177 176 175 175 177 177 178 178 175 169 166 165 161 154 138 109 85 83 93 105 91 107 99 114 161 147 153 168 172 168 167 162 160 159 159 158 153 147 142 142 143 139 139 140 161 159 156 154 154 149 149 149 148 145 130 78 71 121 138 141 143 144 142 144 140 139 139 141 142 142 145 146 144 135 129
121 131 142 149 158 169 176 178 179 184 183 176 175 179 180 177 177 174 174 174 174 176 177 175 171 166 158 157 153 141 123 100 92 98 106 102 121 153 150 155 158 167 170 166 164 163 161 161 160 157 154 153 150 147 146 148 145 141 126 138 156 153 145 153 151 146 143 154 148 128 74 58 116 138 138 146 152 144 145 143 137 137 140 143 144 146 148 147 139 133
120 130 142 152 159 165 170 174 177 181 181 177 177 180 180 177 177 174 174 174 173 174 175 172 168 167 161 157 148 137 125 109 105 115 122 121 124 160 168 167 160 167 160 158 160 158 162 162 158 154 150 148 148 148 146 145 142 150 126 97 128 152 143 145 146 145 149 164 153 125 64 50 112 140 143 144 149 145 143 139 142 140 142 146 147 149 152 152 145 139
119 127 137 148 157 159 164 173 176 177 178 177 179 180 180 177 176 174 175 175 173 174 173 168 168 167 165 161 154 146 133 120 117 125 136 145 146 153 163 163 161 167 157 160 163 157 160 157 156 154 150 146 148 152 153 150 154 139 114 67 88 129 138 147 148 151 156 163 147 123 66 61 117 148 153 138 138 143 140 135 141 136 138 142 144 147 153 155 148 143
114 130 141 154 164 164 166 172 175 176 178 177 178 176 172 174 175 173 174 174 171 169 169 168 163 165 163 158 156 151 142 141 143 141 146 157 160 154 155 163 161 162 164 165 163 161 160 159 155 151 151 155 153 156 160 154 156 139 115 53 72 112 129 146 152 157 157 155 154 117 72 72 114 156 158 148 132 148 136 137 139 135 141 144 144 149 155 158 155 147
113 129 140 153 164 164 166 170 173 175 176 172 174 176 173 173 174 172 173 174 173 172 173 173 170 165 159 152 152 152 148 149 151 154 158 161 161 161 162 164 162 163 164 164 162 160 158 155 154 156 152 152 153 155 157 154 153 152 128 75 79 110 116 137 148 152 156 158 153 114 73 74 111 154 164 147 125 137 136 138 137 135 141 145 146 151 156 159 160 150
112 126 137 150 161 163 164 167 170 174 174 169 171 176 173 172 172 169 170 174 174 173 175 176 171 166 160 154 155 156 154 156 157 163 165 164 164 166 167 167 168 169 170 168 166 164 161 157 156 164 158 153 157 158 158 158 159 158 141 109 87 107 112 128 140 146 154 161 153 111 74 81 113 152 171 149 121 125 136 137 132 131 139 144 147 153 158 162 162 150
111 124 134 146 157 160 162 164 167 171 172 168 170 174 171 170 170 167 169 173 173 172 173 173 168 165 163 158 157 157 156 159 161 164 167 170 172 171 171 173 173 174 175 173 171 170 167 162 162 172 167 160 163 165 165 165 164 155 145 132 98 99 100 108 123 135 148 160 155 111 78 93 118 146 171 149 122 115 133 131 126 127 136 142 147 154 159 163 158 145
111 124 133 143 152 157 162 163 165 166 167 165 167 169 167 170 170 168 170 174 175 173 172 171 169 164 161 157 154 155 154 158 159 160 164 170 173 171 169 171 168 169 170 170 169 170 169 165 171 179 177 173 172 174 177 176 173 161 144 126 101 89 88 96 104 128 145 159 158 113 81 102 121 137 162 145 121 106 129 127 125 127 136 142 146 153 156 160 156 144
110 124 134 142 149 155 161 162 163 163 162 159 162 165 164 168 170 170 172 176 177 176 174 170 170 164 161 157 155 153 149 150 151 154 157 160 163 162 160 159 159 159 161 161 162 163 164 163 169 174 174 173 170 170 174 173 168 157 144 119 101 90 91 87 101 134 152 163 160 113 82 103 123 133 154 141 121 102 127 130 127 130 137 142 145 149 150 153 152 142
107 123 134 141 146 152 158 160 160 161 159 156 161 166 164 165 169 170 173 175 176 176 173 167 168 162 161 159 154 148 141 139 143 147 149 150 151 152 153 153 154 153 153 154 153 154 155 156 157 158 158 159 154 151 156 157 157 144 135 112 98 97 97 86 106 141 157 162 155 110 83 103 123 132 148 138 122 104 126 131 123 127 135 140 143 146 145 147 144 137
103 120 133 140 144 149 155 157 158 160 160 156 162 170 166 162 168 169 172 173 173 174 170 163 165 160 160 156 148 140 134 133 135 137 138 140 141 142 145 149 154 151 150 149 147 145 147 149 151 152 150 151 147 141 144 149 148 142 129 111 110 108 95 87 103 138 153 155 146 108 87 106 122 132 143 135 123 106 123 126 116 121 131 137 141 144 143 144 144 139
99 117 131 141 148 152 156 158 158 159 162 158 160 165 163 164 167 169 167 168 173 172 166 163 163 157 157 151 144 134 122 123 123 127 133 131 130 135 136 137 140 142 142 142 142 142 141 141 141 138 140 137 136 133 140 143 146 143 128 119 119 109 91 75 91 131 152 155 138 100 99 115 116 129 143 133 121 101 121 118 117 118 131 139 139 141 144 148 148 149
98 115 129 140 147 151 156 159 158 159 161 155 155 159 159 161 155 158 160 162 168 168 165 164 159 156 155 149 139 128 114 112 118 123 123 122 123 122 121 121 127 132 135 133 131 129 129 131 131 131 133 129 129 126 129 128 138 140 130 123 120 107 86 70 84 116 143 153 131 102 117 128 114 133 140 126 115 104 120 116 125 125 132 136 138 143 147 152 152 152
95 113 127 138 145 149 154 156 156 157 158 153 152 155 156 158 163 167 167 168 169 167 163 161 159 156 151 145 135 121 106 99 109 120 121 119 117 115 118 117 115 121 126 126 125 124 123 123 119 123 128 123 122 120 122 119 129 132 123 116 116 105 86 71 82 114 139 151 130 96 103 102 81 116 132 127 115 109 123 127 132 131 133 133 137 144 148 153 149 150
92 110 124 136 143 146 150 151 155 157 157 155 156 159 159 160 157 160 162 164 166 165 162 161 160 153 144 138 127 111 98 90 111 117 117 113 111 113 116 114 108 113 117 119 121 122 120 117 114 119 123 116 114 113 121 124 122 122 111 105 109 104 90 77 86 110 126 135 114 86 102 102 90 122 133 130 109 107 121 134 133 134 133 131 136 142 144 148 149 150
88 105 119 132 141 146 150 151 152 152 150 151 155 157 158 157 157 157 159 161 163 162 159 157 149 150 149 135 108 88 87 95 107 101 97 99 109 112 108 109 113 116 116 115 117 119 118 115 108 112 118 115 115 110 114 119 122 122 111 106 110 105 94 85 90 110 122 121 109 119 146 121 94 120 131 133 116 119 126 130 132 134 134 131 134 139 140 143 144 144
83 100 114 126 136 143 150 154 155 154 150 151 154 156 158 157 154 153 154 157 159 159 156 153 152 150 148 125 96 82 83 95 99 96 94 102 110 110 112 119 122 126 124 118 115 116 116 116 118 114 110 104 107 106 112 118 126 125 112 106 105 99 93 90 100 111 122 123 108 97 100 74 88 115 129 128 114 123 129 129 133 132 133 130 132 136 138 141 136 136
77 95 110 121 129 135 143 148 150 152 148 149 149 147 151 151 153 151 152 155 156 155 154 151 153 149 145 109 76 73 78 93 95 96 93 94 79 86 120 121 124 131 131 125 120 119 119 118 122 116 106 97 102 104 111 116 122 118 103 96 95 89 87 90 101 111 119 119 115 98 79 53 87 115 131 128 119 123 129 131 132 128 130 129 129 135 138 140 138 137
73 92 108 118 124 127 134 139 144 148 147 148 145 141 145 146 147 145 147 150 152 152 151 150 148 145 139 92 55 60 69 87 101 95 84 76 43 69 139 125 125 134 138 135 132 131 128 126 119 115 105 94 98 103 111 115 118 113 99 95 96 91 89 92 108 115 125 120 115 114 101 69 89 112 126 128 129 128 127 129 130 124 127 129 128 134 137 137 137 135
73 84 105 118 124 130 134 139 141 145 145 147 145 139 140 142 142 143 143 145 146 145 145 147 151 146 141 89 59 58 73 95 107 86 70 57 53 104 147 129 130 135 145 145 138 138 138 139 128 122 113 97 87 92 98 101 99 95 96 95 93 92 93 98 111 120 126 122 117 97 70 65 85 112 125 132 132 127 128 125 124 123 124 124 125 133 140 141 136 129
69 76 95 111 122 130 133 137 140 143 141 142 141 137 139 143 142 141 140 141 143 144 144 145 148 143 131 81 59 57 71 99 101 74 65 60 76 130 156 126 133 140 150 150 145 144 142 144 142 136 129 119 101 86 82 83 88 88 91 95 97 95 95 105 110 123 125 122 113 82 58 65 92 114 124 129 130 126 125 120 122 119 119 123 128 135 137 133 128 121
62 68 85 104 120 129 131 135 140 142 140 141 139 135 137 140 140 138 137 138 141 142 141 141 143 139 118 68 57 60 75 105 97 67 57 89 112 136 155 141 132 141 152 153 150 148 145 147 147 148 143 141 126 101 89 84 85 89 93 94 97 96 96 105 112 124 125 126 107 59 46 70 99 118 126 128 125 120 121 119 120 117 117 122 128 133 132 126 122 116
55 60 77 97 115 125 127 132 137 139 137 139 140 136 136 137 135 135 135 137 140 140 138 137 141 138 110 58 53 64 85 111 91 68 61 128 152 149 158 146 132 139 154 159 155 152 150 151 150 157 151 151 144 124 109 95 85 90 94 92 94 97 98 104 115 120 123 129 94 39 46 83 110 121 123 121 120 118 120 119 118 116 117 120 122 124 123 121 120 116
52 54 67 87 107 119 123 129 130 132 131 135 139 137 137 136 133 134 134 135 137 138 137 137 141 134 106 58 51 65 95 120 96 60 54 77 105 141 165 147 133 135 153 162 155 153 153 151 154 162 155 156 154 141 128 112 96 93 96 97 95 97 99 101 118 118 123 123 75 35 65 100 118 119 115 113 116 119 120 117 114 114 116 117 116 116 116 116 116 114
53 53 60 76 98 114 120 127 130 131 129 132 136 134 134 133 134 134 133 132 135 137 138 140 141 125 100 64 55 64 101 128 93 66 107 72 74 125 159 148 136 131 148 162 155 152 153 151 154 158 155 157 156 146 137 128 115 101 102 107 106 104 103 104 113 114 117 104 54 40 83 105 108 113 117 116 115 114 115 115 113 113 114 116 118 116 114 113 114 113
53 54 60 70 88 104 113 124 128 130 127 129 131 129 130 130 133 133 131 130 133 136 139 140 136 113 89 65 62 72 108 129 98 54 74 43 55 115 151 141 143 132 145 161 159 157 157 156 154 152 153 155 152 145 138 134 128 113 107 111 115 117 113 110 106 108 107 85 45 47 86 97 97 109 121 121 114 110 111 115 114 113 113 116 119 118 115 114 114 115
48 54 61 67 79 93 104 118 119 123 123 125 127 126 127 128 131 131 129 129 132 136 137 138 129 104 79 61 67 82 115 126 99 58 28 19 31 90 142 150 144 130 139 157 161 158 157 158 156 152 155 156 154 153 148 143 137 125 113 108 115 122 115 107 111 112 107 84 53 58 87 94 102 107 115 116 112 111 112 114 115 113 112 114 116 115 113 114 114 116
50 52 58 67 78 88 98 106 110 114 119 121 121 121 123 124 129 131 129 129 130 133 138 138 123 113 83 60 78 92 120 128 101 50 40 72 84 102 117 154 143 130 136 155 162 160 158 155 153 152 154 156 155 153 150 146 138 128 121 111 111 121 121 117 121 115 105 90 76 74 86 99 108 111 113 113 113 113 113 114 110 111 111 112 112 111 113 117 119 116
51 52 57 64 73 83 93 100 105 110 116 119 119 120 121 121 124 125 125 127 128 134 138 131 116 89 90 71 61 99 128 129 110 63 58 124 115 108 127 141 144 129 132 148 156 158 160 159 155 154 155 156 155 152 149 145 137 133 131 119 110 113 115 117 112 112 109 102 93 91 98 105 110 111 113 112 112 112 112 113 112 112 112 112 113 113 115 119 119 114
50 51 55 61 70 78 88 94 101 107 114 119 120 121 121 121 120 121 123 125 126 133 135 123 103 100 78 63 73 102 116 125 112 75 48 92 90 95 135 150 135 124 129 146 155 156 155 152 154 152 153 155 155 154 151 147 143 137 133 125 117 115 113 112 116 118 120 116 109 107 109 111 113 115 116 116 115 115 115 115 116 116 115 115 116 116 118 120 116 110
54 54 56 60 66 74 84 90 96 102 110 115 117 118 119 119 120 122 123 125 125 129 131 123 94 92 69 65 81 98 118 128 115 88 68 120 113 105 133 138 135 126 128 142 151 154 155 152 153 150 151 153 154 154 152 149 145 140 137 131 123 118 115 115 113 115 116 114 113 115 118 119 119 121 122 122 122 122 122 120 121 120 119 119 120 119 117 117 111 105
62 61 60 60 63 70 80 88 93 99 107 111 115 117 118 118 119 123 123 124 125 123 126 127 102 62 70 73 84 105 123 128 112 106 67 76 77 104 135 137 137 129 130 139 148 153 156 155 154 151 151 153 153 152 150 147 146 142 136 133 128 123 120 119 113 113 114 114 115 121 125 126 127 128 127 126 125 126 125 124 124 123 122 122 122 119 113 110 105 102
55 59 64 67 69 72 78 82 93 99 105 110 113 117 119 118 116 122 121 122 122 119 122 129 112 63 69 73 94 108 116 125 112 106 87 43 65 109 128 137 128 126 130 139 147 151 152 150 151 148 148 151 152 152 151 148 147 142 135 134 133 128 125 122 123 123 123 124 125 127 129 127 131 131 129 125 124 125 125 123 122 123 122 121 119 114 108 105 103 101
59 61 63 63 65 71 80 88 90 96 102 106 109 114 116 115 115 119 119 120 120 118 121 123 114 80 68 78 90 96 117 126 121 93 101 54 61 109 127 128 124 124 128 134 140 145 147 146 144 142 144 147 149 150 150 148 142 144 141 139 135 128 129 131 128 127 128 130 131 130 129 127 130 130 128 125 124 124 123 120 119 121 121 118 114 109 106 105 105 103
60 64 67 66 66 69 77 83 90 96 102 106 109 114 116 115 115 118 118 118 118 119 120 115 122 92 67 76 82 92 115 122 125 109 90 78 59 104 123 122 123 125 129 133 138 142 144 143 142 140 142 145 146 147 147 145 144 145 139 140 140 135 134 132 131 129 129 131 131 129 127 127 127 128 128 127 126 126 122 118 116 120 121 116 110 105 105 108 107 105
57 66 70 74 76 76 82 81 89 96 103 104 105 108 112 115 116 117 115 116 119 118 115 113 116 99 75 75 87 96 111 119 127 119 108 92 83 97 116 121 122 122 124 130 136 141 144 144 141 139 140 138 135 139 146 146 141 143 141 138 137 136 134 134 136 132 132 132 131 131 128 120 121 128 127 130 129 122 123 117 117 118 119 113 105 105 108 108 103 101
67 72 71 77 83 82 84 88 93 98 102 102 102 105 109 113 112 114 114 115 118 117 113 111 114 105 89 76 82 98 111 118 124 128 122 117 104 100 118 118 119 119 123 129 134 139 142 143 141 138 138 136 133 136 140 138 137 139 135 132 132 134 135 136 133 132 133 133 132 132 130 124 125 130 126 128 127 122 124 119 117 114 112 108 106 108 109 106 102 100
71 77 74 76 84 84 85 89 93 98 102 102 102 103 106 109 111 114 114 115 117 117 114 112 110 107 101 87 89 104 108 113 120 125 123 126 120 115 123 114 118 118 123 130 134 137 140 143 139 137 137 136 134 136 138 136 136 139 135 129 130 135 136 135 134 132 131 129 127 128 130 128 130 131 126 126 124 120 120 117 116 110 106 106 107 110 110 107 106 104
65 75 77 75 78 83 86 87 95 99 101 102 103 104 107 110 113 116 116 115 117 117 115 114 113 114 115 106 98 96 101 113 114 117 122 123 125 130 127 115 119 120 125 131 133 134 138 141 138 137 138 137 134 135 137 136 132 136 134 129 130 135 134 132 133 133 133 132 130 129 127 124 123 125 122 123 123 120 120 117 113 110 108 109 110 110 111 111 109 106
54 62 71 71 73 83 92 95 92 95 96 97 98 101 105 109 113 116 117 116 116 115 113 113 114 115 114 119 114 102 104 112 112 120 129 130 128 130 128 121 122 123 127 131 131 131 134 137 137 138 138 136 132 131 133 133 131 135 134 132 134 137 135 133 131 130 130 130 129 128 126 123 122 124 122 122 120 116 115 114 111 112 112 113 113 111 111 112 111 109
53 52 60 63 64 72 82 87 83 87 91 94 95 96 98 101 107 112 114 114 116 115 113 111 116 112 104 114 122 118 118 116 116 123 123 131 128 122 130 126 124 125 127 129 128 128 131 133 134 135 136 135 132 131 133 136 136 138 136 134 135 135 132 131 131 129 126 125 126 127 127 127 127 126 124 120 116 111 110 110 113 114 114 114 115 114 112 111 111 109
53 50 53 52 49 52 56 63 70 76 82 86 88 88 89 91 96 101 105 107 111 114 114 114 120 118 111 109 112 117 122 125 122 122 116 124 125 120 130 128 126 127 128 127 126 128 130 131 130 132 134 134 133 134 136 138 135 133 131 131 131 127 124 125 129 129 129 129 131 129 125 123 122 120 118 115 113 112 112 114 115 117 116 114 116 116 112 111 107 106
39 42 46 41 40 44 46 53 55 60 64 67 70 72 76 81 84 89 93 96 104 110 114 116 113 115 118 113 114 120 118 122 124 124 124 124 123 124 127 129 127 128 128 127 126 129 131 131 130 131 132 132 133 132 133 135 130 127 126 130 131 126 123 126 127 127 126 125 125 122 118 117 117 114 113 111 112 113 113 115 116 119 118 115 116 116 113 112 107 107
37 37 39 39 37 40 43 41 48 50 51 56 57 60 70 72 72 76 80 85 91 98 106 115 114 114 113 112 111 112 115 119 119 123 120 119 123 125 128 130 128 129 127 122 120 126 131 128 128 131 132 131 131 130 129 128 126 124 123 123 125 124 123 123 123 121 120 121 121 118 115 114 115 114 114 115 115 114 114 116 119 117 116 115 113 112 112 113 111 110
44 35 33 36 37 36 38 38 41 42 43 47 48 50 59 60 63 66 68 71 76 81 88 96 103 103 104 104 105 107 110 112 116 116 112 115 120 120 122 125 125 128 129 126 124 125 126 127 129 128 127 127 128 128 126 122 122 122 120 118 117 116 116 119 119 119 119 120 119 116 114 114 114 113 114 116 117 117 118 119 116 115 116 117 116 114 113 111 113 113
52 40 34 36 36 36 37 39 42 42 42 44 44 46 53 55 58 62 65 67 69 69 69 71 76 78 81 84 88 94 100 103 106 109 109 113 116 115 120 126 124 127 124 122 126 128 127 127 127 127 129 128 125 123 123 122 124 121 118 118 121 121 120 120 120 120 120 120 119 118 117 118 116 116 117 117 116 114 115 117 117 115 115 117 116 114 111 108 109 110
52 46 40 37 35 37 40 41 43 42 41 42 43 45 50 53 57 58 58 57 58 58 58 60 64 66 66 65 66 70 75 78 86 94 100 107 112 114 118 120 120 123 121 118 122 126 126 124 124 126 127 127 125 123 121 122 122 121 120 118 118 118 119 121 120 119 118 117 117 117 118 119 118 118 119 118 115 113 113 115 117 115 114 114 113 113 113 111 110 110
46 44 41 39 37 37 38 39 41 41 41 42 43 45 47 50 53 55 55 55 57 58 58 59 58 57 56 56 57 60 63 65 68 70 74 85 97 104 110 110 113 116 121 123 120 121 124 125 121 121 118 119 124 123 119 120 118 119 120 121 122 120 117 116 116 114 113 112 113 114 114 114 111 113 114 114 112 110 111 113 113 111 110 110 110 112 114 114 112 110
43 40 40 43 43 40 38 39 40 40 43 43 46 47 45 48 53 55 55 55 56 56 55 56 57 55 53 55 57 57 58 58 61 62 66 79 91 102 113 118 121 113 114 120 119 116 117 118 117 118 117 118 120 119 119 123 127 130 127 118 108 104 106 110 110 109 109 110 111 111 109 107 111 112 112 112 111 110 111 113 111 110 109 109 108 108 109 108 106 104
44 43 42 44 46 45 43 43 41 40 42 42 44 46 43 47 54 58 62 63 64 60 54 51 51 51 52 54 54 53 56 61 67 75 81 89 104 121 133 130 125 118 114 119 124 127 127 126 133 131 134 137 133 130 132 132 130 125 114 103 98 101 108 114 118 118 119 120 121 120 119 118 120 120 119 118 117 117 117 118 116 115 114 114 113 112 109 106 103 98
45 48 46 42 42 47 48 47 46 44 44 41 44 47 45 50 51 55 56 57 58 56 54 53 45 47 51 53 49 48 57 69 79 98 110 117 128 132 109 71 89 101 108 113 125 138 145 148 142 130 132 139 137 136 131 118 118 117 116 115 118 121 121 122 121 122 122 122 122 122 123 123 123 122 121 120 120 120 121 121 121 120 120 121 122 122 119 114 106 93
40 46 45 43 43 43 46 46 45 49 50 49 50 51 50 50 53 56 56 57 54 50 51 51 45 42 46 45 41 48 66 82 109 128 120 112 113 127 113 64 64 71 81 84 96 115 119 116 87 74 91 125 127 120 114 108 112 120 119 120 124 123 122 119 122 122 122 122 122 121 122 123 123 123 122 122 123 123 123 122 123 123 123 124 122 122 123 123 122 118
41 46 44 41 41 41 44 45 45 49 50 49 50 51 50 49 51 55 55 56 54 49 49 49 43 41 39 42 55 74 96 117 128 136 121 109 108 135 135 90 69 65 68 68 68 65 57 56 71 80 104 129 124 116 108 105 113 121 122 122 124 124 123 121 122 122 122 122 122 121 122 123 123 123 122 122 123 123 122 122 122 122 123 123 122 121 121 120 126 129
