166 168 174 169 160 139 160 148 168 152 147 169 171 172 170 166 170 164 174 162 172 167 171 170 170 171 173 165 171 171 167 172 172 170 170 170 164 170 169 170 171 174 170 169 166 171 170 170 170 167 166 173 167 174 167 171 167 172 164 171 166 173 164 168 169 165 163 164 165 166 166 166 168 165 167 169 167 168 168 161 166 171 169 171 166 165 165 167 166 166
177 149 147 156 109 84 96 96 89 89 51 65 129 152 160 169 166 174 167 166 174 171 172 170 165 175 166 173 168 165 169 170 169 173 171 168 172 173 171 166 161 161 171 168 179 169 166 174 171 171 170 173 170 173 170 171 172 163 168 171 165 168 164 167 170 166 165 166 166 165 166 166 166 167 168 167 166 166 166 165 167 169 165 167 166 167 166 166 166 167
115 83 77 56 31 47 47 34 37 48 53 41 52 66 92 113 118 148 162 170 150 171 162 170 179 162 163 168 181 173 167 172 169 172 173 173 173 165 157 149 152 149 133 142 168 167 174 173 171 170 172 173 171 162 168 173 170 172 170 169 175 170 168 165 169 167 167 168 166 164 165 167 168 169 167 167 171 170 165 164 168 169 163 167 167 168 167 166 165 165
59 31 33 23 37 52 37 22 29 40 54 45 45 38 42 72 73 72 106 107 114 136 158 159 171 167 170 172 172 176 171 171 176 159 168 170 176 156 158 167 163 102 94 104 120 153 170 170 165 170 175 169 177 173 181 175 169 176 170 165 172 170 169 168 168 166 167 168 167 164 165 166 166 170 171 170 168 165 165 168 166 170 167 170 168 169 167 167 170 170
42 32 23 30 41 40 35 26 22 32 31 38 44 52 52 46 51 66 69 93 70 88 88 78 100 133 109 135 167 163 177 177 182 176 178 171 159 170 166 177 170 64 64 85 131 186 205 201 192 189 190 178 180 167 172 169 172 171 175 173 166 169 167 165 170 169 170 171 170 168 168 169 167 167 168 168 166 165 167 170 166 170 168 171 169 169 169 170 168 168
35 22 31 37 60 45 20 24 28 32 31 42 38 36 33 39 42 26 35 56 73 48 71 97 67 54 51 61 82 91 115 130 130 161 174 174 170 193 171 170 186 60 47 112 165 200 193 174 165 168 177 168 178 175 172 165 175 168 159 178 178 171 175 169 166 167 168 168 166 167 167 166 169 165 165 169 172 172 170 166 168 170 165 169 169 171 171 171 171 170
33 46 42 46 54 21 27 24 28 36 42 36 28 25 25 37 30 30 33 39 46 44 50 52 68 65 51 59 46 42 48 44 27 48 116 148 157 167 194 185 186 86 93 166 161 168 162 172 192 187 200 202 211 202 188 187 172 186 181 173 168 163 176 166 168 172 173 171 169 170 171 170 165 168 170 173 173 170 167 170 169 170 166 169 169 171 170 170 171 171
46 49 55 54 32 38 47 48 45 65 55 42 46 37 41 31 23 26 27 54 60 63 73 37 52 41 39 42 47 43 46 54 47 48 41 47 63 96 138 152 139 134 142 194 200 192 200 208 185 185 198 186 175 166 167 192 183 164 198 190 181 171 167 171 165 171 173 169 166 168 170 168 169 171 167 166 169 166 164 171 169 172 169 172 169 169 168 168 170 169
46 43 55 34 46 48 83 90 100 81 86 75 77 56 42 38 44 38 41 35 19 32 44 39 31 28 34 30 26 28 39 53 42 47 56 45 37 36 57 40 19 20 12 28 81 196 237 186 187 188 177 179 165 160 166 173 195 195 179 192 205 196 175 172 172 169 173 170 171 169 168 172 172 172 170 170 172 169 167 170 174 171 172 173 171 171 171 169 171 172
40 58 38 76 99 117 105 110 122 130 121 98 82 75 77 73 54 50 48 48 53 37 37 46 46 50 44 52 54 61 69 86 81 74 78 67 72 86 92 78 60 62 58 36 32 54 112 150 172 172 177 178 189 199 174 166 183 201 203 190 198 194 188 180 172 173 164 174 171 171 170 168 165 169 169 168 171 171 170 169 168 166 168 169 167 168 168 166 168 169
45 43 51 100 103 106 87 111 113 103 90 94 107 119 90 88 91 93 72 73 65 56 56 58 66 96 126 144 157 154 159 150 148 136 134 139 135 136 142 131 147 165 149 149 146 149 146 157 159 164 173 189 201 205 208 190 149 176 215 197 198 179 188 184 164 152 174 171 163 169 176 169 166 169 169 168 169 170 169 170 170 169 169 168 166 168 170 170 168 168
25 44 91 95 100 107 109 111 108 114 120 142 130 123 123 134 117 93 105 101 92 92 93 102 119 157 176 190 183 175 178 172 178 173 168 160 164 171 157 160 164 176 167 175 180 178 184 185 179 168 168 158 149 152 178 189 157 185 204 209 210 213 204 216 202 154 160 171 165 173 165 167 169 174 174 168 166 172 173 168 170 169 168 167 166 167 168 167 170 170
41 53 69 107 148 131 136 140 145 150 139 147 157 152 142 133 131 144 132 110 123 134 139 150 172 178 173 178 184 183 179 184 179 178 170 171 166 163 165 170 163 168 170 176 168 171 173 167 163 167 173 168 169 156 157 162 164 155 162 170 172 167 166 177 188 161 150 164 173 171 164 173 171 168 169 171 168 167 169 168 167 167 168 168 168 168 165 163 168 169
55 69 67 153 157 166 156 165 166 167 171 175 181 165 164 182 178 157 146 154 161 178 174 175 190 181 176 172 182 186 194 184 188 171 130 154 183 171 177 171 174 163 179 179 176 171 158 155 166 166 169 159 167 178 171 163 173 169 168 168 162 166 162 157 160 165 171 158 161 156 152 155 165 164 170 175 172 171 170 165 168 169 168 167 168 169 169 168 168 168
74 73 122 166 170 172 176 175 177 177 178 189 182 176 201 189 167 169 181 182 180 181 197 192 185 163 180 170 163 182 148 142 137 122 133 150 184 203 203 193 201 193 185 190 178 190 180 189 183 172 166 189 184 171 173 162 162 176 175 162 177 164 168 180 171 164 165 163 158 168 155 157 150 154 154 148 149 167 177 168 167 169 167 164 165 167 170 171 168 168
48 95 177 181 185 189 186 188 182 189 188 192 189 178 182 184 191 185 188 188 193 192 170 176 184 185 173 179 178 133 100 83 103 104 152 162 182 199 196 197 191 198 196 197 193 185 191 185 191 185 188 193 185 189 176 172 185 183 175 173 176 172 176 174 174 178 170 167 174 171 172 171 169 155 152 156 150 146 149 151 164 168 170 168 168 168 169 170 167 167
139 175 170 193 198 192 196 191 177 193 187 196 194 192 199 190 189 187 188 188 199 193 192 183 185 187 192 193 145 86 80 78 120 138 155 168 185 201 186 174 173 185 197 196 189 186 189 193 200 197 191 180 184 180 182 188 174 175 170 174 177 181 177 169 179 173 175 163 177 157 154 171 167 147 157 154 155 165 157 143 142 142 159 177 169 168 164 168 171 168
184 181 202 193 186 200 192 196 197 195 190 192 201 195 203 188 191 190 195 189 186 193 203 198 193 191 196 157 83 88 76 84 142 157 159 182 167 178 161 167 192 194 199 204 201 197 200 191 186 185 175 182 164 175 191 180 170 182 175 175 172 172 171 162 162 171 176 155 167 165 164 167 161 163 153 155 170 156 150 162 156 138 143 148 165 175 163 168 169 165
173 189 196 204 194 197 195 200 205 204 200 191 199 204 189 193 190 193 200 203 200 199 191 193 193 204 178 155 108 101 77 107 155 159 167 180 157 121 126 180 187 186 189 197 203 204 205 186 193 199 188 185 183 191 182 191 185 172 173 183 177 173 170 180 185 174 170 157 176 175 166 161 166 165 159 154 161 162 162 156 148 155 149 136 148 157 170 172 164 170
175 192 195 195 203 190 196 207 204 190 193 208 195 195 200 199 186 194 196 196 201 210 191 190 197 186 174 159 119 96 88 129 173 153 171 146 77 71 160 204 186 186 198 203 210 202 196 191 186 191 195 184 192 184 185 195 190 186 184 192 177 172 185 186 178 185 172 177 184 165 183 174 169 170 157 167 175 160 166 163 149 146 162 159 144 134 149 174 175 169
193 198 200 203 198 199 193 197 197 196 200 190 199 199 196 202 204 198 196 197 196 209 204 208 208 187 167 133 104 86 111 174 169 168 154 97 62 69 159 178 181 192 210 194 204 205 201 214 200 189 214 197 203 200 191 182 189 190 197 190 180 188 184 182 187 190 191 194 192 174 181 182 175 186 186 174 181 174 164 174 166 168 156 151 156 149 125 131 172 167
191 199 206 199 200 192 205 201 203 208 200 199 194 188 200 200 203 201 204 207 202 195 193 211 204 190 191 138 91 100 136 181 169 156 103 102 43 76 129 186 186 188 204 185 206 212 199 210 219 209 205 211 206 190 195 189 199 197 185 191 194 187 178 179 187 186 184 187 191 183 187 187 183 179 170 168 181 182 180 176 181 182 166 167 160 161 151 129 129 162
197 196 198 196 205 209 201 205 203 203 207 208 189 199 205 201 208 211 197 184 199 206 206 210 211 193 183 156 108 102 161 181 160 135 90 91 19 114 120 183 196 186 202 185 199 201 199 217 205 205 203 206 194 207 210 193 197 196 193 189 190 193 185 196 199 192 193 178 184 195 184 182 192 181 181 178 186 184 180 190 190 179 176 163 152 161 162 157 130 122
199 193 202 201 209 200 199 208 206 200 203 206 211 203 200 200 198 206 201 184 194 203 214 209 213 194 186 150 108 91 152 178 168 98 121 52 165 187 130 146 194 191 201 168 180 205 212 201 204 211 213 217 207 214 216 212 200 200 197 192 188 196 196 197 195 188 186 186 191 189 184 190 194 186 192 197 192 182 184 183 175 171 174 175 172 165 169 156 145 131
191 199 209 202 210 199 202 204 201 206 199 206 210 207 210 201 195 215 200 195 206 204 208 212 209 192 180 145 104 74 142 163 143 90 109 104 214 208 192 142 188 205 190 173 158 191 205 209 213 215 216 229 217 215 206 218 212 199 199 204 198 194 202 192 185 184 187 189 183 190 187 194 194 194 197 202 199 187 186 185 186 188 178 172 176 170 169 161 153 150
206 205 205 210 206 204 206 212 187 211 213 198 208 221 211 201 209 209 196 190 203 212 209 205 208 208 197 128 114 57 104 163 151 113 82 68 47 63 126 143 179 194 181 194 168 200 210 208 203 212 219 214 219 217 210 205 200 203 196 193 195 196 194 189 179 185 193 190 199 192 202 193 197 198 199 194 186 201 190 188 188 177 182 187 178 179 186 160 165 160
196 199 197 208 213 219 216 224 209 212 215 204 205 213 211 216 208 205 213 210 208 213 210 214 210 210 189 145 96 37 87 156 149 126 73 23 78 71 69 126 159 180 163 189 157 192 206 214 205 213 220 211 217 205 199 199 191 206 204 201 190 192 185 177 182 181 188 187 187 168 175 183 177 195 201 205 191 194 192 192 195 191 187 186 188 180 182 180 169 163
204 199 211 200 211 210 228 218 223 224 219 214 214 212 213 220 214 201 210 213 212 214 207 210 209 203 175 127 98 51 70 145 140 150 61 86 224 101 79 131 157 173 161 170 142 191 195 202 197 203 208 209 209 200 192 199 207 198 185 195 187 179 162 164 161 172 172 179 170 161 178 173 173 182 188 201 204 193 199 197 183 195 199 193 192 186 188 185 178 172
198 210 216 206 211 217 226 227 229 225 227 225 219 220 222 216 213 209 214 221 222 219 213 211 200 211 172 112 68 54 69 138 138 94 57 59 133 28 71 98 152 139 156 170 156 191 185 209 207 213 217 211 209 207 199 191 184 194 185 185 175 164 148 163 179 179 173 160 172 170 159 156 146 157 178 192 200 195 192 202 193 194 201 199 192 186 192 187 177 173
209 211 209 217 212 228 228 224 234 230 227 224 230 226 214 225 215 223 222 221 222 218 215 208 198 212 168 111 67 45 64 118 139 80 65 40 25 28 81 81 159 138 126 155 173 171 190 215 210 213 219 203 203 200 201 193 188 193 183 169 153 154 161 184 189 181 177 179 166 167 157 116 120 160 176 187 191 202 195 193 197 202 205 199 202 201 198 188 180 177
189 201 217 217 231 223 231 236 235 232 231 231 231 230 223 222 223 234 232 229 227 218 209 201 203 210 168 108 55 60 64 109 141 68 99 30 80 109 112 93 151 138 147 147 167 174 189 214 210 208 206 197 198 197 195 196 190 180 168 152 151 178 197 200 201 175 171 180 164 164 142 88 113 165 178 198 200 196 200 208 210 203 208 209 208 203 200 194 192 187
199 208 217 221 226 224 226 229 234 236 229 235 234 229 236 229 232 231 227 227 229 222 213 212 210 199 164 111 70 41 73 123 142 80 88 40 50 81 76 104 149 134 151 161 159 161 205 213 209 209 193 196 201 213 193 187 195 173 159 157 182 204 205 197 184 190 194 183 178 172 169 101 54 141 195 197 205 208 205 203 205 203 205 204 207 202 204 210 203 196
204 211 207 220 224 208 224 219 246 229 221 232 232 231 228 231 227 227 228 230 235 220 212 216 203 200 150 109 80 62 42 111 135 104 70 76 56 109 122 143 131 130 155 156 161 174 211 214 205 213 206 208 209 204 210 196 186 171 167 179 201 203 210 196 190 201 191 188 189 179 171 109 13 88 193 210 209 211 203 203 206 210 207 205 207 205 203 208 207 199
208 220 210 218 224 214 221 222 236 230 227 227 226 233 228 222 217 228 234 232 230 236 213 211 210 198 160 131 97 53 63 81 126 134 59 88 67 96 124 120 121 135 159 153 165 201 218 222 214 217 217 220 218 220 208 199 187 185 186 199 205 206 202 197 190 181 183 167 191 200 149 86 21 26 131 184 210 209 209 214 211 208 204 204 203 201 201 205 206 199
207 214 215 226 218 221 230 228 223 228 232 231 228 229 223 230 222 223 232 228 233 230 207 199 201 197 171 136 125 81 76 74 115 136 90 77 104 88 100 113 139 148 161 144 193 207 219 213 212 216 212 211 201 212 200 196 192 186 196 194 209 202 199 199 191 195 189 180 174 183 131 79 100 141 129 179 190 205 216 203 206 203 202 203 203 204 208 209 207 203
205 215 211 222 217 224 219 225 224 226 224 224 224 223 216 226 219 215 217 220 229 223 220 216 203 195 193 161 125 91 75 81 102 125 101 85 98 119 102 141 161 166 164 148 199 224 210 207 196 199 197 203 193 190 184 184 185 182 187 204 203 187 193 183 190 193 198 182 185 178 126 83 118 176 88 145 191 180 207 206 205 207 208 205 204 207 208 205 204 205
211 211 202 216 215 228 218 224 229 221 212 213 217 228 224 217 222 227 225 226 221 227 222 217 203 208 187 172 170 141 86 63 93 121 108 115 93 128 133 136 157 168 163 175 204 209 208 200 210 201 198 203 200 190 193 200 197 193 164 179 214 182 186 186 184 181 181 188 206 167 123 98 157 181 168 122 149 174 195 202 207 208 205 203 205 207 204 201 208 210
215 210 207 219 206 219 221 226 224 221 221 226 211 211 221 216 221 214 220 217 217 226 213 205 211 195 194 179 142 121 118 104 87 108 119 108 107 110 149 157 185 177 179 203 201 206 199 198 204 206 210 195 186 184 187 192 186 197 151 83 175 203 193 181 174 185 189 190 191 164 128 97 153 179 184 160 153 188 190 198 203 195 190 196 205 206 204 207 208 209
211 212 203 211 215 225 219 221 216 216 212 226 217 209 218 216 224 204 212 210 217 219 216 215 208 201 201 181 150 126 109 98 88 111 126 112 112 123 149 191 194 196 202 192 189 181 199 194 197 204 200 191 190 201 198 186 187 188 131 30 118 183 179 168 173 184 183 187 194 156 134 96 159 191 141 72 162 188 181 200 199 185 182 192 200 202 205 210 210 210
214 219 221 227 218 222 220 215 211 228 211 214 217 214 222 220 215 212 216 222 209 207 210 211 202 202 196 194 159 126 102 86 101 120 139 126 125 141 182 191 183 189 191 185 191 193 186 188 196 201 187 201 194 191 193 190 181 182 110 39 155 168 176 177 169 180 180 178 180 153 109 128 204 194 180 122 153 187 182 198 194 182 182 192 196 200 208 212 208 208
208 213 217 211 218 217 213 217 221 225 213 220 224 217 215 222 217 221 216 214 213 214 209 211 200 196 191 193 184 140 115 100 112 123 151 155 157 154 175 181 180 192 182 192 199 200 198 197 198 190 194 197 185 192 191 195 182 167 156 41 147 184 167 165 161 169 174 186 181 142 118 119 184 193 209 139 152 180 192 185 201 185 176 186 182 193 204 210 209 206
213 209 209 208 217 225 228 220 216 221 219 227 222 217 220 222 220 218 215 214 212 209 209 202 207 202 196 192 185 167 134 111 119 139 173 179 179 178 185 189 194 183 179 202 199 190 199 193 191 198 200 197 197 196 186 197 189 150 165 116 129 166 166 154 147 173 174 169 176 145 131 91 147 192 166 49 144 182 209 182 188 179 168 177 181 198 203 207 209 202
201 213 217 209 211 210 210 204 211 210 211 225 223 220 218 214 225 211 209 212 213 201 204 198 198 196 195 199 193 170 127 133 133 159 181 191 198 195 192 193 199 196 206 196 193 198 191 185 193 194 198 190 191 198 208 222 170 168 157 165 141 146 153 145 144 158 152 159 158 135 157 123 179 219 195 167 147 180 204 172 171 176 171 181 184 198 200 210 205 200
206 211 216 210 207 198 201 215 215 224 218 213 210 216 219 217 213 212 220 210 211 201 204 202 207 193 193 190 184 179 152 146 156 175 191 208 203 198 200 190 203 202 198 194 199 186 192 203 196 196 210 203 198 201 217 221 185 177 161 138 114 130 111 116 120 134 131 164 175 151 149 121 155 209 204 203 156 169 190 171 171 164 152 164 176 195 196 206 198 201
207 201 213 210 210 217 215 209 206 212 215 221 216 212 211 217 213 209 221 214 225 213 201 203 197 192 192 179 178 182 173 154 158 184 204 215 213 209 202 198 197 197 197 198 196 182 195 198 197 195 198 194 204 203 204 204 192 169 144 123 97 91 90 107 121 118 137 181 194 166 136 103 138 199 195 190 137 177 190 190 169 152 140 150 171 196 200 202 197 211
202 198 208 205 205 206 207 206 212 211 212 215 208 209 213 219 215 217 221 208 217 217 207 205 197 183 195 189 163 150 164 152 164 172 191 189 196 208 199 195 196 194 193 186 184 185 190 192 188 190 187 181 181 174 175 185 188 158 127 125 118 96 79 107 121 133 160 175 196 162 125 105 125 189 196 166 132 182 182 171 162 153 155 152 167 187 198 198 198 214
197 201 198 195 200 201 207 201 202 202 206 214 209 206 206 215 217 214 215 217 216 213 208 198 195 199 195 181 156 128 136 166 166 146 169 176 173 185 191 164 155 181 183 186 179 166 169 181 178 173 168 168 160 155 161 174 168 146 130 117 112 113 89 103 120 130 158 174 188 149 120 103 110 173 180 113 130 174 191 181 154 144 152 142 164 181 198 195 205 212
194 196 197 205 198 189 211 206 205 209 202 203 212 216 204 204 220 220 216 220 203 203 216 205 202 205 182 177 171 129 97 131 158 145 151 163 170 164 183 169 168 164 161 162 156 147 134 161 158 155 148 158 156 154 154 167 159 133 132 114 104 110 90 99 106 137 156 177 187 160 131 109 133 199 199 113 144 186 200 169 161 145 155 146 174 181 192 186 200 198
203 203 201 195 191 187 198 199 189 206 204 212 212 206 213 204 208 212 218 220 208 210 208 204 197 194 185 168 150 110 107 102 151 138 150 144 137 107 132 149 149 142 141 125 133 143 131 143 144 138 137 152 137 141 144 154 153 128 121 87 110 104 93 100 118 130 145 179 181 142 118 97 124 176 194 159 141 175 193 172 162 137 152 160 175 183 191 183 185 191
196 202 203 198 197 200 197 199 188 195 212 208 209 202 213 215 220 219 225 222 210 217 202 200 197 189 185 165 155 106 92 80 112 137 134 129 124 109 116 117 117 125 133 127 130 130 134 144 141 141 143 138 135 139 129 139 131 132 100 40 104 107 100 98 123 129 140 164 171 130 120 91 132 181 187 149 137 180 182 165 166 159 151 153 166 183 185 180 176 179
199 198 201 201 196 199 187 194 197 208 198 198 209 205 205 199 224 213 196 206 206 207 201 200 193 191 190 154 131 102 89 92 85 122 98 90 86 97 87 81 90 92 105 119 128 121 128 135 145 146 140 127 145 145 132 149 140 131 89 6 74 119 113 115 129 128 141 152 165 126 103 94 145 151 184 140 142 181 154 162 155 152 151 162 182 181 184 186 174 170
197 194 194 197 188 199 190 196 190 194 194 208 200 192 202 195 203 213 206 214 216 207 207 198 196 185 166 129 112 117 90 105 87 108 98 87 79 74 61 83 81 91 98 112 129 132 127 140 144 144 135 126 140 150 151 148 144 151 81 30 97 117 128 110 122 126 137 152 160 129 96 98 151 175 156 88 145 184 150 165 165 144 142 154 177 185 194 188 177 171
195 202 196 192 185 200 195 194 195 193 203 193 193 191 199 197 192 200 212 210 217 208 201 197 187 178 165 129 99 116 98 84 99 91 85 76 63 58 67 118 118 99 100 124 118 125 126 131 143 146 138 134 140 147 145 146 142 145 82 33 110 110 110 118 122 130 134 153 152 122 104 80 109 163 76 57 173 159 147 166 157 137 143 166 170 189 188 181 178 174
193 199 193 193 192 196 190 196 185 191 189 189 203 191 187 199 204 203 196 186 206 215 208 185 176 191 174 141 123 99 81 72 87 74 88 72 58 72 100 120 140 109 103 128 112 122 138 128 132 143 150 136 132 147 140 139 155 152 110 70 102 100 105 121 132 124 130 146 160 119 98 81 122 189 138 65 168 164 140 151 152 139 153 167 164 180 186 194 183 176
194 187 191 191 189 189 183 189 187 196 187 194 195 190 193 195 197 201 195 204 199 193 187 182 185 172 144 124 105 59 59 83 78 82 86 85 65 113 96 105 157 130 120 138 143 130 138 153 154 139 155 144 126 135 148 148 150 147 125 107 95 106 123 123 134 134 142 135 157 134 94 76 136 165 122 105 172 148 147 151 146 147 160 165 170 182 189 185 189 184
185 174 191 181 177 193 192 184 186 189 192 181 186 173 174 190 194 184 187 207 194 192 168 181 182 154 126 104 79 59 61 84 83 87 95 62 92 107 81 131 171 128 133 146 165 150 149 159 154 151 157 147 147 126 129 134 134 135 110 93 99 114 134 128 133 132 135 145 158 134 94 79 115 107 75 162 162 143 169 149 140 144 152 177 173 180 184 187 194 189
187 185 196 190 185 185 184 190 201 182 169 182 185 166 169 186 192 185 189 194 173 195 184 183 157 128 133 76 68 48 57 86 86 99 77 68 143 79 91 131 180 137 125 167 147 155 165 162 136 164 164 163 157 144 136 112 104 94 87 101 114 123 129 134 134 140 132 152 146 139 97 71 59 49 98 182 136 144 162 154 146 151 161 165 162 176 177 186 190 190
174 188 188 194 190 187 184 185 181 175 178 186 174 186 170 181 190 178 193 171 182 175 179 176 157 129 106 73 63 59 63 76 87 96 48 97 84 92 134 154 177 162 127 155 176 167 168 159 155 171 168 170 166 158 156 133 116 104 104 115 115 120 126 123 125 138 145 152 142 127 101 65 78 81 137 154 137 161 147 140 147 165 168 169 167 178 188 183 184 182
183 183 181 189 183 187 177 183 182 185 178 187 166 157 179 174 188 188 187 181 180 175 177 175 159 134 98 76 58 50 55 84 94 64 57 116 43 145 146 173 179 157 141 150 186 162 154 146 168 182 169 168 172 162 160 152 137 126 124 126 125 132 140 138 140 143 145 141 143 133 106 68 67 73 132 144 148 142 134 148 162 162 171 171 173 175 180 187 181 179
177 179 185 181 169 184 182 185 171 179 168 173 173 164 162 162 177 183 170 182 183 182 187 179 159 104 88 68 41 45 70 94 101 30 116 74 135 194 171 184 194 162 148 133 176 161 178 146 159 185 178 174 181 176 170 159 147 143 136 130 137 142 142 143 133 143 141 150 138 142 99 77 36 87 128 138 150 127 132 157 166 170 181 167 174 185 185 182 176 174
172 178 178 181 178 175 184 179 174 156 167 161 175 164 154 154 151 175 178 187 191 182 182 180 163 94 74 55 32 49 83 101 90 64 102 59 152 178 189 172 198 177 142 132 158 186 185 175 169 177 177 186 189 183 181 168 162 161 156 143 153 153 149 150 147 144 143 145 139 140 109 60 15 109 155 157 155 159 161 163 176 175 178 179 182 169 172 171 164 162
159 180 185 180 182 175 173 170 153 168 161 164 170 180 169 160 149 160 182 194 177 182 177 163 162 109 63 67 49 56 81 114 79 123 71 31 43 50 131 169 200 179 161 131 168 192 183 187 187 187 179 187 194 190 188 181 171 167 168 154 156 152 149 148 156 147 148 137 126 116 112 43 47 141 160 162 169 180 178 184 182 174 173 173 169 154 154 166 161 160
166 170 168 167 175 174 164 177 145 156 166 161 159 162 170 164 156 173 177 171 179 180 178 172 167 116 46 65 50 64 100 137 81 128 43 162 107 54 102 173 187 183 159 121 163 184 190 175 176 199 190 181 191 193 188 180 184 175 181 169 167 160 157 152 146 143 137 144 127 113 81 30 90 148 167 181 185 183 184 171 169 167 174 171 165 163 150 159 152 150
159 168 157 173 174 168 159 161 159 168 168 159 169 162 170 163 167 174 161 164 175 181 185 156 163 136 56 57 52 73 104 141 101 141 31 92 32 48 75 159 175 173 163 120 164 180 192 191 186 201 199 195 190 179 180 187 185 172 174 161 166 163 165 166 143 139 135 126 128 106 88 106 142 159 181 183 186 178 179 167 171 177 167 165 159 160 154 152 144 141
154 171 158 156 168 169 161 149 167 169 166 161 160 167 164 164 174 173 178 185 163 169 181 163 160 135 82 56 44 86 120 134 114 140 23 7 6 35 75 145 159 155 172 107 148 189 195 196 186 196 204 191 187 179 184 173 198 172 166 169 172 167 161 164 160 161 149 121 144 140 149 160 168 179 189 187 184 179 169 165 167 170 170 165 143 150 142 144 144 139
140 164 163 164 169 156 159 166 169 166 159 164 156 169 169 159 168 165 171 172 159 175 178 160 157 126 79 52 70 85 129 143 109 114 17 53 84 72 85 154 166 152 159 117 147 187 181 195 194 189 191 199 197 197 196 184 184 170 168 175 165 156 175 159 172 164 142 158 156 162 158 168 179 184 188 188 182 170 163 166 176 165 164 152 157 153 143 137 128 127
129 154 145 151 153 165 163 163 156 168 148 152 171 164 169 155 157 157 166 155 161 170 162 157 156 132 90 49 74 99 127 143 104 129 23 68 131 100 109 156 151 150 152 110 153 202 192 189 189 193 189 179 191 183 185 178 188 174 167 172 153 156 161 161 158 162 152 162 162 160 168 176 183 189 182 180 182 177 174 170 157 143 158 146 145 137 135 129 120 120
110 132 147 154 132 147 154 155 164 174 169 157 163 151 166 159 156 167 169 149 170 159 146 169 161 133 87 67 65 95 141 144 112 135 47 35 64 51 107 162 168 146 154 119 151 189 190 177 201 189 190 173 167 185 183 189 188 162 165 180 162 158 143 144 151 168 166 171 157 161 167 178 173 184 175 171 174 169 166 159 161 143 140 127 114 122 124 128 123 121
119 136 155 141 149 151 146 154 155 158 168 155 151 159 157 165 168 159 160 168 168 166 154 153 146 128 95 71 60 98 129 130 100 129 69 82 129 110 110 156 161 150 162 129 158 189 174 181 181 174 179 184 171 172 176 179 181 181 166 154 165 160 165 148 156 151 155 171 153 162 160 167 167 169 160 165 170 157 149 142 137 137 129 127 125 134 120 126 120 117
125 128 152 144 145 155 151 147 159 153 154 148 150 164 168 165 154 149 161 160 171 160 165 154 141 118 100 67 43 108 120 130 121 107 107 50 112 89 113 150 151 148 168 130 166 194 167 162 185 182 177 175 170 163 176 178 169 167 164 159 156 152 168 145 144 131 141 142 150 151 148 148 148 154 151 150 147 140 138 136 131 137 135 131 130 129 125 126 119 119
135 129 132 143 142 155 148 151 150 162 156 147 161 160 159 161 163 160 153 160 144 156 154 147 133 137 101 63 44 101 119 124 127 71 113 47 32 87 143 144 144 167 158 107 147 170 166 165 178 163 167 168 153 174 166 166 165 165 169 160 144 153 148 147 148 148 141 129 137 146 145 150 146 149 147 139 136 138 137 130 136 137 138 137 133 123 128 118 116 118
123 137 138 140 139 146 144 140 154 157 163 156 150 166 144 151 161 154 153 151 141 144 141 132 134 119 96 58 52 76 114 128 116 119 91 92 18 97 145 141 151 159 121 130 158 156 163 171 159 161 151 165 161 155 166 169 167 162 173 156 139 147 140 142 143 151 150 150 147 150 147 145 142 137 141 141 138 135 130 126 130 136 131 135 131 117 121 117 119 119
112 145 140 143 135 145 145 144 157 149 151 158 161 163 160 154 157 149 143 151 160 149 145 141 142 114 81 61 62 63 108 126 123 147 93 89 58 81 140 146 151 149 112 148 160 166 164 163 153 150 154 152 167 152 144 160 161 157 163 151 152 145 137 141 139 145 149 142 135 142 145 135 138 140 127 135 136 131 128 115 134 126 123 121 122 119 118 123 119 117
109 123 147 146 140 149 143 138 140 143 154 145 144 148 138 145 155 150 148 138 140 139 139 149 140 126 80 60 70 66 101 124 130 137 125 72 69 87 139 139 137 136 139 164 161 155 151 146 140 162 155 162 160 174 155 161 159 165 156 142 156 147 135 142 125 133 134 128 134 143 139 135 135 128 139 131 135 122 123 127 125 120 119 115 106 116 124 124 111 112
134 120 133 139 139 127 139 142 147 155 149 144 149 147 141 142 141 136 147 139 132 136 137 126 123 137 89 64 54 72 103 116 124 125 131 132 90 86 118 128 129 132 156 162 156 152 156 141 141 152 153 170 160 156 151 143 154 151 149 144 138 132 134 124 128 132 133 129 132 132 128 136 133 136 133 129 122 120 119 124 116 113 118 125 115 120 119 120 110 110
135 129 135 136 144 133 141 139 144 144 139 138 144 142 139 141 145 137 142 144 136 138 149 132 127 143 118 77 59 59 90 104 111 116 123 133 135 102 105 142 133 140 160 161 157 147 157 148 157 157 153 148 148 146 139 150 152 144 138 138 139 138 136 125 131 129 128 129 129 131 135 132 134 133 118 125 115 123 115 121 112 117 117 123 118 118 108 113 111 109
109 127 120 135 143 133 150 140 134 135 124 135 136 130 140 132 139 137 138 144 145 135 142 145 141 141 134 110 70 63 83 106 121 132 132 127 131 124 128 139 136 147 156 149 149 155 158 147 153 155 149 147 154 141 150 152 141 135 129 129 136 141 137 141 131 138 136 134 128 133 143 127 124 122 128 107 114 129 122 122 118 133 131 119 114 121 113 113 108 104
84 100 112 121 121 128 129 131 141 129 132 122 115 124 125 132 124 132 140 129 132 137 133 127 126 126 143 123 95 62 68 97 117 110 118 131 142 124 130 139 133 138 155 151 144 149 145 146 160 159 161 156 154 143 156 136 140 133 138 138 128 134 138 140 132 139 138 139 131 126 133 128 119 122 137 118 123 116 117 122 126 126 124 115 116 120 113 103 110 106
73 80 91 108 108 103 103 113 126 119 120 117 117 116 110 112 120 114 124 128 135 135 130 127 132 140 132 133 130 103 66 86 111 105 124 135 142 132 111 138 145 146 150 139 139 147 144 142 152 144 151 149 147 152 130 143 137 140 136 137 130 133 132 128 138 131 132 139 140 135 133 137 134 134 122 120 123 120 120 121 123 116 124 118 114 105 110 109 106 106
51 67 81 87 95 98 89 91 93 95 98 99 100 93 89 106 96 107 107 110 128 132 138 138 141 142 132 128 120 136 120 100 107 110 108 135 153 141 116 141 149 151 143 137 149 147 149 147 140 143 143 135 146 142 144 136 126 140 132 134 129 133 138 132 141 134 141 134 128 134 130 131 125 122 125 135 130 124 114 133 120 112 124 116 121 111 112 102 110 118
36 48 59 63 67 74 79 80 81 70 80 78 71 78 81 84 94 92 89 93 98 126 131 141 140 128 135 127 131 127 121 130 118 125 122 130 145 137 131 140 139 143 146 151 135 149 144 142 144 143 136 130 136 142 143 149 138 135 128 134 132 137 136 127 131 134 136 134 136 126 116 120 125 129 123 128 135 117 121 127 127 125 124 116 116 116 109 112 125 121
37 43 46 51 67 65 54 71 77 82 62 48 54 57 59 63 58 67 86 84 83 94 114 136 142 137 122 124 140 128 126 124 134 134 135 135 131 139 143 129 138 138 145 140 146 135 133 139 140 130 136 135 131 131 125 123 135 140 132 139 134 134 133 132 135 140 133 141 129 131 114 120 118 121 127 127 122 116 122 121 120 115 118 112 106 110 113 117 120 99
40 40 47 44 55 64 54 61 52 59 64 55 49 48 45 50 50 54 71 77 76 77 94 119 124 139 125 128 144 137 142 135 142 130 131 138 129 121 132 141 135 128 130 142 127 142 138 128 138 140 130 140 142 130 135 131 127 135 137 129 126 123 142 130 134 135 134 129 123 122 124 134 128 126 117 127 125 129 116 129 127 120 118 115 118 124 125 130 99 90
44 41 51 45 41 52 51 49 49 42 46 50 54 45 30 40 50 46 44 55 51 56 63 92 108 125 131 133 135 132 136 137 123 133 136 136 132 126 126 129 137 129 128 135 132 137 136 136 131 134 134 134 132 126 128 138 137 131 137 132 136 138 122 132 134 127 136 123 136 125 132 129 124 124 131 126 121 122 127 127 120 110 113 116 122 130 109 79 108 117
24 40 46 39 42 53 54 51 52 50 38 38 44 51 53 34 41 43 35 43 45 49 45 62 83 96 120 137 138 130 120 128 125 122 120 124 126 129 133 129 128 135 143 134 138 125 131 137 134 128 139 138 131 133 129 128 131 124 135 129 133 121 128 124 137 133 137 131 136 131 128 124 122 123 123 128 124 127 125 116 118 113 125 138 129 96 86 113 115 119
24 27 31 41 46 40 39 46 50 51 47 49 50 50 50 44 30 43 45 38 42 39 35 38 45 65 81 91 93 92 84 87 89 81 79 88 93 94 99 100 112 117 126 133 128 135 141 130 128 128 129 130 129 130 129 122 122 133 129 122 123 130 128 130 132 134 130 127 122 127 127 133 132 126 120 112 129 119 125 125 128 130 129 108 97 107 115 120 117 108
40 30 34 39 39 39 38 38 34 31 47 50 37 36 42 47 41 45 40 31 34 34 32 28 26 44 54 56 56 67 59 52 52 57 57 61 65 59 55 56 52 61 75 102 134 134 131 131 128 130 136 128 126 130 123 130 121 128 124 129 126 115 127 123 129 129 125 121 125 130 127 130 129 131 133 130 126 132 130 125 124 116 113 115 120 119 110 113 105 92
50 36 36 30 31 40 37 40 42 41 24 31 44 32 27 30 45 45 38 43 32 33 30 32 34 26 36 45 46 60 48 38 43 56 58 54 55 58 51 33 27 27 20 53 131 150 141 137 142 139 136 148 150 149 149 131 138 141 134 139 138 142 136 139 135 140 133 128 127 131 123 128 117 122 127 125 124 125 111 122 127 122 124 116 108 111 109 107 104 100
43 42 36 40 36 33 44 40 42 49 46 24 26 35 36 35 36 33 44 45 43 33 33 44 44 35 36 40 45 43 44 41 29 43 47 50 52 54 51 36 39 63 80 120 132 132 138 133 143 145 152 133 95 78 95 123 125 136 128 135 143 122 152 158 158 158 158 155 156 156 154 157 147 149 144 138 138 135 132 134 131 139 128 121 123 93 95 102 98 106
40 43 34 39 41 36 42 39 38 38 44 34 34 35 35 34 31 27 38 41 44 38 42 58 50 37 32 32 37 36 40 42 42 45 41 48 61 79 92 82 105 142 115 85 84 110 128 118 124 132 109 72 63 69 94 143 135 140 124 125 132 118 157 170 165 166 167 165 166 167 165 169 165 170 168 165 167 165 164 168 165 157 158 170 166 53 10 25 30 39
