22 23 34 36 34 33 33 39 31 31 24 32 34 28 35 31 31 32 33 44 37 41 39 38 28 26 29 37 33 51 82 99 135 161 190 182 162 149 156 171 175 167 187 175 169 175 180 212 208 167 155 161 157 160 163 171 168 165 160 159 165 163 162 168 165 163 163 163 167 167 164 170 167 164 165 164 161 163 165 161 162 163 164 165 165 162 162 166 161 161
35 33 30 28 28 31 33 28 26 27 33 24 22 25 19 26 25 23 26 25 27 31 38 31 37 34 35 37 33 37 38 42 73 74 81 72 62 60 86 121 135 121 127 126 137 151 156 164 155 181 188 167 171 169 161 169 171 168 169 166 168 163 168 161 167 164 165 165 164 165 163 165 165 163 164 163 162 165 166 164 162 161 163 165 163 162 163 164 165 164
27 26 24 29 25 19 24 21 26 20 27 28 24 24 22 22 23 28 29 21 24 24 31 29 29 35 36 32 38 52 42 37 47 33 27 25 33 35 42 50 65 72 81 84 104 137 164 163 145 167 189 169 171 175 174 157 156 151 155 173 166 166 169 168 167 164 167 167 164 166 167 165 162 163 164 165 166 167 165 163 164 160 163 165 162 163 166 164 164 164
21 23 23 26 23 18 23 27 22 28 26 28 31 25 25 30 19 30 24 27 31 28 26 33 27 34 41 52 59 59 48 49 74 70 70 70 80 87 98 106 102 113 114 98 94 119 164 177 172 150 161 183 204 194 186 182 168 157 146 147 170 170 164 168 165 164 167 165 162 165 165 164 163 166 165 165 167 167 164 164 164 162 164 166 164 165 167 167 165 164
25 27 25 20 26 30 26 29 38 35 39 35 32 38 37 31 32 35 28 34 43 40 41 43 48 62 72 93 99 99 107 115 123 125 134 142 148 143 146 150 149 143 147 146 141 140 151 152 152 153 158 165 174 176 171 171 173 174 166 155 143 167 163 167 164 166 167 164 164 167 165 168 165 167 165 163 164 164 164 167 164 166 166 165 165 165 166 167 165 165
37 31 31 30 34 36 34 46 51 51 44 49 55 48 43 39 48 44 47 44 53 47 69 69 82 108 119 135 136 141 156 156 157 159 159 158 161 158 159 154 154 148 152 149 147 145 145 140 148 146 146 147 141 146 148 144 146 145 159 150 137 157 170 169 164 167 167 164 165 165 162 165 161 164 165 165 164 163 164 165 163 166 165 163 164 164 163 164 164 164
50 44 44 44 41 42 55 72 63 66 63 70 63 53 61 60 57 56 64 66 76 68 99 109 132 144 147 157 153 149 152 153 158 163 159 153 158 163 166 157 152 153 152 145 146 149 152 144 147 142 141 145 150 142 142 147 136 143 133 140 135 144 143 156 165 166 169 168 168 167 163 164 160 162 166 168 164 163 164 163 163 163 163 162 163 165 164 162 165 165
67 76 77 72 64 74 92 87 84 89 91 69 65 80 80 82 82 83 82 100 114 105 123 142 152 158 155 156 157 162 160 159 158 162 163 164 166 160 166 166 169 164 157 159 162 153 154 149 147 148 148 135 141 138 141 131 137 144 138 147 133 134 141 137 143 144 153 159 161 164 164 164 164 163 167 167 161 161 166 166 162 160 161 162 163 167 168 162 161 161
99 101 98 87 98 110 102 106 108 105 101 90 94 90 108 104 107 98 113 139 144 141 147 155 163 158 161 159 159 163 151 158 163 156 170 167 167 172 172 177 175 172 174 165 164 159 163 158 157 156 153 152 146 153 148 150 148 144 143 145 148 150 151 149 150 145 141 142 144 147 155 163 167 163 165 159 163 162 167 161 163 163 163 163 163 163 162 162 164 163
96 113 109 106 123 129 123 125 122 119 109 119 117 119 123 127 130 128 136 148 154 158 160 156 159 155 152 164 156 156 157 159 163 161 163 165 177 177 174 180 180 182 182 173 174 169 169 166 171 158 157 164 155 157 154 152 150 150 148 143 145 155 160 158 157 153 153 154 150 147 146 143 147 152 167 170 168 158 161 162 163 162 163 165 165 163 163 164 162 161
125 137 131 135 141 141 149 145 138 136 124 143 143 145 137 140 147 144 145 149 152 154 157 159 153 157 165 163 152 164 157 158 161 147 153 166 167 163 178 187 194 182 180 180 178 169 170 171 171 172 165 159 156 160 156 160 157 152 149 149 148 149 156 161 164 154 156 161 154 150 153 155 138 134 140 151 165 167 167 162 165 164 164 163 161 160 161 163 162 161
149 154 153 162 159 151 158 149 145 150 150 152 154 147 146 144 148 151 155 159 160 157 161 168 163 168 171 172 159 156 163 156 139 133 147 158 161 157 164 173 187 180 187 190 181 180 185 181 182 172 171 175 170 169 168 167 154 157 157 152 147 149 152 151 151 154 160 159 154 159 165 164 150 150 145 135 138 152 165 169 167 165 163 163 164 163 162 161 158 158
167 170 163 161 161 156 156 156 154 156 158 150 157 151 154 149 159 166 168 165 165 167 168 170 174 169 172 165 153 146 159 145 145 141 159 153 147 156 164 165 183 176 178 183 180 184 189 186 182 175 176 177 172 168 171 170 164 167 168 161 152 150 148 144 151 153 156 158 156 155 158 162 164 158 153 151 140 132 139 154 170 166 164 164 164 163 162 163 160 160
164 166 166 162 163 169 170 169 165 164 164 161 160 161 168 172 167 163 162 166 171 174 176 180 176 172 172 150 147 147 142 139 162 138 155 152 137 141 147 142 167 186 186 178 181 193 189 184 188 186 177 170 177 177 177 172 178 175 173 170 162 156 154 153 155 157 156 152 153 158 160 160 155 157 153 152 149 147 135 127 139 162 174 164 157 163 165 158 160 160
169 167 171 172 170 173 175 172 170 164 161 166 162 168 172 175 175 168 170 181 185 181 181 186 183 181 162 154 146 138 137 149 161 146 152 144 123 104 115 141 168 182 175 175 186 196 188 191 188 179 183 186 184 178 184 176 174 176 174 167 165 169 168 160 155 149 150 158 160 158 159 162 155 163 159 155 149 152 146 143 126 134 150 165 167 160 158 162 155 156
174 174 170 176 179 170 168 175 174 169 174 174 168 172 176 175 176 178 183 184 182 184 188 189 189 175 164 152 118 136 138 154 156 150 151 129 89 72 106 142 169 179 173 178 188 192 183 189 181 185 188 184 188 185 190 184 177 173 171 169 167 166 162 156 152 143 147 157 155 152 155 158 161 165 160 161 156 159 152 152 152 132 123 139 159 164 160 157 161 162
177 174 173 173 173 177 178 173 175 172 174 177 175 176 178 177 179 185 187 185 186 189 190 191 191 174 162 137 100 121 146 140 165 156 154 104 47 50 117 166 183 181 182 182 182 194 184 185 182 191 188 194 191 191 184 182 182 179 180 174 169 163 163 156 148 144 145 151 152 150 152 157 153 152 158 164 155 158 161 157 148 150 139 125 129 148 170 163 160 157
178 181 179 175 175 175 174 176 180 179 178 176 176 178 180 180 185 183 184 188 192 192 193 198 189 160 150 124 114 113 166 146 168 158 134 59 33 44 118 172 185 178 174 178 180 193 185 186 196 201 195 194 190 194 193 190 188 175 178 174 167 160 156 151 147 145 147 152 156 156 158 160 156 154 147 154 162 166 160 162 154 146 151 138 129 123 133 163 164 161
177 178 176 175 178 177 176 179 178 182 183 183 185 186 184 185 188 183 183 191 195 194 193 195 173 163 157 130 129 119 152 169 168 161 99 25 23 69 125 171 176 189 179 174 177 194 183 183 195 201 200 203 201 201 194 186 188 179 186 179 171 162 154 157 145 150 151 150 154 161 162 158 159 161 152 149 154 160 158 160 166 160 162 149 149 132 114 134 160 161
175 174 178 180 178 179 183 183 177 181 185 189 191 188 186 186 192 191 190 191 193 196 195 193 175 170 144 138 129 121 145 174 172 157 65 18 42 98 130 176 179 184 177 180 180 193 188 188 190 201 205 209 206 199 194 194 189 185 184 175 176 168 155 150 148 149 149 150 155 161 164 164 164 160 158 156 147 156 165 165 163 161 163 159 156 152 144 126 127 128
186 178 176 180 184 187 187 182 185 181 184 189 187 183 184 186 191 192 190 186 185 191 194 191 185 175 154 141 126 115 137 179 177 144 33 26 129 129 119 178 179 186 176 170 177 181 177 194 200 209 209 209 213 209 204 201 195 193 186 180 176 164 158 147 140 147 150 149 154 164 170 168 168 163 163 164 149 148 159 171 167 169 159 155 157 150 153 142 134 129
184 184 180 180 187 189 189 191 190 183 185 190 188 186 189 190 190 191 193 192 191 194 196 194 195 174 157 129 112 110 129 185 180 136 18 58 132 163 142 161 176 172 175 166 177 185 184 187 199 210 212 207 211 208 205 198 194 190 184 180 167 153 159 150 140 143 146 146 147 151 157 163 164 169 160 156 159 164 161 167 171 168 165 161 159 155 157 149 143 135
180 183 182 184 191 195 194 194 190 188 189 192 193 193 195 195 190 190 194 197 196 196 196 192 192 180 158 139 100 94 138 184 177 132 21 25 50 93 139 159 184 172 177 161 180 180 183 202 205 205 208 208 213 210 210 199 195 187 178 171 166 158 159 148 138 132 139 151 144 126 126 142 156 171 166 159 162 169 165 167 163 175 176 167 168 161 154 153 145 141
179 184 192 195 193 195 198 195 193 194 191 190 193 195 195 196 198 196 196 196 196 200 200 194 192 195 174 129 86 70 117 185 175 119 16 47 27 12 77 159 171 161 180 158 178 181 186 194 198 192 203 212 212 202 205 199 186 188 177 160 161 157 147 140 137 140 139 129 118 115 122 130 144 147 157 167 161 163 169 175 167 172 172 169 168 160 159 152 148 147
185 185 190 196 197 196 197 200 196 195 202 202 199 196 200 197 197 197 193 197 201 199 201 199 206 196 180 124 78 64 91 182 181 111 18 150 50 13 46 161 175 166 171 166 172 188 188 193 195 192 202 208 203 196 200 192 183 180 170 163 157 148 141 137 139 128 125 120 117 124 134 147 154 146 148 155 169 165 165 174 167 167 172 176 169 169 162 158 152 151
185 191 194 193 195 202 207 206 203 201 206 204 202 200 206 204 202 201 203 204 205 203 200 199 207 200 181 128 83 68 73 148 178 108 7 61 18 20 28 143 163 166 166 165 184 187 182 186 187 200 205 205 209 195 188 187 174 170 165 152 146 138 124 125 123 116 124 120 117 123 126 134 139 145 143 152 152 158 158 166 172 174 170 173 173 170 161 162 156 155
184 193 199 197 200 210 213 207 204 202 207 206 205 203 207 205 205 201 206 204 204 206 202 205 203 196 188 128 98 72 70 127 162 106 8 3 18 16 34 126 148 162 156 163 186 180 182 186 190 193 195 194 197 191 187 176 169 167 160 146 133 123 119 128 121 118 129 126 122 127 123 125 121 122 130 150 157 155 165 163 158 163 164 174 169 166 167 167 162 161
187 192 198 203 208 212 211 206 205 202 205 204 206 205 208 205 209 206 208 207 206 208 207 209 199 197 199 143 107 72 66 115 146 99 2 33 67 31 40 129 137 153 147 169 181 179 190 192 195 193 198 194 187 186 189 172 158 150 137 135 127 118 125 121 128 129 133 135 135 133 125 123 103 112 142 149 157 157 157 166 152 164 172 183 172 167 171 165 161 162
191 193 198 204 208 210 211 211 213 207 206 203 206 208 212 211 211 211 209 212 210 207 208 203 200 200 194 157 98 69 60 113 141 96 20 26 50 41 71 124 132 143 141 176 183 188 196 194 187 194 194 187 185 178 170 154 157 149 141 133 114 115 135 133 141 148 144 139 132 121 123 131 91 135 158 159 157 165 163 168 161 173 165 165 163 162 166 167 157 159
190 196 202 205 207 210 214 215 214 210 210 208 211 211 215 213 211 211 208 212 210 207 210 203 202 199 196 174 117 77 69 114 133 102 23 39 71 108 111 115 136 134 139 174 185 195 195 194 191 193 188 180 183 177 166 151 157 137 132 117 107 126 140 141 149 151 141 137 140 137 138 142 110 126 163 178 164 167 170 162 171 170 159 160 164 172 173 167 171 173
190 197 205 208 210 214 216 216 209 210 214 213 215 212 213 212 212 210 211 213 211 211 212 207 203 196 195 176 136 80 75 107 125 111 32 31 91 114 102 110 141 126 149 172 183 194 195 198 193 190 188 181 176 172 171 159 140 116 114 116 132 151 148 152 151 152 155 149 149 153 148 148 126 64 135 175 165 168 165 171 170 170 172 173 162 167 175 177 178 180
196 197 202 208 212 215 217 218 208 210 215 213 214 211 213 214 210 207 215 215 212 212 206 202 200 198 195 188 153 93 80 105 124 112 59 30 46 68 80 123 142 121 166 178 184 190 199 204 192 189 187 183 182 174 167 152 136 118 116 135 162 165 158 175 157 156 167 150 142 156 153 157 136 41 76 161 169 170 168 171 170 170 171 176 177 178 172 176 179 181
191 196 201 209 212 213 216 216 218 219 214 213 212 215 214 215 212 215 216 209 207 212 211 201 197 193 197 182 162 123 82 100 115 114 89 34 41 41 80 140 143 144 165 174 198 191 202 200 200 197 185 185 183 175 166 142 127 129 140 162 169 167 180 166 165 171 160 150 153 150 158 161 135 46 36 135 170 168 168 173 169 169 172 168 174 171 162 184 179 180
189 198 201 203 209 215 216 209 220 218 215 219 218 218 213 212 215 212 213 213 209 209 211 209 190 189 194 184 169 144 107 89 116 111 110 61 56 51 97 149 148 155 176 184 199 196 202 194 201 195 191 184 176 180 171 141 140 154 150 170 170 171 176 175 165 167 166 158 154 156 166 158 124 46 15 83 153 171 165 169 177 173 179 173 164 169 169 180 178 180
194 199 199 206 214 213 211 211 221 216 213 218 215 215 213 214 217 210 211 215 212 207 205 204 199 193 189 190 177 155 129 101 99 115 115 76 78 93 82 143 165 170 183 187 191 193 196 189 184 186 191 184 176 170 157 147 158 159 147 158 186 191 180 183 164 159 160 159 161 160 163 159 121 49 8 29 140 168 169 173 173 170 179 180 165 174 173 175 180 182
197 200 200 209 217 212 208 212 210 210 212 217 212 212 211 211 217 214 211 212 214 210 204 199 194 191 184 184 173 152 139 127 104 119 117 96 88 150 134 162 177 175 181 185 182 186 187 185 181 187 189 182 174 164 159 165 167 165 161 148 173 193 169 165 160 160 160 151 156 167 166 148 110 71 63 47 94 159 164 153 169 168 167 173 167 172 165 170 178 180
195 204 203 205 214 216 211 207 206 209 211 213 208 211 210 209 212 214 207 204 210 209 203 202 192 191 184 176 174 168 149 131 122 119 128 129 102 138 179 184 180 178 183 188 183 188 183 181 181 186 184 175 166 164 165 158 173 181 179 145 116 165 172 164 162 157 162 157 155 169 172 141 107 73 79 117 111 143 163 160 162 168 165 171 175 176 166 171 178 180
195 199 196 200 209 210 206 201 209 211 208 207 206 211 209 208 209 211 207 206 209 204 199 203 188 187 189 180 171 167 151 136 134 129 132 140 142 141 164 171 171 174 182 183 183 191 185 181 188 192 183 175 169 162 162 163 167 174 180 144 63 97 161 161 155 150 157 166 166 168 170 145 121 72 94 112 76 133 162 166 151 160 165 168 173 172 170 166 179 180
202 201 199 205 210 209 208 207 204 209 205 207 208 209 203 203 208 208 210 211 209 202 199 200 192 182 184 185 178 170 159 151 135 143 145 141 158 173 168 170 183 184 188 183 185 188 183 183 187 191 185 179 178 162 151 166 163 164 172 149 55 63 155 169 144 154 156 163 171 172 169 137 107 82 123 167 89 124 163 157 163 164 169 166 168 163 174 168 176 177
197 204 204 201 201 206 210 205 202 206 201 202 203 202 198 204 202 200 203 204 200 200 200 197 191 184 178 179 178 170 159 149 151 159 158 156 169 182 182 184 178 175 181 178 185 184 182 191 192 186 183 171 170 170 158 163 162 164 161 156 76 91 155 160 151 154 156 168 171 169 167 123 107 88 103 172 134 112 165 176 168 162 168 167 172 160 175 170 175 177
195 199 207 209 206 206 206 205 200 208 202 196 203 202 196 200 197 200 201 198 198 199 198 199 191 186 185 181 175 170 161 154 161 165 172 176 181 179 179 188 188 192 186 184 187 189 189 180 181 190 177 172 173 169 169 163 167 166 150 144 87 98 153 154 152 151 156 157 156 183 183 137 108 85 97 166 146 110 158 188 179 158 159 170 162 163 173 180 178 185
199 199 203 206 209 211 208 205 203 204 204 198 192 191 192 193 204 193 188 190 193 196 193 189 189 182 181 177 169 165 161 157 157 167 182 188 191 193 194 197 198 201 193 201 200 185 189 190 181 171 167 171 163 162 169 158 165 170 158 137 99 86 144 152 149 151 161 158 177 183 171 144 112 83 117 196 199 151 146 195 199 167 159 164 151 154 170 175 174 185
194 194 197 201 203 205 204 202 199 197 199 198 190 189 193 196 194 186 188 194 192 189 191 190 188 179 176 170 162 161 164 168 169 176 187 189 190 198 203 204 199 205 200 204 196 193 207 199 185 178 169 163 165 173 172 159 176 190 170 142 117 86 127 138 150 156 142 129 163 175 162 135 111 78 116 168 187 142 133 194 208 167 158 166 150 145 162 164 166 179
189 193 198 201 199 198 202 204 202 200 196 195 196 192 190 195 190 186 189 197 196 190 190 190 187 182 180 174 165 158 156 162 174 177 183 186 190 200 203 201 197 203 198 202 206 204 209 207 201 186 169 163 176 184 177 178 195 209 171 150 126 97 110 122 141 152 124 123 143 158 159 130 112 75 109 178 180 144 133 178 206 163 154 164 148 137 152 157 168 181
186 192 197 201 198 197 203 205 205 204 198 197 202 197 191 194 197 195 192 195 194 188 188 188 186 183 179 173 166 157 153 162 171 169 170 173 181 188 189 189 186 183 191 193 191 196 193 182 201 178 169 167 173 185 187 186 203 206 164 152 125 97 96 109 125 142 128 132 143 158 164 130 107 83 104 162 184 135 119 167 203 163 149 146 138 134 150 156 171 181
184 188 190 195 197 198 204 199 203 202 201 202 204 204 202 201 203 201 194 197 198 192 191 188 187 182 175 168 163 159 159 170 164 164 167 172 178 181 179 180 182 180 181 174 178 183 174 179 182 171 173 171 168 177 179 172 184 178 157 148 125 95 94 101 116 118 130 140 153 147 148 127 108 71 81 157 188 104 125 161 184 154 146 132 133 141 151 152 168 177
185 190 189 194 197 200 205 198 202 203 204 203 201 204 206 203 198 202 203 207 200 191 195 196 189 181 177 171 162 157 156 158 155 152 157 162 167 173 175 175 174 177 176 160 159 173 174 174 170 163 165 170 166 159 157 160 170 162 157 142 119 97 92 83 106 120 146 153 156 149 148 123 99 67 98 175 200 157 124 156 157 138 146 129 134 145 146 144 166 178
184 193 192 194 194 197 204 197 198 202 202 198 198 203 204 201 203 201 201 208 202 192 197 196 189 177 175 169 156 153 153 149 148 145 154 160 162 167 167 160 163 167 164 162 165 161 159 168 163 157 156 156 149 148 152 151 156 151 149 129 110 111 102 80 104 122 136 149 147 154 154 115 96 80 101 163 175 158 123 146 146 128 145 129 129 137 138 140 158 173
187 188 186 193 198 195 196 194 194 191 194 198 195 196 197 193 193 200 201 200 192 192 201 195 188 185 177 167 159 153 147 141 141 146 145 155 159 158 158 154 160 157 157 167 161 149 152 151 155 144 150 150 144 145 143 145 151 152 142 122 112 112 99 73 92 118 143 154 155 168 152 116 99 70 99 151 159 162 130 150 143 136 136 128 131 124 137 140 151 167
178 183 182 185 187 187 190 188 190 188 190 192 191 193 194 193 193 198 195 194 191 191 193 181 177 175 171 166 160 151 142 137 131 128 143 143 142 144 143 144 147 157 164 161 156 158 157 152 146 145 149 142 144 145 132 134 140 149 135 114 107 103 91 73 89 115 134 145 153 161 139 110 93 81 124 157 173 149 145 152 143 133 132 118 119 119 134 136 150 162
175 182 181 180 181 184 188 186 188 184 183 187 188 184 184 190 196 196 194 199 195 186 185 182 175 171 165 159 152 141 132 129 125 117 130 125 126 127 120 122 133 139 152 152 154 157 153 158 151 146 146 142 146 141 129 142 136 141 130 112 94 104 91 71 79 102 118 133 153 160 129 106 89 76 107 142 118 107 134 144 134 122 131 125 115 108 123 138 154 161
171 177 181 184 187 188 184 178 184 189 187 183 186 188 187 188 189 196 194 190 188 187 185 177 178 174 167 161 152 137 122 115 117 117 117 113 116 112 100 104 107 116 129 134 144 151 146 148 144 143 138 130 127 126 125 130 137 139 143 107 59 104 101 84 88 100 105 116 144 156 123 104 88 68 86 144 106 70 139 146 128 114 129 134 128 121 132 147 152 154
173 173 175 179 183 184 181 179 181 184 184 185 190 189 188 192 189 189 184 183 187 187 181 171 170 169 164 157 150 135 119 111 106 110 107 105 101 101 92 103 110 114 117 123 133 138 140 143 142 146 137 132 126 117 119 117 127 133 149 75 30 95 98 82 84 98 110 115 132 144 119 109 90 87 134 161 123 96 139 143 130 123 133 132 125 130 141 146 154 154
174 172 176 179 182 181 178 181 176 185 185 181 184 187 186 184 191 183 181 188 189 180 174 174 175 174 166 155 140 120 103 99 108 95 93 82 77 92 99 117 133 132 131 133 132 128 130 136 138 139 130 131 127 114 116 118 128 138 149 53 37 88 95 86 87 94 109 117 132 143 113 98 86 103 157 154 92 97 123 127 129 125 130 131 122 124 138 146 151 149
177 174 176 177 179 179 178 183 181 181 181 184 184 181 180 184 183 181 184 184 180 178 177 174 175 175 170 157 134 105 90 94 98 86 91 72 69 75 100 119 133 143 155 150 141 137 129 124 130 131 130 122 114 117 125 125 135 144 143 74 59 73 91 101 90 89 104 113 127 140 113 104 89 72 115 69 47 111 138 134 139 131 126 136 130 123 132 141 146 143
172 171 175 177 179 179 173 174 177 175 176 180 181 179 180 184 186 177 178 181 180 181 181 177 171 169 162 147 121 90 83 98 91 93 97 65 60 49 99 127 137 139 162 164 155 150 138 143 136 122 135 128 109 116 130 137 140 140 135 119 91 72 87 100 93 90 106 115 125 133 106 103 94 64 83 37 53 113 134 126 132 135 130 137 128 122 135 143 142 139
165 168 171 168 168 177 178 167 178 177 173 172 178 182 181 178 180 179 174 176 178 182 178 177 173 170 166 140 106 73 80 96 95 106 90 58 34 37 118 128 127 143 164 164 169 157 151 156 148 142 140 132 114 104 109 113 122 127 128 110 71 82 99 90 94 107 104 115 127 138 108 101 81 83 118 94 71 113 132 125 128 137 136 135 129 131 134 137 138 134
165 167 168 163 158 162 169 172 172 169 171 173 173 177 180 176 174 177 176 180 179 179 172 170 167 173 168 128 82 70 85 98 103 110 58 37 31 50 122 134 134 148 178 179 180 169 164 170 159 159 155 142 133 121 102 94 92 91 74 67 74 95 100 100 97 101 109 115 120 130 113 96 66 98 103 69 89 113 122 132 135 139 139 139 129 128 131 131 140 139
165 164 164 166 165 161 162 165 167 165 168 171 168 168 169 168 172 176 175 178 175 175 172 174 172 167 155 115 66 60 78 99 114 95 39 28 56 82 125 153 146 145 173 184 184 182 187 181 181 169 165 156 156 154 124 99 82 64 54 73 90 95 95 105 102 102 113 110 109 116 116 97 75 86 33 33 105 119 113 127 137 139 134 134 126 124 127 131 134 138
166 162 159 165 169 164 160 162 163 165 165 168 172 169 166 169 169 173 174 176 173 172 168 171 167 164 147 94 52 52 82 114 117 64 17 62 109 92 123 154 147 145 165 178 182 179 193 189 184 180 181 172 161 157 143 128 110 98 94 93 90 99 102 98 104 104 109 109 113 120 112 84 73 82 29 58 103 118 129 140 129 140 139 138 128 119 119 130 135 143
163 160 157 156 158 157 161 170 162 164 164 167 171 167 163 168 169 171 169 172 168 167 163 166 169 164 140 79 55 49 83 120 119 48 24 125 159 125 121 162 149 145 162 171 186 183 182 188 185 192 183 175 173 164 152 141 111 106 107 106 110 109 105 104 106 110 109 114 116 125 112 79 28 20 17 76 106 124 133 132 124 128 127 130 126 124 126 132 143 151
150 154 159 164 164 161 160 161 161 160 163 166 163 159 161 163 165 166 163 167 166 167 165 169 168 156 123 63 56 53 94 131 116 35 30 84 141 142 133 169 157 133 160 168 182 191 182 186 188 196 185 180 179 173 166 148 133 123 120 111 113 111 107 108 106 104 102 112 115 126 111 62 12 0 44 93 120 129 125 125 130 125 121 124 117 124 135 136 140 145
152 150 154 161 163 162 160 158 157 157 159 161 160 159 161 165 157 159 160 168 169 169 164 167 167 158 117 53 41 55 113 143 117 32 25 18 30 101 144 171 155 130 159 170 175 183 185 188 188 191 189 185 177 173 168 152 132 123 129 120 114 111 108 103 110 107 108 111 114 121 115 64 8 13 72 108 126 121 120 133 118 126 128 129 120 127 140 145 136 136
148 144 149 155 154 153 156 156 156 158 153 153 158 157 154 160 158 158 157 162 163 163 160 164 167 148 107 63 48 65 124 150 114 21 124 61 3 59 151 167 154 141 151 167 182 178 180 182 180 188 190 187 185 175 163 162 139 127 127 114 112 107 106 107 103 104 110 108 118 116 110 56 4 52 105 123 120 120 126 125 117 126 120 119 125 133 134 137 138 134
146 146 149 151 150 150 152 151 151 155 157 151 152 154 150 154 158 156 161 163 166 154 157 157 160 141 93 66 64 81 138 158 104 19 37 19 8 35 149 168 149 127 151 168 176 181 184 181 182 191 187 192 179 171 166 158 148 143 133 121 118 107 111 108 101 105 103 102 116 109 101 50 36 96 117 116 121 120 122 122 116 120 125 123 125 134 139 140 135 133
148 144 145 147 146 145 147 149 150 148 152 148 146 153 157 157 154 153 155 159 163 160 159 154 149 134 95 70 62 100 140 154 114 17 4 7 4 28 135 167 152 123 146 165 169 180 179 182 187 178 177 181 175 170 160 157 149 144 142 127 118 106 106 110 100 103 106 95 97 113 94 75 104 117 116 118 120 120 128 125 120 124 129 123 122 135 136 127 131 129
138 137 143 151 151 146 144 144 145 142 148 147 143 149 152 149 152 154 150 154 155 158 153 143 134 115 92 65 78 119 144 154 103 13 49 85 52 46 139 157 145 116 146 170 169 180 171 175 186 177 179 178 174 164 160 159 153 146 149 137 126 113 106 109 113 102 92 104 104 105 92 92 116 117 112 113 113 120 132 125 125 133 134 131 137 135 125 127 129 124
136 136 140 143 143 140 139 141 140 143 146 145 145 146 145 143 146 151 147 154 153 161 155 144 134 102 87 70 91 129 146 148 100 18 62 100 61 73 145 154 142 114 148 168 167 173 169 172 175 182 178 170 172 163 163 148 155 146 144 139 133 122 109 104 113 112 99 106 105 100 107 100 108 108 104 114 123 123 130 133 127 139 142 139 143 134 120 125 122 115
136 140 141 139 138 140 143 145 141 143 142 142 143 145 147 148 142 145 144 154 155 161 152 139 128 106 95 89 85 122 144 142 97 26 48 77 78 100 149 154 140 116 149 162 168 165 171 167 164 169 168 168 171 149 149 150 153 147 138 138 132 123 113 102 99 108 106 96 98 107 103 102 98 114 118 126 134 130 131 138 134 145 153 143 134 134 126 115 114 110
127 135 139 138 138 139 140 140 141 141 140 141 139 140 146 145 145 145 144 153 155 156 144 125 118 111 94 88 101 131 150 142 108 34 73 138 101 110 157 147 147 121 148 156 169 164 173 166 153 167 173 162 161 155 151 155 155 155 145 142 130 124 121 110 103 106 98 94 97 107 97 119 119 139 149 148 147 146 148 147 146 148 149 139 130 128 120 112 114 111
133 136 137 135 135 135 136 138 138 141 139 140 138 136 139 139 144 143 146 150 156 158 152 131 104 99 84 85 113 126 141 139 113 47 35 101 78 118 138 148 144 119 149 160 173 167 164 161 165 166 165 164 163 164 157 156 156 160 154 146 129 130 125 116 107 109 98 93 95 103 117 142 161 154 153 159 156 151 150 148 145 139 133 128 127 117 108 113 111 110
131 132 130 129 131 131 133 137 135 144 137 136 141 136 136 142 139 140 145 144 153 158 160 141 114 93 83 107 115 120 132 135 120 71 33 28 60 119 140 152 142 115 146 159 167 164 154 161 170 165 156 169 162 156 155 154 153 156 155 144 128 134 123 112 116 106 114 108 121 129 150 158 162 154 154 159 156 149 145 138 137 130 128 124 119 117 114 114 106 108
125 124 125 127 129 132 134 135 139 143 142 138 139 144 144 138 140 134 146 150 149 153 155 145 117 103 86 118 107 115 135 144 132 78 45 22 71 118 140 156 142 116 143 161 167 158 163 154 154 160 161 163 161 157 157 154 159 159 150 141 133 127 124 119 120 122 116 119 126 138 150 140 145 148 140 144 144 134 134 133 126 122 122 131 125 112 112 114 115 115
122 124 124 126 131 133 132 133 136 140 142 140 139 140 139 138 143 138 143 142 145 149 154 151 123 92 86 103 97 112 132 140 130 103 55 42 49 118 145 142 123 134 160 165 161 158 157 159 148 158 161 160 158 156 156 149 153 153 144 139 139 134 128 121 123 122 126 125 127 134 135 131 139 134 129 136 138 130 128 126 132 127 118 120 122 118 116 114 108 108
125 127 124 124 130 131 129 132 137 136 136 136 135 134 136 138 136 138 141 135 137 139 146 154 131 101 87 104 106 114 125 143 137 125 84 51 49 119 145 142 113 145 154 160 153 159 153 152 154 156 157 160 159 154 154 155 148 148 139 137 142 138 131 124 125 125 128 129 132 136 135 137 135 130 124 124 126 125 127 133 135 134 124 118 116 112 111 114 107 106
123 127 127 128 133 133 131 132 134 132 132 134 136 134 133 133 130 133 137 133 136 135 138 145 143 112 111 92 109 105 116 136 142 133 111 72 74 108 129 127 118 149 148 159 151 153 158 154 157 154 154 158 158 154 153 154 148 147 136 131 135 134 130 129 127 132 126 129 132 130 132 129 118 119 115 115 129 137 131 131 130 129 124 121 119 112 108 110 110 109
131 131 130 127 126 126 128 129 134 133 132 132 133 135 135 134 135 131 133 133 140 141 139 136 148 132 117 106 116 115 130 118 128 133 120 104 83 86 117 126 126 141 144 151 150 149 152 150 149 154 156 152 153 158 152 142 139 142 137 136 139 133 127 123 123 132 129 132 134 130 130 123 115 117 119 121 130 137 131 126 122 122 124 122 117 114 111 110 116 114
127 128 130 129 127 127 128 127 126 132 137 137 137 136 135 132 136 131 135 134 136 136 139 138 136 136 126 130 116 118 114 121 130 134 125 118 102 94 105 124 129 136 150 144 148 147 141 146 145 148 149 144 145 150 144 137 142 141 136 137 139 136 133 129 119 125 131 130 128 129 125 124 129 125 128 128 120 120 127 125 123 122 121 111 105 113 119 120 115 112
125 126 125 123 124 126 126 126 124 129 132 132 131 132 133 133 130 130 137 132 130 129 135 141 141 140 128 130 128 108 115 126 131 130 128 117 115 112 111 139 140 141 150 145 151 150 142 144 150 147 148 146 144 143 142 146 142 140 137 139 138 136 136 132 122 123 129 130 128 130 131 133 128 125 124 128 124 121 125 120 116 116 118 114 117 123 118 114 109 106
107 112 111 111 118 120 117 119 122 123 125 126 127 128 129 130 128 127 132 129 131 130 133 136 138 130 132 127 130 124 132 128 122 126 124 132 120 118 120 135 136 140 144 146 138 133 142 143 139 143 147 140 135 137 137 140 141 138 137 138 133 131 134 130 133 131 127 133 127 120 125 120 121 132 128 129 131 125 126 123 116 120 124 122 122 118 109 111 111 108
72 85 89 86 91 98 102 105 111 110 115 119 115 108 119 123 124 129 129 130 129 126 129 134 133 134 138 136 128 126 126 123 135 140 129 134 135 137 128 139 140 136 138 144 145 142 141 143 139 142 140 139 138 134 130 125 132 137 135 132 137 138 132 128 127 124 117 120 125 125 127 130 129 133 132 131 132 127 121 122 118 121 121 114 108 109 113 116 111 110
51 54 68 71 65 68 76 83 87 91 98 102 103 99 108 111 114 122 127 133 132 123 122 126 134 136 134 129 129 133 132 127 132 140 138 142 134 134 130 139 140 139 136 137 142 141 137 134 131 141 141 136 135 136 133 123 127 133 135 133 133 132 130 131 131 126 125 129 129 127 129 125 125 124 125 127 128 124 121 120 125 120 115 112 109 111 115 119 109 110
42 40 50 61 60 59 63 63 67 73 81 86 92 90 96 97 94 113 122 124 129 130 128 122 124 129 127 124 128 133 132 130 129 133 135 142 137 143 141 141 135 139 134 128 132 137 137 137 138 142 140 139 136 131 131 129 128 129 132 134 131 130 133 137 129 131 133 134 127 123 126 125 127 124 125 126 121 118 121 124 122 120 116 112 111 114 115 113 112 113
40 43 34 42 52 53 59 57 54 64 66 59 68 78 84 81 79 92 101 114 127 130 129 127 129 128 126 129 136 137 133 131 134 133 131 136 134 142 140 133 126 131 131 128 130 133 133 130 132 133 132 135 133 127 129 132 122 118 122 128 127 126 129 130 132 132 125 125 130 128 126 125 124 121 124 129 127 125 126 127 115 111 112 116 114 109 108 111 112 114
36 43 40 39 47 50 52 55 52 52 54 54 63 65 68 71 67 74 79 96 117 124 126 128 126 128 131 134 134 134 136 138 133 136 135 132 128 131 130 128 133 131 132 133 133 134 132 124 121 129 131 130 130 130 129 124 125 119 125 134 133 131 130 128 133 132 123 123 130 129 126 125 129 127 126 128 129 124 118 115 114 115 115 113 110 109 109 108 112 112
33 32 46 45 46 50 42 45 46 42 46 49 58 57 58 61 58 63 61 71 95 111 122 128 126 128 130 129 130 135 139 138 129 135 135 131 130 131 130 130 136 132 136 137 130 129 133 132 125 131 131 131 131 130 130 127 131 127 130 135 133 131 132 131 126 127 126 129 128 124 126 127 131 132 129 122 117 115 113 114 109 104 104 108 108 105 106 109 109 109
40 31 40 43 42 48 47 43 42 46 48 36 41 56 61 53 55 54 48 57 75 85 100 119 124 130 133 130 130 132 135 138 134 136 136 132 133 133 132 128 124 126 134 137 130 126 129 131 127 128 127 129 130 128 132 135 133 131 132 133 131 130 133 134 134 131 128 130 128 123 122 122 121 119 112 100 95 101 108 107 108 109 109 109 108 109 109 107 104 104
33 35 32 39 37 39 51 41 37 32 38 36 39 43 45 42 46 54 50 48 58 66 79 92 104 112 116 122 130 128 127 134 133 135 138 133 130 129 131 129 130 127 128 131 133 131 129 127 125 133 133 127 127 130 133 129 126 128 131 131 131 131 130 130 127 131 126 128 132 127 130 141 144 141 139 136 133 131 111 82 74 76 80 83 86 90 96 100 104 103
30 37 34 33 34 41 38 37 38 36 32 33 35 36 40 41 41 40 47 46 51 53 61 75 76 80 88 95 101 104 104 104 115 116 120 126 124 122 128 129 125 130 131 129 132 133 128 124 132 132 134 135 130 129 133 129 130 132 127 125 125 123 124 127 138 142 150 154 156 159 160 165 160 159 159 161 164 163 147 46 17 15 18 19 19 21 22 26 34 37
26 34 32 32 35 41 38 37 42 39 33 33 34 35 38 39 38 37 45 43 45 45 50 61 63 62 61 62 65 68 69 69 72 72 76 86 89 94 104 107 119 126 130 132 140 145 144 142 139 133 130 133 132 132 132 125 124 126 123 130 142 149 155 158 161 159 161 161 161 161 157 157 155 156 157 158 161 166 161 71 27 23 22 18 14 13 11 11 7 9
