187 189 189 184 180 193 179 187 190 181 182 179 183 184 181 185 180 185 184 177 182 180 188 179 181 176 185 176 175 185 179 174 181 181 176 181 181 180 181 182 177 185 181 180 181 178 177 177 176 178 177 181 178 172 176 176 178 179 181 177 176 180 181 182 180 182 180 180 181 181 182 178 177 182 180 178 180 178 178 184 176 180 178 177 178 176 175 178 177 175
183 185 181 186 189 182 188 186 192 179 186 189 182 187 173 182 183 180 183 184 194 187 185 182 185 184 177 181 185 182 177 186 178 174 186 177 183 177 183 180 182 183 178 178 180 181 183 180 177 181 183 179 179 183 180 174 179 180 179 178 179 182 183 182 181 180 176 178 180 181 181 177 180 182 181 178 179 181 181 178 180 178 176 177 180 181 179 176 177 175
184 188 188 186 184 181 186 184 181 196 192 192 184 184 190 182 191 186 186 185 180 196 196 181 187 184 186 182 186 192 184 174 180 178 183 179 179 178 179 182 181 182 182 182 178 178 181 177 181 177 182 181 181 183 178 179 181 182 178 179 182 182 185 180 181 180 177 179 181 180 181 180 176 180 179 175 175 181 180 173 176 176 179 182 181 181 181 178 178 176
190 183 192 200 181 196 192 170 182 142 85 151 159 149 135 142 158 141 112 126 83 55 66 89 159 165 168 151 155 172 187 191 189 179 183 180 181 181 184 181 180 179 179 180 179 181 184 181 182 178 181 182 180 179 178 184 181 185 178 181 182 180 184 178 182 182 181 183 182 179 182 184 171 184 180 173 181 181 176 180 176 177 179 179 176 174 174 174 178 177
189 196 219 158 101 141 106 39 28 30 80 32 43 70 67 68 70 37 4 51 34 6 37 33 47 35 35 38 52 75 77 139 194 212 195 187 181 185 181 183 176 180 183 183 182 182 182 184 181 186 184 181 179 181 186 181 181 186 181 183 182 178 183 179 183 183 183 185 184 179 181 184 175 172 179 181 173 176 182 175 182 181 176 175 179 180 179 180 176 176
213 178 69 24 47 57 59 27 86 81 75 69 59 56 61 30 41 20 30 44 54 43 54 62 60 47 50 47 92 72 19 20 30 70 160 193 198 183 187 182 185 183 181 180 183 185 180 179 184 186 181 183 183 182 186 180 181 185 183 184 182 180 184 183 185 183 181 184 184 180 180 180 178 180 180 180 181 179 177 180 176 179 177 176 179 178 176 179 174 174
110 46 15 48 87 56 15 30 80 57 73 59 49 22 26 21 22 37 39 29 36 34 39 11 35 34 49 90 57 23 28 35 43 28 54 126 183 185 192 201 192 187 187 183 179 182 184 187 186 182 180 185 185 182 182 183 183 184 185 184 183 183 184 185 187 185 181 184 184 181 181 180 179 179 179 179 180 178 176 177 177 182 185 183 179 174 172 175 182 183
16 33 51 59 47 55 72 112 90 54 46 9 19 25 28 29 31 30 27 26 25 21 21 55 46 58 62 29 21 30 31 35 28 27 48 42 146 237 168 150 195 192 201 199 189 186 182 180 185 184 187 182 180 186 184 185 186 184 185 183 183 185 183 184 188 187 184 186 185 182 184 184 179 178 181 181 177 177 179 177 178 177 179 180 178 178 179 178 176 176
44 26 58 61 73 68 76 88 45 24 26 24 24 31 26 31 25 28 24 25 25 66 36 55 75 52 36 22 34 28 30 31 31 35 27 97 177 237 104 27 73 100 142 156 166 200 184 177 182 177 189 183 183 188 187 185 186 179 180 185 183 186 179 185 183 192 179 185 184 179 184 178 183 182 180 179 178 177 177 178 176 179 182 177 181 176 181 178 180 179
78 54 85 70 100 107 61 42 33 19 31 24 28 25 28 29 25 29 28 24 70 44 61 91 46 26 32 24 22 35 30 24 30 37 28 35 72 204 186 39 10 20 42 73 127 187 216 212 196 171 171 175 184 185 172 190 189 182 180 186 185 181 186 181 189 179 186 186 183 181 180 177 184 180 179 180 180 181 181 178 177 176 176 176 182 178 182 180 179 178
75 103 42 93 102 77 50 26 24 27 29 27 31 27 24 31 27 26 28 36 22 56 75 49 31 32 30 35 21 13 12 15 21 22 20 28 72 152 171 205 136 139 152 176 170 182 190 198 210 220 221 215 204 207 196 187 189 184 192 192 185 182 181 187 187 187 186 185 189 178 184 183 180 178 181 182 178 181 183 179 182 179 177 176 179 173 175 175 178 178
62 87 101 107 32 47 46 22 27 27 27 31 26 28 29 25 28 26 35 20 93 76 39 32 18 10 2 0 9 47 97 144 36 41 5 14 6 16 19 65 75 62 126 199 228 214 177 161 153 159 169 161 147 169 229 231 224 235 212 208 190 192 166 180 187 177 184 187 182 182 186 182 185 181 181 181 180 182 181 174 176 177 177 178 179 176 179 180 176 176
69 77 84 57 48 74 26 28 25 27 27 22 33 26 31 26 32 34 32 49 86 39 35 20 30 43 87 128 172 207 220 172 56 198 172 40 16 11 6 0 7 15 7 26 35 67 157 175 217 182 179 167 147 136 150 150 164 195 203 221 233 240 212 133 188 190 181 191 186 186 183 183 178 180 181 180 179 179 180 181 178 182 181 181 179 178 178 176 178 178
41 76 83 96 97 29 23 30 27 25 32 33 32 31 37 29 37 29 33 63 40 56 68 109 169 190 220 226 227 220 235 145 133 181 27 3 48 138 135 142 144 152 148 150 156 106 30 28 74 177 185 177 161 170 145 141 139 130 142 140 146 165 190 121 149 201 183 184 182 185 181 179 182 181 180 181 184 185 184 185 176 180 177 179 178 180 178 174 181 180
69 38 61 109 42 19 27 26 27 33 34 35 32 32 26 28 23 27 75 83 116 123 169 223 205 203 214 206 217 218 234 149 157 47 26 91 62 89 182 202 196 195 194 182 182 185 194 145 53 27 95 208 180 180 180 190 185 168 164 173 152 149 146 153 147 161 166 178 177 185 177 183 185 181 180 180 178 176 177 180 176 178 173 178 176 179 177 176 178 178
41 39 35 63 10 26 27 27 30 30 36 26 29 19 14 14 63 100 130 178 191 219 233 231 222 228 231 230 229 210 218 106 115 30 167 222 153 38 83 166 206 205 205 206 204 184 184 197 201 144 37 78 210 199 172 172 183 185 183 183 163 161 164 172 162 162 153 151 147 158 175 187 189 180 179 183 182 182 185 185 179 181 175 181 176 178 177 182 179 179
61 69 46 35 22 26 29 25 32 28 27 25 17 13 73 138 173 192 218 221 219 220 224 225 226 232 232 243 182 168 210 131 9 116 232 224 226 142 67 102 159 205 218 211 215 212 209 190 178 220 199 54 93 217 189 188 194 189 184 172 175 152 138 155 165 173 162 161 151 136 138 151 173 186 184 180 183 174 184 181 179 181 175 173 181 179 176 184 177 178
89 48 55 22 29 26 25 25 33 31 31 14 50 131 191 208 212 215 224 221 219 220 226 230 226 230 226 166 120 155 133 117 31 202 204 224 211 184 135 122 135 171 202 213 216 217 225 215 207 197 214 191 74 128 209 197 163 159 188 183 163 168 181 172 169 162 163 166 156 150 143 149 137 146 170 177 186 176 184 175 184 182 178 179 178 177 180 178 178 178
64 54 37 23 21 30 27 30 29 22 7 40 132 187 197 198 219 219 228 229 230 227 231 234 228 228 179 147 160 188 90 6 110 202 253 243 211 180 160 152 142 149 172 198 215 210 207 205 202 199 180 187 155 24 179 190 189 182 196 183 166 173 188 192 179 168 165 165 154 180 158 141 150 133 134 155 195 183 184 186 180 179 175 178 180 177 180 181 176 176
28 37 27 21 32 30 29 25 28 30 65 129 170 192 219 226 237 229 231 230 234 235 236 236 238 214 167 132 141 194 149 31 176 219 221 210 175 118 143 173 152 122 131 167 201 207 204 208 209 185 204 179 201 118 91 214 194 202 189 180 194 167 135 162 161 170 168 172 134 94 146 160 144 167 147 113 133 166 190 181 180 176 179 180 178 178 178 178 179 180
36 25 23 33 35 27 32 22 29 44 97 147 185 224 236 231 234 233 239 236 238 240 243 243 235 198 151 85 172 221 124 83 232 217 190 192 107 41 158 182 157 113 128 169 205 225 222 207 192 181 164 163 175 192 75 195 177 193 195 178 174 167 149 156 155 166 168 163 159 112 120 177 145 151 128 123 127 123 135 185 187 187 183 172 182 187 173 176 181 182
21 18 33 48 31 23 26 31 33 68 122 178 213 230 232 239 235 234 239 236 240 244 245 241 234 154 160 104 154 184 52 86 252 215 200 180 66 43 174 164 145 131 152 173 198 217 215 205 193 206 182 178 167 210 67 117 144 168 177 170 171 171 151 151 154 155 166 163 157 153 128 166 170 153 145 161 153 146 119 130 170 185 190 176 179 184 174 179 178 178
15 38 67 23 27 27 32 30 48 98 157 221 238 228 226 234 234 235 242 239 241 244 247 245 237 179 145 112 164 186 15 132 252 251 226 115 31 87 168 145 126 136 152 164 197 218 219 226 223 222 209 178 184 224 85 47 121 133 152 171 174 159 134 146 155 151 145 165 167 144 162 157 189 180 159 156 142 146 134 128 117 134 168 188 182 182 185 175 177 177
21 43 21 26 29 25 29 29 75 116 191 240 233 235 236 237 238 235 239 237 242 244 246 244 228 229 120 130 181 175 27 208 254 250 164 62 19 123 173 138 98 121 155 181 216 227 218 218 222 213 206 189 180 207 155 25 102 127 151 165 170 172 149 144 165 143 166 142 129 151 164 158 172 182 172 182 158 141 143 124 121 118 110 143 181 182 178 172 175 176
38 30 20 23 26 29 16 47 116 158 209 235 233 234 244 247 243 241 239 242 241 244 242 248 247 222 114 122 173 155 28 212 254 211 78 22 55 133 166 155 104 114 171 191 206 215 211 216 220 219 212 188 176 189 187 7 69 108 147 169 166 154 143 133 145 152 161 153 120 112 175 167 180 172 166 164 168 148 141 130 130 144 132 111 140 159 184 191 180 176
36 23 30 27 27 24 23 80 114 165 229 225 239 246 238 245 244 243 242 244 243 244 241 247 236 215 76 137 207 146 35 212 247 106 6 19 112 145 191 180 129 114 189 201 203 213 200 211 217 214 218 198 175 190 179 15 53 89 138 159 162 153 126 91 146 144 146 143 145 165 185 174 171 163 171 161 170 152 136 140 139 118 137 130 119 124 147 179 184 190
22 27 25 29 25 33 84 106 142 220 224 223 242 240 251 245 243 243 243 245 244 247 244 251 245 182 106 71 193 149 28 213 239 58 4 77 185 153 201 195 131 106 175 201 196 194 202 199 208 209 182 203 200 176 179 13 56 92 128 138 137 147 118 131 156 169 173 148 180 177 156 166 178 177 184 168 164 152 153 145 153 116 124 128 125 125 126 143 146 165
23 29 25 27 34 51 93 131 208 226 226 236 246 248 248 245 249 248 246 246 243 245 243 250 251 126 113 86 187 145 31 214 226 44 12 28 87 145 213 206 125 79 171 192 199 204 187 194 208 209 177 215 190 168 161 16 55 86 111 122 113 135 128 122 136 195 179 169 179 160 166 172 189 172 177 156 146 153 147 142 150 144 133 137 141 126 130 127 131 141
32 23 31 30 36 73 111 186 225 228 236 237 251 246 249 247 247 247 246 247 244 246 245 252 247 81 94 115 204 143 33 214 194 31 35 27 4 114 200 191 121 57 162 199 189 193 208 199 192 183 204 202 182 157 162 20 60 84 106 98 112 119 127 155 206 192 204 191 173 181 179 178 169 173 165 137 135 156 149 149 152 150 135 135 130 105 127 129 134 137
23 28 26 29 41 92 145 213 231 225 239 246 246 243 250 249 248 249 249 249 245 245 241 246 243 81 62 95 191 131 26 204 151 26 23 27 9 98 161 169 98 43 134 164 189 195 201 208 202 195 186 197 171 175 136 29 39 78 93 85 90 117 173 200 214 200 188 173 163 156 164 154 146 157 143 142 146 149 153 153 158 152 149 145 134 116 122 141 140 134
30 23 25 35 52 107 171 218 225 243 247 249 246 246 246 247 245 247 247 248 245 246 242 246 235 121 77 105 159 145 29 183 137 23 51 45 6 80 131 159 89 47 154 174 192 202 201 188 184 199 176 180 134 168 91 90 34 65 68 64 93 181 222 212 227 189 178 167 134 132 123 130 141 141 137 136 152 146 155 163 163 156 146 147 134 127 114 138 140 147
23 34 26 36 72 109 164 205 242 242 248 244 252 246 248 247 247 248 247 247 244 245 241 245 218 151 107 100 156 122 23 152 134 20 32 27 12 89 124 132 53 69 168 169 212 211 194 193 189 189 169 143 134 171 74 95 41 48 44 96 179 226 223 224 211 174 146 113 89 71 59 83 113 136 139 149 168 121 144 172 175 169 149 169 138 128 115 136 141 158
27 25 34 52 74 121 162 226 248 251 247 248 250 247 248 247 249 244 251 247 251 251 234 240 214 140 104 101 139 114 9 98 146 36 31 37 48 84 111 93 27 106 158 206 201 217 203 191 173 189 154 122 132 148 42 57 40 22 78 157 205 236 240 221 210 196 160 99 26 23 31 67 121 153 156 150 174 164 183 188 172 181 166 172 155 145 130 145 143 145
29 27 31 46 87 124 154 236 247 246 247 251 248 247 250 243 249 247 247 244 250 237 207 209 197 149 129 102 117 154 37 64 153 55 24 37 36 86 106 70 56 121 174 215 214 222 208 210 195 158 136 118 156 92 51 30 31 74 125 173 228 231 225 222 208 210 190 163 90 2 35 98 172 204 206 194 188 200 187 189 184 181 170 178 161 162 132 131 139 128
25 27 27 56 102 125 177 244 248 249 246 247 248 247 248 247 245 246 251 248 245 243 224 199 168 154 115 123 119 153 65 29 125 87 38 17 6 81 102 53 92 168 226 223 231 213 211 200 194 177 138 126 111 17 41 33 36 97 152 211 235 231 238 226 218 212 193 211 162 8 122 215 226 221 220 198 187 194 185 188 184 196 168 164 187 182 158 136 115 123
27 29 29 58 95 121 203 252 248 248 246 245 246 247 247 247 240 245 243 241 240 235 222 203 190 154 112 100 101 135 95 12 77 115 68 54 48 96 110 81 151 212 228 216 208 196 191 191 185 166 132 137 59 178 212 214 191 133 169 230 227 230 227 228 217 204 211 206 121 9 139 200 211 203 208 213 200 196 192 195 187 200 184 174 184 156 163 155 114 125
26 25 36 66 115 150 217 251 249 239 247 251 242 244 249 238 239 245 242 241 241 239 235 216 197 170 147 105 101 105 153 33 9 86 113 85 109 109 134 170 222 226 209 200 185 178 182 185 193 183 114 67 173 250 244 224 193 109 113 239 239 227 234 196 196 216 231 198 69 3 88 168 193 198 192 198 199 197 191 190 195 200 198 191 180 167 166 174 119 94
27 32 51 86 123 154 223 250 249 241 248 249 241 244 246 238 239 244 245 244 235 234 228 198 184 180 147 122 86 121 168 97 1 16 92 138 150 165 188 222 206 196 196 191 182 196 194 201 154 66 23 156 245 242 241 231 174 75 34 144 240 240 234 206 218 223 247 161 50 26 57 154 164 190 188 182 194 190 176 188 201 209 213 208 195 183 166 160 136 105
32 28 44 90 126 165 232 237 248 246 246 242 242 243 240 242 243 244 237 237 240 233 229 223 210 189 160 146 129 133 173 184 40 12 15 52 134 189 226 230 219 218 222 215 185 142 130 50 82 108 185 230 218 216 210 190 135 20 17 33 190 238 238 223 224 234 233 117 59 19 64 146 151 182 170 161 170 178 168 190 206 196 199 213 206 195 175 167 137 120
31 35 70 106 132 177 231 244 245 241 244 242 240 241 238 237 238 241 242 243 238 235 232 221 205 196 177 172 155 134 175 214 147 15 28 16 7 18 77 88 96 90 85 87 50 19 56 159 249 252 239 228 226 211 193 166 133 10 26 5 141 238 231 231 232 236 220 100 55 5 96 159 140 173 171 139 155 157 176 183 188 187 186 205 207 211 145 153 137 109
29 43 78 112 143 217 247 239 241 240 238 237 238 236 233 236 235 238 235 243 235 235 220 212 201 200 181 170 164 155 182 215 173 21 33 19 14 3 15 45 46 7 7 50 90 179 229 250 243 234 241 230 214 205 195 156 134 28 17 12 133 229 236 227 225 237 200 99 68 3 91 214 123 163 164 133 113 142 162 156 188 201 212 198 184 188 153 155 131 101
28 47 92 117 151 234 243 242 240 242 241 235 237 237 227 226 234 243 238 242 235 230 223 213 206 194 169 148 153 160 171 216 158 27 28 33 130 150 148 161 72 33 145 227 250 249 239 238 243 244 251 244 211 181 175 129 135 78 9 34 141 226 232 227 222 248 186 108 86 22 54 243 121 144 173 115 106 127 162 123 147 206 218 187 155 183 180 157 134 106
28 44 105 139 174 221 232 238 244 242 242 235 239 241 231 233 238 243 243 237 235 229 225 214 200 183 162 166 167 154 199 235 147 19 19 51 195 126 75 48 112 220 247 253 241 231 215 228 247 248 250 235 203 186 162 143 123 91 14 47 162 236 234 231 200 200 196 121 71 36 42 222 160 131 151 97 81 101 143 108 101 210 230 204 181 204 189 153 133 106
22 57 117 144 184 228 239 246 242 235 238 234 234 234 224 229 231 234 246 233 241 229 207 199 197 178 173 173 169 153 185 238 68 15 11 103 165 29 58 161 236 235 228 223 225 219 216 214 228 223 219 206 181 178 127 121 103 95 39 72 184 227 203 161 142 174 216 121 83 53 28 195 171 132 138 82 60 56 80 81 121 211 220 204 188 200 168 140 131 105
25 65 119 160 190 226 198 220 241 231 234 230 225 226 226 233 232 220 246 244 241 231 217 195 194 160 163 165 155 149 173 218 49 20 4 127 122 17 139 251 243 218 219 213 209 212 206 196 196 196 185 177 152 138 115 102 92 100 51 54 124 169 168 167 188 200 224 131 91 58 22 178 170 134 103 77 65 74 68 116 162 217 204 214 190 181 172 124 131 105
26 71 124 175 194 221 211 221 229 229 234 230 224 225 229 233 238 242 244 239 246 223 209 199 182 171 158 150 147 127 169 168 7 25 3 110 103 22 132 234 229 199 212 205 197 198 192 191 181 176 161 147 142 115 107 85 88 116 68 29 86 167 191 208 187 216 225 79 47 59 17 133 151 113 104 82 65 51 42 89 189 205 167 179 191 173 150 140 129 101
29 75 122 168 188 205 226 217 221 227 224 220 216 214 222 231 233 242 240 237 240 219 208 195 186 188 175 151 136 129 168 145 5 23 14 49 101 52 119 199 211 198 184 176 180 179 174 171 161 155 147 129 132 115 104 94 110 111 51 24 74 144 200 215 207 210 193 58 78 76 5 86 143 105 97 80 56 64 63 98 181 195 204 190 189 180 147 151 132 100
41 83 116 161 193 210 214 212 215 224 218 219 220 212 222 239 242 240 245 242 237 230 221 204 188 191 146 150 138 134 143 175 38 24 28 18 30 14 53 126 158 167 151 143 155 143 155 149 142 137 133 131 118 118 112 103 114 71 36 36 52 96 143 177 208 191 144 48 77 60 15 72 130 98 92 79 58 46 42 94 188 201 159 177 199 161 152 137 122 88
42 87 124 165 183 204 209 206 209 217 213 221 223 211 220 239 246 241 242 242 245 237 220 208 188 175 130 132 117 123 126 182 62 19 8 3 13 17 2 1 3 39 70 126 147 129 131 116 119 120 115 128 125 120 113 117 106 29 40 39 51 88 114 152 170 164 93 48 72 44 12 83 98 84 85 76 62 55 51 105 189 172 140 194 205 168 145 136 123 100
48 79 123 165 183 210 209 198 203 194 195 214 204 218 231 235 239 240 239 239 238 219 213 195 167 140 113 113 100 122 150 117 18 40 100 125 115 103 95 103 76 30 35 25 58 101 127 107 121 118 120 127 119 132 125 102 99 12 53 46 53 72 110 136 129 154 109 52 76 38 22 96 90 77 98 80 76 60 62 106 168 151 150 183 177 158 152 119 99 92
57 101 136 169 184 197 199 204 199 210 196 189 198 225 226 234 240 242 241 235 227 222 214 180 150 111 104 115 89 93 103 33 83 154 134 99 97 77 68 63 54 74 88 58 31 14 62 108 118 102 108 113 86 109 115 110 109 8 47 24 44 57 72 114 136 156 110 45 80 29 30 82 59 62 93 81 81 70 63 96 161 173 169 158 159 158 144 103 88 91
48 105 153 165 183 202 188 195 193 207 207 194 215 226 224 238 241 237 245 235 214 213 202 174 149 118 112 113 82 144 66 90 173 126 97 104 107 93 85 71 60 53 54 54 65 39 12 34 87 92 78 76 71 104 114 109 123 49 16 27 38 68 77 105 127 152 121 50 70 8 40 76 57 82 102 87 83 72 60 85 142 157 158 154 143 154 143 103 88 95
62 103 144 164 168 181 192 193 196 202 213 207 223 223 219 233 236 236 247 225 218 208 200 172 134 98 86 89 114 116 50 158 171 133 110 94 82 92 90 71 72 63 66 79 78 69 65 32 12 42 49 69 107 125 134 127 129 106 23 31 48 74 99 121 135 139 126 66 74 7 44 82 63 103 106 89 99 83 72 80 135 163 140 145 143 158 127 100 90 101
65 95 144 162 166 183 188 186 184 191 196 202 216 220 213 229 232 237 222 225 214 200 179 167 125 74 75 69 104 47 127 209 169 134 125 98 133 120 106 91 74 82 86 104 107 104 96 95 45 12 37 68 116 126 132 136 133 134 41 29 58 84 105 116 117 117 131 81 75 21 43 82 61 118 115 99 92 76 77 91 133 151 136 155 141 139 108 99 100 103
66 106 139 161 171 167 176 185 188 178 193 214 217 213 216 230 221 226 222 199 194 171 166 143 113 65 61 75 111 39 196 210 167 145 136 170 129 91 68 85 100 103 106 118 118 134 130 130 119 36 19 62 92 99 105 134 152 104 17 40 50 78 103 111 117 116 133 89 72 49 58 64 80 117 108 99 92 85 91 97 121 134 145 150 135 126 107 98 106 100
58 103 140 162 182 179 175 174 188 180 200 206 208 200 218 226 220 217 214 193 175 179 168 139 91 48 54 72 34 99 225 194 167 170 136 75 18 126 124 97 103 109 118 130 134 118 133 140 135 105 7 38 53 70 83 104 67 25 26 43 63 90 99 100 128 112 126 114 83 53 58 51 74 102 116 104 99 79 96 96 116 125 148 128 119 105 105 116 105 102
66 105 135 150 184 166 166 178 177 193 206 196 201 206 205 220 218 213 199 183 173 169 162 133 85 37 59 79 40 178 215 190 172 86 21 2 98 224 133 129 138 128 123 138 139 147 152 156 161 147 70 20 43 34 23 17 16 27 39 45 70 95 107 103 118 116 123 141 78 26 45 66 110 116 115 95 91 84 88 100 114 121 131 111 123 105 108 109 106 110
56 108 141 129 164 178 165 165 169 180 185 200 213 206 211 215 203 206 186 182 170 161 159 120 67 31 59 63 44 215 203 213 90 15 17 16 154 223 114 124 147 155 137 143 150 160 166 167 169 171 125 5 58 56 38 32 39 38 41 50 73 92 102 96 111 114 116 151 76 13 40 81 114 116 100 91 96 93 106 99 105 115 120 115 105 96 113 100 115 113
58 99 149 146 155 166 153 152 164 141 155 174 198 191 192 197 194 189 159 170 172 165 149 111 64 37 66 29 81 233 231 157 39 31 40 92 204 208 106 91 122 156 155 163 169 168 166 179 192 181 179 58 44 78 101 82 48 43 48 65 84 95 112 113 114 115 118 140 47 10 51 95 104 97 87 91 101 95 100 104 113 107 113 116 107 114 105 103 123 119
58 102 138 147 151 147 144 159 164 149 150 139 193 189 172 186 185 176 166 166 150 163 147 112 62 42 77 10 143 246 230 110 68 34 153 211 165 179 124 63 111 162 180 176 173 171 162 182 179 184 207 90 35 73 124 136 96 80 75 88 101 104 116 111 102 102 106 91 19 29 53 73 66 75 79 93 111 102 93 100 105 108 113 110 115 117 90 131 140 126
43 96 128 138 146 145 144 145 136 160 145 132 174 176 174 176 169 166 168 171 159 165 133 104 78 31 75 13 185 233 210 98 57 19 94 194 176 165 133 73 90 162 191 188 189 199 191 190 185 183 190 82 14 72 124 163 137 123 111 108 113 118 126 115 94 92 85 46 16 34 28 33 53 65 62 90 110 100 105 115 110 107 109 119 120 123 127 142 122 109
42 75 119 134 140 139 141 144 137 149 129 145 160 174 175 164 144 151 163 169 156 166 151 108 80 33 94 40 196 202 197 64 58 18 1 85 156 143 136 82 77 163 191 200 201 203 201 190 169 176 161 120 23 81 119 164 160 156 148 130 126 132 131 115 99 94 88 53 26 14 20 38 56 73 84 98 100 100 101 102 106 115 116 122 125 128 137 129 117 101
37 57 102 121 141 132 131 147 155 155 137 150 161 169 155 158 164 175 176 180 175 164 145 108 78 49 93 38 176 192 164 31 31 23 21 38 137 141 137 71 101 174 179 191 199 192 189 179 166 158 136 139 32 72 122 155 142 149 157 140 130 128 124 120 112 104 107 100 86 62 66 68 69 74 96 105 97 99 89 101 102 107 120 127 130 141 136 122 107 99
34 48 92 107 127 130 133 117 152 157 151 143 156 160 150 144 159 165 165 171 178 170 153 114 92 69 91 43 172 177 146 34 34 35 15 38 125 138 124 54 99 184 195 195 200 190 180 177 172 155 136 136 30 68 113 147 147 142 151 143 139 130 117 118 125 121 116 110 114 108 110 104 97 92 86 93 90 91 90 104 114 111 114 130 138 142 125 116 102 96
30 45 72 102 111 127 116 84 137 161 137 146 158 148 138 153 160 149 166 173 186 151 135 112 94 66 86 20 150 149 131 29 24 36 26 75 108 133 116 47 114 181 195 204 187 185 183 171 158 147 138 118 19 67 115 136 107 144 144 133 136 140 119 108 117 126 118 109 108 101 102 114 107 95 104 94 96 106 102 95 97 90 104 134 144 139 117 112 98 102
34 39 58 81 108 113 114 119 124 149 110 128 152 150 138 147 142 143 164 168 177 149 126 95 91 81 81 5 110 141 117 54 36 75 101 69 108 124 102 47 132 180 175 185 183 174 167 158 146 129 137 87 19 57 91 129 142 154 141 122 119 117 118 116 110 100 119 110 107 105 103 109 110 104 103 104 105 97 109 105 113 107 105 117 128 117 107 82 106 115
31 37 51 78 98 118 119 130 117 134 130 137 144 121 129 133 144 154 166 164 168 139 115 108 91 78 58 4 94 130 106 88 20 69 61 51 96 116 91 60 140 178 175 184 177 160 161 153 137 115 140 63 26 56 85 105 116 111 121 115 117 112 108 107 98 104 106 104 113 106 106 112 111 107 111 106 105 97 107 111 119 121 124 130 126 107 111 106 103 87
27 33 39 53 90 113 124 126 125 109 112 123 120 113 125 131 141 144 158 160 148 132 118 107 95 79 60 5 75 115 100 85 44 16 17 60 91 112 87 81 144 183 173 173 172 149 146 137 127 104 123 80 48 54 75 96 106 115 124 108 97 99 106 103 105 111 96 103 109 109 115 110 113 118 111 110 110 112 122 121 119 122 126 124 117 120 110 114 106 108
33 29 36 47 66 84 115 117 113 110 117 114 107 94 108 135 144 135 140 151 141 122 106 91 87 64 71 1 39 101 98 89 80 23 30 57 78 105 84 92 157 175 165 165 154 140 143 124 129 105 130 60 65 44 78 110 108 120 111 108 92 85 100 105 102 100 101 91 100 105 103 113 119 117 117 118 114 123 115 119 124 124 126 120 116 120 104 116 99 106
29 35 31 39 62 79 92 100 104 102 101 95 110 98 108 118 126 137 130 129 132 123 107 86 85 48 72 13 25 98 104 123 56 37 27 45 65 82 80 112 159 165 145 147 146 137 127 115 104 109 117 35 60 55 89 96 110 112 108 106 100 105 101 111 116 93 100 90 110 120 119 120 106 109 104 127 127 121 125 121 122 120 125 123 127 113 107 117 110 105
29 31 45 27 45 58 73 74 84 88 87 91 94 100 102 112 115 121 123 127 122 115 116 81 83 63 62 17 18 68 100 123 103 43 28 46 74 78 95 132 155 155 143 148 135 128 116 109 100 118 106 63 94 82 79 84 114 108 111 105 108 113 105 120 117 119 110 108 119 129 127 126 102 108 126 127 119 109 112 112 118 126 127 123 123 112 116 111 106 117
27 28 48 28 29 44 53 69 73 70 76 69 77 81 78 96 111 119 118 122 126 124 133 91 77 88 52 21 21 29 101 120 132 58 28 37 71 90 111 130 141 146 130 136 129 128 107 105 78 149 31 88 104 64 83 98 114 120 104 94 108 111 118 104 103 120 117 124 90 113 109 96 130 118 124 96 106 119 133 123 127 126 119 123 114 113 116 116 121 109
31 28 36 33 29 34 42 49 55 59 65 74 81 79 80 88 101 108 117 120 128 118 119 97 80 81 58 19 25 9 60 125 127 104 31 40 71 99 111 132 136 131 128 128 127 117 107 106 156 110 79 104 94 92 104 106 96 120 106 113 113 111 112 102 117 108 123 128 134 127 124 131 120 127 130 98 123 123 115 113 133 128 122 127 115 111 120 119 97 113
37 25 29 27 28 33 36 40 40 59 67 66 72 82 82 76 71 98 116 109 118 120 116 103 107 67 71 19 30 27 15 74 132 123 55 52 78 109 125 117 118 125 130 125 106 111 104 176 93 40 115 103 101 112 114 121 93 119 134 139 142 141 118 114 130 119 134 138 107 94 111 130 123 133 114 101 107 121 90 113 141 130 138 129 127 122 122 116 110 117
24 35 31 34 29 30 32 38 47 49 54 66 74 73 81 96 96 91 106 110 109 113 112 113 97 77 69 17 26 31 18 13 48 110 94 78 90 104 117 117 122 127 116 114 117 125 128 69 38 126 118 102 115 120 131 143 157 157 135 135 136 117 107 120 114 102 111 110 85 99 112 114 130 118 106 126 129 116 136 148 132 131 133 128 131 117 120 117 124 122
29 27 29 35 31 25 28 35 34 44 52 58 64 67 71 78 85 89 98 104 110 117 109 114 112 107 90 18 19 28 23 19 12 19 48 84 101 108 126 130 133 129 114 135 112 41 50 89 134 133 126 113 127 141 142 151 148 143 133 143 142 136 145 143 124 123 125 123 117 116 103 106 125 141 136 140 130 130 124 128 134 131 128 134 118 112 123 117 121 116
64 19 26 32 39 29 28 29 33 41 46 48 53 56 61 68 74 86 86 88 99 113 111 104 122 110 104 23 17 28 19 33 27 9 7 9 7 18 67 108 110 81 39 72 65 75 135 129 129 127 128 129 124 128 138 133 127 131 153 148 145 135 114 127 130 121 116 126 132 126 135 128 128 114 136 138 143 144 140 123 140 134 122 116 125 134 123 121 108 105
58 42 23 30 31 28 28 30 27 31 34 39 43 43 45 52 44 61 76 94 97 99 114 114 109 115 114 46 9 2 58 113 98 92 89 94 96 89 94 91 88 105 104 99 125 118 117 124 135 127 120 119 123 123 148 133 132 136 126 129 128 117 135 139 104 118 132 117 138 148 133 133 127 115 139 145 136 148 134 136 135 130 136 136 137 115 116 122 116 117
8 41 24 30 28 30 31 31 29 29 31 36 39 33 31 36 55 65 63 72 95 95 107 111 101 97 114 56 29 50 103 126 128 118 105 102 101 104 107 103 100 130 109 103 120 112 124 122 141 154 135 118 121 127 152 149 137 135 138 149 155 130 129 145 139 142 138 153 156 139 148 153 157 165 145 157 145 147 140 136 142 143 133 128 137 125 130 122 116 117
39 43 46 25 28 27 27 26 28 30 31 33 37 35 31 33 32 43 56 61 71 67 90 99 118 112 100 39 105 137 98 123 121 109 106 102 100 106 97 106 112 111 107 102 119 135 143 136 132 142 150 142 141 136 130 149 154 140 132 144 161 161 170 157 160 154 160 158 137 147 153 149 133 160 162 161 143 136 137 146 156 135 135 142 133 129 128 126 125 125
38 31 48 33 27 29 29 27 28 27 28 30 29 26 27 31 30 31 34 55 66 61 89 88 100 106 114 48 81 118 86 122 120 116 104 106 91 102 106 108 116 111 122 110 107 145 143 146 162 155 163 148 144 150 145 148 142 152 147 155 168 155 151 143 160 160 152 157 169 168 154 158 160 170 164 163 155 145 151 151 133 140 150 131 142 135 137 132 123 124
38 34 29 29 27 27 30 29 29 25 23 26 29 30 31 32 27 28 34 41 45 48 76 88 93 87 98 61 75 143 96 119 113 106 108 106 106 110 110 114 116 125 129 137 141 154 151 153 150 153 150 142 142 158 156 151 153 165 155 135 149 159 156 157 161 165 164 169 169 168 165 169 161 160 149 154 143 143 143 154 155 142 135 132 137 135 137 140 125 126
41 35 44 34 26 26 26 28 28 29 28 27 27 27 29 32 33 27 30 29 38 49 64 76 97 104 116 93 55 133 101 123 115 98 99 104 105 108 116 122 126 136 139 144 150 150 135 156 161 165 150 135 167 166 167 159 154 160 151 154 167 152 151 162 164 165 164 168 159 160 168 168 155 150 155 159 165 158 150 151 145 148 139 135 143 141 138 138 130 131
42 39 28 47 32 29 26 28 27 31 32 30 28 26 27 29 31 27 29 27 32 39 47 60 76 88 111 118 45 134 111 124 119 116 97 102 107 123 135 131 131 143 141 152 148 157 162 147 142 144 150 157 158 146 154 154 148 163 151 147 162 163 167 161 171 171 169 174 164 163 166 156 159 162 158 153 143 146 141 147 157 151 154 150 154 142 147 138 131 132
21 30 24 35 47 37 30 25 26 27 26 27 30 32 30 28 26 27 27 30 32 36 47 63 76 86 105 122 51 128 109 134 145 143 121 132 157 163 151 142 151 155 146 159 151 149 154 147 142 145 153 145 140 151 161 151 156 154 154 154 172 167 154 161 166 165 161 166 163 166 167 161 158 169 165 161 152 154 152 151 156 155 150 144 154 145 142 139 131 131
47 28 22 34 27 33 28 27 26 26 25 26 28 30 30 29 28 35 34 39 32 28 38 54 70 85 110 155 43 90 115 130 145 155 167 148 153 157 161 163 160 148 152 165 159 167 162 155 139 137 146 143 151 152 147 145 155 172 170 155 160 159 159 170 163 164 160 160 159 162 160 162 162 161 154 151 159 163 169 166 159 158 157 154 142 146 140 135 134 133
26 38 33 31 42 28 28 28 28 29 28 27 26 26 28 30 30 31 27 34 28 28 27 30 34 34 55 71 21 39 113 121 144 152 175 152 152 158 160 159 178 174 161 169 162 156 152 155 161 149 152 169 152 164 161 165 156 163 162 163 167 160 166 165 162 161 159 157 159 163 156 162 162 167 164 169 162 164 153 155 146 148 150 148 139 142 132 142 130 129
28 24 30 29 35 33 29 27 31 28 25 27 31 31 29 28 36 36 35 35 26 29 26 29 31 25 29 39 24 45 45 38 103 147 167 153 164 180 171 171 174 171 174 168 161 174 161 160 169 156 159 173 155 154 154 162 159 146 164 171 162 154 156 157 160 159 165 169 174 174 153 152 152 145 143 130 126 130 124 130 127 130 144 132 134 143 132 123 121 120
27 26 25 28 29 26 27 28 28 29 29 30 28 30 36 33 30 31 27 27 27 26 28 26 27 29 39 40 27 50 37 12 18 85 152 139 160 153 156 168 157 153 158 169 172 173 166 166 164 169 174 160 154 155 167 161 162 171 165 164 161 178 173 172 175 174 155 130 117 131 157 159 146 145 146 151 154 149 146 154 151 156 161 157 163 156 155 154 159 159
27 26 25 28 29 26 28 27 28 29 29 30 28 31 37 35 29 30 27 27 27 27 28 26 31 30 34 32 23 51 42 21 15 44 141 117 122 136 134 151 160 163 155 155 164 169 169 187 189 185 188 183 181 174 179 174 174 175 151 172 177 166 116 45 35 30 30 85 151 175 178 173 177 179 177 177 178 175 176 181 175 176 177 175 185 180 177 173 182 183
