154 158 159 151 154 159 154 155 158 156 156 155 158 161 161 160 159 158 159 156 156 158 155 153 157 148 156 149 152 155 152 152 151 159 155 155 154 160 154 159 158 160 160 162 158 161 160 156 153 158 154 157 157 157 161 155 157 156 157 154 150 151 152 148 149 155 147 150 153 150 153 152 150 151 150 149 149 152 151 147 149 151 152 153 149 150 153 149 155 155
152 155 158 158 154 154 158 161 155 160 158 157 157 159 161 159 157 158 158 158 159 154 147 152 157 150 151 153 153 152 152 154 149 158 155 156 154 157 152 157 157 155 157 158 154 159 156 161 158 161 160 159 159 155 152 157 155 155 156 155 151 152 154 151 153 155 151 153 155 152 152 148 146 146 148 151 150 148 150 152 148 149 149 152 151 153 156 151 152 151
157 153 153 162 159 155 160 153 157 164 162 160 159 160 161 156 163 156 161 163 156 154 155 156 152 154 150 157 153 154 148 159 159 155 150 158 158 153 150 156 161 160 161 161 158 161 158 162 161 159 159 153 155 160 153 154 153 153 154 153 150 151 153 151 150 148 149 152 152 152 151 148 149 149 151 153 151 148 149 151 151 150 149 151 151 151 153 149 153 152
160 155 154 158 155 155 157 150 148 156 159 157 156 156 158 161 159 153 158 158 151 156 159 155 152 151 155 147 150 152 156 163 164 162 154 152 154 159 159 155 154 157 156 160 157 161 161 157 159 147 153 159 158 159 156 154 156 155 155 154 152 152 153 153 153 148 151 152 149 150 149 148 146 147 149 149 150 151 151 147 150 151 149 149 148 147 149 147 153 152
153 153 156 154 155 159 157 155 157 155 158 156 158 158 153 158 157 158 157 154 157 158 151 151 153 156 151 153 152 163 147 109 123 145 158 159 165 161 153 154 157 153 157 163 159 163 162 161 163 159 160 159 153 155 159 153 158 155 153 152 152 152 152 152 154 151 155 155 151 151 152 154 148 148 149 149 150 152 151 147 148 151 150 151 150 150 154 154 153 151
154 155 158 152 152 155 151 158 155 153 153 153 156 154 150 157 155 152 152 152 155 157 153 154 150 157 151 154 162 194 160 41 23 55 87 91 111 132 148 170 165 149 152 153 148 154 149 158 165 161 156 157 158 155 154 156 157 153 150 149 150 150 150 150 149 148 151 154 152 150 152 153 154 151 151 154 152 149 149 152 147 150 150 151 150 150 154 155 153 150
152 147 148 163 175 166 150 147 159 168 163 163 160 152 158 165 162 154 157 155 147 151 154 148 149 149 149 144 208 225 213 145 27 20 66 95 102 105 127 164 189 181 171 173 171 165 150 145 145 151 157 156 161 162 153 154 159 157 154 153 153 152 151 153 150 150 146 151 153 148 148 146 149 147 149 151 149 147 150 155 145 148 146 148 149 147 149 149 151 148
172 178 175 158 115 81 104 146 150 157 140 147 155 148 155 147 164 167 172 166 160 167 168 162 160 149 165 157 181 228 255 248 172 98 137 192 194 179 176 184 191 200 176 192 215 222 227 212 146 151 168 159 149 149 146 158 160 159 157 156 154 151 150 153 153 153 144 151 158 152 152 149 150 151 151 149 147 149 151 152 149 150 148 152 155 154 153 151 154 151
54 57 43 36 19 13 26 30 32 35 31 31 49 54 68 72 87 98 100 102 98 108 115 106 96 122 156 133 117 147 224 251 234 175 128 182 220 217 201 192 173 147 126 138 152 164 191 232 222 153 175 194 203 187 162 143 148 158 157 153 152 153 153 151 155 151 153 150 151 154 149 148 150 153 151 149 152 153 150 148 154 146 151 147 152 153 155 148 153 154
18 42 37 23 21 28 30 24 25 25 22 16 18 11 8 0 10 11 5 3 4 9 15 19 12 22 22 16 34 48 102 159 192 226 175 139 175 226 210 177 138 97 90 88 87 110 130 170 227 210 193 178 197 198 200 171 139 143 161 149 156 152 148 147 152 150 151 150 151 154 153 154 150 150 149 149 150 148 148 153 150 147 151 148 149 149 150 151 149 150
32 31 37 40 33 29 32 31 34 21 34 45 43 41 46 44 47 47 43 36 38 31 30 38 41 38 40 34 29 24 17 22 59 90 121 122 99 124 139 119 94 80 70 67 95 140 142 140 216 240 249 218 164 117 165 226 189 129 148 162 152 154 147 153 151 155 154 150 150 154 155 149 149 149 148 148 149 147 149 155 154 150 148 149 151 154 148 150 147 148
31 29 26 20 33 44 40 35 37 36 51 50 38 39 41 38 35 34 35 30 38 34 29 35 31 25 31 26 22 33 25 38 49 59 82 104 111 121 118 120 122 130 122 110 133 196 217 198 202 211 218 237 178 155 194 233 227 178 124 142 163 151 150 155 146 147 146 154 156 152 154 151 151 152 150 148 148 149 148 148 153 152 150 155 150 153 148 152 151 152
39 35 49 56 59 43 38 51 62 67 69 59 50 47 41 46 36 34 36 30 30 29 30 42 43 56 74 98 112 129 131 148 154 166 176 176 168 162 157 165 172 180 184 170 162 177 166 152 150 141 144 138 144 131 134 152 185 196 130 109 166 164 163 162 147 152 152 154 153 151 154 148 150 150 149 148 149 151 151 152 152 149 149 156 149 153 150 152 151 151
111 98 100 86 77 71 83 93 105 82 71 77 78 82 78 77 67 61 60 69 75 91 109 131 144 159 164 176 163 162 169 158 157 166 162 159 156 152 157 160 172 179 176 177 170 161 157 167 165 168 149 151 146 143 136 128 129 133 137 124 123 119 123 143 160 157 155 157 153 147 149 152 150 147 147 150 150 148 152 158 152 146 149 154 152 156 155 152 154 154
156 152 131 100 117 130 127 108 111 103 102 109 102 113 120 110 113 116 118 144 148 154 147 148 150 146 134 143 141 144 155 144 158 176 171 175 170 150 168 186 188 179 175 189 181 179 191 190 188 182 179 173 165 160 149 147 144 131 130 134 123 126 126 115 111 122 139 150 160 165 157 148 156 150 149 151 148 145 147 152 148 149 157 154 152 151 155 157 152 153
184 173 168 153 149 131 125 114 125 133 130 138 137 140 140 138 140 153 146 156 138 139 132 135 142 127 137 152 157 164 161 141 154 171 182 195 159 121 165 198 191 172 179 191 194 200 192 198 195 182 195 186 178 173 166 153 148 138 130 115 118 120 128 121 119 109 103 100 117 144 156 160 151 148 147 149 149 150 150 149 148 149 156 150 153 150 152 153 151 152
159 181 175 170 164 146 142 143 140 142 145 145 140 137 137 137 138 146 146 140 143 131 126 140 143 164 166 154 161 170 153 160 153 158 151 162 115 72 169 211 192 169 186 203 197 204 199 200 201 199 198 200 190 189 176 166 158 140 136 121 116 117 112 118 118 118 119 113 101 89 114 148 162 155 149 146 151 148 155 152 149 151 148 152 150 154 148 152 148 154
183 182 166 163 164 160 164 164 156 151 154 151 152 152 139 137 134 131 135 136 140 145 145 141 163 191 182 165 141 151 159 167 135 130 131 129 55 44 191 214 199 176 185 196 197 206 203 202 202 198 197 199 188 188 181 173 171 151 139 119 110 104 100 115 113 117 118 105 119 119 96 92 116 150 158 156 145 152 150 148 153 152 153 154 148 151 151 151 158 159
176 173 169 171 161 158 173 176 168 166 164 160 161 159 151 151 146 150 145 143 152 150 149 165 181 179 174 174 141 142 168 167 143 132 107 83 26 52 205 213 189 175 175 190 211 215 210 202 200 199 202 204 192 186 177 168 159 155 145 119 103 96 92 105 116 119 113 109 115 118 121 107 92 87 119 160 158 146 153 154 145 152 154 149 150 149 154 159 159 143
175 178 188 199 191 189 200 197 191 200 185 176 168 161 175 184 165 155 161 170 172 186 190 184 187 186 180 158 151 155 174 165 161 119 88 43 6 67 219 210 190 189 163 176 215 214 215 213 219 217 209 201 190 181 175 172 163 145 129 118 104 87 77 90 103 108 118 115 119 116 110 114 116 102 67 94 147 179 157 153 153 156 155 146 156 160 163 153 128 128
188 189 195 201 195 194 197 186 184 193 184 186 187 178 179 175 177 172 171 179 183 193 194 199 198 199 198 163 144 154 174 153 141 101 54 5 11 89 186 195 179 196 153 170 221 214 219 225 231 232 218 204 194 178 168 165 162 135 113 113 101 88 85 99 112 116 130 128 129 125 114 106 113 119 103 87 78 128 157 161 160 155 153 153 159 148 146 139 142 164
199 201 200 196 191 193 198 191 190 191 192 188 191 193 191 195 182 184 183 187 190 210 206 198 198 173 176 175 137 156 175 146 144 98 28 11 21 121 161 169 164 181 128 153 214 223 227 232 237 239 223 206 199 179 167 159 139 127 113 114 98 90 89 98 115 111 118 129 132 128 127 106 118 113 111 107 93 78 100 149 164 155 145 148 152 138 137 140 131 108
204 203 199 197 199 205 207 199 198 195 199 193 192 196 192 195 193 185 182 194 197 216 214 212 210 176 155 136 111 155 170 155 131 78 19 28 39 142 185 171 149 172 134 157 200 224 234 244 235 237 226 211 205 184 172 155 143 133 112 111 94 85 82 92 91 96 114 120 135 134 122 131 118 115 107 110 110 107 84 80 117 171 158 127 132 138 131 133 128 99
203 200 200 202 206 212 212 203 201 200 199 194 190 191 194 194 200 195 190 203 204 215 212 221 206 177 166 115 93 150 162 154 129 57 17 9 47 124 209 169 134 152 129 153 185 222 228 231 223 226 222 212 205 184 170 144 112 125 109 98 80 80 79 81 82 95 110 126 149 156 152 145 120 114 122 114 112 117 115 96 74 100 148 179 146 137 148 138 143 153
206 212 210 212 214 215 217 209 205 201 205 208 198 185 197 199 203 203 204 208 213 213 224 224 205 182 159 86 77 141 159 153 130 38 14 38 63 126 222 176 133 150 138 150 169 227 223 220 219 222 218 217 202 187 177 137 109 123 91 84 81 81 73 63 53 61 73 89 114 125 140 163 149 143 138 126 121 115 115 118 106 85 91 142 170 159 160 148 143 139
213 218 223 221 220 221 218 213 210 212 211 177 214 199 211 216 210 211 213 216 220 222 231 224 200 183 128 71 64 125 158 144 123 32 26 47 68 147 190 158 119 142 142 141 164 217 214 208 222 218 212 224 209 191 163 124 124 97 84 80 80 53 23 33 51 72 88 82 70 79 96 130 147 157 163 152 143 131 127 128 138 124 93 63 105 155 154 149 145 145
216 218 226 223 221 223 215 212 210 209 191 148 198 206 208 208 209 214 219 219 219 222 231 221 215 178 97 62 60 109 148 145 108 25 11 18 27 126 195 145 120 139 143 116 143 217 211 208 217 213 214 211 188 179 160 123 103 76 81 67 36 32 42 50 59 67 82 96 105 132 121 121 114 121 145 139 143 144 127 132 136 134 126 114 80 82 139 144 149 143
222 222 227 226 226 228 222 216 215 210 215 212 209 210 212 213 216 218 222 223 224 227 234 219 206 155 93 68 61 92 119 130 98 27 19 22 8 51 175 138 103 127 150 114 144 223 199 214 218 221 217 188 185 167 141 115 84 69 57 34 14 40 48 62 60 47 54 85 106 127 131 145 141 144 144 141 145 148 155 154 146 144 147 150 144 95 72 104 131 150
229 229 230 234 234 234 233 224 219 225 219 213 213 209 214 221 224 226 230 231 229 227 234 225 197 146 114 83 69 90 111 126 94 15 19 20 12 17 141 134 87 138 150 84 140 224 209 225 230 220 213 194 194 166 120 90 69 60 27 27 40 71 83 79 74 71 65 79 111 129 140 151 154 145 155 164 159 149 156 164 172 163 158 157 153 134 108 72 67 121
230 232 233 239 237 233 235 226 221 220 214 215 213 212 221 221 229 228 228 230 231 226 228 219 197 133 99 73 61 75 99 116 80 13 12 11 16 37 125 117 94 162 146 74 147 200 207 225 220 224 201 182 170 146 86 70 57 25 37 56 69 92 104 102 97 85 34 20 91 160 185 176 171 149 160 139 139 163 158 153 181 182 174 182 170 150 156 127 81 72
234 232 235 240 237 235 234 227 221 225 217 214 209 222 225 223 225 229 230 230 230 223 224 217 202 134 88 73 62 69 85 101 75 27 48 64 21 50 126 93 99 154 115 85 167 205 213 216 221 221 196 175 138 123 74 52 31 48 73 84 94 116 140 144 124 84 20 4 59 140 185 195 178 170 171 148 138 154 164 158 175 186 173 178 179 166 181 167 147 98
239 231 236 237 236 239 233 228 227 219 220 217 213 219 220 221 222 228 228 227 231 224 222 214 201 148 100 79 57 69 78 92 70 32 15 31 31 76 110 71 116 132 79 104 178 209 210 217 220 202 178 168 141 118 66 33 50 91 104 116 136 162 158 158 158 85 18 4 25 105 165 192 186 180 192 180 166 164 168 176 172 172 175 179 195 200 193 181 176 173
231 234 235 235 233 234 235 228 222 224 218 212 214 214 223 225 223 226 232 228 233 230 208 203 198 159 101 89 70 69 74 86 68 40 26 74 90 91 102 91 125 116 90 134 190 211 214 218 209 189 152 153 144 127 63 51 95 126 136 132 161 181 164 177 166 73 9 20 7 65 127 169 194 202 178 170 175 171 180 183 171 163 166 175 187 202 206 193 182 175
221 230 234 234 231 234 236 229 222 219 217 214 214 211 218 223 223 227 229 226 222 222 214 196 185 160 119 87 81 75 75 77 80 31 27 58 64 57 89 110 125 105 123 172 192 204 216 217 207 159 113 123 156 121 70 83 129 143 162 146 167 166 174 176 143 72 11 18 13 23 90 159 184 188 199 189 177 174 179 173 177 167 160 149 165 186 205 210 207 184
226 231 234 233 229 228 229 223 222 214 214 211 212 214 221 226 226 234 228 231 225 208 205 197 176 161 150 100 86 80 68 73 81 39 19 18 27 38 105 113 115 107 159 195 197 202 209 208 188 120 116 154 181 167 129 104 130 132 148 163 173 168 177 173 148 79 20 31 69 71 35 111 181 164 162 176 182 181 176 175 180 180 174 144 154 166 184 201 223 213
233 228 226 229 227 222 222 219 219 212 213 207 210 217 223 224 224 227 219 228 225 204 198 193 176 160 148 113 89 83 70 70 77 69 37 16 11 38 132 99 104 154 212 208 207 207 196 192 177 126 173 206 195 199 183 105 108 130 153 189 175 170 181 181 168 72 26 36 45 80 32 25 140 167 157 160 156 171 174 154 162 173 183 166 169 166 157 165 208 225
235 229 225 228 227 223 222 218 214 212 215 210 211 215 221 223 221 222 224 223 210 201 199 186 176 168 148 130 106 81 73 60 70 76 57 41 19 41 131 109 148 194 216 193 195 193 188 191 155 165 216 212 206 214 210 97 59 116 144 172 186 166 168 187 159 82 12 59 148 179 182 101 98 174 178 163 158 156 169 166 158 158 166 175 179 174 148 150 203 217
227 229 228 228 225 225 225 217 212 214 215 214 214 211 223 231 228 222 221 214 204 201 196 187 175 167 155 127 112 89 78 72 59 65 61 58 64 81 116 133 190 195 187 179 178 179 189 185 160 183 201 204 206 209 207 109 30 60 102 160 192 175 178 192 155 78 25 12 105 147 189 161 98 147 188 188 174 145 166 175 159 145 142 160 163 170 160 174 193 184
215 221 224 223 222 225 226 218 212 218 214 214 217 209 220 227 196 206 217 218 210 199 187 181 175 164 158 131 118 105 79 71 61 62 55 53 90 114 122 148 174 169 155 164 172 188 198 179 170 186 189 184 159 159 155 112 15 12 34 108 162 178 179 199 165 86 40 16 106 163 209 179 49 104 181 208 183 141 145 159 154 148 148 160 163 171 167 170 178 177
220 224 226 226 223 224 225 217 211 223 215 215 219 207 210 205 180 197 214 213 199 197 194 172 169 173 158 155 124 111 94 79 65 64 64 66 94 122 151 163 164 166 157 180 185 181 185 191 190 184 183 174 174 153 109 100 23 20 19 56 105 149 171 206 195 103 39 29 164 213 231 230 117 105 146 216 195 153 133 142 155 151 141 136 146 166 170 160 180 216
229 231 229 224 225 227 224 218 208 210 211 209 208 208 210 220 216 214 208 203 190 199 189 180 169 175 169 153 139 118 113 91 68 74 71 72 101 137 153 158 166 177 177 173 175 186 183 183 180 187 190 194 209 193 152 125 66 17 19 46 73 112 151 195 208 120 48 7 99 167 191 213 133 74 113 216 211 153 124 133 146 145 122 122 136 149 151 151 189 208
216 219 219 220 225 226 220 216 212 212 209 201 198 204 212 216 210 215 206 200 192 187 179 182 178 171 164 150 138 119 103 96 97 101 110 129 165 184 169 155 164 159 156 166 179 192 187 186 183 192 200 192 245 189 155 143 131 68 37 34 59 102 122 158 200 131 51 15 40 104 156 173 64 8 90 188 221 163 124 130 149 137 96 118 127 139 139 171 190 197
211 213 211 213 220 220 214 212 209 207 204 201 201 209 214 208 213 205 209 205 184 180 196 186 175 169 157 144 127 117 118 134 129 149 197 223 223 228 218 192 177 179 182 176 168 183 190 188 191 210 210 231 249 215 160 141 106 99 61 42 41 77 102 112 174 154 56 35 75 176 228 246 210 104 113 172 197 145 114 123 145 127 92 121 117 125 138 182 186 185
217 207 197 202 217 220 214 213 210 209 207 206 205 207 210 209 204 212 210 194 190 182 192 183 177 170 147 141 126 121 122 125 132 195 226 224 225 228 233 241 220 203 206 213 197 195 204 213 224 230 219 224 232 203 148 126 104 95 77 72 51 69 86 105 152 150 67 42 68 152 192 215 192 110 77 171 184 143 122 124 137 133 116 120 115 116 147 180 179 179
188 189 195 209 219 215 211 218 207 207 202 205 211 212 212 208 208 207 207 191 187 186 202 181 171 162 146 141 124 125 131 134 171 226 234 222 221 222 227 220 231 226 226 226 216 220 227 238 247 231 215 219 212 186 139 131 121 95 82 87 57 70 86 93 138 150 83 30 51 135 191 201 192 88 47 173 172 135 127 111 126 138 120 103 114 114 149 177 185 182
122 164 199 205 202 206 208 207 202 210 205 203 206 205 207 204 206 203 204 192 190 184 189 167 165 149 147 142 129 129 127 133 162 210 221 218 214 205 206 197 192 203 208 212 214 213 204 210 197 199 205 210 216 181 142 135 114 87 83 98 65 64 86 94 116 152 103 46 53 87 159 199 193 98 64 164 194 143 121 115 124 130 106 95 109 113 144 170 184 175
158 165 177 190 197 202 202 199 200 202 195 196 201 203 208 204 198 199 200 190 191 185 181 170 169 151 151 144 135 128 124 130 173 197 204 206 205 198 197 198 194 196 199 208 208 198 182 184 171 180 186 186 174 157 148 126 105 84 105 106 81 79 72 86 127 144 88 55 65 68 118 153 152 84 60 138 186 145 122 111 118 122 100 99 110 111 145 176 179 171
164 171 185 193 197 202 200 191 194 193 192 202 204 200 204 200 185 189 197 190 185 182 175 164 162 152 147 137 131 119 127 133 166 177 197 204 201 197 194 200 194 178 182 196 191 184 173 168 166 186 178 175 168 156 161 146 124 119 126 107 90 90 82 89 103 129 73 51 84 109 149 184 175 99 50 143 178 129 111 109 121 135 111 96 107 94 129 173 171 172
156 185 174 173 174 178 186 193 195 198 197 196 195 196 201 200 194 194 192 189 182 190 177 165 163 156 149 136 132 119 113 131 166 174 184 192 198 205 193 201 202 188 185 187 175 178 165 155 157 170 167 164 154 159 160 176 180 146 97 94 109 94 91 93 101 103 64 63 107 138 156 184 165 109 64 143 160 110 112 116 125 124 117 94 102 109 126 164 183 186
175 170 169 168 166 175 186 200 202 198 195 198 198 197 198 194 181 192 188 187 184 182 178 169 170 166 153 142 127 112 104 132 152 156 162 170 181 190 194 187 177 169 154 153 156 162 156 159 151 153 162 160 163 171 167 167 144 76 84 104 109 110 95 97 116 104 68 87 148 187 201 215 204 125 60 152 160 113 118 123 123 126 122 106 113 113 122 150 169 176
146 157 163 162 170 177 187 190 190 194 194 196 193 188 195 207 175 188 186 183 184 177 179 175 179 165 145 141 125 118 107 124 136 143 141 140 151 155 172 161 161 166 150 143 147 149 144 148 136 134 158 161 171 171 161 154 97 80 96 120 129 126 114 111 123 102 65 109 142 162 192 199 142 72 72 148 155 134 133 125 130 127 107 118 109 115 109 143 163 171
145 166 176 170 175 172 182 187 190 199 195 192 191 184 187 201 188 187 190 181 182 178 180 177 170 160 146 132 110 114 106 97 104 135 136 124 118 113 136 150 159 174 166 154 149 149 154 155 142 126 138 149 165 167 160 153 70 98 112 134 133 124 128 117 136 108 61 118 124 101 112 151 78 45 123 149 140 127 133 123 131 126 114 125 120 120 124 156 174 186
159 164 179 167 173 184 187 189 188 196 195 194 195 191 191 193 194 186 190 184 182 181 190 181 168 151 143 132 114 107 104 96 101 123 118 114 113 106 100 109 120 143 154 152 147 142 151 156 148 134 141 155 154 158 170 166 62 97 117 126 122 133 138 129 147 107 73 141 157 181 195 211 126 36 102 143 136 128 135 151 149 136 123 123 125 130 134 151 165 177
140 158 169 163 167 173 182 188 190 188 190 193 194 199 201 188 190 190 187 190 184 181 195 182 166 150 140 130 118 99 96 101 109 105 91 93 100 106 96 100 103 122 135 140 145 141 156 178 165 128 114 127 135 162 185 163 77 122 120 129 127 129 142 135 149 102 72 154 174 211 228 181 95 69 80 125 137 152 147 151 151 131 125 133 134 139 137 156 152 161
139 156 153 169 175 169 182 196 195 194 196 195 188 190 194 184 186 197 188 192 186 181 187 178 166 150 119 99 97 102 101 101 101 92 81 81 88 93 93 98 107 121 132 130 136 131 145 172 155 132 136 138 142 163 195 185 118 136 116 133 120 114 141 139 146 93 72 137 133 131 143 64 16 93 97 118 139 151 166 172 164 132 134 137 150 148 145 157 141 146
157 161 165 180 178 188 195 197 194 196 192 193 195 195 191 183 179 193 186 188 188 189 182 183 174 150 116 110 98 99 96 104 93 90 84 80 87 80 81 82 94 113 136 134 139 138 148 166 142 130 151 155 170 169 175 159 118 118 125 126 123 146 141 145 165 103 85 131 159 141 157 158 70 51 109 125 147 158 163 169 160 145 149 146 142 153 133 134 147 144
170 171 175 168 173 188 189 191 198 197 193 196 193 194 194 191 182 194 185 184 199 192 178 178 169 149 129 113 98 101 101 101 90 86 77 73 53 34 93 84 86 118 134 134 137 148 150 169 143 119 140 137 145 146 132 120 115 124 133 127 117 137 146 157 177 104 106 164 195 192 190 143 67 84 119 125 159 178 179 163 148 148 157 161 145 141 142 139 154 128
153 152 165 167 171 190 199 197 196 194 191 193 194 194 196 193 183 198 191 184 190 188 178 173 169 151 124 106 92 95 107 90 81 93 63 31 23 31 103 97 89 102 134 152 154 148 158 179 165 118 109 117 102 96 94 107 124 125 126 128 127 131 148 155 163 107 89 117 110 99 72 20 47 93 125 152 174 172 169 163 156 159 153 151 155 155 146 142 155 149
140 160 187 187 179 190 197 192 194 194 198 197 203 197 199 194 193 196 186 181 190 198 191 177 175 157 122 109 91 94 105 91 83 79 24 43 27 41 98 98 101 92 117 154 162 162 171 176 185 133 103 102 100 97 98 108 127 117 134 131 136 148 157 160 174 121 65 106 128 116 60 32 69 107 135 165 170 172 164 168 163 158 155 154 151 147 145 146 157 175
161 152 152 162 176 183 183 190 192 194 198 192 199 190 196 193 197 198 197 196 194 196 198 193 192 171 116 87 74 101 101 86 95 52 26 38 37 48 91 97 111 101 96 146 157 161 168 180 178 162 131 104 96 90 86 101 114 115 125 126 122 131 154 154 173 130 55 79 78 44 18 52 87 128 158 175 163 161 155 162 163 163 162 146 135 141 154 154 169 178
163 165 151 139 158 185 189 184 191 192 195 188 197 187 191 188 192 190 195 202 199 195 196 190 190 165 120 88 79 99 100 84 90 33 35 59 89 75 100 92 104 125 93 119 154 159 162 180 170 170 143 121 101 88 58 72 97 106 110 120 120 129 142 147 166 131 40 13 7 13 37 67 108 156 162 162 157 149 158 161 150 159 154 140 147 145 147 153 160 155
153 173 179 162 153 169 188 195 201 200 192 185 195 192 196 196 186 189 194 199 195 193 194 190 187 152 120 91 77 77 100 89 98 24 26 45 74 109 112 89 93 131 99 101 159 151 155 185 180 175 159 141 123 100 61 50 80 97 103 103 109 128 128 141 164 152 56 0 15 24 50 103 143 156 150 138 145 148 155 148 143 146 143 143 164 158 162 179 161 140
138 147 164 173 166 168 184 193 198 200 191 187 193 193 193 194 194 198 199 198 194 193 197 197 197 157 120 85 67 84 105 87 101 36 28 27 30 60 115 103 91 125 107 86 147 165 170 178 189 181 172 149 139 113 90 61 52 78 88 102 105 105 124 133 148 144 85 7 18 52 93 138 147 134 138 134 140 151 156 158 151 160 171 164 172 166 165 160 173 166
145 148 161 176 179 182 191 194 191 198 188 186 187 188 186 191 193 194 192 194 196 196 198 200 191 151 112 83 59 97 100 96 107 33 16 14 21 25 99 117 93 117 117 91 127 172 186 182 192 195 186 173 153 126 110 86 60 43 65 96 102 88 101 114 122 131 97 8 27 92 121 137 125 120 121 134 141 134 137 147 152 155 158 146 154 156 165 161 163 170
109 124 153 168 178 186 190 192 194 191 189 181 184 190 193 191 190 194 198 192 198 194 205 204 189 151 119 80 50 108 93 99 126 47 12 13 4 8 113 108 101 108 127 92 110 178 186 178 189 189 183 174 171 161 125 109 95 50 33 64 83 84 92 93 114 130 109 22 31 95 106 109 109 108 115 110 121 120 122 137 150 158 150 138 151 170 177 136 160 148
145 145 166 171 188 185 194 199 193 191 190 181 184 188 191 192 190 189 194 194 194 193 192 193 187 154 115 82 52 112 104 115 127 63 8 36 37 14 96 131 106 106 119 103 104 173 193 181 194 205 184 182 177 162 146 119 103 94 62 33 52 83 83 79 83 99 103 73 81 91 80 77 83 83 99 105 119 124 125 129 137 143 156 168 166 166 175 154 145 129
133 157 176 175 179 188 192 192 192 184 187 182 182 188 193 187 187 179 184 192 194 200 194 194 193 162 122 103 62 108 121 114 128 90 19 57 87 51 91 132 117 101 111 112 116 165 186 193 185 197 191 186 176 170 155 133 123 106 95 63 31 39 64 75 79 79 68 62 67 54 44 39 48 65 84 93 113 125 135 153 165 175 179 186 171 156 155 152 139 134
134 153 168 175 175 187 191 193 192 187 190 185 184 186 189 186 182 177 184 192 193 195 195 192 186 158 132 118 95 112 122 130 128 110 33 18 114 116 88 131 128 107 133 120 124 162 188 196 183 189 200 190 176 179 163 155 135 114 106 102 71 46 42 31 29 29 17 17 24 26 43 53 69 84 98 111 138 153 157 167 181 184 172 175 167 157 145 144 148 153
137 146 166 172 174 175 187 187 184 180 178 175 186 185 180 179 186 186 190 190 190 185 200 195 170 148 146 115 114 124 135 149 138 119 61 41 162 112 76 153 137 121 132 113 132 164 180 190 192 194 193 199 195 192 178 156 145 137 116 104 95 82 71 58 52 55 57 69 75 78 90 105 125 130 145 154 154 163 168 165 159 158 157 165 155 153 151 153 158 160
146 150 166 183 177 174 182 187 184 173 177 178 179 180 181 175 190 187 185 185 193 188 204 193 173 155 154 123 120 110 149 152 138 116 80 57 90 82 89 162 143 126 124 122 135 168 190 193 194 197 192 202 196 190 186 170 155 145 134 115 103 97 88 88 99 102 110 121 129 139 140 150 163 161 162 163 155 158 160 157 156 162 164 158 152 158 162 167 167 167
120 145 165 188 178 186 190 192 188 178 189 185 168 165 176 175 182 179 177 183 192 187 189 179 168 157 151 141 139 101 157 170 148 134 88 90 25 51 106 160 145 143 129 122 159 191 199 198 194 195 199 205 199 197 186 176 167 160 146 126 120 114 101 102 112 129 149 161 165 171 161 169 166 167 160 163 159 159 154 158 160 160 155 145 157 168 166 165 165 166
134 140 152 177 183 183 187 191 195 187 184 179 180 177 178 182 176 176 175 180 179 177 180 187 169 158 176 157 135 112 162 159 160 147 111 78 45 47 119 157 143 137 133 120 171 186 183 192 199 201 201 205 200 196 185 172 167 164 150 141 134 126 120 109 108 117 133 153 158 156 145 159 167 165 162 168 158 158 160 164 165 150 157 161 169 168 168 166 169 166
136 122 144 173 186 185 188 188 190 186 185 182 177 179 181 179 178 177 171 176 181 180 182 180 169 152 163 154 117 143 175 177 172 161 134 85 60 52 108 155 137 131 155 127 155 185 183 192 200 204 198 197 195 190 188 181 168 178 165 150 145 134 135 125 115 118 125 128 136 137 144 154 169 168 163 168 155 163 164 166 157 148 170 177 174 180 172 167 170 168
140 132 147 157 172 182 184 189 183 186 187 182 178 181 183 176 183 177 171 174 177 171 174 184 178 156 148 159 138 171 173 182 181 174 164 103 55 63 93 125 139 137 163 131 154 192 187 187 200 200 197 198 193 187 190 188 181 183 173 161 151 139 140 126 122 130 140 133 142 153 158 167 163 167 159 161 160 167 153 149 152 162 177 178 175 174 169 172 169 167
119 133 151 158 168 173 180 180 182 190 187 183 180 183 187 180 176 178 181 178 176 176 175 177 179 172 161 165 177 169 180 178 182 181 178 142 73 50 75 149 164 151 160 151 156 184 188 197 198 201 201 202 197 195 197 189 190 180 173 176 169 149 151 149 144 140 155 161 172 169 154 158 160 161 156 158 156 158 150 162 181 186 181 176 178 177 175 173 171 169
83 109 149 153 165 179 179 187 186 195 187 184 186 183 184 183 180 174 181 181 174 172 168 167 177 185 168 162 170 158 179 182 180 180 178 172 128 73 60 142 171 166 155 157 171 177 188 193 206 201 194 197 197 193 197 195 191 190 184 183 181 163 161 161 174 167 177 175 171 160 151 152 157 160 158 153 154 171 175 185 180 178 177 174 173 176 177 173 170 170
113 112 151 172 158 158 177 174 185 196 188 184 188 181 175 176 178 171 171 166 164 169 166 164 173 177 174 170 173 178 179 186 185 175 183 176 162 115 70 125 180 182 166 162 183 178 190 193 198 196 193 200 192 173 178 196 197 192 184 183 188 177 167 153 176 164 163 160 149 143 157 162 159 158 156 159 173 187 184 186 182 174 176 172 168 171 170 170 168 169
71 106 163 168 165 174 169 168 166 177 175 170 175 176 170 172 169 172 169 161 167 173 167 165 163 159 167 165 178 173 179 178 186 168 178 178 177 151 120 129 157 166 170 175 157 178 193 196 194 198 193 196 197 188 190 196 202 193 190 188 182 175 179 174 162 157 158 160 149 142 160 162 157 162 165 177 190 183 179 191 174 174 177 171 168 168 163 171 173 172
108 137 166 162 171 182 177 172 168 172 177 171 170 174 172 175 175 173 172 176 173 162 160 164 158 160 155 163 169 162 172 172 178 174 178 178 175 172 171 153 158 171 179 178 136 176 193 191 198 208 203 199 201 200 197 187 187 187 192 187 180 177 181 173 165 168 172 167 166 168 174 164 164 185 190 188 189 181 183 185 179 179 169 162 167 168 166 169 172 168
98 112 142 143 149 157 156 166 163 159 174 177 172 176 176 182 179 173 174 177 161 152 163 164 165 163 156 158 162 163 166 172 174 172 180 177 174 181 185 182 182 187 183 180 171 176 186 188 194 193 185 185 186 187 191 188 190 183 182 185 188 181 183 188 173 174 181 175 168 161 163 171 168 179 180 185 192 193 199 186 190 198 189 183 182 180 183 180 181 174
41 58 73 96 110 123 119 142 149 141 145 150 161 154 148 158 164 158 165 177 172 179 172 165 171 174 161 159 160 158 166 169 169 176 177 180 180 180 185 181 181 186 180 183 181 187 176 181 181 198 202 195 192 185 189 185 190 191 182 193 180 180 185 189 185 178 168 161 152 153 149 142 144 152 107 20 23 18 26 22 34 46 79 123 149 175 182 196 196 192
26 29 59 68 71 89 89 106 118 121 130 123 123 132 133 116 114 116 114 134 150 165 175 182 184 174 182 166 155 163 157 163 166 169 176 173 175 174 170 183 180 187 190 185 181 185 183 184 176 186 186 180 196 188 182 182 180 187 178 179 179 183 174 164 160 156 150 149 144 149 151 150 143 169 145 47 21 22 14 18 13 10 12 22 20 24 29 24 24 23
58 51 57 66 83 83 75 77 90 102 113 105 96 99 106 92 90 87 89 91 100 118 121 140 164 180 176 173 171 171 179 173 165 169 176 170 174 171 155 168 181 173 182 183 187 182 174 179 163 173 163 157 166 175 184 175 176 176 173 163 147 148 155 146 144 146 148 152 147 150 151 153 157 150 166 138 86 71 60 70 66 52 52 52 48 51 58 46 49 45
55 65 72 78 81 81 84 83 78 68 74 93 99 88 88 83 94 84 90 84 81 90 84 86 90 91 92 112 134 138 141 147 149 162 173 175 187 192 182 182 174 182 178 166 162 161 157 156 159 178 214 228 211 187 152 152 167 177 184 162 117 107 145 154 155 152 148 153 153 156 153 152 149 145 151 162 145 119 95 100 82 80 99 83 73 82 90 80 93 85
36 50 62 68 71 84 69 67 75 59 57 72 78 68 79 89 80 81 80 87 82 79 95 89 83 79 91 87 79 82 85 97 97 105 118 120 127 145 151 152 158 194 183 185 191 195 199 200 218 214 153 129 187 185 137 142 151 158 172 191 168 133 147 151 153 152 150 153 150 152 150 151 149 148 147 152 153 154 146 125 106 89 104 105 108 106 98 90 98 95
52 44 54 70 47 55 62 58 66 74 62 49 57 56 62 76 77 76 73 83 86 77 87 84 88 91 91 100 100 95 101 103 98 82 85 75 70 80 82 90 142 168 101 119 182 201 205 210 164 95 57 67 160 197 188 176 164 157 157 177 158 137 152 147 148 149 147 150 150 151 147 145 148 149 150 145 152 153 153 150 141 120 112 110 108 104 101 96 93 99
40 25 21 62 61 26 16 20 26 54 67 60 68 63 51 49 60 61 72 72 77 73 71 70 79 90 89 81 84 88 92 97 106 103 111 104 93 96 117 152 168 102 76 76 90 112 93 95 66 95 113 148 205 209 207 191 173 164 169 180 147 137 149 147 148 151 148 147 144 147 147 150 144 150 154 148 152 148 144 154 159 142 135 129 107 93 88 95 90 94
80 73 37 16 40 45 30 26 33 31 54 57 51 59 71 69 73 74 73 63 66 69 77 67 72 76 82 81 77 80 82 80 95 120 145 169 176 174 201 236 208 134 124 113 81 85 85 56 55 136 178 213 202 176 178 188 182 182 180 170 140 148 150 148 146 149 146 147 146 150 147 146 144 146 146 147 145 147 145 146 148 144 156 148 125 126 113 117 111 105
53 63 75 60 58 63 70 61 47 42 51 50 43 49 63 58 52 57 65 69 68 69 70 65 78 65 65 71 70 54 52 80 114 154 179 195 202 200 205 203 189 155 137 113 89 80 78 68 99 175 198 206 198 194 186 184 182 187 164 142 145 148 145 145 145 147 147 147 149 147 144 144 148 148 144 146 148 146 146 147 143 147 145 151 146 147 135 120 126 129
34 33 49 67 74 68 81 72 60 56 63 63 57 51 53 48 55 60 65 61 54 55 53 44 48 57 60 60 61 50 69 130 166 196 210 220 224 218 215 208 200 178 154 119 95 84 89 101 155 198 184 177 182 197 199 197 183 176 153 141 150 151 146 149 145 148 147 147 149 147 144 144 147 147 143 145 147 144 145 145 143 145 141 146 146 153 149 138 122 126
