139 144 138 143 136 143 141 141 140 136 140 143 139 138 139 137 136 142 141 140 141 137 133 128 136 143 136 144 136 137 137 136 138 143 140 140 137 137 140 138 140 137 140 141 137 139 141 136 137 138 138 139 139 139 139 139 139 139 139 140 139 139 139 139 139 138 138 137 137 138 137 136 136 138 139 138 137 137 138 138 138 138 138 138 138 137 137 137 138 138
138 142 136 143 142 139 137 139 139 136 135 136 137 137 137 137 141 137 135 136 135 137 132 111 115 135 133 133 126 133 141 141 138 136 143 135 138 136 137 136 137 137 138 138 137 138 139 137 138 137 137 138 138 139 138 138 138 138 138 139 139 139 139 139 139 138 137 137 136 137 137 136 136 137 138 138 137 137 137 137 138 138 137 137 137 137 137 137 136 136
139 141 137 143 141 129 137 137 141 142 139 137 139 140 137 138 133 139 138 135 135 137 132 118 111 120 138 119 103 129 128 135 135 135 138 136 139 137 138 138 136 138 137 137 138 138 137 138 138 138 137 137 138 138 138 137 138 137 138 138 138 138 139 138 139 138 137 136 136 137 137 137 136 137 138 138 137 137 137 136 137 137 136 136 136 137 137 138 135 135
140 141 141 142 136 118 139 138 136 140 140 138 140 140 139 138 137 142 138 136 139 138 128 115 116 112 124 84 67 92 126 122 126 141 131 142 138 139 140 140 139 140 139 138 139 138 138 138 139 138 138 138 137 138 138 139 138 138 138 138 138 138 138 138 138 137 137 137 136 137 137 137 137 137 137 137 137 137 137 136 136 136 136 136 136 136 136 137 135 135
139 139 139 139 135 112 133 139 139 141 141 138 138 140 141 139 138 133 134 137 133 136 140 130 101 91 100 84 48 57 89 102 99 133 138 144 140 141 141 139 141 140 139 139 138 138 139 139 138 139 139 138 137 137 139 140 140 139 139 139 138 138 138 138 138 137 138 138 137 137 137 136 138 137 137 137 136 136 136 136 136 136 136 136 136 136 135 135 136 136
138 139 136 139 143 117 128 139 141 140 139 137 135 138 139 137 134 126 124 127 120 114 113 105 77 53 58 69 57 66 64 72 77 106 140 134 140 139 140 135 140 138 139 140 138 138 140 139 138 138 138 138 138 138 139 140 140 139 139 139 138 138 138 138 138 137 138 139 138 137 137 137 138 137 137 137 136 136 136 137 136 136 137 137 136 136 135 134 136 136
136 138 138 140 142 125 128 132 133 140 144 144 142 137 131 130 135 142 140 128 100 71 62 62 53 43 47 50 58 63 69 51 47 65 123 134 145 138 143 142 139 140 140 141 142 140 139 139 140 139 138 138 139 140 139 138 140 139 139 139 138 138 139 138 139 138 139 140 138 137 137 137 137 137 138 138 137 136 136 136 137 137 137 137 136 136 135 135 136 136
137 135 133 120 101 85 79 65 68 89 108 119 123 115 107 109 102 83 73 75 73 72 69 54 50 43 56 70 45 62 63 79 73 50 81 118 144 142 146 137 140 144 142 142 146 142 137 140 142 140 138 139 141 142 140 137 139 138 138 138 138 138 139 139 139 139 139 140 138 137 137 138 136 137 138 139 138 136 135 136 137 137 136 136 136 136 136 136 136 136
136 93 62 48 51 54 45 52 53 38 45 48 48 45 35 45 42 38 35 35 51 66 57 45 48 42 58 99 68 50 65 106 125 99 80 73 146 146 155 165 166 167 170 159 162 166 164 153 142 137 135 143 139 132 139 140 139 140 138 139 138 137 140 139 140 138 138 140 139 136 136 139 137 137 137 137 137 136 136 137 138 137 137 137 136 136 136 136 137 137
45 40 48 51 49 47 40 41 51 46 48 42 43 47 40 42 39 39 43 41 39 38 36 40 40 45 58 107 86 63 83 74 70 64 112 120 102 130 146 166 169 164 174 186 181 182 174 179 178 167 153 146 141 139 140 139 138 140 138 138 140 138 138 137 138 137 138 139 139 137 137 139 137 137 137 137 137 136 136 137 137 137 136 136 136 136 136 137 137 137
62 56 54 50 40 38 41 39 52 46 43 41 44 45 44 49 51 42 43 45 42 39 38 41 38 45 40 67 73 72 101 97 43 42 109 89 73 104 108 134 145 144 149 161 165 181 178 168 181 181 180 176 175 171 156 145 138 139 137 138 140 140 139 139 137 137 138 139 139 138 138 138 136 137 137 137 137 136 136 137 137 136 136 135 135 136 136 137 136 136
71 57 43 42 41 41 44 40 44 46 45 52 57 52 49 52 46 41 42 41 37 38 42 42 40 43 43 44 58 68 75 98 79 43 62 58 62 82 65 96 111 107 106 110 124 141 176 188 177 183 190 188 190 188 174 168 151 139 136 137 138 139 138 140 137 138 139 139 139 139 138 138 136 137 138 138 137 136 136 137 137 136 136 135 135 136 136 137 136 136
65 57 41 40 42 41 46 45 49 59 60 60 60 56 53 47 41 38 42 49 53 60 62 55 45 39 44 41 39 50 42 62 64 51 42 41 47 66 55 64 74 67 71 73 83 95 132 167 190 191 193 186 185 185 181 187 175 143 138 140 138 140 138 138 137 139 139 138 138 138 138 136 136 137 138 139 138 136 136 137 137 137 137 136 136 136 136 135 137 137
63 60 47 43 44 44 49 48 58 65 71 71 62 51 47 45 56 64 79 91 88 78 70 61 54 51 43 48 43 46 42 41 41 50 49 52 77 78 94 105 109 108 114 111 109 119 108 119 143 150 164 174 180 183 185 191 179 137 134 140 137 142 139 136 138 138 138 137 137 137 136 135 136 137 138 139 138 136 135 137 137 137 137 137 136 136 135 135 136 136
69 60 49 47 46 45 45 43 56 55 64 69 59 53 65 83 95 101 107 113 107 93 88 85 74 77 66 67 69 65 69 64 67 73 90 115 131 132 143 149 153 152 158 160 156 157 138 137 132 129 126 129 135 150 175 192 158 124 130 138 134 140 137 135 138 137 136 136 136 136 135 135 137 137 137 137 137 136 135 136 136 136 136 136 135 135 135 135 134 134
65 48 43 48 48 47 51 56 65 65 73 67 52 55 75 95 105 107 104 110 114 110 106 100 101 98 107 101 105 107 121 127 130 136 150 155 155 162 155 157 159 158 157 158 161 154 161 152 152 151 147 145 137 138 154 162 146 124 139 145 138 142 138 140 138 136 136 136 136 135 135 136 137 137 136 136 136 135 135 136 136 136 135 135 134 135 135 135 135 135
47 46 47 55 57 58 66 71 74 74 75 63 64 66 96 115 124 127 133 133 131 132 133 136 140 141 142 145 144 153 156 157 157 156 158 156 159 167 157 162 165 163 161 160 160 159 159 159 162 166 166 167 171 167 161 163 163 158 155 153 149 150 150 145 141 142 138 135 136 133 132 136 137 134 135 138 136 134 135 135 136 135 135 135 135 135 136 136 135 135
54 57 64 76 85 81 77 82 71 82 71 69 88 113 129 137 138 145 151 147 145 151 155 158 156 156 157 159 156 158 154 151 160 163 162 152 142 155 161 160 164 168 173 172 172 173 168 168 174 172 171 172 174 174 173 172 168 166 167 166 161 157 157 154 154 150 144 140 137 135 135 136 134 135 136 135 134 135 136 133 136 136 136 136 137 137 137 137 137 137
67 71 73 71 76 78 79 95 88 92 78 97 113 146 157 157 156 160 163 156 152 156 157 157 157 156 157 160 160 160 149 145 153 146 142 143 132 143 165 169 171 172 173 169 171 172 169 176 177 172 174 178 177 178 178 171 178 169 163 161 158 156 155 153 155 152 149 144 137 134 135 135 134 135 136 135 134 135 136 135 135 135 135 136 136 136 136 136 136 136
83 76 83 90 92 82 71 83 101 96 71 103 136 156 152 159 156 153 155 156 158 159 157 157 157 155 155 157 155 148 127 118 126 121 127 145 145 151 162 167 168 174 174 177 180 173 170 175 180 175 179 184 182 181 179 170 175 167 159 155 153 150 149 146 144 143 145 149 149 145 138 132 133 131 133 137 138 135 134 135 135 135 135 135 135 135 135 135 135 135
82 87 108 116 114 109 89 77 88 86 85 124 154 165 166 167 163 159 160 161 164 165 161 160 160 161 165 169 166 153 122 111 122 127 131 141 152 163 158 156 163 178 176 179 181 176 182 186 183 181 182 184 183 182 179 175 174 167 158 152 146 137 123 111 115 124 135 145 151 149 144 143 135 129 127 132 137 136 134 134 136 136 135 135 136 136 136 136 135 135
89 98 117 120 110 100 82 69 66 66 107 158 171 169 176 174 170 169 170 167 166 170 168 166 165 167 172 173 167 150 117 110 137 139 134 140 153 155 137 138 155 177 181 181 181 180 188 186 183 184 183 184 185 183 179 178 172 171 165 156 144 134 127 124 127 131 134 140 150 151 149 151 146 138 127 124 129 136 138 138 135 135 134 134 135 136 137 137 135 135
71 82 79 67 64 63 56 51 59 101 147 165 172 178 177 176 174 175 176 171 168 170 170 169 172 175 179 174 161 143 113 114 132 137 139 150 139 111 103 126 160 174 184 184 183 187 188 188 188 189 190 192 192 189 183 181 176 171 163 155 147 139 141 150 158 160 158 154 150 147 148 153 155 150 138 128 125 127 132 138 135 135 135 135 135 135 135 135 134 134
71 84 72 59 59 54 58 77 98 130 157 164 171 182 174 178 177 174 177 176 174 173 172 175 176 181 185 176 158 135 106 110 127 143 146 143 96 55 85 143 171 168 181 182 185 192 188 195 195 194 194 195 195 191 187 183 177 171 165 160 149 137 140 153 155 157 161 158 150 143 142 141 152 153 149 141 127 116 119 131 138 138 138 137 137 136 135 135 134 135
74 96 87 87 94 87 102 110 123 138 159 175 182 184 184 182 180 177 176 175 174 174 176 179 180 181 184 169 153 122 106 101 125 148 153 100 58 42 99 149 166 165 177 187 185 191 190 195 196 198 199 201 202 198 191 184 178 168 164 161 147 138 143 150 143 143 151 154 152 141 137 137 143 151 149 146 144 130 116 118 136 145 148 146 149 145 139 141 141 141
76 98 88 92 109 119 118 119 140 163 183 184 182 187 189 186 184 182 181 179 177 177 179 180 187 183 179 164 152 126 107 99 125 147 132 72 49 63 124 162 175 160 165 187 188 193 192 186 194 197 201 205 206 202 192 185 178 170 162 150 137 131 127 127 116 110 126 145 145 138 128 142 140 151 153 148 147 144 132 121 117 134 154 158 152 153 156 152 149 149
84 77 81 104 118 137 138 159 181 181 177 179 188 195 193 187 187 188 187 184 183 184 184 183 184 182 180 168 158 130 100 84 130 150 108 47 43 92 136 159 181 164 156 186 190 189 191 190 189 194 199 204 206 200 190 182 177 168 157 153 144 124 109 103 70 69 109 149 143 139 136 150 147 148 151 153 150 147 142 134 128 114 121 143 152 152 155 156 154 155
49 101 121 131 129 144 169 187 183 183 182 186 194 195 188 185 185 188 187 184 184 186 186 185 187 187 183 168 152 121 86 73 119 139 86 42 78 140 164 164 173 166 145 179 193 183 181 188 187 192 197 200 201 195 184 177 168 169 152 141 123 110 100 55 72 124 147 144 147 148 148 162 163 155 155 156 149 143 144 145 141 133 124 123 132 144 152 158 158 160
55 69 112 143 156 171 182 187 182 187 186 183 188 195 193 187 189 192 190 187 189 192 191 190 190 191 187 173 155 124 89 82 115 132 64 31 58 84 134 168 176 165 128 166 190 183 179 184 187 192 196 199 199 191 180 172 165 149 148 126 113 94 58 69 139 133 131 122 144 154 158 159 165 167 164 155 151 154 156 153 152 144 130 124 128 129 134 147 153 155
67 69 91 121 155 179 191 187 187 188 189 189 190 192 193 192 189 192 189 186 190 192 190 189 192 191 186 176 157 121 76 70 117 122 45 69 57 29 77 156 172 156 121 167 187 183 181 180 187 191 196 198 197 188 174 165 153 149 136 121 103 64 63 124 159 131 122 98 141 171 169 177 176 179 173 164 162 162 157 150 152 149 143 136 130 128 128 130 138 141
86 70 87 109 125 162 186 193 197 188 189 196 195 192 193 194 195 197 193 192 197 198 195 195 196 190 182 176 158 122 73 70 109 100 39 94 72 38 60 141 163 143 113 163 176 176 182 187 188 191 195 196 193 183 168 157 149 133 124 108 76 66 103 154 147 131 121 73 117 180 181 185 184 178 175 176 176 169 160 158 154 153 150 142 136 135 132 124 129 132
98 101 98 111 101 131 175 190 202 193 193 196 194 198 200 195 200 200 197 197 203 204 200 200 197 189 181 178 162 124 74 73 102 82 37 45 37 36 61 123 158 134 106 162 178 179 184 191 192 194 195 195 191 180 164 153 137 124 111 92 89 107 134 160 159 145 135 71 74 156 191 191 187 180 178 182 182 175 170 167 161 158 153 149 146 141 136 132 125 128
106 117 122 115 99 125 181 198 209 191 191 199 200 203 204 199 204 204 202 203 204 207 207 197 192 191 179 179 156 120 76 70 95 66 45 31 70 59 65 123 146 126 105 169 181 177 188 190 193 195 197 197 189 173 153 139 127 120 110 118 136 150 153 167 162 148 135 82 39 100 168 192 192 186 184 187 182 177 179 179 175 168 164 153 147 147 142 140 131 124
85 105 109 118 107 131 179 206 215 185 185 199 207 211 204 201 203 203 202 203 205 207 207 198 190 190 180 178 155 116 68 64 89 75 43 37 64 65 87 143 144 116 113 166 174 179 192 201 201 200 203 200 182 159 138 124 128 132 141 155 161 168 166 162 151 156 134 78 37 68 149 167 185 193 189 183 181 181 182 180 180 176 174 166 160 157 150 145 135 128
76 84 79 76 93 143 193 222 198 177 189 202 206 207 200 206 205 204 199 198 199 203 204 198 190 185 178 179 166 130 72 57 85 73 53 54 77 101 129 144 131 105 129 172 176 185 194 200 199 195 197 193 172 152 140 132 146 157 170 177 173 169 167 160 166 158 137 79 35 47 115 162 173 187 188 181 180 179 183 186 188 185 184 178 173 169 161 155 147 140
45 55 73 59 91 145 183 179 182 179 195 204 206 207 202 203 201 200 197 198 200 203 205 201 195 183 175 174 168 143 85 59 78 75 52 54 82 113 122 139 136 115 148 173 177 188 196 199 194 192 192 184 165 151 144 139 162 175 178 178 183 172 165 167 169 155 131 85 44 42 74 155 168 174 177 180 179 172 173 178 185 187 188 187 186 182 172 163 160 155
53 52 76 73 69 90 153 175 182 192 202 207 206 204 205 202 205 202 194 191 193 195 198 198 193 183 180 174 163 143 92 54 79 88 66 61 58 63 86 145 127 127 163 180 185 192 197 193 193 194 189 178 169 168 168 167 171 179 177 172 184 175 166 172 172 160 129 83 55 87 115 124 161 165 163 168 174 169 167 169 177 181 182 184 190 192 188 183 166 158
48 48 52 72 59 82 162 194 197 204 203 206 206 202 204 201 200 198 192 192 193 193 194 193 190 184 183 177 168 152 107 58 71 85 81 68 72 61 108 156 143 155 179 185 184 186 189 185 184 188 186 178 176 179 177 172 149 151 172 173 178 174 174 182 173 152 130 82 68 110 130 82 141 164 168 163 165 164 164 168 167 175 179 184 191 193 191 187 177 170
51 50 41 70 70 92 154 189 200 209 209 207 204 199 201 205 204 202 194 192 193 191 191 192 192 186 179 172 169 160 132 86 69 91 97 79 105 107 145 167 170 179 187 186 183 186 187 188 186 185 182 178 177 180 178 171 119 104 147 170 174 171 175 183 182 161 126 71 93 161 185 168 155 165 165 159 157 162 167 162 150 163 168 175 184 190 197 199 198 190
48 49 46 64 85 111 158 196 195 200 202 198 202 204 196 196 196 195 190 190 192 188 188 188 184 185 178 171 167 158 143 109 94 98 103 102 106 145 169 180 186 186 184 181 179 185 183 185 187 182 181 179 174 174 171 160 100 55 100 143 165 171 177 186 182 158 119 77 80 149 189 201 152 154 171 180 163 158 165 156 142 158 165 171 178 183 191 194 197 192
49 52 56 59 88 124 153 190 195 194 195 202 200 194 198 194 193 193 192 191 188 188 188 186 184 184 181 173 167 164 150 130 119 119 122 124 126 142 170 182 183 179 176 177 180 183 185 185 183 181 181 178 177 172 169 155 89 41 96 128 164 173 179 193 181 153 123 88 125 183 205 216 134 105 178 195 178 158 160 157 149 155 163 170 176 184 189 188 190 194
46 40 48 65 90 121 148 183 192 192 193 194 195 196 192 189 189 189 189 188 187 187 188 187 183 182 177 171 170 171 163 148 138 137 140 146 149 156 171 177 179 179 180 182 182 182 184 185 178 174 173 175 178 173 167 152 107 51 99 130 147 172 177 190 184 162 126 82 109 163 191 207 134 85 173 197 193 162 160 156 151 147 157 168 175 183 184 183 177 176
35 48 49 56 79 108 128 174 183 183 193 191 189 192 190 193 187 187 187 187 187 189 189 188 186 183 178 173 172 175 171 162 152 154 158 167 172 169 170 172 171 174 179 182 181 180 181 182 173 169 172 180 190 185 176 160 132 65 85 127 139 169 175 192 189 165 122 83 110 167 199 204 174 102 159 198 208 168 161 156 148 140 155 168 173 181 183 188 178 170
48 52 47 48 59 89 112 148 184 182 192 196 189 186 186 187 187 186 186 187 188 189 190 189 187 186 181 176 174 173 170 164 165 171 176 184 187 182 179 179 182 184 188 190 189 188 187 185 177 174 179 191 201 192 180 163 148 97 84 121 134 150 157 173 178 166 126 106 149 201 217 211 208 147 151 198 202 168 157 151 140 128 147 161 167 178 182 191 191 181
55 51 45 50 56 71 93 131 170 174 178 188 195 194 192 188 187 187 187 188 188 190 190 188 184 184 182 177 174 171 167 163 169 179 183 190 197 198 199 200 200 198 197 198 198 196 192 188 177 175 180 190 198 187 175 161 144 124 105 112 119 128 138 149 168 165 116 101 156 202 206 202 207 153 141 194 187 163 159 155 139 124 140 156 169 185 185 185 191 185
45 51 51 52 61 67 86 122 172 188 182 180 189 190 191 192 191 191 191 192 191 192 191 190 184 184 180 174 171 167 163 160 162 170 173 178 188 193 197 197 192 189 186 187 189 190 187 182 174 172 175 182 188 179 170 160 142 123 115 108 109 120 135 154 173 165 123 107 137 184 205 209 214 110 112 183 188 161 153 152 141 131 145 162 175 187 187 186 185 186
50 43 51 49 58 68 96 111 141 170 184 183 187 187 186 188 192 193 194 195 194 194 193 191 187 185 178 170 167 164 158 154 156 161 163 168 171 172 173 172 171 170 170 172 174 177 176 173 172 170 170 173 180 171 164 154 145 123 119 117 107 113 134 160 174 156 121 100 104 152 192 203 190 68 108 192 191 156 145 148 146 131 136 157 180 191 186 179 178 181
58 45 48 44 57 58 91 120 134 155 182 188 186 190 189 190 191 192 194 194 193 193 192 190 186 184 175 167 166 164 157 151 152 156 161 168 167 163 164 163 159 160 163 164 164 166 167 166 164 162 162 166 175 168 161 152 138 133 129 130 106 104 129 153 177 153 112 103 130 181 203 207 204 83 121 183 169 153 149 149 140 131 135 157 175 182 184 184 183 184
53 46 43 46 50 47 67 115 144 147 170 187 185 186 192 191 189 188 189 190 190 189 187 185 183 180 176 166 164 157 158 146 144 145 154 164 154 154 153 155 153 155 156 159 157 156 157 155 154 156 153 159 158 163 166 153 142 127 128 131 108 97 118 146 162 143 111 111 146 185 199 201 208 99 136 175 166 154 146 146 138 126 142 162 172 179 179 183 188 182
49 45 49 42 40 48 57 78 138 155 159 177 185 182 187 189 186 184 184 185 185 185 185 184 180 174 171 165 164 155 148 133 131 136 141 147 144 147 137 134 138 142 146 151 151 151 154 153 152 155 155 152 151 159 159 151 128 104 129 129 113 101 105 133 148 137 109 117 158 189 198 197 198 93 155 173 158 150 152 149 138 129 142 160 171 178 177 179 180 179
46 39 49 48 43 43 37 47 90 150 156 169 180 178 182 180 181 181 184 187 188 186 184 182 181 173 171 168 165 154 138 118 119 129 145 141 136 133 130 125 125 133 141 150 153 150 149 145 141 145 150 146 148 158 155 145 87 76 124 125 118 108 105 127 144 133 111 110 138 173 196 197 166 92 166 167 158 150 149 145 136 132 144 159 171 177 172 172 176 180
51 43 45 51 51 43 39 51 59 127 142 164 176 173 175 178 180 180 182 184 184 185 184 183 184 176 174 168 161 147 120 97 107 129 134 129 133 133 118 121 123 129 135 144 150 150 150 147 144 141 142 142 148 157 157 141 53 77 127 127 117 109 112 123 141 131 114 106 129 163 176 163 67 99 171 161 153 148 146 151 135 139 151 163 174 177 170 169 176 180
59 57 48 54 57 49 50 44 53 108 142 165 171 173 173 178 179 180 182 184 185 186 185 184 181 174 172 166 159 145 108 84 111 133 124 124 121 133 114 113 117 125 133 144 152 155 156 156 156 145 135 135 142 147 159 141 51 95 134 132 113 110 115 122 138 130 113 123 153 170 186 168 32 144 167 147 145 157 153 148 134 143 155 164 172 174 171 171 172 171
66 66 56 68 70 60 60 38 54 95 150 168 170 176 175 175 176 179 183 187 188 187 185 182 178 173 171 165 157 140 95 77 113 121 100 84 93 101 107 111 111 124 136 147 154 154 155 156 152 147 140 143 149 145 158 139 76 106 132 130 112 111 115 126 138 135 116 136 171 196 207 129 59 170 156 147 146 157 153 148 140 150 160 167 172 176 177 177 170 165
69 74 70 83 84 73 75 61 66 80 141 165 174 173 173 175 174 176 178 180 181 183 184 182 179 174 171 163 148 121 75 70 110 107 77 63 78 66 85 106 118 128 135 144 150 151 154 156 160 158 149 141 150 148 162 153 113 116 129 128 116 110 119 128 142 145 122 121 155 189 167 27 122 164 138 148 160 166 156 150 144 151 159 166 169 173 175 173 171 166
61 85 89 91 89 78 76 70 63 80 146 163 169 168 171 172 171 174 179 182 183 184 183 181 175 173 172 163 143 112 69 80 105 80 59 78 44 46 97 131 127 135 140 149 159 160 160 159 162 164 154 138 148 147 156 152 138 124 127 128 123 111 130 132 147 146 126 114 140 162 157 86 136 147 145 152 162 164 154 151 154 159 166 173 176 178 179 173 165 162
60 74 86 91 99 79 72 78 77 100 144 162 166 172 168 171 172 173 176 179 182 182 181 179 176 174 168 162 133 99 81 100 88 54 66 55 65 73 117 148 137 142 150 155 158 163 165 163 167 169 156 139 135 136 131 126 119 127 131 131 126 119 125 137 145 144 126 124 165 166 140 107 132 139 145 157 164 163 160 157 162 164 168 171 176 181 180 175 168 160
60 50 58 80 92 79 79 88 100 117 146 161 168 171 168 171 169 171 174 176 178 179 178 177 176 173 167 157 123 89 75 95 75 48 58 93 115 123 132 148 132 143 149 153 161 165 166 167 170 170 158 143 131 117 105 103 118 125 132 134 130 130 134 135 148 147 130 117 139 123 74 97 130 142 151 159 164 163 163 160 164 166 168 169 173 176 175 170 167 157
62 52 39 56 84 94 94 112 111 124 143 159 165 166 167 168 166 169 172 173 174 176 175 174 174 170 163 147 108 77 72 95 63 55 71 106 143 149 145 149 136 138 154 163 158 166 175 170 170 172 168 160 148 127 109 104 114 124 129 130 136 137 134 134 148 149 124 102 101 79 63 107 132 148 158 162 162 160 161 160 164 167 172 174 174 172 166 158 159 151
56 55 49 55 63 86 106 129 132 133 141 157 164 166 169 162 165 168 169 170 172 174 174 172 172 167 162 141 100 69 70 94 61 48 53 63 84 139 159 141 137 144 155 162 163 164 170 176 174 175 175 170 161 150 133 118 111 114 120 129 139 139 132 133 147 149 129 95 74 47 72 106 141 154 160 161 158 155 158 161 164 169 175 177 174 168 158 149 151 146
45 46 50 59 56 68 88 122 139 145 144 153 159 159 165 165 166 166 166 168 171 173 173 171 172 166 164 142 100 65 68 89 63 42 87 73 34 81 151 154 143 145 152 163 169 167 171 182 184 180 179 174 166 165 157 138 122 108 112 127 136 136 132 133 139 138 125 71 42 36 75 127 151 157 158 159 158 156 162 167 168 171 173 172 167 162 156 150 151 145
42 45 47 52 59 63 71 103 138 150 146 149 162 162 160 163 165 163 163 165 169 171 171 170 170 163 160 137 100 66 71 95 69 40 57 48 47 46 115 149 145 138 147 164 171 173 177 182 183 177 179 178 170 169 165 151 144 126 111 111 124 128 123 133 129 139 126 68 33 60 104 151 151 156 159 165 167 164 166 170 167 168 167 163 158 156 154 151 153 143
43 43 55 52 49 56 73 93 119 140 145 145 152 152 151 155 162 159 159 163 166 167 167 169 166 157 153 132 101 69 75 101 84 39 38 20 26 55 110 144 138 139 144 160 174 175 174 182 184 182 185 185 178 172 167 160 157 146 124 103 109 121 120 125 125 134 111 59 39 80 124 142 151 157 162 168 171 167 166 165 161 161 161 157 152 151 152 152 151 141
41 42 52 46 51 50 64 89 106 123 138 140 142 152 157 158 160 156 156 161 163 163 165 168 162 153 151 132 105 70 73 97 82 48 37 103 120 58 120 141 140 139 153 169 173 177 182 181 179 181 181 178 174 171 167 164 156 147 142 115 99 122 130 114 115 104 79 39 59 101 137 150 156 163 163 164 164 163 163 162 158 158 156 151 147 148 152 154 148 141
47 46 46 49 48 41 48 73 95 111 132 137 142 148 154 151 154 155 154 155 159 162 163 164 154 152 140 129 104 86 79 101 99 51 43 108 131 102 125 143 145 141 154 167 169 172 176 180 179 180 178 176 174 171 169 169 160 153 148 135 104 98 121 122 108 102 89 84 104 133 151 155 153 165 158 152 151 152 160 163 158 152 149 148 146 147 148 146 142 140
43 47 47 42 42 44 45 52 89 108 125 127 136 142 150 153 153 155 154 153 154 156 157 159 156 154 139 121 105 98 100 119 115 80 52 112 143 126 133 141 148 144 151 162 170 173 172 176 178 180 179 178 176 172 167 164 159 152 145 142 122 103 114 126 130 124 121 125 131 137 145 153 155 157 143 142 154 159 160 156 148 146 148 151 152 152 150 145 141 139
45 45 48 45 42 42 43 47 75 101 122 128 139 142 145 148 150 153 154 152 150 150 153 156 153 149 135 110 102 100 107 122 126 98 61 139 149 119 136 150 156 148 153 162 168 171 171 173 172 174 173 172 173 173 170 166 159 155 145 142 134 118 111 105 127 137 147 144 136 138 148 154 155 156 144 145 155 158 158 156 149 147 149 151 152 151 148 143 141 140
42 47 51 45 43 52 53 44 66 96 121 130 142 143 143 146 145 150 152 151 149 149 151 155 155 147 132 104 99 97 110 125 133 120 80 74 103 116 136 159 162 151 156 163 162 167 171 169 171 171 171 170 170 171 170 167 159 154 148 144 140 138 131 110 119 136 151 148 140 147 156 152 153 157 155 155 154 151 154 155 154 152 151 150 149 147 145 141 139 139
47 46 51 50 52 63 61 47 68 93 115 123 136 141 146 148 144 148 151 150 148 147 148 150 147 144 135 111 106 103 115 127 136 133 112 69 57 110 151 158 159 150 156 162 160 164 167 165 165 167 170 171 171 171 171 168 160 150 148 149 142 141 146 140 141 139 144 149 148 151 153 148 155 154 155 156 152 150 151 148 150 151 152 151 148 145 142 139 139 139
52 45 49 51 52 57 59 57 65 88 109 118 135 142 146 147 145 148 150 148 146 144 142 143 145 146 137 113 106 110 120 130 140 138 117 93 70 95 139 154 152 152 156 159 165 166 161 164 160 160 164 168 168 169 171 171 166 159 153 151 149 147 150 154 152 145 145 149 150 150 153 153 153 151 152 153 150 150 151 148 149 151 151 147 144 141 139 138 141 142
45 45 47 42 43 55 58 52 59 82 99 109 132 142 143 144 147 150 150 148 145 143 141 141 142 145 138 123 113 116 119 126 140 140 138 100 98 106 128 147 148 154 158 159 166 164 158 164 162 159 161 165 164 165 167 167 163 160 151 145 147 150 149 150 156 157 158 156 152 149 147 147 147 150 153 152 151 150 149 150 151 152 148 143 140 140 140 141 142 143
49 40 40 45 56 65 58 47 59 79 86 92 122 136 140 148 148 150 150 148 146 144 143 143 139 138 130 125 114 116 114 125 136 142 140 140 112 121 126 144 148 154 160 159 159 157 157 163 159 155 160 167 168 167 168 167 167 161 153 146 143 143 148 156 159 155 152 154 155 150 147 150 145 150 150 149 153 152 145 147 148 149 146 142 141 142 143 144 144 146
38 53 49 43 50 57 58 49 55 69 83 96 121 134 143 146 140 146 145 148 147 142 140 135 140 141 135 128 128 126 120 117 129 134 140 150 140 134 130 138 145 149 157 157 162 153 156 162 161 160 162 165 165 167 170 171 165 163 158 148 138 130 129 132 137 138 133 133 134 136 143 143 143 144 151 151 145 147 150 146 147 144 141 140 143 147 148 148 150 149
57 65 57 48 49 49 49 52 55 65 79 97 123 135 144 146 141 146 147 148 148 143 140 135 136 146 142 130 132 139 129 109 119 132 142 150 147 150 142 137 145 147 154 156 162 155 155 156 159 158 161 164 165 167 167 165 166 161 155 152 147 135 119 107 107 111 112 120 128 135 145 147 144 147 149 150 150 150 148 144 139 140 141 143 147 150 151 150 148 147
57 54 54 56 57 53 54 64 72 77 93 110 127 133 139 143 142 146 146 148 150 148 145 139 137 142 141 135 135 143 140 129 119 127 135 148 151 153 147 145 150 150 151 152 157 152 152 154 156 156 158 161 162 165 163 159 158 160 161 157 149 142 139 140 145 147 146 147 147 147 150 149 146 150 149 147 151 149 144 143 143 145 148 149 150 150 149 149 145 143
74 60 65 65 51 47 58 74 81 78 94 112 127 130 134 135 137 139 137 139 144 147 145 141 142 136 138 143 144 145 145 140 131 132 138 148 153 151 149 153 146 147 149 150 153 152 155 160 158 158 159 159 161 164 163 158 161 158 154 152 151 150 149 149 151 153 152 152 151 150 151 151 147 152 149 145 146 144 141 145 147 149 150 149 148 148 148 148 145 143
69 53 56 54 42 41 52 65 65 64 81 94 104 108 117 123 123 123 122 122 126 131 135 137 140 138 140 140 136 140 145 142 138 142 146 147 152 152 149 147 144 147 150 153 152 151 151 154 157 158 159 158 158 161 161 157 161 158 155 154 156 156 154 152 150 151 152 151 151 152 153 153 148 150 148 144 142 142 144 148 150 150 148 146 145 144 144 144 146 144
51 52 55 54 49 43 44 55 57 53 64 70 79 87 94 100 103 104 106 105 105 110 116 125 130 127 130 133 136 142 146 143 143 143 145 145 152 148 146 144 143 145 145 150 150 154 153 154 154 155 157 156 155 158 158 155 159 158 157 156 156 155 154 153 153 153 154 151 150 151 150 150 150 146 145 145 144 146 149 149 149 149 148 146 144 144 143 142 145 144
49 54 48 48 53 47 42 45 48 50 60 55 58 65 72 79 81 80 84 84 84 87 91 102 113 112 116 119 118 121 132 140 140 141 145 145 152 145 145 147 148 147 144 149 148 154 152 152 155 154 154 154 153 156 157 155 151 154 157 158 158 158 157 156 152 151 153 151 150 152 148 148 147 144 145 148 148 149 148 146 143 145 146 146 146 146 146 146 144 143
43 47 40 43 49 47 45 42 46 50 57 46 46 50 51 55 60 57 61 64 67 69 69 77 87 97 104 99 92 92 98 102 123 139 148 139 145 145 146 140 144 146 145 152 150 156 154 154 152 148 146 145 146 149 152 152 152 151 151 151 153 155 155 154 152 151 154 151 149 148 142 142 144 144 146 150 151 148 144 142 144 145 147 146 144 143 143 143 146 144
48 49 48 47 47 43 43 49 49 43 53 53 42 42 44 44 48 50 55 57 59 62 60 59 62 66 71 75 74 70 68 68 78 97 126 138 145 146 146 143 144 142 147 149 149 150 149 150 145 147 146 147 145 147 146 145 148 155 151 154 155 155 161 152 153 155 149 147 149 145 145 149 146 149 150 148 147 147 146 146 147 145 144 145 146 146 144 142 145 147
49 48 46 49 49 45 45 53 55 52 55 52 50 53 49 43 40 42 53 57 53 55 59 61 53 59 64 66 65 65 64 63 54 57 81 109 131 137 138 143 148 154 150 150 152 149 148 151 151 148 150 151 144 146 148 146 148 153 148 149 149 145 148 147 144 144 143 147 147 144 146 147 146 149 149 147 146 146 145 146 144 143 142 143 144 145 145 144 140 143
56 50 44 43 48 49 47 48 51 62 65 54 52 56 55 54 49 41 49 54 49 52 56 55 55 58 61 61 61 62 64 65 61 54 56 68 89 112 124 131 134 141 144 152 153 153 158 151 154 149 148 149 146 147 149 145 144 144 145 146 145 142 140 141 145 143 144 145 140 141 144 136 136 139 139 137 135 135 136 137 137 138 138 138 138 138 139 140 138 135
63 67 63 53 46 46 45 43 44 63 69 58 53 57 59 61 63 50 50 53 49 51 53 53 57 57 59 61 62 60 60 60 60 60 55 50 57 81 95 101 110 109 114 124 126 127 134 138 139 139 138 137 144 143 142 140 138 132 132 124 117 120 118 113 114 116 114 109 106 115 120 107 108 111 113 114 115 117 119 122 124 127 130 132 133 134 135 135 137 117
48 58 62 57 53 54 54 52 50 58 60 58 59 62 61 56 60 58 60 57 52 49 52 60 64 62 58 55 56 59 59 57 50 53 54 56 53 59 63 74 83 80 73 72 92 99 97 118 123 121 123 125 138 136 123 104 90 94 94 82 88 108 115 117 114 117 112 107 108 119 123 113 109 113 117 120 123 127 131 134 135 136 137 139 139 139 138 137 142 102
55 56 57 59 60 61 61 60 62 57 53 54 57 60 61 57 57 63 64 60 60 55 51 59 66 66 60 53 54 60 60 55 54 55 52 57 52 54 50 59 65 69 64 59 101 139 132 132 110 112 128 130 135 135 130 102 101 121 125 115 124 138 137 140 136 136 130 129 131 133 134 132 130 132 134 135 138 140 142 144 139 139 139 139 140 141 141 141 151 101
59 56 56 56 52 51 54 58 61 57 52 54 54 54 61 63 63 66 61 57 66 67 58 58 57 58 58 57 58 59 55 50 55 57 50 53 50 57 49 52 59 71 77 75 101 126 112 95 69 97 141 142 134 138 155 142 131 144 144 134 137 142 139 141 142 142 139 141 142 139 140 142 141 141 140 139 139 139 139 141 144 143 142 141 141 141 140 140 152 105
56 54 53 53 52 53 53 50 51 53 52 57 58 54 59 62 66 67 59 54 66 74 68 67 59 53 52 56 57 54 54 58 60 57 48 53 50 55 47 55 57 67 70 73 78 70 73 100 101 129 159 140 125 131 158 157 141 142 144 143 141 142 142 138 141 142 142 143 141 138 141 142 141 141 139 139 139 140 140 142 140 141 142 142 142 142 142 142 149 110
46 45 45 49 53 55 56 58 50 48 51 50 52 58 57 58 63 60 58 62 65 62 60 55 52 50 49 56 56 50 48 46 54 61 59 70 74 74 58 55 58 66 64 63 60 66 98 129 145 164 165 144 129 139 156 156 143 144 143 143 143 143 143 138 142 141 140 141 140 140 141 140 143 141 140 141 141 140 141 142 142 142 142 142 142 142 142 140 146 118
61 54 47 46 48 51 54 57 50 50 56 52 50 53 54 58 61 60 59 64 65 61 59 55 55 54 55 61 58 52 56 60 79 75 67 83 87 75 54 52 59 69 68 66 65 77 119 159 158 146 127 120 131 148 155 146 143 144 142 142 142 142 144 140 143 141 141 141 141 141 141 141 143 141 140 141 140 140 141 142 142 142 142 142 142 142 142 140 147 119
