159 159 159 159 161 162 162 164 164 163 167 165 164 166 164 168 169 169 166 169 174 172 171 172 178 177 173 173 178 177 174 177 177 178 178 178 181 181 180 181 182 182 184 186 187 188 189 188 188 189 189 188 190 190 193 199 194 194 192 191 192 191 192 195 198 198 201 203 203 202 202 202 206 204 204 206 207 208 209 211 210 208 209 211 211 215 217 215 217 218
163 159 157 160 160 161 163 166 164 162 163 163 164 164 163 167 166 168 168 171 172 170 171 171 174 174 174 172 170 170 174 180 176 176 176 178 181 181 181 183 181 182 184 185 185 186 187 187 186 189 187 186 189 190 191 192 192 193 192 193 194 194 195 199 199 199 201 203 203 203 203 203 207 206 206 207 208 209 210 211 211 210 212 213 213 214 215 213 217 219
160 158 160 162 162 162 164 164 166 164 161 165 168 167 167 167 166 169 169 171 170 169 172 171 174 173 175 176 174 175 176 174 177 179 179 180 182 181 180 183 185 186 186 185 185 187 188 188 189 192 193 191 193 195 194 191 193 195 194 195 197 197 198 200 200 200 201 203 202 202 203 203 206 206 207 207 208 210 211 210 211 211 214 215 214 215 215 213 217 218
157 161 162 161 162 163 163 162 160 164 166 169 166 165 172 169 169 172 169 169 172 172 175 177 174 172 171 172 174 178 179 177 175 179 180 179 181 182 182 183 182 184 185 185 187 190 190 189 187 191 193 192 192 192 192 192 197 197 196 195 197 197 196 196 200 200 201 202 201 201 202 202 203 205 207 207 208 211 212 211 210 211 213 215 215 215 215 215 217 217
160 161 158 156 161 161 161 164 163 166 166 167 164 164 170 162 171 175 170 167 170 168 170 175 173 177 176 173 174 175 176 179 177 180 178 176 179 183 182 178 183 186 186 186 189 189 187 185 188 188 190 191 190 188 189 191 192 193 191 192 196 199 199 199 198 198 200 200 200 201 203 203 203 206 207 207 208 211 212 211 210 212 213 213 214 214 216 217 217 217
164 161 159 162 166 164 163 167 169 170 166 164 167 169 171 170 169 173 170 169 171 168 171 177 172 176 174 174 177 176 173 175 179 179 176 176 182 185 183 180 187 188 186 184 185 186 186 188 193 189 188 191 190 188 189 190 191 193 191 191 195 198 197 197 197 197 199 200 201 203 205 205 205 207 208 208 209 210 211 211 212 213 213 213 214 214 215 218 216 216
158 161 167 167 161 161 164 164 163 162 151 147 156 156 154 169 176 172 169 171 170 169 173 174 176 173 170 172 176 178 179 181 179 178 177 180 182 181 182 187 185 187 186 186 187 187 189 195 198 195 195 196 195 195 195 194 196 199 198 195 195 196 195 194 198 199 201 201 202 204 205 205 206 207 208 209 209 209 210 211 213 214 213 213 215 214 215 218 217 218
173 179 182 162 132 126 130 121 114 99 77 82 119 127 116 132 163 151 151 161 165 171 181 178 186 185 188 187 181 178 181 185 186 185 185 185 177 167 169 181 192 197 201 203 201 193 190 194 186 186 188 187 185 186 187 185 188 194 197 197 199 202 204 206 201 202 203 203 203 204 205 204 205 205 206 208 209 208 210 212 212 213 213 214 216 216 215 218 220 222
106 113 113 91 49 57 62 57 52 27 15 27 56 63 52 67 80 77 90 90 106 115 122 140 141 145 153 165 170 181 192 182 176 183 196 176 150 156 162 160 154 141 147 151 153 164 168 171 163 166 168 169 173 165 163 160 163 181 181 187 191 180 179 185 198 204 203 201 204 210 204 204 207 208 208 208 210 211 212 212 213 213 214 217 218 217 216 217 218 218
36 37 31 27 21 30 23 33 25 7 18 25 20 28 32 29 35 42 57 53 59 74 84 69 51 59 69 77 92 123 133 109 88 103 129 116 88 100 111 96 77 63 64 72 76 78 104 156 172 170 166 162 166 168 173 167 163 179 180 187 191 171 156 153 164 194 208 204 203 204 205 206 209 209 209 210 212 213 213 213 213 213 214 215 217 217 217 219 220 220
27 18 20 37 29 25 16 16 19 25 25 17 21 29 29 35 47 60 62 65 82 96 90 50 22 41 50 36 31 46 45 28 24 37 48 54 70 91 102 101 103 113 120 119 124 125 132 159 168 158 154 150 145 145 170 186 180 181 188 198 190 179 177 169 139 167 209 209 207 207 209 207 208 208 208 210 212 213 213 215 216 217 216 215 217 218 220 221 217 217
41 31 37 51 25 16 31 35 37 47 45 36 39 47 55 67 69 65 56 64 67 60 56 40 38 42 38 26 26 24 31 60 92 102 113 132 149 161 170 174 176 179 179 174 178 181 173 167 161 158 159 159 159 157 166 167 173 168 176 183 170 172 192 196 131 133 201 212 205 207 207 207 212 212 212 212 212 212 213 215 213 215 215 214 216 220 222 223 221 221
65 72 61 40 35 51 56 53 54 58 64 66 56 49 52 53 49 45 48 48 30 22 23 18 20 16 12 23 57 80 104 147 163 173 178 180 178 174 172 167 170 165 165 167 168 168 164 160 169 176 182 184 183 174 176 176 174 166 160 162 164 166 172 174 129 123 197 221 215 213 214 213 211 213 213 213 213 212 214 217 217 218 218 217 218 220 221 221 226 226
63 61 55 39 54 66 47 52 60 62 57 56 51 41 44 50 47 45 39 29 19 21 16 19 28 36 59 92 127 152 164 172 174 166 157 156 158 161 164 169 172 173 175 175 173 172 173 177 178 180 183 186 188 179 180 183 174 171 169 169 165 161 157 155 142 135 167 185 191 196 208 208 217 218 218 217 216 214 214 217 218 219 219 218 219 220 221 221 224 224
36 32 41 38 41 53 64 80 87 91 85 77 66 62 72 70 66 60 43 43 48 43 37 64 86 98 127 152 155 160 161 141 97 82 96 124 149 172 181 180 179 177 177 180 178 173 177 183 190 193 190 181 184 189 194 187 180 175 180 181 173 172 170 163 161 154 147 146 149 154 159 156 161 173 192 212 224 226 222 221 216 216 216 217 219 220 222 224 223 224
26 23 30 39 40 66 123 145 137 148 136 126 126 126 124 108 102 102 89 94 102 106 104 121 142 149 156 158 166 182 148 64 36 70 113 143 175 190 180 183 169 170 176 180 177 180 188 187 190 189 189 184 184 189 199 195 192 192 189 183 180 177 172 170 165 164 155 145 140 146 145 147 146 140 136 143 162 186 210 227 229 226 223 222 222 220 220 223 225 225
33 31 42 49 74 111 161 188 179 177 161 161 166 160 158 157 155 149 147 147 152 150 150 166 165 173 169 176 181 132 53 34 77 141 168 176 180 172 177 161 159 174 185 189 191 192 193 191 189 193 190 190 198 200 196 197 195 192 189 187 184 183 180 176 174 165 165 159 154 151 152 152 147 145 143 133 130 133 143 164 187 215 224 226 229 223 221 222 226 226
48 50 54 53 95 144 161 173 177 177 169 173 177 177 177 170 170 169 170 166 166 170 172 176 181 176 188 193 130 41 5 76 149 174 178 171 172 126 112 126 158 180 190 193 195 196 199 196 194 200 203 203 205 204 202 203 199 195 197 196 186 182 182 178 178 172 168 159 159 158 156 154 151 157 162 156 148 143 135 130 132 129 148 195 230 234 227 220 225 232
53 50 38 66 106 123 143 176 182 184 180 177 177 181 173 145 140 166 182 178 176 173 173 184 186 194 194 158 69 15 30 135 183 184 182 171 111 54 63 104 160 182 186 192 199 198 201 201 204 207 208 206 202 201 203 205 202 199 200 197 188 182 183 186 180 177 173 164 168 168 162 156 151 146 148 156 154 150 149 143 126 130 117 112 158 219 242 237 225 224
49 55 75 93 90 113 142 169 172 182 189 188 184 187 186 169 169 183 188 184 185 183 184 195 192 184 158 109 40 8 53 168 193 191 172 114 51 26 66 110 156 173 173 187 203 203 207 210 206 205 207 206 204 205 209 210 207 208 202 197 194 182 177 184 177 173 171 164 168 168 163 158 159 149 147 159 160 154 155 150 152 142 136 121 111 127 166 210 235 231
60 81 94 99 105 138 162 179 186 188 194 199 194 187 190 194 195 187 187 192 192 197 201 195 205 172 134 78 35 17 71 184 210 198 140 74 43 39 117 128 139 160 164 178 199 205 211 217 215 209 206 202 200 206 215 216 207 211 207 202 200 187 176 180 176 170 171 165 164 162 162 159 159 160 155 157 160 160 162 156 149 146 150 149 140 121 108 118 169 228
71 90 95 118 136 145 162 173 186 189 191 194 196 195 195 196 194 191 192 196 194 199 204 197 205 184 144 59 23 28 87 183 209 185 107 73 34 88 153 143 136 162 169 170 188 204 212 215 214 212 209 203 200 206 211 211 211 212 211 206 198 189 183 180 171 166 170 165 160 153 151 147 153 157 156 158 162 159 157 158 151 146 152 150 145 148 132 99 107 155
87 119 135 135 158 164 162 180 188 198 202 195 195 200 199 195 191 196 193 196 203 206 205 200 204 184 115 47 32 33 89 183 211 179 113 57 60 176 171 166 160 174 171 159 176 205 213 213 211 211 206 198 199 209 216 216 220 217 210 200 191 186 180 171 168 166 170 162 156 147 140 133 143 147 154 161 165 159 152 159 160 156 153 155 149 140 140 145 118 100
101 115 123 140 170 175 189 196 204 200 198 196 197 200 198 197 198 196 194 200 203 206 209 201 200 188 80 26 30 28 90 188 211 165 117 45 129 214 199 183 180 176 160 141 164 202 211 211 208 208 201 194 198 210 215 214 219 217 205 192 190 186 174 163 158 158 155 141 137 131 122 116 123 137 154 158 164 165 154 152 159 156 144 149 154 140 136 143 137 121
103 107 127 157 178 189 199 204 207 209 206 201 199 202 201 199 200 201 202 203 210 209 210 203 200 189 74 22 28 25 103 190 215 161 93 45 112 128 171 197 188 157 158 130 163 205 210 210 210 200 201 203 206 212 211 213 211 209 196 190 187 177 168 161 154 151 146 132 120 111 97 94 100 117 140 153 161 164 159 159 159 153 153 154 153 146 140 144 144 141
112 119 152 176 189 202 203 207 210 211 208 205 205 206 204 201 206 208 209 208 210 207 209 203 199 179 72 13 32 25 91 196 202 153 71 59 94 20 54 129 177 147 142 118 179 207 204 211 207 200 204 208 209 214 214 213 210 202 187 184 185 173 161 153 143 139 125 103 89 75 59 57 80 113 150 158 156 161 161 156 152 153 157 159 161 157 148 146 148 145
105 143 170 177 199 211 200 206 212 211 208 206 205 205 204 202 208 211 213 211 212 210 212 206 204 182 59 19 40 26 84 178 196 144 52 53 85 10 23 83 165 136 124 110 186 201 201 210 203 201 205 210 209 210 212 205 197 196 186 177 172 163 153 145 137 123 101 73 56 64 89 114 138 152 161 149 139 145 147 142 143 151 160 161 165 166 158 152 155 152
122 154 175 192 208 205 200 202 215 213 211 209 206 205 206 206 208 211 214 213 215 213 215 207 210 189 64 21 27 45 89 163 187 125 54 14 19 16 30 70 148 130 113 119 189 190 195 203 203 205 207 211 206 204 206 196 187 187 181 175 167 151 137 130 118 92 77 80 94 126 151 153 147 125 114 124 137 142 142 143 146 156 165 163 165 167 163 160 160 157
139 163 172 187 205 207 210 216 216 213 211 210 208 208 209 208 209 213 217 216 216 214 215 205 204 200 78 24 18 47 92 146 162 109 59 8 38 75 38 65 142 127 100 133 186 181 192 203 208 210 209 210 206 202 203 192 182 181 171 157 153 150 131 112 93 83 102 139 156 156 152 145 105 68 76 129 159 158 155 152 150 157 164 165 169 172 170 170 165 162
134 167 179 181 205 213 204 211 216 211 209 210 210 211 211 207 205 211 218 217 217 215 216 205 207 196 73 21 23 28 80 135 152 102 67 24 29 60 44 89 135 114 98 155 181 184 201 199 210 212 209 208 206 203 199 191 180 173 167 159 152 140 117 102 108 132 149 155 159 158 152 142 89 57 78 136 165 180 185 165 153 155 160 164 170 172 168 169 174 171
132 158 179 191 205 208 206 215 217 213 212 211 208 211 212 208 201 206 213 215 218 219 220 206 197 174 80 27 33 35 59 122 137 102 62 32 26 55 86 131 123 112 110 160 170 190 210 205 211 211 208 205 206 203 192 187 178 175 171 157 143 135 126 124 157 171 163 152 155 159 161 163 102 37 50 137 180 181 180 170 165 164 164 164 166 167 163 165 180 178
124 169 180 191 208 202 203 215 216 213 212 207 201 203 208 207 203 203 208 212 219 222 220 201 182 182 97 41 32 43 58 105 137 115 61 42 69 140 171 133 104 123 127 154 169 196 205 213 213 212 209 204 207 203 186 183 170 161 158 151 143 144 153 170 181 181 171 169 168 158 163 176 132 34 14 108 178 185 181 179 172 172 171 166 166 169 171 177 180 178
132 172 179 193 209 209 201 210 215 214 211 211 207 203 204 203 199 201 207 210 215 223 220 207 186 187 159 81 46 51 64 101 130 127 82 52 70 127 154 104 99 134 134 148 183 200 210 211 207 210 209 208 205 197 184 167 148 145 155 149 156 166 177 184 184 178 168 170 158 161 168 179 143 49 1 71 148 173 178 180 174 171 169 174 171 173 172 174 179 177
144 173 188 196 194 199 211 217 218 215 212 213 212 208 207 203 197 191 197 207 214 225 219 195 184 181 163 106 64 55 61 97 126 136 121 77 52 59 77 93 130 140 138 165 194 206 216 202 211 207 205 211 207 185 163 148 129 136 151 159 169 183 190 190 188 177 171 170 163 164 167 174 136 54 12 46 120 153 169 168 167 168 163 167 168 169 164 167 170 167
153 176 188 190 196 197 207 211 215 211 208 211 211 208 205 199 192 188 197 206 206 210 212 201 190 184 165 117 65 55 58 90 116 120 130 114 85 57 69 135 162 142 157 183 196 205 209 211 206 201 198 204 197 169 148 142 155 154 151 149 186 202 190 187 189 183 181 171 164 165 172 174 128 70 57 62 114 136 153 148 154 155 152 157 162 166 163 166 163 160
154 179 191 191 206 200 205 214 209 206 204 206 206 203 202 197 193 187 189 197 201 201 201 201 199 194 169 120 67 63 66 91 116 124 132 125 104 82 101 159 168 162 187 196 198 209 205 201 189 190 187 186 177 160 155 160 175 166 146 124 177 203 186 177 187 190 185 168 165 169 182 169 119 64 51 44 106 135 144 146 142 144 148 158 160 166 165 165 167 168
166 176 190 193 201 197 205 208 209 206 202 205 205 204 204 200 195 188 185 191 197 200 199 196 191 189 172 141 91 68 58 80 108 124 134 132 118 103 124 168 198 197 187 189 195 193 191 181 178 179 174 169 163 157 163 173 164 123 85 76 105 164 195 175 173 187 183 171 166 165 181 158 110 58 63 58 98 143 149 134 141 143 143 148 150 155 157 162 164 167
173 181 192 197 203 204 208 209 211 206 201 204 206 207 207 201 191 189 189 186 182 191 199 194 194 188 181 172 128 76 49 68 100 116 133 137 133 123 138 184 207 197 179 186 199 186 178 180 179 174 168 169 168 165 172 178 154 83 40 71 50 107 185 171 164 174 169 172 173 170 173 142 93 63 95 81 87 149 166 140 144 144 135 136 140 144 146 159 166 171
157 182 194 197 202 206 205 214 209 205 200 202 204 205 205 200 191 187 184 178 173 184 192 188 186 185 187 186 157 104 66 63 81 113 144 147 147 147 152 181 196 194 192 186 190 187 175 177 180 172 167 167 162 159 163 164 153 83 24 59 64 106 173 172 159 166 166 172 170 176 173 149 104 52 47 17 49 151 191 170 147 139 131 135 137 142 146 154 161 166
161 186 194 196 200 210 203 204 205 203 201 202 202 201 202 198 192 189 184 181 181 183 185 187 186 189 184 172 162 139 113 92 87 118 149 164 171 175 179 189 187 191 189 184 177 172 173 170 168 165 165 165 160 162 172 173 160 122 41 31 98 140 172 179 164 166 166 167 166 185 181 162 97 57 93 58 39 130 208 202 157 133 123 126 121 134 148 152 167 173
159 186 198 195 196 202 205 202 205 199 199 202 199 200 204 196 191 185 185 187 185 180 179 188 186 185 182 169 168 155 131 117 110 127 149 174 192 192 184 185 182 182 179 175 172 170 168 164 168 169 165 167 163 179 208 197 166 154 85 18 96 166 184 177 169 174 167 169 177 183 180 157 89 61 134 90 25 103 204 213 166 125 125 105 100 120 144 148 159 177
170 184 191 192 194 198 202 198 201 198 197 201 201 199 201 196 192 188 182 176 176 179 179 183 182 178 182 177 172 159 145 135 133 146 167 188 197 191 184 184 185 184 184 184 181 177 175 176 178 182 180 177 173 193 214 200 169 161 125 48 73 152 190 176 169 176 168 165 170 178 171 140 85 56 95 53 12 108 197 199 167 128 124 101 93 107 131 145 148 166
179 181 184 189 190 192 196 194 195 195 194 197 198 195 196 195 192 192 188 181 182 188 188 190 192 187 188 181 175 165 158 152 156 168 189 207 209 203 200 201 198 197 197 195 190 183 179 178 176 183 188 179 166 173 182 170 160 143 136 100 87 129 167 163 166 175 164 150 149 163 164 136 81 71 133 107 37 109 187 183 157 122 119 99 85 95 121 141 151 171
175 176 179 186 188 189 195 196 196 196 194 196 196 195 197 197 192 191 191 188 189 189 188 195 193 190 186 176 175 171 165 155 162 178 199 212 214 211 209 210 205 205 199 188 181 178 174 170 165 157 156 151 145 154 164 164 154 141 123 106 85 100 143 164 162 160 141 129 137 159 164 135 68 68 152 141 64 108 167 169 142 116 119 100 80 89 117 138 153 177
169 176 178 183 189 192 197 201 198 196 194 194 191 193 199 198 196 193 190 187 187 183 181 190 183 179 180 177 174 169 163 144 152 173 191 198 201 197 190 189 182 180 173 165 159 156 150 144 138 130 134 137 137 147 157 165 155 145 118 101 81 80 105 132 141 134 121 123 137 158 160 128 56 68 166 139 53 106 171 155 133 123 123 97 75 84 110 136 158 179
173 181 180 183 189 191 193 194 194 193 191 189 187 191 197 193 195 194 190 186 189 187 181 183 173 164 172 177 168 160 158 138 139 161 175 179 182 176 166 161 156 148 141 139 135 128 121 119 111 114 120 120 119 126 135 142 142 123 106 91 77 71 70 92 116 114 112 123 137 153 150 114 65 58 143 113 24 88 166 136 125 129 119 84 67 78 102 135 157 173
172 179 182 184 186 185 184 182 188 192 190 187 188 192 194 189 187 191 191 188 193 191 181 178 175 170 175 178 171 163 164 149 149 163 173 174 171 162 151 146 140 127 115 110 106 100 97 99 96 100 101 104 112 120 123 119 104 98 86 59 59 71 70 86 114 116 117 128 144 162 152 106 56 54 119 110 28 74 149 136 124 126 110 76 63 80 101 129 149 164
163 170 179 185 183 180 180 177 180 189 187 184 189 192 190 184 186 191 192 190 194 190 179 178 177 180 177 170 169 160 154 142 154 158 162 159 147 133 123 118 110 102 93 88 84 78 72 68 80 85 86 92 101 106 106 99 92 94 63 29 53 76 77 87 100 112 119 125 134 153 145 97 47 95 170 148 35 84 169 148 131 123 106 79 65 86 105 120 136 154
163 169 181 181 177 179 179 182 182 189 190 189 187 186 190 192 192 194 193 194 191 185 182 180 180 175 174 175 166 144 130 122 140 149 149 147 130 110 108 105 94 90 86 83 80 73 60 49 65 79 76 83 89 87 95 97 92 77 35 38 68 80 79 87 98 112 119 129 145 158 133 76 50 159 232 157 32 98 166 152 136 118 99 79 72 85 99 105 115 140
174 170 173 175 176 177 175 178 185 185 186 187 185 185 188 188 191 189 188 190 189 186 184 177 174 177 165 167 158 128 96 102 116 131 132 131 121 106 102 95 87 84 83 80 76 78 73 61 67 76 73 75 80 81 89 94 95 63 11 27 60 71 81 82 94 109 117 129 148 153 121 65 68 170 238 151 36 105 165 142 129 112 92 72 65 79 95 104 112 130
166 170 173 167 168 177 179 177 178 178 178 180 182 182 181 183 185 189 192 193 189 187 188 184 178 173 166 160 139 106 79 79 101 118 116 108 100 90 92 89 83 77 77 77 75 76 79 77 72 72 68 66 68 72 84 99 90 47 7 34 55 58 75 81 77 92 101 117 138 142 112 64 64 127 132 58 42 123 158 140 131 110 90 75 70 80 95 106 113 123
168 164 165 169 173 176 176 176 170 175 177 177 183 184 180 184 187 194 196 194 189 184 184 181 180 166 166 138 107 80 79 73 88 101 95 95 100 95 91 84 85 83 81 77 74 74 76 79 78 74 71 62 57 61 75 100 96 40 15 44 55 58 68 76 68 79 90 106 123 126 102 65 65 99 83 7 43 125 136 139 126 103 87 80 80 87 97 107 119 125
158 156 158 164 167 166 169 173 167 171 175 174 179 185 182 183 189 193 189 187 190 188 183 178 172 157 133 96 75 61 73 79 87 94 87 93 101 92 86 80 79 85 88 84 79 83 85 78 87 90 89 70 55 57 71 94 97 48 32 57 60 59 62 62 61 65 79 98 110 112 92 60 79 148 181 62 42 114 123 127 105 95 88 83 83 91 103 113 121 126
154 161 165 165 163 165 174 178 169 165 173 172 170 179 181 178 180 182 179 180 183 183 182 180 175 145 80 59 56 64 67 78 97 101 94 98 97 84 87 92 80 76 86 96 93 91 90 83 92 102 104 81 59 58 71 89 104 73 45 56 57 58 65 57 55 53 66 86 100 104 89 62 88 137 140 58 62 105 106 100 88 95 98 86 80 91 107 119 118 122
159 160 161 166 164 160 165 167 167 165 174 172 168 171 173 178 182 182 185 187 181 179 181 178 178 140 51 41 52 64 62 72 97 98 94 101 99 86 89 94 90 80 84 101 106 98 91 90 95 107 116 103 78 62 66 80 94 94 70 58 51 57 65 60 59 54 62 79 93 98 86 67 76 94 45 15 73 102 99 85 84 96 101 88 80 90 106 119 117 116
144 157 163 162 158 159 162 157 159 165 173 170 168 162 160 179 178 172 177 183 176 174 175 164 168 145 53 35 51 51 52 73 94 98 95 97 83 63 67 73 90 91 86 93 113 114 102 101 104 115 132 137 110 72 62 72 92 102 81 51 47 63 63 61 56 54 61 75 88 92 79 66 77 89 60 32 65 90 92 83 88 94 99 93 89 95 108 122 119 114
135 152 156 160 157 165 161 158 156 158 159 160 162 160 161 169 172 174 175 174 172 174 176 150 123 117 53 30 31 26 49 85 97 93 98 84 47 43 64 71 100 106 95 96 104 122 123 115 117 122 135 152 129 96 70 66 76 88 69 48 60 71 66 63 56 57 56 67 80 86 86 56 84 132 115 57 57 80 78 73 86 88 87 90 94 98 107 114 113 119
121 151 155 160 163 162 158 168 159 157 157 160 160 159 161 165 170 171 173 174 172 170 175 155 108 70 27 31 27 39 59 90 93 97 84 40 32 45 58 68 122 115 102 105 105 121 132 134 132 133 141 151 138 112 84 71 63 60 62 62 62 65 66 64 60 57 58 69 83 85 83 60 67 89 56 35 59 67 67 78 92 95 86 85 96 102 106 109 116 124
93 149 157 153 164 163 154 159 159 155 156 160 159 158 158 158 165 162 164 172 175 173 175 154 123 66 30 30 30 48 65 91 90 100 48 33 44 56 75 82 137 113 101 113 115 123 132 133 132 133 143 154 155 132 106 88 75 72 81 79 69 69 68 64 67 63 64 71 82 83 79 63 72 79 28 21 60 64 70 87 97 96 89 91 99 101 101 100 106 114
67 135 152 148 162 164 157 154 158 154 153 156 156 155 156 157 159 158 159 165 169 169 170 148 122 77 48 24 27 42 75 94 90 71 48 46 53 128 145 132 152 119 102 115 122 124 129 134 121 124 143 158 167 145 123 105 84 85 99 94 78 75 73 72 70 67 68 67 75 79 75 62 83 97 48 24 49 68 85 94 100 92 93 100 98 94 95 93 97 105
56 112 141 147 155 153 152 149 153 150 147 147 151 151 154 161 156 161 159 155 155 158 164 143 105 66 33 19 27 45 88 91 90 61 72 56 119 219 211 169 139 112 98 107 122 121 124 136 130 128 140 148 157 147 136 120 86 77 97 109 92 80 79 79 70 66 67 66 74 80 81 70 70 56 26 26 55 76 91 101 99 93 94 100 95 90 93 94 97 105
45 91 134 145 146 146 148 139 142 143 142 144 148 147 148 156 154 157 154 149 153 159 162 137 100 60 16 26 32 51 86 100 101 61 67 51 124 135 172 177 126 108 95 105 134 132 122 129 131 129 135 139 148 157 154 135 104 89 87 101 107 98 86 79 78 69 67 70 77 79 81 69 43 21 14 35 68 90 94 91 93 96 94 95 97 93 92 94 97 104
31 69 120 135 142 149 154 144 138 139 141 144 145 142 142 146 147 147 146 149 155 155 155 134 105 50 12 33 39 64 89 112 98 64 61 61 104 27 60 135 131 113 94 100 139 138 119 120 128 132 142 149 148 159 154 134 122 112 83 80 102 108 96 82 76 66 63 72 80 82 86 65 20 4 15 51 83 94 88 80 90 97 93 93 98 94 91 93 98 104
28 48 97 120 135 142 148 151 142 139 140 142 139 137 139 141 139 141 144 148 146 137 143 134 104 35 28 45 39 69 102 121 104 73 37 42 56 0 19 83 126 112 95 100 141 140 121 123 127 132 143 152 141 154 157 147 131 122 90 78 86 97 103 90 86 78 71 77 83 86 87 54 7 15 39 72 90 90 87 86 95 95 92 93 93 89 92 96 99 105
30 40 82 110 121 132 129 128 135 133 129 127 127 128 130 133 134 140 139 141 142 135 133 135 85 19 33 28 28 71 114 138 118 88 31 6 13 46 24 59 122 123 107 88 123 149 123 120 127 134 134 141 143 151 165 155 142 130 121 100 89 85 88 95 89 81 88 96 86 84 80 51 19 41 70 86 83 84 90 82 87 87 93 91 90 93 93 96 101 102
27 35 72 101 113 124 124 116 124 131 129 122 121 120 119 122 124 136 138 136 134 132 131 129 86 17 19 14 39 75 116 146 127 86 30 5 41 91 21 60 129 140 122 88 115 150 130 117 128 130 129 137 142 145 155 157 157 141 132 109 107 97 74 80 87 87 90 94 94 92 77 45 36 57 77 86 86 88 86 73 79 85 91 90 90 96 98 97 102 102
22 26 57 92 105 117 129 129 121 132 131 123 121 118 117 122 121 131 135 133 128 126 124 116 95 38 6 14 44 87 122 146 120 81 36 7 17 41 27 61 113 136 123 85 105 142 131 117 119 130 136 136 140 149 157 162 156 147 140 114 115 125 98 67 73 83 93 97 95 89 74 50 51 62 72 83 89 88 85 80 80 91 94 92 94 103 109 105 106 107
22 24 48 84 94 95 114 127 114 123 129 130 127 120 115 119 123 126 130 133 129 124 119 107 96 59 6 16 47 102 136 140 123 84 43 12 17 7 62 89 87 118 114 88 105 130 125 123 114 121 136 142 145 149 154 166 170 171 152 131 140 140 124 104 74 68 83 108 112 95 72 50 62 73 79 83 87 90 93 91 92 106 112 114 115 118 120 109 107 108
21 17 30 71 95 95 100 106 108 111 117 120 118 114 111 109 111 112 117 124 124 121 114 99 88 64 19 11 49 107 138 132 125 78 59 35 65 109 130 103 77 112 109 92 110 126 123 125 125 124 125 124 135 142 144 161 180 176 154 141 147 138 130 126 102 80 67 72 82 91 89 80 74 79 84 86 85 88 103 112 113 121 124 127 125 121 119 109 107 108
19 20 29 63 91 95 96 99 102 106 111 113 112 111 105 94 98 103 107 111 112 113 108 93 79 61 29 11 44 106 123 130 122 89 64 37 58 142 111 76 76 108 100 86 106 125 126 123 128 130 117 111 134 145 140 150 165 174 174 154 145 139 132 126 117 107 91 72 65 67 64 64 80 100 109 105 102 113 126 126 131 128 123 122 119 114 111 106 99 99
21 18 25 52 80 91 94 97 105 106 105 104 105 107 102 95 98 101 102 104 107 108 104 93 73 57 31 15 35 97 117 128 120 88 61 56 32 61 60 59 78 99 87 82 104 124 132 125 132 133 126 129 143 138 126 134 159 177 176 163 163 142 123 126 124 113 112 113 106 91 83 90 110 127 138 141 140 134 132 130 133 124 120 117 115 110 102 99 96 96
24 14 21 47 73 85 88 92 102 100 97 98 102 100 96 95 98 95 93 98 104 103 100 95 77 58 36 15 30 77 117 114 114 96 57 56 37 5 40 63 85 93 83 90 110 124 137 134 127 133 134 132 131 132 134 135 159 171 166 166 162 134 129 130 133 121 122 121 117 124 129 129 136 143 139 138 139 130 125 129 126 115 110 106 105 104 95 94 95 95
21 21 29 46 66 83 88 86 92 97 97 95 96 97 96 97 92 94 94 96 98 93 91 96 94 77 56 21 14 44 85 113 112 107 75 53 53 30 29 52 80 81 79 94 115 128 132 129 133 132 128 119 116 126 134 133 147 154 159 157 147 134 120 102 112 120 123 120 119 119 125 135 138 137 130 121 117 115 112 111 105 102 108 104 91 90 94 94 95 93
18 24 33 44 59 75 86 87 86 89 90 92 95 94 90 91 91 91 90 92 91 87 88 95 98 84 84 63 22 9 46 110 114 109 98 68 58 56 43 51 74 82 86 95 110 124 132 128 121 121 121 119 117 121 126 126 134 141 141 140 137 129 117 104 113 114 115 116 117 115 117 124 123 120 116 110 107 105 102 98 100 103 104 95 89 93 96 95 91 90
20 24 33 43 55 69 84 93 83 83 85 90 94 92 89 90 91 89 89 88 83 79 81 85 88 89 100 92 46 10 20 89 112 109 105 92 67 52 47 52 64 80 94 104 112 121 128 126 117 117 117 113 110 116 124 126 127 133 130 128 129 126 121 116 115 110 109 112 112 110 112 116 105 101 101 102 101 102 103 99 99 102 100 93 97 102 96 93 92 91
16 15 23 40 54 61 71 82 81 82 84 87 90 90 89 91 90 90 91 90 85 83 81 78 82 85 90 97 73 30 6 68 117 116 102 103 92 77 66 55 67 83 98 107 112 112 113 115 107 113 117 110 105 112 118 116 122 128 124 119 115 112 113 113 111 106 106 107 104 104 108 111 102 95 97 100 98 101 105 102 103 97 91 90 98 99 93 93 88 86
21 15 16 29 43 53 65 77 79 85 89 89 89 90 90 89 89 90 91 89 86 86 82 74 73 83 87 93 83 50 9 40 96 110 108 105 104 93 76 68 68 81 90 96 104 106 104 107 101 109 115 108 101 105 110 108 116 120 120 117 109 105 108 106 103 101 102 101 99 101 105 105 100 95 98 100 96 99 104 102 98 93 94 96 96 92 89 93 87 85
18 19 20 26 38 51 66 78 73 80 85 85 83 83 81 78 79 80 79 77 79 82 82 77 77 77 77 83 85 74 38 31 56 89 101 100 108 99 91 79 73 84 90 89 97 103 97 93 104 104 106 102 94 96 104 108 113 115 117 118 111 107 106 100 97 98 99 98 99 101 102 100 100 98 102 104 98 99 103 101 88 92 104 104 94 88 87 89 88 86
15 21 22 21 27 40 58 73 71 73 75 75 73 72 71 67 61 60 58 58 63 68 74 81 81 81 75 66 73 89 77 50 25 62 90 88 101 103 108 84 74 80 88 89 93 101 97 88 96 94 97 98 94 94 99 101 107 108 107 109 107 101 97 92 97 98 97 98 100 100 99 100 105 104 107 105 98 97 99 96 89 93 101 96 86 84 84 85 81 78
13 22 26 25 25 29 42 58 62 57 54 53 52 52 52 51 51 47 41 40 42 41 49 65 76 79 82 75 72 74 81 75 40 43 93 92 100 101 102 93 81 77 86 88 87 94 94 87 91 92 97 99 97 100 102 98 97 100 99 102 106 103 102 103 97 98 96 96 98 95 95 102 100 101 103 100 95 96 97 95 97 95 96 93 90 89 83 80 78 76
12 17 21 22 25 26 29 34 39 38 36 37 38 40 40 39 38 38 33 31 33 32 33 42 56 69 85 81 73 77 77 71 58 59 72 85 97 104 97 90 87 80 83 90 91 91 92 89 93 95 98 100 102 103 101 99 98 98 99 98 98 102 105 102 97 99 96 97 105 103 100 105 100 100 98 95 94 94 90 83 93 92 86 91 90 84 84 81 76 75
10 12 13 14 17 17 17 19 18 20 22 23 23 23 24 25 25 27 25 26 29 26 23 26 28 52 78 79 76 86 83 66 61 66 74 75 82 95 95 90 85 84 85 88 89 90 91 90 92 95 98 99 98 98 98 99 99 99 96 97 99 97 95 98 97 98 94 94 99 98 95 98 97 94 93 96 97 95 89 83 85 83 83 84 84 82 77 74 71 72
10 10 10 10 11 10 9 9 10 13 16 17 16 16 18 20 20 23 22 23 29 29 25 26 20 25 54 79 82 81 80 79 74 79 83 79 80 90 92 88 90 89 83 79 81 86 91 96 99 101 102 100 97 95 94 94 100 100 92 93 103 103 97 101 99 98 95 93 94 94 92 91 100 95 95 100 101 95 90 88 86 81 84 79 78 79 71 70 79 81
8 10 11 11 10 9 8 8 8 8 9 9 10 10 11 13 17 20 19 20 26 29 27 27 28 20 30 52 69 78 82 85 85 84 86 89 90 91 91 90 88 87 84 83 85 87 88 90 94 95 95 96 97 97 97 96 97 102 95 89 94 96 95 99 90 89 88 87 89 92 93 90 96 93 93 93 88 80 78 80 81 76 76 75 78 81 79 82 89 91
5 6 9 10 9 8 8 7 8 8 9 9 9 9 10 12 13 17 18 19 23 25 24 24 30 29 26 27 41 59 72 83 91 87 88 93 93 89 90 91 86 85 88 92 90 87 87 87 85 86 88 89 92 94 95 94 96 98 93 89 91 93 91 90 91 89 88 86 85 87 87 83 83 84 86 85 80 77 80 82 76 73 71 77 82 82 86 88 92 92
4 3 4 6 7 8 7 5 4 6 9 11 9 8 9 11 12 15 16 16 19 23 26 29 29 26 20 20 30 38 49 70 84 86 90 94 92 89 91 91 92 89 90 91 87 85 90 96 90 91 92 90 88 88 89 89 93 93 96 97 92 88 88 89 89 88 88 86 85 85 84 82 76 78 79 78 75 74 75 74 75 77 75 85 90 88 93 91 91 90
4 2 3 5 5 6 7 5 5 6 9 11 11 9 10 11 10 11 11 11 14 18 24 29 29 33 31 24 23 21 23 38 53 62 71 80 83 86 93 92 92 92 91 91 90 89 91 95 93 94 93 91 88 88 88 89 93 89 88 89 87 84 83 81 85 85 84 83 81 78 75 75 77 77 78 78 78 78 79 78 86 87 87 88 90 90 88 85 87 86
3 3 4 5 3 4 7 7 7 5 5 7 9 9 9 9 10 10 11 12 13 14 17 20 26 27 28 26 27 24 20 24 27 35 44 57 65 72 83 85 92 94 90 88 93 94 90 92 92 91 88 86 86 87 87 86 85 83 80 77 78 84 87 85 78 80 80 81 82 78 76 79 83 82 82 83 82 82 84 85 86 86 87 80 81 89 85 83 85 85
2 2 3 2 2 4 6 6 4 4 6 6 6 6 7 7 9 11 12 12 14 17 17 15 19 25 28 27 26 25 21 20 19 20 21 27 40 53 61 65 74 77 80 78 77 91 94 89 96 95 91 87 86 88 89 89 84 85 77 76 76 82 81 83 78 79 83 82 81 82 81 82 84 81 81 83 82 81 80 80 81 83 83 82 82 83 83 82 81 81
2 2 2 1 1 3 5 4 3 3 4 5 5 5 6 6 8 10 11 11 13 16 16 14 16 20 21 19 18 18 17 17 18 17 15 15 20 26 31 34 35 39 43 46 52 77 86 84 87 86 84 81 81 83 84 84 83 84 79 78 74 74 75 84 91 90 92 89 85 85 83 83 83 80 80 82 81 80 79 78 78 79 79 78 79 80 79 78 80 80
