42 40 39 39 40 39 39 39 42 43 46 48 48 48 47 44 47 47 53 58 51 39 34 33 41 57 71 90 98 101 116 124 128 125 122 110 93 74 65 71 76 99 146 160 136 137 168 194 209 229 224 210 200 176 181 186 191 201 184 193 188 199 219 213 217 221 199 210 224 211 219 229 218 220 227 217 204 226 211 204 226 210 199 223 232 242 226 200 176 178
40 38 37 37 36 37 39 41 40 41 41 42 44 47 45 40 38 39 40 42 43 42 38 35 46 56 63 73 77 78 93 101 111 112 108 104 109 109 94 85 93 117 159 174 170 186 212 226 221 226 205 189 185 172 184 186 191 204 187 201 186 205 216 215 217 216 195 208 220 209 221 231 215 221 225 208 204 224 208 208 223 202 209 228 236 241 214 180 164 177
44 42 42 41 40 40 42 44 41 40 38 37 41 45 42 36 37 41 40 41 49 52 50 48 45 49 50 57 61 65 78 85 90 104 118 122 128 131 130 134 139 151 165 166 175 207 228 228 215 214 189 176 175 172 192 192 203 211 193 205 191 209 213 211 215 209 195 213 220 209 222 228 210 215 219 202 208 221 204 211 225 202 223 234 235 222 184 161 164 185
55 53 53 52 49 47 47 45 44 41 38 39 42 44 41 35 34 37 40 44 50 51 49 50 49 49 46 52 58 62 70 72 83 102 122 113 91 86 94 103 111 113 120 132 152 180 206 220 207 203 178 170 170 174 196 194 206 209 202 204 195 208 214 213 219 208 202 222 224 213 226 225 205 207 214 203 217 220 202 213 222 202 223 236 231 201 158 158 180 197
62 58 57 57 53 50 48 44 45 40 39 42 45 43 41 39 39 40 46 50 52 54 55 53 52 51 49 52 56 59 63 63 71 98 124 104 69 74 96 100 107 112 112 112 120 139 166 185 189 185 167 169 174 183 197 189 211 206 200 203 198 212 209 207 220 206 204 224 219 211 225 219 198 210 210 201 224 221 200 214 216 212 231 241 209 173 145 167 199 204
59 54 53 52 48 47 46 42 41 38 39 43 45 44 43 44 42 43 45 44 45 53 57 52 57 57 56 53 51 51 51 52 59 85 118 109 78 85 117 136 138 142 144 149 150 146 150 158 169 171 167 174 177 186 194 191 212 208 204 212 196 213 200 207 214 202 205 223 214 208 220 208 192 216 204 196 222 217 196 213 218 218 229 225 180 161 157 180 211 206
53 47 47 47 43 44 45 41 40 39 40 43 45 47 48 48 43 43 42 39 41 47 50 48 52 52 52 50 48 49 49 49 51 66 95 106 98 98 123 155 169 175 172 171 173 173 173 168 169 171 172 174 171 181 188 197 213 204 203 212 197 215 197 208 213 203 209 224 212 207 217 201 194 216 198 200 217 211 198 218 221 216 220 196 157 159 173 195 214 209
49 44 46 47 43 43 45 42 41 43 43 42 44 51 53 51 47 48 45 44 45 44 44 49 49 48 47 45 46 47 44 42 45 63 84 97 101 99 112 144 168 174 174 172 167 162 166 167 168 167 170 173 173 185 185 196 215 202 207 206 194 204 192 205 213 204 208 218 203 202 214 197 200 213 195 211 216 207 205 225 213 202 200 170 156 172 188 207 213 212
45 47 48 46 46 44 44 46 46 52 53 49 47 50 50 47 46 50 51 51 49 44 41 46 46 44 45 46 49 53 52 51 51 63 88 84 95 89 87 124 160 162 151 138 135 134 137 146 150 158 169 171 173 182 185 186 191 191 205 204 196 208 191 208 211 192 212 212 199 206 209 196 203 208 190 205 212 205 213 224 199 189 171 155 167 192 202 209 217 207
54 56 55 51 48 47 48 50 60 61 59 55 51 48 46 44 44 44 44 48 52 50 46 45 45 46 50 49 48 50 51 53 54 73 93 72 67 70 77 99 124 119 110 102 103 113 120 122 125 133 148 163 175 180 184 194 195 190 193 192 191 205 193 209 204 190 208 201 190 200 202 194 204 207 191 210 206 210 218 221 182 168 164 168 181 205 216 212 218 207
55 58 58 56 55 56 58 60 58 63 64 60 56 54 48 41 41 41 44 49 49 48 47 47 45 45 48 49 51 54 52 54 50 58 76 75 73 72 74 77 74 72 71 72 78 93 108 114 120 123 135 157 182 189 183 185 193 193 186 185 191 201 190 203 189 185 205 196 191 202 199 197 207 201 197 209 208 212 221 205 157 155 162 180 197 214 217 203 200 190
57 61 65 66 67 70 72 72 74 74 76 78 72 62 54 52 48 45 47 49 45 44 46 46 43 45 50 52 55 58 57 59 58 68 78 79 78 77 76 70 74 78 86 94 98 102 110 118 124 132 144 159 182 195 186 178 188 198 184 175 182 190 189 200 181 187 204 193 196 200 191 198 205 193 193 207 206 210 206 177 139 160 170 186 208 211 200 185 171 165
60 67 76 82 85 91 98 101 104 108 107 101 94 90 86 81 76 71 68 60 48 41 44 46 55 56 61 67 77 81 77 76 88 91 83 83 82 80 83 85 80 91 113 133 140 142 143 141 142 148 155 160 176 193 186 169 182 196 185 170 164 177 191 191 177 186 196 188 198 195 184 199 194 188 185 208 196 204 178 154 147 174 181 193 212 203 182 171 149 148
75 82 92 97 98 104 116 125 129 129 130 130 125 119 117 118 109 98 87 81 77 75 72 70 78 86 97 103 108 110 111 119 123 111 92 99 109 117 121 125 124 114 113 118 125 141 150 145 151 149 149 151 163 179 176 163 173 182 180 164 151 172 198 186 176 185 191 189 202 194 184 197 185 186 190 199 187 186 160 147 167 177 181 190 195 180 160 151 140 142
84 86 95 103 107 116 131 142 143 147 148 144 141 140 136 131 129 122 114 111 111 109 108 109 113 120 126 125 126 127 131 142 144 113 97 114 113 110 121 138 156 168 175 167 150 135 137 150 150 149 148 144 146 150 150 152 174 176 167 148 143 169 194 179 182 187 189 193 201 190 184 186 183 185 199 181 177 163 154 151 183 175 177 178 169 157 145 138 137 140
91 88 94 105 113 124 138 146 154 154 152 149 148 147 144 141 134 133 129 129 132 131 131 136 138 142 141 130 121 118 124 139 139 114 106 112 89 84 90 95 113 130 144 169 188 166 141 147 152 151 147 143 145 145 142 148 155 160 147 133 148 176 193 179 182 183 182 187 192 184 186 181 181 187 198 169 161 150 148 153 176 163 164 156 142 138 133 129 132 136
94 97 108 116 126 133 142 144 154 157 156 154 154 152 148 148 145 142 142 140 144 151 152 155 156 155 144 118 103 104 125 141 130 115 129 141 119 111 103 103 112 123 136 153 167 179 149 143 161 156 154 151 147 144 140 138 139 135 130 138 161 180 181 175 180 182 180 194 186 179 183 174 175 191 168 152 148 139 149 160 156 142 148 133 122 120 123 120 123 128
87 94 109 120 129 130 139 148 155 159 160 158 159 157 154 153 150 148 150 150 156 164 166 168 164 156 136 107 99 109 131 142 130 116 137 142 123 118 114 112 111 118 130 146 160 172 148 145 161 157 155 153 149 147 143 140 138 136 135 139 150 158 162 165 187 180 186 198 181 175 170 162 169 171 147 133 135 133 137 139 132 132 124 109 110 113 110 103 111 107
82 93 107 116 126 127 138 151 156 161 163 163 165 165 162 160 158 156 158 159 165 172 173 173 167 151 126 103 106 120 135 140 126 118 138 125 113 114 114 115 118 122 130 143 154 165 149 148 162 161 161 159 156 153 149 145 143 141 138 137 136 136 144 154 177 173 187 194 166 161 151 156 151 141 122 116 121 125 122 115 108 111 95 91 93 92 88 90 89 96
79 94 105 108 123 129 139 150 156 162 165 166 169 170 168 166 164 162 163 165 170 176 177 174 164 141 117 105 116 128 139 139 122 128 150 117 112 117 117 120 121 125 131 140 149 161 152 150 159 162 162 161 159 155 151 146 149 145 140 137 132 130 134 142 148 155 170 176 154 148 129 135 131 114 103 100 100 102 96 90 83 75 63 71 70 71 67 73 80 110
75 92 103 107 125 133 141 150 156 160 164 165 168 170 170 169 168 167 167 171 176 182 184 180 161 134 113 105 117 134 145 141 120 138 164 118 109 117 123 125 119 127 135 142 150 163 162 154 161 167 166 164 162 159 157 153 150 147 144 141 137 134 131 130 135 138 138 146 140 139 119 109 98 83 82 86 87 87 80 75 61 50 49 54 48 55 60 78 111 152
71 85 97 107 126 134 146 158 159 160 162 164 165 168 171 172 173 173 173 177 180 184 186 179 158 132 113 103 115 140 156 144 124 150 183 141 123 125 128 121 122 131 142 151 157 165 167 156 161 169 166 162 161 159 160 156 152 149 146 142 138 135 132 128 127 125 124 133 135 136 124 101 75 73 85 101 111 116 112 107 88 65 59 66 71 78 90 122 173 175
71 83 97 109 131 143 156 166 165 163 163 164 164 166 172 176 180 181 182 185 186 187 187 177 157 125 106 97 110 143 164 148 132 160 187 155 141 135 128 121 124 132 146 159 164 165 167 154 164 176 172 169 168 166 167 162 157 152 147 142 137 135 134 132 128 125 126 125 129 129 132 120 99 118 138 149 153 149 139 130 132 115 114 121 136 145 164 189 175 155
71 87 104 116 140 157 167 168 171 167 166 166 165 167 174 180 186 188 190 195 194 194 193 181 157 115 93 87 101 138 165 152 132 163 180 159 160 148 127 124 125 132 149 167 172 169 172 159 164 178 177 175 174 170 170 162 160 153 148 145 140 137 136 135 132 129 129 120 129 125 130 130 133 160 169 162 155 152 154 153 164 164 164 158 169 181 190 174 163 148
82 101 109 129 152 158 166 175 174 172 169 169 169 169 177 186 192 199 201 203 203 199 191 181 154 113 87 81 97 135 171 152 122 161 169 145 147 148 127 125 121 129 150 164 176 172 170 157 167 180 175 174 175 172 170 164 160 154 147 142 140 140 139 136 133 130 128 127 126 127 127 127 133 134 139 150 159 160 163 169 172 175 179 183 182 185 161 147 144 147
88 106 118 138 155 159 171 180 180 176 171 168 168 175 185 190 199 204 207 209 208 204 196 184 151 108 81 73 89 129 162 141 116 151 154 119 119 140 131 117 117 126 148 163 175 175 173 159 166 179 177 176 177 173 171 165 158 153 146 141 139 139 138 135 133 131 128 127 126 127 127 126 129 130 134 144 152 156 161 170 177 182 192 197 183 163 139 141 142 147
93 107 120 139 151 157 170 180 186 180 173 169 170 180 191 196 203 206 209 212 208 204 196 180 147 102 70 63 79 119 148 125 91 131 144 108 96 124 130 114 111 121 148 167 178 180 175 157 165 178 178 178 178 173 170 165 156 150 144 140 139 140 139 137 136 136 134 130 127 126 124 123 123 125 128 134 140 147 161 177 189 195 196 184 166 154 143 152 153 159
91 106 124 149 166 170 175 178 184 180 176 171 173 182 192 203 209 209 212 215 210 205 197 179 148 99 62 59 74 110 132 110 85 103 110 90 88 116 126 113 111 119 147 171 182 184 174 157 165 175 177 177 177 172 167 162 157 152 146 141 139 139 137 134 133 137 137 134 130 126 123 123 123 127 131 132 134 143 165 188 197 187 170 147 142 155 162 171 175 181
80 98 119 146 170 175 172 174 170 176 178 173 176 185 194 207 213 213 215 218 213 207 198 180 151 102 59 57 72 100 116 99 82 78 77 78 92 113 119 111 113 121 148 174 185 187 173 160 165 172 173 173 173 169 164 159 158 154 148 142 139 136 132 126 122 128 131 132 131 128 125 125 125 130 135 135 134 138 156 175 186 157 139 131 140 159 173 182 192 199
78 96 116 137 159 166 164 168 156 167 176 172 176 191 199 210 213 214 215 217 213 207 196 179 153 107 60 54 65 87 99 90 77 74 76 88 102 112 115 116 111 126 156 183 192 190 169 158 165 168 169 169 169 166 162 159 156 153 149 145 143 139 131 122 115 117 119 124 130 129 125 125 128 133 137 138 137 134 138 146 154 132 132 139 153 169 182 186 192 199
71 89 110 129 146 155 156 157 151 153 167 172 177 192 202 210 213 216 216 216 214 208 196 181 156 119 67 53 58 78 89 87 77 79 90 110 122 120 114 111 114 138 169 190 194 189 161 151 164 166 167 167 167 165 162 161 159 157 156 155 153 147 135 123 113 108 104 114 130 135 131 129 135 138 142 145 144 138 134 134 129 126 146 155 168 180 191 192 199 205
67 81 102 120 136 152 160 161 154 142 158 173 178 189 201 210 212 215 214 214 214 207 195 181 161 131 76 55 57 76 87 89 87 86 96 116 125 120 115 113 123 152 178 190 189 185 156 147 163 164 167 167 166 165 164 165 169 168 167 165 162 153 137 122 111 100 93 107 133 144 141 139 138 141 144 147 146 141 137 136 130 134 161 174 186 188 195 201 204 210
64 75 89 109 129 144 158 166 156 136 155 168 178 191 199 207 212 211 214 215 210 205 194 180 164 139 92 60 56 71 89 91 89 85 91 101 116 120 115 121 141 165 184 187 184 178 147 145 163 161 166 165 166 170 169 172 176 177 176 174 171 158 140 127 112 90 80 113 136 150 150 145 141 143 150 152 150 147 139 135 137 129 152 189 192 196 199 208 207 211
60 71 83 100 115 128 143 153 143 136 152 164 177 189 198 201 207 207 211 212 208 202 191 178 164 144 103 71 62 72 88 92 88 90 95 99 112 119 124 141 160 177 184 181 182 172 146 146 161 157 161 164 165 168 170 177 183 184 183 181 176 164 147 135 114 90 85 121 140 153 154 149 141 147 155 154 151 150 144 139 134 131 134 163 195 205 201 205 202 203
59 70 79 91 101 109 122 130 138 139 149 161 174 184 197 199 205 205 207 208 204 199 189 177 163 147 114 82 67 72 87 93 95 101 108 109 121 130 138 157 173 182 181 177 178 155 139 146 153 150 156 163 166 168 173 182 188 188 187 184 177 165 150 139 119 88 89 127 144 152 156 151 143 148 155 154 153 154 149 145 139 136 123 132 172 197 206 201 196 193
61 73 80 90 98 103 111 117 129 131 146 161 174 181 193 199 204 204 205 205 201 196 188 178 163 149 122 93 74 75 88 95 93 104 119 125 133 144 155 172 181 182 181 181 179 144 133 140 143 149 162 174 177 177 178 182 188 188 188 183 173 163 154 145 125 89 93 133 147 148 152 151 147 144 148 150 153 155 153 152 147 142 132 120 131 164 203 194 192 186
56 70 78 87 94 98 105 111 111 117 144 160 172 180 188 193 199 200 202 202 199 195 187 178 166 152 130 105 86 85 91 96 94 106 132 145 148 155 165 176 183 182 177 166 148 116 122 135 147 163 182 193 195 189 181 173 177 180 184 176 161 156 156 152 126 95 105 142 156 146 144 148 147 142 143 144 148 154 156 158 153 148 142 121 107 128 179 185 185 179
51 68 77 83 89 92 99 106 103 114 144 157 167 177 182 185 190 194 198 199 198 194 185 177 167 153 137 117 101 98 99 99 99 99 123 144 152 160 161 161 154 146 129 110 97 99 128 148 170 186 199 203 200 191 178 161 158 168 177 168 150 147 152 150 118 103 117 150 168 151 138 142 142 141 141 138 141 151 157 160 158 155 141 121 105 105 140 167 177 174
52 68 77 83 91 93 97 102 102 118 142 155 166 171 178 181 186 190 194 196 196 192 185 178 167 153 142 128 116 115 114 114 101 88 100 121 130 128 113 103 90 84 76 85 104 138 166 182 194 204 207 205 199 187 169 146 132 146 164 163 150 151 154 146 111 111 125 152 184 167 140 137 135 134 135 133 137 148 155 159 161 158 137 121 109 98 104 132 156 159
46 61 70 80 93 97 98 99 97 117 136 158 172 167 176 182 186 190 193 193 194 191 185 180 168 154 147 136 127 129 130 132 110 85 78 81 82 79 73 74 85 98 117 148 168 187 193 203 205 211 211 209 202 185 161 134 102 120 146 155 154 159 158 142 111 118 129 152 196 184 147 135 130 125 127 131 137 146 152 158 159 157 139 126 112 98 83 96 127 134
49 55 63 76 84 88 94 97 99 117 140 158 167 169 174 180 186 189 191 194 194 190 186 179 170 159 150 143 139 141 147 150 126 86 76 70 71 91 110 128 152 167 182 190 195 201 205 208 210 213 216 213 207 188 160 126 88 100 126 144 152 160 164 136 107 126 134 152 201 203 161 133 128 116 118 126 137 143 153 155 158 153 141 127 118 97 79 85 110 117
43 53 63 76 87 92 97 100 109 127 145 159 168 171 174 182 185 189 191 194 194 192 188 181 171 160 152 147 144 148 159 167 147 87 73 81 115 160 185 193 196 200 201 201 204 209 212 214 214 215 218 216 210 191 165 133 92 94 114 134 148 164 167 132 106 126 135 150 199 208 169 135 125 112 109 118 134 146 153 152 153 147 139 127 115 97 82 82 102 112
41 54 62 75 88 94 100 106 119 136 149 157 166 169 172 180 183 189 191 193 194 192 189 180 169 157 149 145 141 145 160 173 149 77 69 98 166 216 225 219 214 214 212 213 216 219 219 220 220 220 221 219 213 194 171 142 106 96 106 124 140 160 164 125 108 124 131 143 190 206 173 141 121 108 97 105 128 148 152 146 145 139 135 124 108 96 83 76 94 108
45 56 62 74 88 93 101 112 125 140 150 155 161 166 169 175 182 188 190 192 192 191 187 176 166 153 144 141 136 139 155 169 140 75 73 105 185 225 227 229 228 226 223 222 223 224 226 227 226 223 222 219 213 195 175 150 118 101 100 114 130 150 157 125 112 124 125 136 184 199 170 144 120 105 88 93 119 147 150 140 135 131 130 119 102 92 82 73 87 105
50 58 63 76 90 93 103 119 129 140 151 156 158 164 170 172 181 188 190 191 191 190 185 173 161 147 137 134 132 135 148 160 125 71 71 98 172 213 222 226 228 226 222 221 222 224 226 228 227 222 219 214 207 192 176 154 120 99 92 104 123 142 153 133 114 125 119 127 181 198 166 139 119 103 82 85 108 141 145 134 125 126 125 114 100 91 81 75 80 101
51 58 65 79 91 95 107 124 131 139 151 156 156 162 170 171 181 187 191 193 193 190 183 171 159 145 132 126 123 127 136 142 107 67 70 85 135 181 210 220 223 222 220 219 220 222 223 223 223 218 214 207 200 185 171 150 121 97 86 98 120 139 150 134 115 125 113 115 173 199 165 132 116 100 78 81 98 133 138 129 119 121 121 112 101 91 80 76 75 98
54 62 70 81 89 96 110 123 133 141 151 156 157 162 169 173 182 188 192 196 195 190 181 169 158 142 125 114 109 113 119 121 91 73 81 85 96 127 167 191 208 214 218 218 219 221 222 223 220 216 211 202 194 178 164 142 118 96 86 97 117 136 147 126 114 124 113 115 170 197 164 128 113 95 75 80 92 126 134 126 116 116 117 111 102 90 76 72 69 92
59 67 74 80 86 95 111 121 136 145 153 157 160 163 170 178 184 190 194 198 196 189 179 166 148 133 113 98 93 99 104 104 93 91 107 117 111 108 117 129 149 170 193 207 214 218 220 221 219 216 211 201 191 174 158 135 111 91 85 95 112 133 144 118 111 122 120 127 177 196 162 125 111 92 74 81 89 123 133 125 116 113 114 111 102 88 72 65 63 86
59 72 73 79 79 89 110 123 138 146 155 158 159 168 171 181 188 193 196 196 192 183 172 160 140 121 101 89 83 84 91 95 97 116 136 142 130 121 114 113 116 119 141 172 194 208 214 216 217 218 211 203 192 174 149 125 100 87 85 97 117 136 138 106 110 122 127 141 184 187 156 124 111 87 77 81 96 120 132 126 117 116 112 105 94 81 69 63 64 79
58 71 77 82 77 86 107 124 137 146 153 157 159 169 173 182 185 190 192 192 187 178 169 156 135 113 92 80 75 78 87 94 114 146 152 138 128 122 123 126 120 127 128 127 149 181 198 209 208 212 211 206 192 169 139 110 86 83 89 102 120 137 137 103 109 127 129 148 190 181 148 119 110 90 83 86 97 119 131 128 120 117 112 104 93 80 70 63 62 75
61 69 78 83 77 83 99 122 138 146 152 157 160 171 174 182 186 190 191 190 183 176 167 154 129 104 83 72 70 75 85 98 130 170 156 133 135 135 138 138 142 153 163 141 118 138 173 190 198 205 209 206 190 167 135 102 81 88 100 109 122 137 138 106 110 131 128 157 195 171 138 115 109 95 92 95 103 121 132 132 126 118 112 104 90 79 70 61 62 73
69 68 74 79 78 82 90 120 138 146 151 156 160 171 175 181 187 190 191 189 182 175 167 153 124 94 75 68 69 78 89 107 150 178 141 123 131 139 148 156 159 160 182 176 124 113 149 163 184 193 201 200 187 167 139 108 90 101 114 118 123 132 136 111 113 130 127 166 194 158 130 115 111 102 103 105 111 125 135 138 132 121 113 104 88 76 69 60 63 72
76 70 70 76 80 81 85 120 137 146 149 155 161 173 177 181 185 189 190 187 181 176 168 152 120 84 67 63 69 81 94 118 168 169 121 119 120 131 144 165 169 165 172 182 148 118 140 153 166 178 190 195 186 171 148 122 108 115 123 124 125 128 131 112 112 123 130 173 182 142 123 116 113 107 110 113 119 130 138 141 137 125 116 105 86 74 68 61 63 70
77 71 69 74 81 85 90 123 136 146 148 155 162 174 180 182 185 188 190 189 183 180 171 152 117 76 59 58 69 85 100 130 177 148 106 117 117 125 137 159 168 169 164 176 161 131 136 142 151 167 182 191 188 176 158 139 135 134 131 127 126 127 130 115 104 113 134 171 162 129 119 119 116 112 114 118 124 133 138 142 141 129 119 105 86 72 67 64 65 69
75 72 69 73 81 93 103 125 138 148 148 155 162 174 182 183 188 191 193 191 185 182 172 150 112 67 53 56 70 88 102 135 170 127 108 118 117 118 131 151 165 165 163 174 174 151 136 134 140 154 164 172 174 168 160 153 160 156 145 132 128 126 130 117 93 102 132 160 142 127 124 127 123 119 120 123 129 136 139 143 142 132 120 104 84 70 66 69 70 72
74 71 68 73 82 101 114 124 142 151 149 155 161 174 182 183 190 193 194 192 185 181 169 146 106 60 49 54 70 88 100 134 148 114 128 131 121 108 121 140 158 163 164 171 180 156 128 137 130 140 143 147 152 152 154 157 171 169 158 140 130 124 127 114 87 94 127 147 130 132 132 135 129 126 126 128 133 139 141 145 141 133 119 102 83 68 65 71 74 75
68 62 63 74 91 110 122 125 138 147 151 154 164 173 180 186 189 194 193 191 187 183 169 140 100 57 50 58 75 90 103 124 135 135 154 138 117 108 110 126 150 163 166 172 185 158 133 139 132 131 129 130 132 137 147 157 167 168 162 151 133 121 120 112 85 86 122 136 135 137 139 141 134 130 128 131 137 142 144 143 138 130 122 104 76 65 73 78 81 80
60 61 68 83 102 118 127 129 140 146 150 153 161 170 178 185 187 193 194 194 189 182 165 134 93 54 51 62 82 94 99 111 112 127 152 140 119 107 107 116 140 159 166 172 185 157 133 142 136 133 129 127 127 132 142 153 160 165 164 154 135 120 115 106 79 83 119 136 140 143 143 140 136 133 131 135 139 143 143 141 134 125 112 96 80 72 77 85 87 85
60 64 71 85 104 117 126 132 139 144 150 155 160 168 177 183 185 192 195 196 191 182 162 130 88 55 54 69 93 101 94 96 87 94 115 124 121 105 102 110 128 153 164 171 184 158 136 148 140 136 131 127 125 127 135 145 155 161 161 153 137 122 110 95 75 78 112 132 143 148 144 138 134 133 133 136 139 141 138 134 130 120 105 91 81 77 81 89 91 89
62 66 71 83 101 114 123 133 137 140 149 156 161 169 178 183 186 192 194 196 191 182 162 129 86 59 60 77 103 107 93 89 78 73 84 107 121 105 100 104 121 149 162 170 184 160 140 153 143 140 136 132 128 126 129 135 148 155 159 152 136 120 106 92 79 77 102 124 141 145 140 134 132 134 138 140 141 139 134 128 121 112 102 89 76 78 89 92 93 92
58 63 69 83 101 113 122 133 136 139 147 156 162 170 179 183 187 192 194 196 192 181 161 129 84 63 66 85 111 111 95 91 64 66 79 103 120 110 105 102 118 144 159 169 185 163 143 154 148 146 142 138 133 127 126 128 134 146 158 153 136 120 106 98 89 82 97 118 135 136 131 129 129 135 141 141 138 134 127 120 111 105 97 82 73 83 96 99 97 95
58 61 68 81 96 106 116 127 135 140 147 154 161 170 178 182 185 190 193 197 193 182 160 127 84 67 71 92 118 115 100 102 67 65 80 105 119 106 100 99 118 141 157 169 184 163 145 153 153 152 147 141 136 130 127 126 126 134 146 147 140 127 111 101 100 92 102 116 129 126 122 123 127 134 139 137 132 126 119 112 107 104 88 73 76 89 99 103 100 99
61 62 69 79 87 94 105 114 129 140 149 155 163 170 176 180 183 188 191 197 194 183 162 130 91 75 77 97 123 117 107 115 78 70 88 113 122 108 102 107 122 140 155 168 180 160 147 156 155 155 150 143 139 136 133 130 128 127 132 135 136 129 113 104 108 105 111 115 122 117 116 120 128 134 137 133 128 124 119 112 107 98 80 71 81 95 102 104 103 101
60 62 72 82 85 88 97 104 123 139 151 158 167 172 175 179 182 186 190 196 195 186 166 134 100 83 82 101 125 118 111 125 87 87 109 121 119 107 104 106 127 140 155 166 175 157 149 160 154 155 151 145 142 142 139 134 130 127 129 128 125 119 111 111 112 114 118 114 116 111 114 119 126 131 132 128 123 122 119 113 104 88 75 74 85 100 108 107 105 103
59 60 65 77 80 95 95 99 119 141 151 160 168 172 177 175 179 181 187 191 192 189 168 138 108 89 85 103 123 120 102 123 102 98 120 127 114 108 105 110 130 143 153 168 167 155 151 161 157 155 152 148 144 143 141 138 134 134 133 130 126 121 118 117 119 122 123 120 116 114 117 120 126 130 132 128 123 123 117 107 94 82 74 79 92 103 107 109 106 104
54 57 60 72 81 94 100 100 117 140 153 163 171 173 177 176 177 179 185 190 193 191 173 148 119 99 90 103 120 116 95 111 108 100 117 125 116 107 104 117 134 145 153 171 164 152 155 159 156 154 151 147 144 143 142 140 137 138 138 137 135 131 128 125 128 127 125 120 117 118 122 125 127 128 129 126 122 121 114 103 88 79 74 83 98 107 109 108 104 102
49 55 56 62 74 83 100 101 121 145 159 169 173 172 174 174 177 177 183 189 191 189 175 156 127 107 95 103 118 115 93 106 102 94 107 117 115 110 110 127 137 146 155 174 157 143 157 156 154 152 151 148 144 143 141 139 141 140 139 137 136 136 135 135 134 131 126 122 121 123 126 127 127 125 125 124 121 116 107 97 84 80 81 91 104 111 110 108 104 102
45 51 58 57 65 69 90 103 130 151 163 171 173 168 170 170 173 173 179 185 188 186 177 165 137 114 98 102 118 116 96 109 99 92 102 110 111 113 116 129 139 147 157 177 151 135 157 155 153 152 151 148 145 142 139 138 141 139 137 135 134 134 135 136 134 131 127 125 125 126 126 125 125 122 123 123 117 109 100 91 85 87 93 100 107 110 110 108 106 104
42 44 59 56 61 62 80 106 139 157 165 170 171 166 167 168 164 165 171 177 181 183 182 179 154 125 101 101 116 116 98 113 107 95 100 107 109 115 124 133 144 149 160 176 149 137 158 156 154 151 148 146 143 140 139 139 139 140 140 138 135 133 132 132 131 131 130 129 129 129 127 126 124 121 121 120 112 103 97 93 93 97 102 106 108 110 109 108 108 106
44 40 51 50 55 61 76 111 146 163 167 168 166 160 160 158 155 156 160 165 169 174 179 181 166 135 106 99 112 116 101 117 124 104 101 108 109 117 130 142 151 156 164 168 147 145 157 155 154 149 144 142 139 138 139 140 140 140 139 137 134 132 130 130 131 131 131 130 129 129 128 128 124 119 117 115 107 101 100 101 102 104 106 107 109 111 110 108 109 107
45 41 42 44 47 56 70 104 136 155 160 159 155 148 146 142 144 145 147 150 154 159 164 167 163 141 116 102 108 114 102 118 142 122 110 110 113 122 135 147 161 170 176 160 142 153 154 153 153 146 142 140 138 137 137 138 138 136 133 131 130 129 128 128 130 130 130 129 128 127 127 126 121 115 112 110 105 102 104 106 107 109 111 110 110 112 112 110 111 109
41 43 38 43 44 50 61 89 116 138 146 146 143 136 134 130 131 133 135 139 144 149 152 153 156 146 127 108 105 109 99 116 148 133 118 112 120 133 146 156 170 184 190 158 140 157 153 154 151 145 141 140 138 135 134 133 133 131 130 129 130 129 126 123 127 128 127 126 125 125 124 123 117 110 107 107 105 105 107 108 109 113 115 113 111 112 113 112 113 111
39 41 41 40 42 45 53 70 92 111 124 130 128 122 120 117 117 123 127 128 131 135 136 136 144 142 140 124 118 116 100 97 135 150 156 151 149 154 167 182 203 216 184 148 153 158 152 152 148 145 143 141 138 135 134 133 130 129 127 127 128 128 127 126 128 126 124 123 121 119 118 118 113 107 106 109 112 113 115 116 113 116 117 116 116 116 116 118 114 113
40 39 40 38 38 41 46 55 70 87 99 106 108 105 102 97 101 101 103 105 110 117 125 133 140 141 144 136 130 122 96 76 95 123 141 147 156 161 163 166 170 161 147 151 160 154 146 146 147 143 140 139 138 136 134 131 130 129 128 128 128 127 125 124 124 123 123 122 120 117 115 115 112 109 111 116 119 120 120 120 118 121 121 119 119 119 119 118 117 115
42 39 41 39 35 38 42 46 57 73 84 89 90 88 86 81 79 74 71 74 80 89 106 122 130 135 140 142 142 133 105 72 72 76 77 76 78 86 102 117 142 152 160 162 158 154 153 149 144 140 138 137 136 134 131 129 130 129 129 129 130 130 129 128 126 125 124 123 120 117 114 114 111 113 118 123 126 127 125 123 122 125 126 124 123 123 122 120 119 117
40 41 43 39 34 38 42 46 54 64 69 75 80 79 74 66 61 54 48 48 53 63 81 99 120 130 135 140 141 131 104 69 70 65 66 69 73 92 123 144 153 159 157 155 155 152 151 148 145 143 142 140 136 134 133 133 132 132 131 131 131 131 131 130 131 129 126 123 120 117 116 116 117 121 128 132 133 132 130 126 125 127 128 129 128 126 124 124 122 120
38 41 42 37 36 38 38 42 43 54 61 66 69 67 63 58 50 45 38 35 37 44 57 69 90 110 119 128 133 122 102 76 69 70 69 69 83 115 143 153 155 157 155 158 160 151 147 148 144 142 141 140 137 136 137 137 135 136 136 137 137 136 136 136 131 129 125 122 120 119 121 124 130 134 138 140 139 138 134 130 129 129 130 133 132 127 124 126 122 120
40 41 41 38 38 39 34 35 41 48 52 58 63 59 53 47 46 42 36 31 30 33 39 45 61 82 92 100 104 98 88 77 78 78 73 77 100 126 141 149 153 156 155 153 149 149 151 146 143 140 138 139 140 140 140 138 137 138 140 139 138 136 134 134 131 129 128 126 126 128 133 136 141 142 144 145 143 141 138 134 135 133 133 135 134 128 125 127 125 123
42 40 42 40 38 38 34 32 35 42 46 51 51 46 45 45 46 42 37 34 32 32 33 36 43 55 64 69 71 74 79 82 83 79 81 94 111 126 139 149 149 150 152 152 146 144 147 143 144 141 140 141 142 140 137 134 140 140 139 138 135 133 133 133 134 134 135 137 138 140 143 146 146 145 146 147 146 144 141 139 139 139 137 135 133 129 127 127 122 120
42 38 42 40 34 35 35 33 33 36 38 43 45 43 46 49 48 43 38 37 36 33 33 35 40 45 54 58 60 70 84 94 94 92 102 107 102 112 129 130 137 140 139 139 140 141 142 140 140 139 139 139 136 132 127 124 119 120 120 120 121 124 129 133 137 139 142 145 146 146 147 149 149 147 148 150 150 148 146 144 140 142 139 133 131 131 129 127 125 123
40 39 43 39 33 34 34 34 34 33 34 37 40 44 48 51 47 45 47 48 43 42 42 40 38 43 49 52 57 70 93 113 134 98 102 98 79 90 109 123 126 132 133 136 140 141 143 142 143 135 135 128 119 112 95 85 85 95 104 113 119 125 133 136 139 141 143 145 147 147 147 146 146 147 146 146 146 147 148 148 145 139 135 135 132 127 126 127 125 122
43 40 41 39 36 38 37 34 31 30 31 33 38 44 49 53 48 47 48 48 44 43 45 45 44 43 45 49 56 67 86 104 111 97 82 61 55 69 85 98 105 109 116 127 134 139 146 147 142 136 127 104 81 69 67 76 86 98 108 115 121 125 130 133 138 139 140 142 144 145 145 145 148 149 150 151 152 152 150 147 144 139 135 134 131 129 127 127 125 122
44 41 41 40 42 46 42 36 32 32 33 35 40 46 49 50 41 35 33 37 42 50 55 55 53 47 43 47 54 63 79 96 107 98 64 39 43 49 50 53 63 79 105 129 139 143 147 145 142 139 131 116 100 82 78 91 100 107 112 117 126 130 130 130 135 136 137 138 140 142 144 146 148 148 149 150 150 149 145 141 139 135 132 130 128 127 126 124 121 119
41 39 40 40 44 49 44 38 35 38 41 43 46 47 45 41 38 35 32 31 32 41 54 63 59 53 47 46 50 56 68 79 94 71 40 29 37 40 44 55 74 99 124 140 147 151 154 151 146 150 151 156 151 124 98 93 98 108 116 119 123 125 124 129 128 128 129 131 133 136 138 140 144 145 145 143 141 138 136 135 132 131 130 127 124 124 124 121 115 114
39 37 37 36 38 42 39 36 37 41 45 48 49 47 41 35 33 35 36 36 34 34 40 45 53 52 48 46 47 51 53 55 52 35 33 36 37 37 47 69 103 131 143 143 147 152 151 148 155 155 149 157 167 153 123 96 90 96 107 113 118 120 119 124 122 123 123 124 125 127 129 130 129 128 127 126 125 123 121 120 118 120 120 118 114 114 114 112 109 106
42 39 36 32 32 34 33 35 36 39 44 48 50 48 44 40 40 37 33 32 33 33 32 32 37 41 43 45 49 51 47 41 40 36 40 39 37 40 51 75 117 142 147 141 145 146 143 140 155 162 157 159 167 165 144 107 71 64 72 83 94 104 105 108 107 107 108 108 108 108 110 111 111 109 108 110 113 113 111 108 109 111 113 110 107 107 107 106 106 103
45 40 37 32 31 30 28 32 33 35 39 45 48 48 48 48 48 47 44 39 35 31 30 32 29 33 38 42 46 46 43 39 36 37 37 39 43 45 54 68 88 111 123 129 135 134 137 144 166 166 158 163 171 175 161 119 64 50 54 57 55 59 60 64 69 70 72 73 74 75 77 79 81 81 83 87 91 93 92 91 95 96 96 95 93 93 93 92 89 88
44 39 36 33 31 28 25 28 29 29 33 40 44 45 47 50 55 51 45 39 37 33 31 32 32 34 36 37 37 35 36 38 43 47 50 64 65 56 61 66 74 87 95 104 109 113 135 161 178 167 158 170 175 174 162 119 74 54 56 56 47 43 37 36 35 37 41 43 46 50 53 56 58 61 65 69 71 72 75 78 84 83 82 82 81 81 81 80 96 98
43 40 37 36 33 30 29 30 30 31 34 38 42 46 48 49 50 48 43 38 36 34 33 34 33 34 36 35 35 37 41 52 61 70 88 98 92 82 76 70 71 76 80 84 90 102 131 163 178 167 162 166 172 177 156 110 75 68 67 73 71 46 33 29 31 30 31 31 33 36 38 38 41 45 48 51 51 58 58 64 56 61 68 78 85 98 127 151 169 178
42 39 37 36 34 30 29 30 30 31 34 38 42 46 48 49 48 46 42 38 36 35 35 36 39 41 42 39 39 42 51 64 85 95 114 124 115 101 91 83 79 81 82 86 95 108 133 162 166 161 163 169 171 166 134 82 69 72 77 90 100 76 50 38 32 31 31 31 32 35 37 37 38 41 43 45 46 54 57 65 81 101 123 144 162 179 193 198 208 217
