151 203 203 208 216 221 218 214 212 218 222 213 222 230 217 219 222 222 222 220 219 219 219 226 227 176 133 113 66 51 66 86 80 93 111 144 172 204 226 229 223 224 225 228 225 226 228 221 225 228 231 228 226 228 229 230 232 230 229 229 229 230 231 231 232 231 231 232 232 233 234 235 234 234 235 235 234 233 233 234 235 235 235 235 235 236 236 237 236 236
95 144 208 202 194 198 182 189 208 209 213 216 216 217 221 226 223 221 223 225 226 223 219 224 201 142 143 110 41 57 89 106 128 160 137 134 137 156 172 196 221 224 228 231 226 223 228 232 229 230 228 230 230 227 227 231 228 227 228 229 230 230 232 233 233 232 232 232 233 233 233 234 234 234 235 235 234 233 233 235 235 235 235 235 235 236 237 237 237 237
81 80 158 124 90 94 88 111 116 116 134 147 127 130 169 179 157 161 177 192 203 219 225 221 182 140 157 120 39 63 101 121 158 194 163 157 154 145 137 150 161 189 206 218 231 229 224 226 225 230 225 224 225 228 233 229 229 229 230 231 230 230 231 232 234 232 232 232 233 233 233 234 234 235 235 235 235 234 234 235 235 235 234 235 236 237 237 237 238 238
62 51 63 44 41 35 40 36 30 37 34 35 29 27 47 57 44 45 62 79 109 171 221 229 180 141 166 175 99 67 117 130 144 164 156 158 166 161 158 142 129 144 158 176 197 216 228 230 232 230 226 231 228 226 233 228 231 230 231 232 231 230 231 232 232 231 231 232 233 234 234 234 235 235 235 235 235 234 235 235 235 234 234 235 237 238 238 238 238 238
56 42 37 39 43 28 27 26 28 34 25 23 34 34 28 30 34 24 34 41 40 72 141 200 194 137 168 192 167 115 125 159 167 167 174 184 185 180 187 180 164 154 142 144 152 165 188 209 227 230 228 231 230 226 229 230 230 229 229 231 231 232 233 234 232 232 232 233 234 234 234 234 235 235 236 235 235 235 235 235 235 234 234 235 237 238 238 238 237 237
48 62 40 36 47 35 26 31 32 31 34 33 33 34 29 29 33 33 39 45 41 33 43 70 120 116 139 185 183 148 135 159 177 191 190 186 169 164 163 164 177 184 176 151 137 153 168 156 165 206 230 230 231 231 227 231 232 230 229 230 230 231 232 232 234 234 234 234 234 234 234 234 235 235 235 235 235 235 235 235 235 235 235 235 237 238 238 238 239 239
67 65 56 37 34 35 23 27 25 27 27 23 26 28 24 26 23 28 35 41 44 34 26 36 32 41 53 122 164 168 132 148 183 191 168 154 146 143 146 147 152 139 167 190 160 139 150 152 158 157 170 198 230 236 225 232 232 231 230 230 229 229 231 231 234 234 235 235 234 234 234 235 235 235 235 235 235 235 235 235 235 235 235 236 237 237 238 238 240 240
44 61 62 44 39 40 40 29 38 36 39 37 31 37 39 27 29 31 32 27 25 27 32 41 34 36 31 21 62 141 163 137 153 178 165 133 120 117 149 150 149 137 133 153 164 151 143 151 143 150 157 149 173 221 234 227 229 229 230 230 230 231 233 235 232 233 234 235 234 233 234 236 235 235 235 234 234 235 235 235 235 235 235 236 236 237 238 238 238 238
42 59 64 50 51 54 55 53 59 57 44 46 39 35 32 31 31 29 29 27 30 34 33 38 38 38 30 26 31 54 91 111 113 117 113 96 106 143 180 192 197 186 166 152 160 175 169 144 142 146 162 169 158 180 227 232 227 232 231 229 231 231 230 234 236 236 235 233 233 238 239 235 235 235 236 235 234 234 235 236 236 237 238 238 238 238 238 238 238 238
41 52 55 54 65 60 55 59 49 50 48 52 49 35 33 32 32 31 33 31 32 37 39 44 38 31 28 35 35 31 41 52 56 59 65 64 96 153 177 176 177 183 181 158 156 158 170 157 148 147 161 173 174 145 202 233 231 229 229 230 229 232 234 234 232 233 235 236 235 232 233 238 235 235 236 235 235 235 237 238 237 237 238 238 238 238 238 238 238 238
45 47 51 48 52 53 56 52 53 54 57 56 54 38 40 36 33 36 44 52 62 71 70 67 55 51 43 40 41 45 47 42 53 60 68 66 83 102 115 123 136 141 143 142 122 128 160 177 159 159 169 174 183 139 186 238 232 229 229 231 230 231 232 231 231 235 238 235 234 236 237 235 234 234 235 235 234 235 236 237 238 238 238 238 238 238 238 239 239 239
39 44 50 41 38 40 44 37 62 66 63 57 58 54 57 49 48 67 88 102 111 116 116 117 113 101 95 101 101 91 81 76 84 76 87 77 94 115 133 130 134 139 134 130 130 121 136 140 132 148 140 152 157 132 181 238 232 236 236 238 239 235 233 237 233 230 233 236 235 236 237 232 236 236 236 235 235 236 236 237 238 238 239 239 239 239 239 240 241 241
35 42 40 33 39 32 29 35 46 67 73 80 81 82 76 68 89 109 123 129 131 128 126 128 127 128 129 130 132 131 119 106 112 99 53 86 186 157 147 149 149 147 141 136 137 125 132 129 125 133 127 123 128 130 126 137 137 151 167 184 202 215 228 242 240 239 237 234 234 235 235 233 235 235 235 235 235 236 236 237 237 237 238 239 239 240 240 240 242 242
34 37 33 26 35 34 29 26 35 74 92 102 95 94 99 112 123 132 134 135 138 138 140 142 133 133 133 130 133 141 140 135 124 130 89 117 196 151 155 156 149 151 145 148 149 145 142 148 145 146 139 137 133 124 131 130 129 126 122 115 110 117 132 142 178 219 243 241 240 238 236 239 237 237 237 238 239 240 240 241 237 237 238 238 239 239 240 240 241 241
30 30 33 29 32 35 33 18 40 77 94 103 114 117 121 129 135 130 125 129 135 139 141 134 136 133 134 133 136 142 142 143 136 128 136 143 150 105 92 99 110 139 152 138 155 152 149 153 156 153 155 149 145 136 135 126 125 126 129 128 122 121 120 116 111 111 132 184 233 242 235 238 234 234 234 234 235 236 236 236 239 238 238 238 238 239 240 241 241 241
30 27 29 30 34 29 30 33 36 76 94 98 122 127 133 134 133 131 135 140 133 132 139 132 133 129 129 126 129 138 141 144 153 149 116 107 127 130 141 143 156 147 154 140 125 147 165 161 160 163 159 165 158 143 145 132 128 131 129 127 132 134 130 128 129 124 114 107 128 178 221 236 239 238 238 237 238 237 237 237 241 240 239 238 238 239 241 242 241 241
31 27 29 34 27 25 32 32 37 64 95 118 122 131 141 139 132 137 136 136 134 128 131 134 112 96 97 118 131 138 141 140 143 130 111 121 129 139 144 147 139 149 141 149 142 118 148 163 167 166 167 165 162 154 153 140 130 134 131 131 133 130 127 128 131 128 129 122 112 110 127 183 228 234 241 231 236 241 237 240 240 241 237 239 239 238 242 241 240 241
27 22 30 36 24 22 35 36 29 46 85 128 141 141 143 145 142 133 138 138 144 139 132 113 68 57 65 97 122 139 143 136 144 132 128 137 138 140 139 142 136 147 148 148 151 143 121 139 174 167 176 173 173 164 159 146 139 131 124 122 123 128 131 128 132 124 123 121 125 129 109 113 151 215 241 242 236 235 236 235 239 240 238 240 240 239 242 240 242 242
31 24 20 27 31 30 31 31 28 34 79 135 152 144 144 148 148 138 143 140 143 138 128 86 50 51 57 95 125 139 140 123 155 136 135 142 128 129 131 136 133 130 138 145 144 159 141 113 166 181 183 179 174 167 170 158 145 132 124 123 121 121 124 128 123 126 122 125 123 123 121 117 104 127 203 243 239 235 240 238 238 240 239 240 241 240 241 240 241 240
26 26 22 25 31 29 29 30 34 37 92 145 156 147 148 148 146 146 143 140 141 140 126 74 49 56 48 85 125 139 129 116 151 133 124 121 124 126 118 126 135 129 128 136 146 154 167 141 111 184 179 177 182 171 166 163 150 143 127 115 119 126 126 129 121 126 130 125 116 122 120 121 113 108 110 199 238 245 238 239 238 239 239 240 241 241 241 241 242 242
19 19 25 29 24 28 36 30 26 37 107 156 163 159 163 158 153 154 147 147 148 149 115 73 51 61 52 72 117 136 115 132 134 104 110 85 112 127 126 126 127 135 135 134 153 162 165 156 114 158 181 175 174 175 176 169 155 145 131 118 116 119 121 130 135 131 114 124 126 118 119 118 117 118 99 93 225 245 235 238 239 239 239 239 240 242 242 243 243 243
23 21 20 24 27 31 33 23 28 49 123 160 161 157 160 154 151 148 150 151 146 142 91 69 56 63 63 75 117 132 89 127 131 101 111 56 94 105 112 117 124 134 142 154 155 157 160 173 153 129 177 170 173 179 173 168 159 146 132 114 110 121 125 125 128 134 132 124 118 116 108 115 116 123 119 99 102 223 247 240 240 239 240 239 240 243 243 245 243 244
25 29 22 22 28 26 24 27 30 67 142 159 157 155 157 154 150 148 153 156 150 142 100 80 75 71 55 72 111 122 90 132 124 121 94 59 115 105 94 110 107 126 137 153 158 161 162 167 178 123 165 178 176 184 179 168 160 139 122 101 90 99 115 134 136 140 130 131 132 127 117 115 112 111 121 124 99 128 227 243 240 239 242 241 242 244 242 244 244 244
27 27 25 27 26 22 27 34 29 84 160 163 160 161 161 159 157 154 148 154 155 144 118 81 68 75 51 76 99 99 99 146 133 124 63 87 139 129 112 106 106 110 140 152 159 165 170 170 172 147 147 179 179 179 172 166 152 134 109 79 64 67 82 111 135 139 140 137 134 132 117 115 111 112 118 117 113 106 145 221 241 239 243 242 243 244 241 243 241 240
26 25 25 26 25 25 28 30 32 112 169 170 163 163 160 158 157 154 156 159 160 161 135 85 69 71 54 68 83 86 113 143 145 112 69 155 167 159 135 111 99 100 125 159 165 165 168 170 170 162 130 169 179 174 174 157 138 115 92 62 56 68 89 113 134 140 142 145 142 140 123 123 114 109 108 114 119 112 114 134 158 179 208 225 237 251 245 246 246 241
27 31 26 28 30 28 30 28 56 130 172 169 165 163 159 157 159 159 163 167 166 159 132 92 72 63 49 45 69 87 124 138 155 96 67 131 146 170 147 108 89 80 119 159 165 167 163 171 173 162 135 164 173 172 171 148 131 102 65 65 81 93 119 112 117 136 132 141 139 134 134 133 124 119 114 112 115 116 112 113 103 103 109 129 152 180 206 230 243 253
27 31 25 26 23 21 31 29 83 147 171 166 168 164 161 160 159 163 168 173 173 164 139 107 70 56 52 33 60 90 135 122 159 87 33 41 54 117 157 119 97 73 113 156 163 164 162 165 175 172 144 155 163 165 163 139 106 80 62 79 99 101 106 88 107 129 137 141 143 146 142 139 129 130 129 119 114 119 120 118 120 109 94 99 104 108 114 121 138 165
62 43 28 27 28 37 50 49 109 160 172 168 169 165 167 164 162 167 171 175 177 174 154 122 79 67 63 39 56 92 145 114 158 76 119 63 31 54 134 105 89 69 114 164 168 162 166 163 166 183 144 145 151 156 147 125 86 60 66 98 104 100 100 63 68 123 152 149 153 155 145 151 149 141 135 131 131 128 119 111 119 121 112 107 105 110 109 106 116 117
66 43 34 36 50 64 69 82 138 173 179 174 170 166 171 166 168 170 175 179 179 178 163 133 95 79 63 40 45 83 140 110 133 73 109 44 33 44 106 106 93 63 109 156 162 159 167 168 163 187 141 143 146 150 131 100 59 62 96 112 123 126 108 92 65 133 160 159 166 160 154 153 154 146 140 138 137 131 125 128 119 121 117 104 101 114 113 116 124 127
54 45 47 52 73 82 79 108 161 180 184 179 171 169 175 168 170 170 177 185 184 180 169 145 98 77 55 39 40 72 117 94 111 70 23 33 34 49 103 104 86 59 120 157 157 151 151 164 172 181 140 144 143 137 110 71 60 103 131 137 135 131 141 131 69 103 157 172 162 159 164 159 157 153 150 149 148 142 135 137 130 130 132 119 104 104 102 117 119 122
45 42 48 61 92 106 109 141 180 187 187 181 174 175 179 172 171 174 180 187 188 186 175 155 98 71 54 40 46 68 93 81 100 81 24 43 50 73 109 93 76 63 129 157 157 153 150 158 176 167 139 134 136 116 90 66 95 141 157 148 150 144 144 144 89 61 125 166 163 164 163 158 162 157 154 150 149 150 148 148 147 142 135 128 115 108 100 107 109 124
37 43 61 84 111 127 141 168 197 196 192 184 177 179 180 174 175 182 183 184 190 192 180 158 101 68 54 34 46 63 79 79 87 91 47 63 84 115 111 89 73 77 138 154 152 152 159 162 175 158 142 127 135 105 87 89 132 155 158 151 153 149 153 150 122 48 63 125 163 161 153 151 155 151 154 151 146 149 153 153 149 150 142 141 134 125 110 99 100 110
37 62 84 114 140 157 178 190 206 199 194 188 180 181 180 173 175 181 185 186 191 195 186 173 119 75 57 43 48 58 74 71 90 89 61 80 118 123 103 85 72 91 155 153 153 157 163 158 183 148 138 121 127 114 102 117 144 150 157 163 159 154 156 153 137 90 57 77 130 164 160 146 146 147 153 152 150 154 156 155 154 151 153 149 147 132 123 109 98 99
61 89 114 140 162 175 194 206 210 209 205 193 182 181 185 183 183 186 187 188 193 197 188 174 142 89 63 57 54 61 73 73 79 81 74 57 84 95 88 83 75 119 153 156 148 162 148 176 167 140 116 126 125 124 140 128 141 149 160 160 162 162 159 154 150 108 111 123 86 143 154 161 148 139 142 150 147 157 152 165 163 164 162 153 152 141 133 121 108 96
84 114 139 162 180 191 205 213 215 213 204 190 183 183 185 183 184 187 193 192 190 192 189 179 157 112 72 58 54 65 71 77 78 93 77 72 61 97 102 98 86 140 155 150 149 149 165 176 130 131 110 133 127 137 138 148 147 145 152 152 156 156 161 150 159 118 97 150 167 123 137 165 156 135 129 128 143 153 156 155 161 169 169 161 162 152 140 127 118 103
111 137 159 178 194 202 209 212 219 216 204 193 188 186 185 186 186 189 196 197 191 193 194 186 164 118 86 74 64 67 76 77 89 103 82 81 79 97 108 106 109 143 143 156 155 151 158 136 120 105 129 143 142 147 158 164 160 160 154 145 150 147 159 159 163 133 92 131 175 146 111 151 165 151 130 116 128 132 152 149 154 166 169 170 171 162 149 134 123 119
134 156 175 190 203 210 212 213 217 215 208 199 192 185 184 190 191 187 191 195 194 196 193 182 164 140 111 83 82 76 83 85 78 80 92 89 86 86 114 124 132 147 139 151 157 145 114 107 98 130 159 143 147 153 169 165 164 169 151 119 129 140 146 158 165 141 106 109 173 200 168 152 158 165 140 127 123 123 132 145 153 161 163 171 170 164 156 142 129 125
141 162 182 195 207 214 216 219 214 210 204 198 193 185 182 186 188 186 190 193 192 191 187 180 178 148 126 106 98 81 92 97 89 80 72 100 126 130 130 127 124 155 163 147 135 110 105 111 140 162 163 153 150 167 170 166 167 165 158 107 92 125 137 156 173 148 112 90 135 177 151 119 149 170 158 128 114 117 114 135 150 158 159 170 168 164 159 147 136 120
149 168 188 200 211 216 217 221 212 207 201 195 191 187 183 182 184 187 193 196 193 189 187 187 175 164 142 124 121 105 103 104 107 109 96 94 108 139 144 112 85 139 134 117 102 105 132 166 170 165 163 155 163 174 170 160 163 159 164 123 70 91 117 149 174 154 118 89 116 184 182 142 133 154 174 156 122 113 108 122 141 157 159 172 171 169 163 150 140 122
160 176 193 203 212 214 211 214 204 206 203 192 183 181 182 181 181 183 187 192 194 191 188 188 179 173 151 140 134 127 120 116 123 124 128 100 70 86 78 80 69 86 118 150 128 152 167 167 167 166 156 160 161 159 161 164 163 158 151 137 86 75 92 129 176 158 117 91 95 185 202 195 153 150 175 201 138 112 96 97 129 153 156 169 170 170 163 151 139 131
162 179 194 206 215 214 208 207 199 202 195 185 187 181 180 180 180 183 181 186 190 188 188 183 178 168 164 164 153 141 137 132 126 128 150 94 92 126 107 109 98 146 189 183 162 162 166 161 160 160 158 167 165 163 162 156 154 147 151 141 112 81 73 114 161 165 121 96 83 143 191 168 119 150 166 198 152 118 96 87 110 138 152 164 165 168 172 152 140 126
168 176 195 212 213 206 207 214 203 199 189 178 176 173 178 175 179 181 179 181 185 185 184 180 173 168 166 167 161 154 153 149 144 144 150 148 136 110 102 126 148 167 168 156 159 158 151 158 160 166 170 171 170 167 164 150 151 151 150 151 127 94 79 77 106 152 131 97 78 117 182 184 132 134 159 176 160 133 101 80 100 130 149 162 166 166 164 148 140 127
171 181 194 205 211 209 206 207 204 196 191 184 179 177 181 172 174 174 174 173 176 180 176 173 172 170 165 164 160 154 152 150 154 156 160 204 176 118 136 162 171 171 174 170 164 161 160 164 162 159 165 169 175 173 181 180 193 184 160 151 129 103 94 71 80 137 135 97 82 106 183 194 154 135 169 168 162 129 98 74 90 120 144 157 164 165 161 152 135 123
161 182 191 192 198 197 191 195 190 185 186 184 180 176 177 165 172 171 173 170 173 178 172 170 169 168 162 160 156 149 149 152 160 165 173 199 169 126 157 176 169 173 179 182 188 189 188 193 189 182 188 189 196 189 202 210 207 187 156 140 123 106 103 79 77 123 141 100 81 93 174 192 144 121 166 176 167 129 99 69 87 114 142 151 154 156 149 141 130 119
162 177 183 185 190 185 180 186 184 182 181 178 178 173 174 168 170 169 171 168 170 175 170 169 166 163 158 157 153 145 147 154 163 171 187 160 147 138 156 175 170 166 171 177 183 190 191 191 194 191 194 180 180 172 180 182 164 154 141 134 119 107 118 95 77 107 128 91 82 85 147 170 126 107 158 179 157 134 101 73 82 109 141 151 152 155 148 137 128 118
159 166 171 172 173 178 178 173 179 179 176 172 173 168 169 167 169 167 167 165 167 169 167 168 166 162 158 156 149 141 143 147 150 155 172 105 101 129 143 154 152 148 148 151 154 154 152 156 153 152 159 154 153 144 145 148 143 140 133 130 115 109 127 90 67 99 117 83 79 82 130 169 137 115 160 177 149 140 104 81 77 102 134 146 147 151 146 136 128 118
146 158 169 167 163 171 179 175 175 175 173 170 172 167 168 165 169 169 166 168 169 167 168 168 164 162 160 158 150 144 145 142 139 138 144 86 85 116 134 146 146 131 133 138 135 141 147 144 146 138 138 137 133 126 124 134 140 135 130 124 124 120 120 76 59 90 107 83 76 94 145 178 163 132 163 175 157 134 97 73 76 100 128 146 150 150 147 141 128 118
140 145 154 162 166 167 171 178 172 170 169 167 170 167 170 166 165 167 165 170 171 164 165 164 162 162 161 158 149 145 144 133 131 130 125 104 105 92 95 120 134 133 128 126 134 139 139 146 145 142 137 131 127 131 127 132 142 146 154 135 134 122 103 78 57 75 92 85 73 112 167 174 159 132 155 167 156 112 97 83 81 105 130 149 153 143 135 130 130 119
140 156 153 160 165 161 169 171 169 165 171 164 165 167 162 162 161 167 168 169 172 169 167 173 171 167 158 156 148 144 137 125 119 113 129 106 141 77 85 86 103 117 127 131 129 137 137 139 135 134 132 125 131 125 128 133 144 153 148 144 128 106 95 76 61 75 83 83 85 144 179 164 118 124 149 157 135 106 93 80 86 106 125 138 143 142 137 128 127 119
131 151 155 160 164 161 165 165 161 159 165 162 166 166 164 165 160 162 165 168 169 168 167 168 166 162 159 152 146 131 133 123 117 121 123 95 88 76 89 125 132 113 118 109 126 127 129 132 125 129 132 128 132 130 137 142 145 149 144 139 135 117 96 90 81 89 93 80 90 124 147 123 65 115 144 137 133 118 87 80 82 105 128 141 144 140 135 128 133 124
130 150 156 156 159 161 164 167 162 163 165 161 163 161 161 158 161 160 163 165 165 167 170 170 167 159 144 140 130 127 116 115 114 120 107 90 81 96 102 81 96 138 107 91 89 106 113 123 122 126 131 125 124 122 128 131 133 137 148 132 119 120 104 92 94 98 92 82 105 163 173 156 89 115 133 142 126 106 88 92 97 111 128 142 142 133 131 132 126 118
124 144 156 158 161 162 161 163 162 165 165 161 162 161 162 156 155 158 163 166 167 168 168 166 159 147 141 119 112 109 99 108 106 101 96 90 93 87 74 57 79 131 118 124 107 94 106 119 124 128 131 124 112 106 112 117 127 138 147 125 114 113 94 93 96 103 103 91 134 187 167 106 71 114 121 137 125 112 107 109 110 119 124 132 140 142 139 130 125 120
117 135 148 153 158 159 159 164 164 164 163 161 162 156 158 154 155 158 159 160 164 166 163 161 149 130 117 93 85 89 91 96 100 118 101 84 71 73 79 81 80 92 102 110 118 112 99 109 121 125 129 123 107 100 105 114 127 141 144 122 116 117 102 96 95 106 99 98 125 150 115 57 72 111 111 127 125 118 115 115 115 121 127 135 139 136 134 132 123 120
115 135 146 151 155 153 153 156 161 155 157 160 162 154 154 156 155 157 158 160 167 167 157 149 129 112 94 89 77 86 90 86 132 134 76 57 63 66 74 78 82 83 93 104 112 124 96 112 119 128 133 128 110 101 103 114 121 141 151 132 116 114 100 83 96 111 105 108 162 168 160 85 85 106 121 130 118 122 127 123 115 127 132 132 131 132 132 126 122 120
102 128 138 145 152 153 160 162 160 154 160 159 160 155 151 153 157 157 157 159 163 164 156 144 127 102 86 72 83 89 95 102 155 101 49 42 75 72 65 91 76 77 95 111 120 132 121 100 122 131 130 131 124 121 110 107 118 132 136 124 117 104 91 101 100 114 118 127 176 158 76 65 91 103 113 120 126 128 128 129 124 123 123 130 135 134 131 128 125 123
90 124 138 149 154 152 157 153 153 153 162 156 160 163 157 156 152 152 158 160 159 160 154 141 117 100 86 61 68 83 82 130 160 57 41 79 74 59 81 102 86 93 103 106 121 133 135 117 101 126 136 135 124 121 114 116 113 117 127 121 117 112 98 101 117 121 116 156 144 91 43 67 99 114 115 124 137 129 127 122 123 128 131 136 135 129 129 130 128 125
82 111 128 140 150 156 159 150 156 155 158 157 151 153 156 153 149 150 154 157 161 156 150 134 108 79 62 57 70 76 84 152 124 46 63 78 60 77 98 103 80 92 110 110 123 129 131 128 91 123 131 133 125 111 118 124 121 122 123 121 111 112 111 107 118 121 115 117 83 44 56 89 100 108 120 134 140 134 128 128 129 127 139 134 128 132 129 132 129 118
72 98 117 132 143 150 155 149 156 153 156 156 151 152 156 154 151 151 153 153 155 154 145 121 98 73 56 47 63 75 90 151 85 61 85 59 112 147 135 107 82 86 110 119 125 126 131 132 114 112 132 129 127 114 110 108 126 134 127 122 116 107 110 124 125 128 87 49 33 40 71 91 106 126 137 134 133 132 128 124 131 129 136 134 131 133 129 129 122 109
69 88 106 124 134 141 148 145 154 151 152 154 152 153 155 153 145 145 149 149 152 154 143 109 78 60 56 50 64 76 89 125 71 91 91 81 159 181 164 115 79 80 111 123 124 132 138 134 140 105 134 127 132 125 113 100 112 117 124 118 123 109 119 120 135 103 38 36 40 64 80 104 121 132 136 131 128 125 125 129 129 129 128 129 131 129 123 118 107 95
68 80 96 115 126 134 143 143 149 148 150 152 152 154 154 151 149 146 150 149 150 153 142 104 66 49 52 47 55 69 79 89 76 127 56 68 95 131 171 125 86 80 107 124 126 133 135 130 140 109 132 130 137 136 122 104 99 112 122 126 113 122 125 129 134 73 32 40 59 78 102 129 136 130 127 129 130 128 128 131 129 131 127 129 131 124 115 106 88 81
72 78 90 107 118 126 134 137 140 143 147 148 150 155 154 148 151 145 148 146 145 148 140 106 62 50 51 45 55 72 73 72 100 122 54 117 49 56 119 120 93 77 94 126 132 128 128 136 131 130 133 139 141 141 133 115 96 101 112 117 109 118 118 134 127 48 33 50 85 116 131 129 128 130 132 127 121 125 130 128 128 132 127 128 127 115 105 94 84 83
66 74 85 99 113 124 133 140 141 144 147 147 146 148 145 138 146 143 148 148 146 145 136 104 51 46 42 39 56 77 63 65 98 106 56 55 33 36 87 114 91 81 89 122 132 128 131 142 133 154 134 142 139 141 141 130 108 82 97 103 111 105 119 136 92 35 62 104 123 132 128 125 125 123 120 117 120 130 132 125 127 130 126 124 117 104 95 85 84 84
65 76 86 95 109 119 126 137 136 138 141 145 146 145 144 143 144 146 153 151 148 145 132 100 57 47 39 38 52 82 63 70 96 87 29 33 34 41 60 110 97 96 94 121 131 129 134 138 135 157 129 139 137 141 141 137 120 87 81 98 94 93 110 124 81 55 88 105 117 112 117 119 120 120 118 120 128 132 132 133 129 128 125 119 107 97 91 85 85 81
61 75 85 91 105 114 121 135 140 139 141 145 145 141 140 142 138 143 148 143 142 141 131 100 66 48 41 44 48 83 63 70 89 93 38 48 67 70 96 113 106 102 93 125 135 129 135 141 132 150 128 142 145 147 142 139 134 108 78 90 97 91 92 89 65 75 91 97 98 107 104 102 107 122 126 126 132 131 127 131 128 123 121 112 98 91 88 84 82 74
57 69 86 92 102 117 123 129 129 140 138 141 139 140 140 138 137 142 143 137 145 136 127 96 71 51 43 44 53 88 71 74 94 93 45 63 88 118 141 117 109 115 97 123 134 133 137 134 146 164 140 143 138 151 144 147 136 120 94 79 99 108 90 88 80 84 84 94 97 94 105 113 118 122 121 127 129 126 128 124 122 120 114 102 95 94 89 87 82 69
59 62 78 90 102 113 119 129 127 136 139 141 140 144 138 137 140 139 138 140 144 131 126 88 63 50 48 39 56 91 83 87 94 103 62 97 149 172 145 109 119 118 112 128 141 141 133 139 166 158 139 141 142 152 145 149 134 131 114 84 83 101 102 97 93 97 99 108 110 109 117 118 113 118 125 127 127 126 121 119 118 113 105 97 95 90 83 86 81 76
61 63 80 94 104 111 118 132 130 133 138 137 137 144 137 138 142 137 135 135 139 129 118 79 54 44 52 44 69 96 86 87 91 109 83 92 166 158 121 111 133 121 115 130 132 144 144 137 189 157 139 144 138 146 150 147 143 128 120 104 82 79 88 100 100 112 114 117 119 116 120 124 121 120 127 125 124 124 117 118 114 107 104 98 89 87 85 84 81 82
69 71 85 96 105 114 116 123 127 131 136 137 137 141 135 134 135 133 139 130 137 135 103 67 54 49 57 49 75 107 92 75 81 102 104 59 110 118 99 123 134 125 120 127 133 140 150 140 209 146 147 151 149 146 154 147 143 131 132 127 108 96 96 104 114 122 114 114 124 123 122 127 128 127 130 127 125 124 115 108 100 107 102 88 87 92 87 84 86 85
65 70 88 98 104 114 120 128 130 134 130 133 131 134 138 138 137 133 136 126 131 132 100 68 60 47 51 61 85 118 106 86 90 83 124 103 70 110 108 125 129 136 119 130 131 136 140 188 203 130 148 141 153 144 150 153 148 145 140 129 121 118 116 118 119 124 124 128 133 131 128 130 130 133 128 123 119 118 115 101 112 97 97 99 93 90 89 88 90 87
79 75 88 101 109 115 119 127 127 133 130 135 131 132 137 136 136 131 130 133 131 127 109 76 56 52 55 72 96 127 120 90 99 95 87 112 85 110 115 127 131 129 131 135 127 136 137 221 152 143 150 151 153 151 154 152 150 148 140 132 127 120 116 122 127 127 133 135 129 131 139 140 138 126 119 126 119 105 108 111 97 103 103 94 89 89 88 92 91 89
79 72 87 104 111 115 119 128 130 132 130 133 128 132 134 135 135 131 126 131 128 128 119 93 62 57 59 82 109 122 125 97 96 125 96 115 107 107 120 116 122 125 124 126 135 133 191 194 121 155 147 153 144 151 156 151 152 150 141 134 129 127 129 133 133 130 135 137 134 139 140 132 128 128 126 120 114 113 112 104 102 98 100 97 94 101 101 95 93 93
71 64 79 98 109 115 115 121 131 129 133 134 129 133 128 130 129 131 129 128 129 135 121 103 64 58 55 74 112 124 143 120 93 130 133 134 124 117 119 118 123 128 132 125 130 169 201 136 138 144 149 146 152 152 151 155 155 145 139 138 133 131 137 139 133 139 142 139 141 143 136 129 131 124 123 116 111 114 110 105 107 105 108 104 96 95 95 98 99 99
56 59 82 101 107 112 114 119 124 119 129 131 128 131 130 128 128 129 129 129 129 130 128 116 81 59 63 72 113 133 137 138 113 120 146 149 132 131 133 135 144 141 146 130 161 185 152 136 143 147 150 146 153 152 150 156 150 145 145 137 139 134 138 139 142 144 143 146 141 135 135 126 130 122 123 113 115 115 110 106 103 104 105 99 101 92 96 98 96 93
68 73 86 93 101 114 118 118 122 118 122 126 128 131 131 128 127 129 128 129 128 130 134 129 104 73 76 82 114 134 137 138 136 126 110 134 144 148 145 144 138 139 143 149 151 130 126 138 141 150 153 147 151 155 160 150 149 146 145 141 141 138 142 144 149 144 143 137 135 138 130 125 117 114 110 112 107 109 107 114 113 105 103 103 99 101 100 98 95 92
55 72 79 81 97 109 108 114 116 116 115 119 119 118 126 133 130 129 126 127 128 130 134 133 138 103 98 97 115 122 126 138 142 149 59 85 119 140 139 136 137 133 127 123 126 122 129 136 139 139 147 151 154 150 155 155 149 147 143 144 143 145 146 148 141 146 140 138 139 125 124 149 167 175 172 175 169 153 121 102 107 109 109 97 99 100 96 90 93 91
53 62 71 76 81 89 96 103 104 109 109 117 117 109 116 129 132 130 126 131 136 134 133 130 133 135 129 112 118 124 127 130 140 136 51 58 125 120 107 100 106 119 131 127 129 129 133 137 140 140 148 146 149 147 147 154 145 144 140 146 142 144 139 139 135 129 132 121 128 167 204 236 247 242 243 240 244 245 226 171 99 95 109 103 102 98 95 96 95 93
38 49 54 58 66 67 72 84 84 92 94 105 113 106 106 111 125 129 129 135 139 136 132 131 133 136 132 131 128 116 125 141 143 68 69 101 136 140 134 134 129 135 129 126 132 130 139 139 141 142 146 145 150 150 148 140 137 141 141 147 140 137 129 128 134 131 144 190 224 238 251 242 239 239 240 239 239 233 245 244 187 88 80 96 97 99 102 96 99 97
30 32 39 46 44 47 55 52 51 62 65 71 82 88 94 101 117 128 129 128 129 128 134 141 138 136 132 131 122 119 135 141 100 60 137 182 140 138 132 128 121 129 135 127 131 135 138 142 137 140 139 142 143 139 145 134 137 139 137 139 137 146 159 171 192 220 238 241 244 243 238 238 236 238 238 243 236 240 243 242 248 197 92 69 79 84 84 90 89 88
22 25 22 24 29 32 38 40 41 47 50 47 49 54 61 73 91 114 127 132 135 134 135 139 135 137 134 118 109 126 130 116 87 92 124 134 131 133 133 125 120 120 138 136 140 142 137 142 137 139 139 134 138 135 143 160 167 176 193 205 218 225 238 246 242 240 236 240 238 235 239 237 236 242 238 239 238 240 232 238 244 251 203 85 75 77 74 75 83 82
28 28 25 29 30 27 31 30 39 38 43 46 47 43 38 47 48 75 93 105 117 121 119 118 119 113 105 79 71 89 78 66 75 82 86 92 102 109 110 109 116 125 133 135 132 128 140 135 127 119 128 109 100 93 132 239 236 235 240 238 242 236 239 239 236 236 238 234 238 242 236 239 239 234 241 235 238 239 241 240 237 240 249 181 83 71 78 76 76 75
31 24 24 25 28 25 33 26 32 34 39 45 48 47 44 41 42 43 49 56 62 68 68 64 61 59 48 37 43 53 50 46 47 44 52 50 52 64 74 94 111 124 126 131 130 132 103 81 83 112 106 81 76 85 110 227 238 236 232 233 237 236 233 236 236 236 237 237 236 236 237 237 237 238 238 238 238 238 239 240 240 240 244 241 157 67 77 72 77 79
33 32 30 26 32 24 27 32 36 30 28 36 41 39 39 44 49 44 41 44 44 38 37 41 38 42 33 35 46 47 45 42 49 50 75 94 95 99 102 105 107 123 132 137 131 90 54 43 81 112 94 78 83 100 104 187 241 238 236 236 236 235 235 237 236 236 237 237 237 238 238 238 238 238 239 239 239 238 239 239 240 242 238 246 224 112 72 75 70 74
34 37 37 30 33 26 26 37 33 34 36 41 42 36 36 46 38 45 41 39 40 36 36 34 44 40 34 44 62 64 72 94 120 123 137 123 89 82 101 115 101 114 128 112 80 51 49 63 104 125 85 73 78 110 116 196 246 238 234 234 234 236 238 237 236 235 236 237 237 239 239 238 238 239 240 240 239 239 239 238 238 239 238 242 244 196 78 79 76 81
49 43 42 40 44 46 42 39 41 40 33 34 46 51 47 46 40 48 40 36 38 41 47 44 46 44 43 36 60 88 96 118 131 136 139 105 67 63 70 78 97 89 85 59 44 63 62 108 133 109 79 66 89 124 135 227 235 235 237 238 236 235 235 235 235 235 235 236 237 238 238 238 239 239 239 239 239 239 239 238 240 239 246 232 246 232 140 77 74 80
45 44 47 46 43 48 47 40 44 49 44 37 41 45 43 44 42 42 41 48 48 44 45 41 44 49 49 35 55 93 109 130 129 134 147 119 88 81 66 57 55 62 42 40 60 98 112 126 123 85 67 73 105 118 175 246 236 236 232 232 236 237 235 236 235 235 236 237 236 236 238 238 238 238 238 239 239 239 239 239 239 243 236 248 238 243 176 81 77 81
46 53 50 49 47 50 48 43 40 49 53 51 49 44 41 44 45 42 43 46 47 49 49 46 45 46 46 54 76 102 125 141 137 127 138 123 98 89 73 61 49 44 50 46 79 117 105 92 78 72 62 91 128 170 230 237 232 237 237 235 237 235 233 236 235 236 237 237 236 236 238 238 238 238 238 238 239 239 239 239 239 235 240 244 239 246 173 84 79 83
48 60 52 54 48 46 48 48 49 51 54 55 53 48 45 46 47 46 48 41 42 49 47 47 46 41 47 76 107 135 154 151 137 126 129 127 104 80 66 57 54 51 63 81 112 103 64 64 81 89 117 158 190 229 234 235 236 236 234 233 235 236 235 235 235 235 236 236 236 237 238 238 238 238 238 239 240 240 239 238 238 240 242 240 241 245 178 79 76 82
54 59 46 53 48 45 49 45 48 46 47 51 54 53 51 49 48 45 51 49 49 47 37 47 52 46 76 116 133 138 141 141 134 136 135 143 127 93 80 74 83 96 112 126 97 64 55 92 136 178 212 219 236 231 233 234 232 233 236 236 234 234 235 233 235 234 234 235 236 237 237 237 238 238 239 240 241 240 239 238 239 239 240 244 238 243 184 72 73 81
65 61 54 52 47 43 47 49 49 49 48 46 38 51 51 49 50 51 50 44 45 66 105 136 96 66 105 132 130 124 112 108 110 120 116 127 137 137 130 128 145 133 108 70 59 80 135 186 225 228 234 234 232 232 231 233 235 234 236 236 235 235 235 238 235 235 235 235 236 237 237 238 237 237 238 239 238 238 239 239 240 239 240 241 241 244 186 72 56 80
50 56 54 49 46 49 53 50 47 51 51 54 51 56 48 50 47 38 38 60 102 152 193 215 141 92 127 98 110 118 111 103 100 95 86 92 94 105 112 106 87 65 55 73 134 195 230 241 232 231 234 233 231 232 231 233 235 234 236 235 235 235 234 238 235 235 235 236 236 237 237 238 237 237 238 239 238 238 239 239 239 238 240 241 240 243 186 74 42 65
