210 210 213 213 210 218 212 213 215 211 218 212 215 210 214 216 208 218 209 208 204 202 190 180 169 166 171 192 214 209 216 219 224 227 228 226 227 229 226 224 226 226 227 225 227 228 226 229 229 231 232 233 233 232 231 232 233 233 233 233 234 235 235 234 234 234 234 235 235 235 236 236 239 239 238 238 239 239 239 238 240 240 239 238 239 240 240 240 241 241
210 214 210 209 214 205 216 212 214 214 210 216 209 205 206 213 202 199 195 189 182 173 155 158 152 150 149 186 198 203 218 218 218 222 226 226 225 224 225 229 222 225 228 226 227 228 227 231 231 231 230 230 232 233 234 235 233 234 234 234 234 235 235 234 235 235 235 235 236 236 237 238 239 239 239 239 239 240 240 239 240 240 239 239 240 240 240 240 242 242
211 212 208 211 213 213 215 216 212 214 214 204 206 179 191 191 183 187 175 160 155 155 134 158 143 155 157 160 157 172 192 215 215 220 226 230 229 226 225 226 226 225 226 226 229 231 228 229 230 231 232 233 233 233 232 232 233 234 234 234 234 235 235 234 235 235 235 236 236 237 238 239 239 239 239 239 240 240 240 240 240 241 240 240 240 241 241 241 242 243
210 212 211 213 208 213 210 210 204 203 208 194 177 154 150 148 161 165 159 113 121 110 114 144 136 152 160 150 155 160 181 204 213 218 222 225 225 226 227 225 227 225 226 225 226 228 227 228 230 232 233 232 231 230 231 234 233 234 234 235 235 235 235 234 235 235 235 235 236 237 238 239 239 238 238 238 239 239 240 240 240 241 241 240 241 241 241 241 242 243
212 215 211 213 216 209 212 191 180 182 183 191 172 146 152 135 131 134 138 103 102 84 102 122 119 129 135 156 163 151 180 193 195 205 215 225 227 226 230 229 223 226 231 229 226 226 228 232 228 232 235 236 237 235 235 235 234 234 234 235 236 236 235 234 235 235 235 235 236 237 239 240 239 238 238 238 239 239 240 240 240 241 241 240 241 241 241 241 242 242
213 212 211 208 207 205 199 185 166 154 171 143 168 140 120 130 111 88 87 96 76 72 85 82 76 97 107 124 119 116 142 177 186 193 205 224 230 225 223 215 220 220 226 228 227 229 228 229 232 232 230 229 231 232 232 233 235 234 234 235 236 236 235 234 235 236 236 236 237 238 239 240 239 239 239 239 239 240 241 241 241 242 242 241 241 241 241 241 242 242
208 211 217 206 187 181 154 159 156 130 132 102 104 101 85 91 96 109 94 64 69 71 77 73 75 81 85 83 93 104 95 121 166 186 202 211 208 207 219 220 226 224 228 230 231 233 231 229 232 234 235 235 236 234 232 232 235 235 235 236 235 235 235 236 236 236 237 237 237 238 239 240 240 240 239 239 240 241 242 242 241 243 242 241 241 241 242 242 243 243
211 204 193 178 179 166 151 155 151 146 107 80 66 78 70 78 80 84 76 58 64 66 68 59 69 60 67 66 82 83 75 83 92 121 140 149 155 172 195 193 201 203 209 207 200 200 203 207 223 228 233 235 234 232 233 235 234 235 236 236 235 233 235 237 236 236 237 237 238 238 239 239 241 240 239 239 240 241 242 242 242 244 243 241 241 241 242 243 244 244
192 182 154 133 147 165 149 123 111 108 84 79 83 72 74 71 70 76 77 65 61 71 65 49 61 61 63 64 67 60 74 84 74 84 88 97 110 112 118 139 165 164 176 182 173 168 170 188 196 193 205 208 217 233 238 232 234 236 234 236 234 235 236 236 236 240 235 239 238 238 239 241 240 240 239 240 241 242 242 241 242 243 243 243 243 243 243 243 245 244
167 175 157 123 103 116 129 106 98 96 82 82 79 73 78 78 91 85 77 71 70 65 59 65 64 59 62 69 57 52 67 77 76 67 71 86 94 96 105 117 155 170 171 169 154 166 173 180 186 192 182 177 180 184 238 236 232 235 235 234 237 233 234 234 237 237 237 240 236 242 242 236 240 240 239 239 240 241 242 242 242 242 243 243 243 242 243 243 244 244
143 135 150 127 97 98 87 84 85 78 77 94 91 89 92 99 101 97 90 86 92 94 90 92 93 89 82 88 76 67 60 64 67 64 63 71 84 95 102 107 125 144 150 136 127 137 173 188 169 178 187 183 178 167 189 248 234 235 232 235 234 235 236 236 236 240 240 239 234 238 236 239 241 241 240 240 240 241 242 242 242 243 243 243 243 242 243 243 244 244
149 128 102 122 108 72 90 96 88 97 110 124 110 113 111 119 116 102 113 133 135 131 134 142 144 142 132 133 133 131 120 116 114 120 115 111 121 129 132 134 132 128 139 138 138 121 142 156 138 156 171 185 193 169 163 245 239 239 235 240 230 234 237 238 239 237 237 239 236 238 237 244 241 241 241 241 241 241 242 243 242 243 244 244 243 243 243 244 244 244
94 88 94 78 86 118 124 135 134 130 128 141 137 141 132 138 133 123 134 143 142 148 148 138 143 137 143 145 148 150 153 145 144 143 143 145 144 143 146 150 153 145 141 134 134 139 141 143 148 152 157 160 156 123 143 215 230 233 237 239 241 234 236 236 238 234 238 245 240 243 240 238 240 241 241 241 241 241 242 242 243 243 244 244 243 243 244 244 245 246
80 72 84 116 134 136 144 152 146 150 147 149 149 155 146 145 143 141 145 141 138 145 148 143 145 137 143 143 148 143 145 143 146 151 151 151 154 153 152 155 152 149 156 153 152 153 152 156 158 165 168 160 159 156 142 150 146 142 149 155 202 206 221 224 231 243 237 235 237 239 238 242 240 240 241 241 241 242 242 242 243 243 243 243 243 243 244 244 241 243
84 106 129 152 156 151 155 148 154 157 156 156 153 148 148 154 154 151 149 144 143 147 146 145 148 145 144 143 147 147 150 162 158 166 162 157 162 162 156 155 149 148 154 154 158 159 162 160 161 174 168 171 167 174 155 146 150 142 133 116 132 124 140 149 167 208 224 237 243 239 239 245 241 241 241 241 242 243 243 242 243 243 243 243 244 244 244 244 245 247
132 141 154 156 154 153 153 165 164 163 160 160 162 156 157 155 152 154 157 152 148 151 149 145 148 150 153 148 127 129 135 147 165 158 162 169 166 164 167 165 157 157 147 160 158 167 167 165 173 171 173 170 165 170 165 163 161 156 149 144 131 121 119 119 112 123 137 179 209 231 244 229 243 242 241 242 243 244 244 244 244 243 243 243 244 245 245 244 244 247
148 148 155 154 160 155 164 174 169 166 167 165 163 163 160 160 154 155 151 153 148 156 154 151 158 157 141 106 86 104 129 151 169 154 159 168 170 169 169 166 166 164 154 155 158 172 170 174 174 171 174 173 174 174 168 167 164 157 138 135 132 139 140 135 125 114 108 102 109 150 212 233 246 242 245 242 245 241 242 244 246 245 241 242 247 244 248 252 251 250
150 150 158 159 162 163 172 170 174 173 175 172 167 162 159 162 166 164 160 161 154 157 160 165 166 144 106 89 85 139 151 160 153 161 150 153 180 176 174 179 174 172 156 160 164 172 171 175 178 173 177 179 176 178 174 168 159 142 128 110 111 114 129 125 128 124 121 107 108 100 118 178 214 232 243 245 239 252 239 243 244 247 241 251 239 254 249 213 169 112
155 153 154 156 163 167 175 168 166 168 172 170 167 166 164 166 161 159 159 163 160 163 168 174 150 111 72 69 95 157 163 157 149 140 158 159 160 173 175 176 183 174 158 162 163 171 173 179 181 178 181 181 180 181 175 169 157 131 106 97 99 102 117 125 130 145 153 133 126 119 99 84 83 166 229 226 245 246 246 248 237 250 241 250 239 200 129 84 75 152
152 157 154 157 162 161 170 173 167 170 172 168 168 172 169 166 163 161 159 161 163 168 169 166 137 102 79 89 126 159 160 148 134 131 150 147 141 182 171 172 180 168 161 171 168 174 174 180 184 188 187 184 187 184 175 172 150 135 110 116 123 136 141 137 139 142 145 130 122 118 112 104 72 90 133 217 242 241 245 246 249 225 205 152 116 101 133 173 219 204
151 156 153 160 166 167 170 170 174 173 173 170 170 173 170 168 173 170 167 164 166 170 171 168 141 113 86 99 136 156 158 151 134 126 142 145 100 153 163 157 172 172 157 173 175 173 180 188 184 191 191 188 188 185 176 170 149 124 90 105 137 140 138 137 137 132 145 129 128 134 116 111 100 87 90 151 220 241 248 232 177 124 120 118 168 213 231 191 140 110
150 154 158 162 160 170 174 172 175 171 172 172 171 170 169 174 168 167 171 169 170 169 174 175 157 125 93 89 136 151 154 139 136 128 149 121 63 129 159 155 156 175 148 172 185 172 183 190 188 191 196 196 189 186 181 165 141 101 102 143 157 150 142 135 125 127 147 137 127 131 127 115 103 104 88 80 128 202 208 149 126 166 212 234 243 198 151 107 106 103
156 154 159 163 161 175 174 175 178 177 178 175 172 172 171 174 164 166 172 169 172 172 179 178 167 125 93 71 122 147 153 138 140 155 174 86 65 130 165 167 151 170 140 163 182 175 187 196 193 196 202 203 193 189 182 160 118 101 147 152 117 118 127 122 132 136 136 136 135 126 129 125 108 102 98 82 69 106 143 145 193 226 211 176 149 116 105 105 112 108
156 157 165 170 168 175 168 181 176 181 182 173 171 177 175 171 170 170 174 167 175 183 192 185 174 131 98 78 110 150 147 144 159 177 164 65 107 134 162 177 152 159 141 160 178 184 190 199 192 198 201 201 194 186 174 151 113 122 151 101 118 107 86 99 127 132 141 136 137 136 133 132 129 120 102 93 83 78 109 141 147 147 135 127 131 117 107 107 110 112
159 163 162 159 161 169 176 178 187 183 177 180 178 178 184 179 175 176 179 178 178 186 191 187 175 135 97 83 100 147 140 157 151 176 142 68 159 141 161 180 166 147 142 142 171 184 193 192 199 197 200 195 192 184 157 134 115 146 121 133 112 108 86 91 102 111 128 148 145 144 136 136 135 122 114 104 92 86 73 100 139 150 152 151 144 141 142 128 117 97
157 161 166 171 174 174 176 181 185 184 186 184 182 184 183 180 183 183 179 179 185 191 191 191 174 138 103 81 90 140 147 157 161 177 127 50 97 114 147 174 174 140 131 139 162 194 198 194 201 198 201 201 187 171 147 111 120 148 149 139 123 95 84 91 93 110 106 135 149 147 136 137 128 115 122 105 96 83 80 82 97 137 152 150 158 145 144 141 140 137
162 165 168 173 178 177 180 190 186 188 195 191 190 192 185 186 183 185 185 186 188 190 194 201 184 145 103 75 82 130 150 148 157 177 103 84 48 71 148 155 170 131 120 137 158 199 195 192 196 194 200 197 182 159 128 104 148 154 156 128 125 97 97 95 94 100 103 124 128 133 130 134 126 125 129 112 100 97 81 79 73 92 135 147 161 153 148 147 157 147
161 166 167 171 178 178 178 186 187 188 192 191 193 192 187 190 196 192 194 196 195 198 201 199 185 144 100 73 76 111 140 141 155 162 80 112 54 49 131 146 159 129 104 121 163 200 192 201 194 196 201 186 173 144 109 122 168 162 155 132 127 108 110 96 99 118 125 121 130 125 122 144 142 141 134 102 102 115 97 92 84 69 77 102 139 152 153 147 149 151
167 170 170 174 182 182 182 190 192 193 190 196 200 195 193 193 196 195 197 197 196 200 204 199 188 143 91 75 83 105 127 131 135 157 91 36 40 45 107 145 156 114 93 118 169 200 206 200 196 197 200 180 158 131 118 157 184 172 160 150 137 116 123 107 99 120 148 146 158 145 145 161 167 157 138 125 100 106 97 98 95 80 73 56 75 138 151 155 143 155
164 164 167 177 185 180 178 188 192 192 189 197 200 194 194 190 192 199 200 197 198 203 207 210 204 152 84 69 84 102 115 120 122 150 111 40 52 63 113 143 141 114 95 119 183 194 197 202 200 196 195 178 146 130 149 182 180 167 163 160 143 112 130 127 94 76 151 173 170 171 171 172 164 163 150 140 138 104 101 95 87 88 88 80 59 82 111 144 146 142
167 164 167 176 181 178 181 191 191 192 194 198 198 198 197 193 196 196 192 192 198 202 203 204 195 161 97 79 83 99 101 103 115 131 113 49 81 80 123 143 142 104 93 124 190 198 197 195 207 200 187 167 143 145 169 182 181 175 173 166 148 124 150 168 123 75 129 176 181 182 173 176 181 170 158 150 135 127 122 89 86 82 82 78 68 63 62 108 151 138
162 164 171 177 180 179 181 185 188 188 197 195 193 200 198 195 193 190 193 196 195 198 204 206 195 171 106 82 82 107 105 104 99 110 130 87 69 129 130 138 127 90 104 144 193 201 200 197 205 198 178 150 149 168 175 179 183 180 172 170 158 150 158 175 134 76 70 153 186 180 183 182 173 172 172 169 158 138 105 100 86 71 68 71 76 73 62 66 102 134
165 166 170 177 177 177 175 188 193 196 198 195 198 200 193 196 194 193 197 196 199 204 203 205 198 175 119 107 97 97 109 109 104 97 120 109 79 104 119 145 129 92 113 165 198 196 196 198 204 202 161 152 161 164 180 181 185 177 178 177 175 159 163 174 138 79 44 112 174 175 180 178 174 175 167 171 170 164 155 129 95 71 66 65 65 59 56 59 64 97
163 168 166 170 174 175 171 183 188 189 191 192 195 198 195 194 195 195 199 200 202 205 203 203 197 188 147 129 110 105 110 111 112 100 94 110 100 67 112 154 124 95 131 184 197 197 195 201 211 179 158 159 166 171 177 187 187 184 188 187 167 151 158 181 143 93 30 61 151 186 173 176 180 178 170 171 172 171 170 157 133 112 84 61 69 66 56 69 57 65
162 170 167 171 175 178 179 186 187 188 189 193 196 199 201 197 196 197 200 200 200 202 202 204 199 198 165 137 111 109 112 118 107 119 96 100 112 98 118 153 119 115 162 204 198 198 187 195 204 166 161 163 163 176 178 177 185 195 186 193 170 152 162 164 136 94 55 83 132 171 178 179 182 180 177 173 171 169 167 166 167 161 132 115 105 79 73 62 64 48
165 170 173 180 173 173 178 178 187 190 187 191 193 194 199 197 191 195 200 201 200 198 198 199 201 200 176 146 118 115 110 116 111 114 115 97 113 123 128 152 125 149 188 203 195 194 185 193 189 172 175 180 176 183 182 163 165 184 190 199 175 152 156 159 139 96 66 120 150 160 177 173 176 179 182 178 176 174 168 172 168 169 158 155 127 90 92 70 67 46
165 165 167 174 170 175 184 191 192 194 187 188 193 192 195 195 195 195 195 196 196 196 198 199 196 195 179 154 126 120 113 121 120 122 130 122 118 149 169 162 157 185 202 191 185 180 182 187 189 180 177 186 186 185 187 174 147 157 196 187 164 147 138 156 152 109 73 141 182 170 172 168 165 170 177 173 172 173 167 172 167 169 177 171 152 124 105 90 83 72
164 168 169 175 180 182 179 189 198 197 189 188 195 196 194 194 195 194 193 196 198 197 198 195 195 191 180 162 132 124 118 127 127 134 127 135 125 160 189 186 183 195 198 185 181 174 185 186 185 179 175 179 186 192 192 184 140 114 152 163 153 135 133 161 159 114 74 117 169 171 172 165 169 170 176 175 173 172 168 171 169 170 172 171 169 153 131 106 80 75
164 168 171 171 177 182 172 183 193 190 188 187 192 195 191 192 195 195 191 192 193 192 196 196 199 194 188 179 151 140 127 123 133 143 143 130 131 150 188 199 194 191 190 185 182 180 184 185 187 182 174 172 181 197 202 192 155 89 100 151 144 115 131 164 157 111 83 126 187 173 165 177 171 166 169 172 169 165 166 170 171 172 165 172 176 160 148 114 91 79
160 163 173 170 172 182 174 183 186 183 189 189 189 192 190 192 189 193 192 193 189 186 192 195 194 187 184 187 168 160 141 125 133 144 152 148 145 161 191 189 191 185 181 182 183 192 186 193 187 181 173 179 185 195 204 190 168 90 87 135 129 126 139 153 153 112 86 110 169 173 180 176 175 162 159 163 157 151 157 165 166 166 163 169 178 165 151 137 105 83
161 163 163 174 174 172 172 179 184 183 182 181 184 193 189 190 192 196 188 189 195 192 190 191 185 186 188 184 179 176 165 146 140 149 159 166 171 172 177 184 182 181 185 189 199 193 191 200 202 197 193 190 194 201 198 192 180 116 78 91 110 125 138 158 158 98 89 120 196 203 180 180 185 169 157 152 154 150 152 158 163 165 159 164 169 175 150 123 100 87
161 163 163 169 169 172 172 173 180 183 185 181 185 189 185 186 191 196 191 188 189 191 194 192 186 186 185 182 178 178 177 171 156 160 168 181 190 191 189 190 192 188 190 192 197 197 201 198 203 205 208 203 198 199 196 191 180 148 89 83 112 120 125 151 177 101 88 126 207 211 170 190 195 175 168 149 143 142 134 145 148 147 157 163 167 176 161 147 111 98
158 163 164 166 168 178 176 172 176 182 187 178 186 184 184 185 187 187 190 197 196 189 187 185 185 186 185 182 178 173 171 172 160 161 170 187 201 203 200 199 198 200 198 194 197 194 196 198 199 200 206 202 197 203 204 200 178 163 126 100 113 118 108 142 187 112 99 114 138 186 171 187 206 185 165 150 136 122 116 125 138 143 154 154 162 176 170 146 112 100
155 165 167 166 169 179 175 172 172 180 186 175 186 183 187 188 186 182 184 190 189 182 179 180 181 183 183 183 182 175 168 166 159 160 169 185 198 202 203 206 205 197 198 197 200 194 192 199 196 195 203 206 208 215 207 192 172 147 122 95 102 111 96 133 178 124 99 101 167 212 185 182 202 186 157 139 124 116 113 114 119 124 133 152 172 171 167 135 112 102
156 167 167 163 166 172 166 170 170 178 184 174 185 182 187 187 185 190 189 181 181 185 185 184 182 183 181 178 178 176 170 167 159 160 167 179 186 190 195 200 204 176 187 192 191 194 193 192 192 190 196 201 206 211 197 178 163 143 108 86 97 102 98 139 174 134 95 105 176 217 193 175 194 172 157 141 124 115 94 101 109 112 119 142 169 167 162 135 115 107
156 164 165 160 162 169 164 172 170 177 180 176 183 180 184 181 177 184 187 181 180 182 182 186 187 187 182 175 172 172 170 166 156 156 162 170 175 178 183 187 191 172 184 184 181 185 186 186 184 181 181 180 182 188 183 175 162 141 117 88 84 94 94 132 163 136 88 104 147 205 194 176 182 171 152 133 115 114 97 98 103 100 109 127 159 173 155 129 112 105
155 159 163 160 161 172 170 174 174 177 178 179 178 177 181 177 182 179 184 185 183 182 185 194 189 186 182 177 172 171 169 163 153 153 158 165 168 172 175 176 178 178 183 181 181 177 179 182 175 176 175 169 169 172 171 173 165 145 140 98 64 78 88 126 159 116 91 94 125 168 179 175 178 170 144 134 116 109 97 94 88 85 99 117 135 153 146 141 119 113
156 156 163 162 160 174 172 169 177 179 176 179 174 175 179 177 183 179 184 184 183 188 190 190 188 181 177 174 169 166 162 153 152 152 156 160 161 164 167 166 168 168 170 178 181 174 180 171 168 170 169 165 166 169 169 175 161 148 137 101 64 69 86 113 141 92 91 108 155 194 184 175 174 162 144 129 115 120 98 95 90 94 98 112 123 146 141 122 114 109
156 150 157 155 158 165 162 169 171 178 178 175 174 171 178 176 181 178 177 180 184 188 190 189 184 187 177 177 171 159 149 145 141 144 151 158 154 155 144 142 154 159 160 168 164 168 169 173 167 169 168 165 166 169 170 173 157 134 119 86 59 68 78 101 134 87 96 124 175 196 184 173 174 165 145 126 111 107 93 96 87 90 93 104 119 132 132 121 102 92
145 151 152 152 154 159 165 165 166 170 175 171 172 171 174 176 176 177 179 179 180 182 184 185 177 179 173 167 160 156 137 134 131 141 151 148 140 134 120 126 125 138 145 151 150 150 155 168 162 163 163 166 166 168 174 166 150 128 107 77 55 63 79 113 124 83 107 142 183 181 168 178 165 158 141 126 121 108 108 103 100 95 95 116 135 130 120 116 104 93
139 147 149 149 151 157 163 162 163 164 173 169 172 173 172 176 176 179 179 176 175 178 183 185 180 175 173 166 144 135 111 117 124 139 142 130 125 118 114 125 125 123 134 142 146 149 153 149 157 162 160 162 159 161 172 165 146 127 99 75 60 61 76 110 102 88 118 132 163 164 161 173 156 154 141 130 130 114 114 116 107 115 120 128 136 134 120 102 93 81
139 140 147 147 150 155 154 159 162 162 169 168 172 171 171 172 171 174 174 171 173 178 181 182 178 169 159 148 119 115 104 117 133 139 125 118 107 105 104 133 144 133 139 136 138 143 152 144 140 141 140 146 154 165 172 163 144 128 101 86 76 73 81 103 91 97 129 137 156 156 160 162 160 152 136 134 138 131 112 124 117 118 127 138 139 136 126 103 98 87
134 138 145 146 148 150 149 155 158 161 163 165 170 165 168 165 164 171 173 173 176 179 179 179 173 172 145 128 111 112 112 122 130 113 102 89 78 100 129 141 147 150 151 138 142 143 147 152 136 132 144 151 156 171 171 159 138 127 105 91 78 78 86 101 99 100 134 167 172 148 151 155 160 148 138 143 143 136 120 130 129 126 136 150 145 133 125 114 102 92
128 142 143 146 146 144 152 153 154 158 158 161 166 162 165 160 161 170 174 173 175 178 179 181 175 167 122 105 105 101 110 121 105 81 76 73 86 119 136 149 146 157 171 160 149 144 147 155 142 133 153 158 153 167 169 156 132 126 109 89 71 78 93 109 105 103 122 147 138 132 150 157 158 144 141 147 151 139 140 131 131 136 138 143 148 145 131 115 107 97
128 141 139 144 146 142 149 151 151 154 157 157 162 161 161 156 158 166 168 167 169 171 174 180 172 169 140 114 97 83 104 113 93 84 62 73 123 80 144 154 143 144 163 168 154 156 158 162 147 133 142 150 154 170 171 157 139 132 116 94 77 85 97 111 106 115 128 133 114 139 157 157 151 150 154 155 151 143 148 138 135 140 139 141 144 136 124 115 108 96
133 133 134 139 144 141 141 149 149 150 157 152 157 159 155 153 155 162 165 166 170 171 172 177 169 166 148 111 91 94 120 99 82 68 78 103 83 77 153 160 139 143 162 174 161 158 152 163 147 139 133 137 147 153 150 140 126 118 108 94 89 103 108 119 113 117 130 133 110 139 148 156 148 159 165 159 148 153 144 142 141 141 141 144 142 135 128 119 98 84
134 130 132 136 139 143 135 145 147 150 148 150 150 147 148 149 150 154 160 165 167 170 172 174 165 154 115 97 80 91 106 88 72 72 99 87 65 112 163 160 137 136 157 174 170 161 159 167 155 140 133 119 111 114 122 113 115 113 109 103 101 103 116 123 119 114 104 76 100 136 139 149 154 163 162 162 155 153 149 144 143 141 139 140 137 136 118 102 89 82
134 132 132 135 139 144 138 144 143 148 147 139 142 149 147 151 153 151 154 160 163 166 170 171 167 142 96 80 68 94 108 85 70 100 108 76 129 149 163 162 140 128 144 168 172 166 164 169 168 149 137 129 122 116 121 115 110 111 112 104 109 102 120 130 118 89 76 77 115 132 135 152 155 162 164 164 158 155 147 142 140 139 137 137 132 125 101 85 74 70
130 131 128 132 137 143 140 140 135 143 149 141 147 153 143 146 150 143 147 156 160 165 170 170 163 124 72 66 67 101 102 79 79 125 84 101 153 161 152 159 143 122 135 167 177 171 165 165 172 157 143 142 141 129 129 119 111 116 106 101 101 101 122 139 112 43 39 74 118 137 149 149 151 151 154 154 149 149 137 134 135 132 131 127 115 109 90 71 68 69
131 134 129 131 132 137 134 129 139 139 140 137 142 144 139 146 144 140 146 155 159 165 169 165 162 116 60 63 80 111 99 86 107 124 84 45 80 144 145 154 133 112 126 162 175 171 168 167 171 164 144 138 140 134 137 125 118 116 99 90 97 107 130 133 92 29 45 94 139 146 150 151 156 151 152 150 144 143 129 126 121 117 119 112 93 94 82 61 60 62
127 130 124 127 128 134 134 130 138 138 140 146 147 142 141 142 141 144 151 155 156 162 165 159 162 113 56 59 84 115 104 98 117 103 122 53 51 119 149 150 131 113 123 156 171 171 172 172 169 171 153 140 139 133 138 129 124 114 106 75 91 99 135 125 63 30 74 121 147 145 143 146 156 145 141 135 130 136 129 131 127 118 109 98 83 86 81 71 57 60
124 124 121 122 121 128 128 129 132 135 138 143 142 139 142 138 139 146 152 151 153 159 162 158 153 107 57 57 84 116 115 105 126 92 44 29 37 105 148 151 134 118 125 156 173 173 174 173 166 172 164 153 145 133 136 132 124 114 107 77 85 94 115 97 49 64 121 144 139 143 147 147 149 143 141 137 128 129 121 120 114 106 90 81 76 72 61 61 51 53
117 116 118 120 119 126 125 130 130 135 140 139 139 141 141 140 137 145 147 146 150 156 158 157 145 106 63 63 97 123 127 116 127 90 38 70 55 100 137 153 128 115 120 153 173 172 172 173 168 170 166 154 145 133 132 129 131 114 95 78 76 93 91 76 72 113 134 139 142 147 140 139 142 140 135 128 113 110 107 104 100 98 87 78 73 70 59 60 55 57
118 116 123 125 121 125 121 128 127 131 139 135 137 141 135 140 140 145 145 144 149 152 152 153 139 105 63 64 109 126 131 126 121 90 60 111 92 120 137 145 132 118 118 150 170 167 168 174 171 172 170 158 150 138 128 116 124 110 99 83 74 82 81 81 112 129 115 128 137 142 140 141 142 140 130 117 94 87 87 86 75 82 85 77 65 68 61 52 51 53
120 119 123 124 123 126 127 127 127 129 133 135 140 132 132 139 140 144 152 146 142 149 149 148 129 99 64 64 123 132 130 128 124 91 83 137 109 122 130 153 134 126 120 146 162 164 167 170 174 169 171 160 146 142 126 109 112 125 107 76 77 73 80 93 119 111 108 117 131 135 141 142 132 121 119 100 98 89 77 78 73 74 69 76 70 58 59 49 57 54
120 123 119 123 124 124 129 121 129 127 134 136 137 135 139 137 137 135 143 147 141 137 146 160 139 93 67 79 125 132 139 129 121 115 101 148 103 121 146 148 143 128 123 150 160 162 169 171 167 167 167 162 152 142 133 121 106 125 117 97 77 72 74 93 97 108 113 111 122 136 137 130 136 107 111 116 108 90 82 79 67 70 81 69 61 62 51 52 65 67
119 121 115 117 118 118 125 119 127 130 133 133 140 139 140 139 143 139 136 138 139 141 147 147 136 98 74 79 117 134 146 130 139 135 73 82 102 137 148 140 144 125 125 150 153 155 164 165 166 167 160 160 153 142 139 134 104 115 118 108 89 85 80 90 93 107 120 121 127 132 128 131 131 115 106 117 125 95 79 95 89 86 76 70 70 61 54 61 66 75
117 117 121 121 119 119 118 120 126 130 131 131 142 141 139 140 139 140 137 140 137 134 140 141 128 96 77 84 130 143 140 138 128 133 92 52 110 136 138 144 138 125 130 153 153 157 166 166 168 165 159 158 153 144 141 136 128 110 110 100 93 79 76 89 98 122 137 127 128 141 135 133 130 127 126 128 119 105 99 87 90 86 69 70 60 58 82 76 81 87
120 118 119 117 115 115 117 123 127 124 130 134 138 138 141 138 138 140 135 136 135 133 135 129 112 90 83 83 121 141 135 142 127 128 120 62 115 129 125 134 135 130 136 152 151 155 161 162 165 162 165 162 155 151 141 133 138 128 125 105 98 92 93 101 114 127 141 142 138 137 123 128 127 132 125 116 100 93 98 97 80 80 76 84 92 92 92 90 97 93
114 119 114 117 116 112 118 117 125 124 129 132 138 135 138 139 137 143 141 136 133 132 132 128 103 80 85 89 114 143 145 142 140 125 131 102 108 102 110 137 139 138 143 152 151 156 160 163 163 162 169 164 156 154 144 137 139 140 138 135 128 132 127 134 140 139 137 138 132 135 129 138 128 117 111 115 102 98 94 78 66 72 88 103 105 99 101 106 103 96
109 121 117 116 115 116 123 120 121 128 130 128 137 135 136 142 139 137 140 143 139 132 130 138 117 93 82 79 101 141 154 138 145 135 138 120 99 114 134 137 140 137 141 151 150 156 159 163 163 164 166 163 158 153 146 140 139 144 142 141 139 149 145 139 135 133 125 128 124 136 133 133 119 121 122 125 109 102 88 71 74 102 104 106 106 101 107 104 102 101
98 114 123 116 115 121 122 120 121 126 133 130 131 134 141 141 141 140 143 139 139 139 130 128 151 126 99 93 100 113 134 144 135 138 124 116 123 137 137 143 153 145 147 156 152 155 155 157 162 166 161 163 163 152 144 136 138 136 139 140 141 133 133 123 131 131 125 136 131 137 128 117 103 111 112 121 108 80 68 99 118 118 108 109 112 118 125 109 107 112
100 108 105 121 119 119 118 127 116 121 132 133 135 139 135 134 141 145 143 141 138 136 140 141 142 138 127 107 112 112 134 144 141 135 123 126 132 140 152 146 149 159 146 150 144 157 158 158 158 165 161 161 155 152 148 147 138 126 133 129 127 136 136 138 137 136 139 120 117 124 107 102 104 95 99 98 97 88 103 118 121 119 119 108 120 120 113 111 120 113
86 104 108 117 123 117 115 125 127 124 129 134 137 139 138 141 142 142 140 144 146 142 139 136 143 144 143 128 121 118 134 141 143 137 131 138 144 144 149 149 146 154 142 147 149 145 157 162 160 164 162 165 158 149 142 143 138 133 137 137 147 134 139 136 129 122 117 106 112 116 102 108 99 81 86 91 100 117 133 119 118 120 121 124 130 119 122 124 116 111
65 79 97 109 117 115 119 121 127 130 135 135 135 137 139 144 147 148 145 147 149 146 143 139 142 140 146 143 137 141 145 143 140 141 139 139 145 152 154 149 140 149 143 134 150 148 157 150 157 165 159 155 151 153 148 141 143 142 142 142 144 125 128 124 121 115 115 112 114 119 112 107 90 72 81 106 125 127 130 126 120 125 129 132 130 120 125 126 119 116
58 63 79 94 101 106 113 111 120 124 127 130 135 141 142 143 145 151 151 148 146 145 147 145 145 139 143 146 145 153 149 143 149 141 141 143 145 148 146 145 146 140 139 125 142 149 155 158 154 157 153 155 154 154 148 142 137 137 136 134 118 113 111 109 114 107 107 112 114 111 100 89 92 105 120 130 134 124 121 131 132 134 139 130 126 130 128 124 121 118
62 65 65 79 87 96 95 106 114 115 116 121 126 129 136 145 142 148 150 150 148 147 149 149 142 142 142 142 140 144 142 142 145 137 141 144 141 142 142 141 146 144 149 145 147 149 151 156 155 158 154 154 150 149 144 138 137 133 126 128 120 127 129 131 119 127 113 99 103 103 102 108 113 127 136 133 127 132 136 136 138 136 137 130 126 135 132 127 131 127
69 72 71 83 80 83 72 79 95 109 108 99 100 113 129 137 142 141 140 144 146 143 142 142 138 141 138 136 138 137 139 140 136 138 142 141 137 142 148 147 146 149 143 151 147 147 152 149 149 158 156 152 146 151 152 146 137 134 124 131 142 138 141 141 132 118 94 88 102 110 116 130 142 138 133 136 135 140 140 140 140 137 130 138 134 131 132 131 127 122
76 72 71 75 73 78 75 79 89 85 79 87 94 93 103 117 133 136 134 136 140 141 140 134 135 139 132 129 136 128 135 132 134 136 134 141 141 136 144 152 151 148 135 151 154 151 159 160 152 154 155 162 157 155 153 150 147 142 130 126 122 107 98 98 101 113 126 127 126 130 133 139 133 140 135 137 137 139 136 145 142 141 134 144 140 134 132 133 127 119
70 74 73 70 84 85 78 83 81 81 76 79 83 77 78 82 81 97 103 103 107 114 112 100 100 106 102 98 104 92 106 102 112 124 121 127 136 133 136 139 141 149 144 143 146 149 153 150 151 150 142 139 130 127 118 106 102 96 89 80 63 80 84 105 102 122 138 136 140 144 139 144 137 142 136 139 138 140 139 149 137 139 139 139 136 141 131 131 121 111
67 72 69 66 72 73 68 66 62 71 71 73 74 75 60 62 65 66 68 63 60 54 67 70 65 65 64 59 62 62 61 62 75 81 93 98 99 100 110 112 114 123 105 100 100 107 117 114 122 133 138 120 85 76 73 75 66 69 66 69 58 62 66 77 64 71 77 86 98 113 127 141 142 144 146 138 143 145 134 140 137 138 140 145 136 133 131 124 112 104
65 70 69 79 70 70 63 70 67 66 63 70 76 70 55 59 54 54 62 46 47 55 53 49 46 49 55 54 51 58 53 61 74 87 75 72 83 90 97 101 86 88 79 80 89 112 125 121 120 146 156 152 138 112 95 87 76 70 56 59 52 52 56 61 56 51 48 55 52 62 71 83 92 113 130 135 142 135 143 136 141 142 137 138 134 132 124 115 106 96
89 77 66 71 74 72 64 64 64 71 70 60 67 67 59 57 59 67 67 57 55 49 50 51 52 50 52 55 50 66 57 68 70 92 77 82 89 85 81 84 79 76 87 98 125 161 154 144 139 152 158 190 210 209 183 183 182 174 149 72 51 62 53 53 44 43 44 35 44 64 75 56 64 85 88 100 107 133 144 142 143 139 138 140 126 123 119 106 101 86
142 132 113 93 84 73 69 68 71 74 72 59 65 62 57 53 61 69 58 57 59 46 47 52 56 54 56 59 55 67 64 72 73 84 79 94 89 83 76 81 75 83 72 124 158 145 155 162 150 175 214 220 229 235 232 243 233 241 239 207 87 55 67 65 74 51 33 50 65 78 73 63 68 82 85 58 45 62 84 118 131 129 128 130 117 111 104 93 81 65
169 179 179 168 129 108 82 66 73 73 73 58 58 54 59 63 60 60 60 57 56 57 52 55 60 54 53 60 67 75 84 84 99 102 109 121 106 102 87 83 88 83 111 135 116 106 137 189 232 232 232 228 223 244 232 234 245 237 242 251 204 64 38 47 121 178 137 108 71 64 65 59 46 43 44 42 41 32 29 42 87 104 99 100 107 101 83 78 61 50
193 184 187 189 164 150 123 87 66 58 61 63 66 66 68 68 62 56 57 69 64 63 66 65 68 65 66 69 67 64 78 78 93 109 125 128 118 125 116 115 120 135 138 122 128 171 206 239 242 239 235 235 241 239 239 241 237 241 235 241 245 190 77 32 71 205 232 158 90 66 36 45 36 46 36 40 38 38 45 31 54 82 83 78 78 76 63 58 45 41
212 196 199 200 195 191 176 140 95 68 65 77 70 64 71 86 88 80 62 81 80 67 65 60 64 63 68 77 71 71 77 77 80 100 118 127 136 145 149 156 161 163 158 181 210 231 238 237 231 241 234 238 233 239 239 239 237 236 246 236 241 239 179 87 46 57 126 87 161 144 88 78 57 55 63 46 51 37 45 31 29 57 76 78 66 62 55 43 42 47
215 214 209 209 200 211 206 191 168 134 114 111 90 90 99 111 93 98 81 80 85 79 65 71 73 70 76 89 82 99 109 121 120 124 135 160 186 190 198 205 218 225 233 236 235 240 235 233 238 235 238 240 236 239 238 238 237 243 237 238 243 237 239 199 148 82 60 119 227 237 219 202 181 175 166 73 36 36 32 39 35 50 59 65 59 58 54 48 45 58
216 212 219 216 211 214 211 208 206 185 169 151 124 115 119 116 116 145 118 94 100 93 90 90 88 87 104 129 138 146 164 172 179 192 197 219 228 228 232 232 235 236 235 233 233 233 234 235 236 237 237 237 237 239 239 238 240 240 239 238 239 240 241 243 241 206 181 215 248 245 243 243 242 250 216 81 38 43 37 34 37 57 41 54 54 52 52 54 66 68
215 216 220 217 216 218 213 215 214 206 204 190 153 127 134 154 172 188 154 124 121 114 121 126 112 118 137 152 150 161 189 205 205 217 218 236 238 233 236 235 236 236 235 234 235 236 235 234 236 237 237 237 237 239 239 238 239 239 239 239 240 240 241 242 239 252 247 245 243 241 248 246 244 248 210 78 41 48 40 33 53 67 43 49 47 53 63 70 65 67
