73 85 100 105 97 82 77 112 118 84 55 31 39 45 53 71 74 86 86 67 65 55 46 44 33 30 27 24 26 28 26 28 24 40 37 42 47 51 59 161 183 195 108 151 200 194 182 177 172 179 186 205 188 192 201 193 182 176 173 177 175 170 175 176 173 175 175 174 177 173 168 175 175 175 174 173 171 172 174 174 175 175 174 174 174 174 172 171 169 169
90 104 87 78 84 109 106 98 80 81 63 57 63 65 61 57 60 60 52 47 48 47 38 36 35 34 29 33 39 40 45 47 65 59 45 44 46 48 50 118 182 196 172 174 211 200 211 199 199 196 190 192 188 195 180 182 190 193 184 176 175 177 173 175 174 175 175 172 174 176 173 172 174 174 174 174 173 173 174 174 173 174 174 174 173 172 172 172 172 172
95 95 82 90 110 80 73 73 80 88 76 68 62 52 27 32 22 27 28 35 31 36 33 35 36 46 44 49 50 48 57 57 50 58 79 72 46 53 61 65 123 181 192 164 188 210 210 210 202 199 213 203 200 213 228 198 175 177 197 202 177 179 177 174 171 173 177 174 170 173 172 170 172 173 175 176 176 175 174 172 174 175 176 175 173 173 173 174 172 172
107 100 97 98 95 74 64 62 77 68 62 49 37 45 39 37 42 44 39 38 31 33 31 28 34 49 47 43 43 48 56 52 55 53 60 56 50 55 64 63 88 140 165 168 173 227 222 211 198 189 186 189 182 177 186 190 202 200 183 195 197 184 168 173 177 175 178 175 172 175 175 173 177 175 174 173 173 174 176 175 174 175 175 175 173 172 173 175 174 174
85 94 117 94 83 89 83 91 86 77 56 48 54 50 58 59 54 52 44 34 30 24 28 24 30 24 29 44 53 52 54 64 66 59 63 74 77 62 58 59 63 95 152 185 174 195 223 218 167 152 162 163 156 175 173 174 179 197 209 195 191 204 180 176 175 173 173 169 170 175 174 172 175 174 174 175 175 175 174 172 175 174 173 173 172 172 172 172 170 170
89 97 70 56 78 68 75 81 65 58 60 65 67 52 60 65 62 54 47 40 41 33 42 40 34 33 34 33 34 36 36 44 51 61 64 61 63 61 71 86 87 74 95 133 165 162 189 176 112 120 145 150 164 179 174 171 165 200 201 198 197 192 194 176 167 172 179 175 172 175 174 173 176 175 173 172 172 174 175 173 176 174 173 173 174 173 172 173 171 172
106 86 95 100 65 60 58 65 73 78 78 65 63 66 70 84 84 77 67 60 48 41 51 48 37 45 49 50 48 46 47 49 51 49 57 62 56 59 65 62 72 78 80 83 94 109 154 152 87 132 167 172 183 213 216 206 176 195 207 210 211 197 202 187 171 167 175 178 173 171 172 173 173 173 173 174 173 174 174 172 176 174 173 174 175 174 173 174 171 171
79 91 75 67 71 75 72 72 72 72 61 68 67 84 105 106 104 98 88 91 78 81 78 59 60 66 65 76 82 77 77 72 62 67 64 66 72 79 79 90 101 105 106 118 108 94 125 163 141 150 211 215 216 215 221 224 219 192 219 220 216 205 202 194 197 166 161 174 177 176 175 174 174 173 172 171 171 173 175 174 174 172 172 173 173 172 172 173 173 174
87 70 80 72 71 76 77 83 91 106 108 97 97 110 105 120 127 107 111 97 89 116 102 97 103 116 128 130 132 125 124 122 126 125 121 120 118 134 136 146 142 143 143 155 150 153 153 148 154 156 155 174 192 209 203 193 200 186 204 219 217 220 205 204 193 183 149 168 178 171 171 174 170 175 175 172 174 174 171 172 173 176 173 169 173 176 174 172 175 174
49 72 63 46 61 48 49 55 70 91 94 122 121 96 115 119 112 129 128 123 119 119 116 131 143 160 150 153 148 149 148 138 142 138 141 146 147 144 151 148 150 157 155 150 156 150 158 166 165 163 152 142 140 170 207 221 201 177 176 213 220 207 201 197 194 192 168 153 174 172 169 173 168 172 172 173 176 176 172 171 172 175 174 172 175 176 173 171 171 170
72 52 39 66 82 84 91 83 78 85 89 90 114 115 116 127 117 131 128 140 147 142 143 148 153 153 158 154 154 152 147 153 150 146 141 150 147 146 147 151 153 154 155 155 164 160 162 161 161 162 159 158 158 142 143 157 188 195 181 200 212 206 205 197 198 194 168 141 178 170 169 175 172 171 170 169 169 169 170 170 173 174 173 171 173 173 173 174 175 174
65 72 100 87 78 73 79 99 109 98 96 84 91 107 117 122 129 133 142 151 153 156 158 160 154 154 151 148 157 153 156 151 156 152 156 160 150 158 148 152 155 156 156 163 161 166 163 161 162 166 168 161 163 157 160 156 147 152 149 155 157 170 185 189 202 197 153 138 178 174 173 164 172 171 172 173 170 170 171 169 172 172 171 171 171 171 173 177 172 171
82 81 62 79 86 98 110 104 103 108 105 107 102 111 126 133 140 146 154 154 161 167 162 163 162 163 156 160 156 153 148 151 158 145 154 142 135 154 164 161 151 158 158 164 166 172 167 170 174 172 170 166 171 165 172 173 164 166 161 161 157 151 143 149 151 156 131 154 175 169 172 172 167 168 172 175 173 173 174 173 170 170 172 173 173 170 171 173 172 172
69 69 76 86 86 75 79 86 98 104 118 128 111 105 112 139 151 160 167 166 171 170 168 161 163 157 162 160 155 151 144 160 146 143 139 130 130 154 168 165 149 155 170 171 175 173 174 172 167 171 166 166 177 174 170 169 165 164 162 164 155 158 162 155 144 153 143 152 146 154 164 170 176 174 171 169 169 171 171 169 173 172 172 173 172 170 171 172 171 171
59 79 92 96 83 95 90 82 88 108 115 129 148 140 121 123 140 143 157 165 170 169 174 167 167 167 160 151 161 159 161 151 126 117 106 107 110 151 168 172 158 159 175 177 179 178 177 169 172 173 176 180 174 178 181 173 175 178 171 170 161 154 150 148 152 149 151 152 153 151 148 146 145 160 171 174 173 172 171 173 174 172 171 171 170 170 172 172 171 170
96 104 120 113 85 83 82 89 99 102 126 131 136 133 131 134 146 143 158 166 174 169 171 174 168 166 164 162 163 164 138 126 126 91 106 110 107 145 163 151 137 159 173 178 176 177 169 178 175 178 174 180 174 174 174 177 176 173 170 167 162 166 161 161 153 151 160 147 157 148 152 147 143 144 141 145 162 174 175 172 170 169 171 173 172 172 172 170 169 169
106 112 104 81 65 73 79 94 103 116 124 124 137 140 139 144 150 169 169 178 181 172 179 178 176 170 174 176 174 154 128 129 92 86 97 109 121 155 142 116 117 142 178 178 172 176 167 178 182 178 182 179 178 181 185 177 172 161 170 163 168 164 159 159 161 160 156 150 153 155 150 148 144 144 148 143 134 137 164 178 175 171 162 174 173 175 170 168 176 170
82 83 83 84 99 94 101 112 120 126 133 141 140 163 166 154 138 159 161 168 177 176 177 171 175 178 173 172 166 135 103 109 105 74 93 123 136 140 99 63 113 148 178 180 178 183 180 183 184 179 186 178 184 185 175 178 180 172 170 174 163 162 152 159 155 154 152 150 155 158 154 155 155 142 142 148 142 146 137 141 167 176 177 173 169 172 173 173 175 171
99 108 110 114 109 112 127 134 144 147 156 164 154 164 170 166 154 167 173 175 176 180 182 177 171 179 175 152 135 112 107 105 87 67 111 142 133 98 36 64 147 172 175 169 186 184 186 183 183 178 171 178 187 174 173 176 174 174 172 168 164 163 162 159 154 156 158 151 147 152 152 148 155 151 142 146 145 137 142 140 124 147 175 171 174 168 169 178 166 169
80 92 98 112 121 144 157 155 157 161 166 167 182 178 183 188 181 179 190 191 184 187 187 182 182 182 154 126 123 108 100 87 67 85 108 153 108 28 25 128 166 173 163 170 188 190 189 185 187 182 189 184 181 179 180 180 176 179 168 167 160 167 167 161 157 151 154 153 148 152 154 151 149 151 158 150 152 145 143 144 134 129 134 178 172 175 173 169 173 172
91 108 125 130 147 150 158 176 172 181 177 167 188 186 188 186 194 184 188 186 184 190 188 186 194 184 158 137 117 93 93 90 76 81 126 140 74 23 48 156 177 171 164 182 178 190 191 192 196 184 189 188 182 178 178 173 174 171 166 172 170 159 160 156 159 151 152 155 150 140 139 154 149 149 143 145 146 152 141 139 136 135 120 123 163 182 166 176 167 171
128 130 135 136 150 159 164 182 178 183 181 186 197 200 201 194 188 191 195 190 191 194 187 192 196 188 162 130 131 88 76 73 69 98 141 102 35 13 73 168 186 176 168 165 180 188 197 205 192 196 191 187 183 179 188 175 176 168 167 159 166 154 165 159 157 159 154 151 159 154 146 157 146 148 140 145 147 143 145 141 136 128 140 126 117 159 176 171 171 170
111 120 129 144 149 165 167 169 174 183 188 195 198 191 197 195 193 196 200 195 194 195 194 202 196 182 165 132 116 80 77 70 65 98 122 63 20 49 96 159 191 179 161 148 180 186 195 202 199 190 194 193 194 191 188 189 179 177 165 160 156 164 161 152 148 156 156 150 154 158 152 151 147 142 150 138 137 134 133 136 137 131 129 128 116 113 157 178 173 170
121 131 137 147 161 162 170 172 174 188 190 179 200 191 197 191 199 187 190 196 197 198 198 199 193 183 162 151 91 65 54 67 57 114 106 15 50 151 104 145 197 181 151 156 164 185 195 202 198 197 202 213 209 193 197 193 180 170 158 156 156 161 152 142 151 143 150 155 151 153 151 143 153 152 142 140 138 143 138 127 118 129 134 139 134 120 108 166 180 168
102 120 142 151 157 173 187 188 189 192 192 182 191 204 197 200 187 190 191 186 194 194 193 197 197 192 180 122 81 61 47 57 73 122 84 2 43 89 102 161 193 182 146 136 166 187 188 185 198 200 211 218 218 206 187 187 175 176 168 159 158 148 145 143 139 144 149 154 144 156 143 142 144 149 145 136 136 133 145 138 129 137 138 132 141 129 116 106 158 179
94 114 110 133 152 161 188 184 194 197 195 191 191 195 198 197 193 196 194 185 194 198 194 191 201 194 189 89 53 67 65 46 97 136 48 25 62 53 109 173 198 176 133 124 171 186 184 182 192 207 214 219 214 206 203 187 179 166 165 157 146 140 141 131 142 141 130 150 156 154 146 151 145 153 155 137 140 145 143 136 128 129 138 129 133 137 129 116 106 140
108 125 121 103 105 121 139 154 163 183 197 200 201 207 209 202 204 195 190 187 196 194 191 196 203 192 199 96 61 67 43 66 110 126 27 106 152 51 133 159 174 172 111 116 185 177 180 187 193 199 200 215 214 200 200 185 175 157 157 146 133 128 129 123 130 122 133 161 155 135 143 153 151 157 163 151 153 149 139 142 140 137 133 128 135 134 134 135 118 106
126 140 145 156 124 96 140 176 179 161 178 198 200 208 211 206 210 203 198 193 197 193 191 195 199 193 178 104 56 65 42 74 120 102 24 62 45 41 125 162 179 150 97 122 195 190 174 180 191 204 221 211 196 192 184 182 157 150 140 114 111 115 109 106 107 88 112 148 140 125 125 137 153 166 166 161 163 159 150 143 151 140 142 128 132 139 128 141 138 116
86 119 130 146 169 134 107 149 203 211 207 190 196 217 219 213 207 200 200 201 205 196 192 198 197 181 176 118 44 74 57 67 120 85 21 37 9 57 120 128 168 131 87 142 197 184 172 186 191 208 210 207 191 184 188 164 138 135 129 106 100 97 96 108 116 133 178 179 157 91 86 123 141 160 168 170 165 158 154 153 162 144 140 140 132 131 136 145 139 137
60 78 94 93 102 119 119 117 163 199 212 209 208 210 216 210 215 202 203 208 211 198 192 199 194 186 172 134 72 64 53 71 120 67 22 48 114 102 118 126 154 108 92 176 188 169 183 179 198 196 209 196 178 185 172 142 130 117 108 90 85 97 119 136 146 153 166 153 143 85 86 130 150 162 172 177 169 163 155 161 161 151 152 141 132 143 136 139 146 136
74 84 98 102 89 83 85 75 104 161 191 199 204 207 215 213 210 210 212 208 213 210 204 198 193 189 178 144 130 106 45 69 109 57 32 31 75 69 109 138 135 98 131 190 186 181 183 194 201 192 200 200 183 171 155 136 106 104 92 79 100 132 148 145 160 166 165 178 150 117 61 71 127 160 173 178 176 176 166 159 156 158 151 153 147 143 133 129 147 143
65 77 84 91 95 92 79 57 59 82 136 187 211 217 216 211 202 206 214 213 215 208 198 190 192 169 140 105 111 113 49 64 102 59 43 51 96 106 112 130 126 108 167 195 177 180 183 200 197 207 199 196 183 161 145 122 91 105 100 108 144 155 157 166 174 167 168 172 159 136 49 29 140 172 165 176 182 181 178 167 170 161 156 159 148 151 145 137 140 151
66 69 82 95 104 98 85 90 88 72 73 107 175 213 205 201 198 202 210 218 218 213 205 184 183 179 150 117 87 103 61 63 103 71 55 51 102 107 113 132 125 130 190 185 183 185 182 196 202 197 194 193 170 149 140 113 115 139 128 152 157 166 162 161 165 175 165 172 156 145 54 16 124 187 185 180 178 183 182 172 177 178 167 162 158 152 153 150 142 145
66 67 65 76 83 95 108 94 87 99 94 80 132 192 206 203 198 199 213 216 225 211 201 179 187 176 148 124 97 97 80 69 106 84 59 68 63 92 124 145 123 171 192 181 186 193 190 192 203 195 195 184 166 147 126 124 150 152 154 161 152 165 165 147 163 170 164 166 169 142 51 16 89 156 178 182 184 186 178 182 183 172 161 164 166 169 154 155 150 148
53 72 88 88 85 85 81 78 72 70 78 98 91 154 193 191 208 199 205 206 221 217 210 194 187 166 160 129 90 84 95 88 98 101 76 91 68 100 144 147 152 185 177 186 183 180 185 194 186 188 192 177 164 153 138 149 162 154 156 152 150 170 164 162 159 161 171 158 157 151 64 11 43 131 153 180 181 180 186 185 183 176 176 168 161 175 152 163 163 156
32 24 28 47 71 89 86 67 70 45 38 52 83 98 162 194 203 202 208 215 216 222 209 198 175 160 162 123 108 102 79 84 104 107 91 112 70 113 169 184 183 182 174 184 174 177 181 190 185 193 184 171 166 167 162 145 161 166 155 159 163 166 159 171 166 167 168 155 160 144 57 68 97 108 139 163 153 167 181 174 182 182 169 173 170 165 159 156 154 147
58 60 73 58 55 72 73 83 87 84 62 52 60 71 116 170 189 188 194 202 204 222 211 197 183 172 168 131 108 95 68 78 111 126 103 137 137 141 183 183 184 179 180 174 171 180 176 180 183 180 167 172 172 167 170 156 141 184 167 148 165 163 164 165 168 164 170 169 158 131 62 85 174 126 131 146 156 156 165 165 161 174 183 172 169 166 164 156 166 161
50 54 54 80 110 108 91 77 62 52 50 63 73 69 73 134 165 175 190 192 198 210 211 200 182 177 171 158 111 87 92 94 111 131 137 129 177 182 178 184 175 171 177 169 170 172 173 174 175 184 177 171 171 174 178 171 152 162 174 149 162 161 165 169 166 171 175 172 164 127 69 82 175 195 147 147 160 151 161 159 172 176 184 175 171 159 168 158 160 161
43 56 75 70 65 80 90 91 80 61 40 25 40 76 83 91 151 175 191 195 198 199 199 194 184 182 164 161 140 117 117 115 118 138 154 142 162 183 172 167 168 170 175 169 168 169 176 170 172 173 168 166 171 173 174 171 166 134 158 165 160 171 180 173 160 166 165 169 155 111 84 165 183 193 142 138 150 152 150 157 165 164 186 178 174 176 171 160 166 171
102 96 105 103 97 91 72 68 78 62 52 35 24 40 82 98 114 160 180 198 191 191 187 196 179 176 173 161 153 142 136 141 138 151 166 165 170 167 171 166 165 170 169 171 174 168 167 170 173 167 164 174 173 165 170 171 160 143 109 153 163 164 172 175 170 179 172 172 151 113 48 131 214 194 164 127 154 155 146 159 164 161 174 179 169 169 173 166 168 177
58 64 62 78 91 58 42 69 72 60 56 49 43 35 63 99 107 141 173 183 184 193 190 183 183 172 179 160 155 153 161 163 175 173 185 171 177 168 162 156 160 171 169 173 170 169 163 164 171 167 171 167 163 161 161 156 157 136 49 105 162 172 175 173 177 179 173 179 152 106 49 89 161 189 172 145 163 151 142 151 167 174 164 175 170 165 177 171 172 175
85 79 65 58 58 75 69 40 32 46 45 44 41 33 39 86 131 116 164 183 188 189 179 185 181 185 184 163 160 164 183 181 193 192 193 185 182 179 171 167 164 170 166 165 169 164 165 173 165 174 173 169 176 170 162 152 138 118 52 73 144 171 181 179 177 175 171 179 140 99 98 172 190 206 184 133 146 160 169 156 160 168 153 164 174 167 173 168 176 180
94 97 97 84 72 57 63 68 44 31 28 26 30 46 37 45 113 131 153 186 185 180 182 187 192 176 172 175 183 176 189 202 198 204 196 200 191 194 187 185 178 168 169 170 171 166 176 175 167 175 181 177 180 181 175 165 137 118 53 87 124 153 169 179 178 175 177 183 137 90 90 206 209 204 211 146 156 185 159 158 151 161 151 153 173 164 170 173 168 175
89 97 87 86 79 67 47 41 43 42 32 28 28 24 43 41 76 133 172 179 184 180 182 182 186 184 187 175 179 185 189 198 196 204 193 200 193 199 202 204 199 192 192 184 173 170 179 172 177 176 199 207 201 183 170 171 151 125 82 97 118 138 167 163 161 172 160 167 134 92 65 129 193 213 210 170 145 196 175 163 158 160 158 146 165 161 162 168 171 182
55 77 83 71 73 65 68 70 51 36 35 33 32 23 27 31 61 107 167 177 175 181 179 181 178 181 184 172 174 183 186 195 190 198 190 191 184 179 183 182 189 198 186 174 174 186 185 179 190 196 201 208 217 203 184 169 163 130 117 92 109 116 148 147 137 139 161 175 136 89 99 159 194 212 177 100 168 190 199 166 163 150 158 140 156 167 160 163 172 186
75 53 49 63 42 29 38 53 63 61 38 32 31 28 23 31 37 80 140 187 184 182 183 179 173 176 172 171 170 167 173 180 182 187 183 178 175 166 176 176 174 177 169 175 173 176 177 186 191 205 205 215 219 207 201 170 162 144 122 95 104 114 136 136 122 136 156 163 135 81 166 208 207 214 212 110 151 179 197 160 160 141 156 138 144 161 152 159 167 182
79 71 56 43 46 48 44 27 44 54 62 51 29 28 23 29 30 54 126 175 190 183 182 182 174 166 158 164 164 160 161 166 168 172 173 170 169 161 167 168 165 169 168 166 166 176 181 173 176 190 198 202 202 207 209 166 159 144 118 103 100 83 108 127 124 140 158 153 141 91 161 181 200 205 225 161 144 165 179 152 148 133 144 133 135 151 147 166 166 179
71 78 85 80 53 36 40 45 42 55 58 64 62 33 29 26 37 42 109 171 183 183 174 176 176 169 168 158 148 151 152 163 161 164 165 165 163 161 164 167 164 165 161 156 165 163 172 175 172 173 185 184 187 194 184 161 158 142 123 104 88 80 98 127 128 138 149 149 127 84 152 189 196 212 214 145 154 166 162 145 149 133 131 127 133 146 142 165 177 188
70 66 64 77 93 78 61 43 36 31 43 58 67 57 32 31 23 39 102 174 177 183 189 187 176 164 151 141 147 133 142 147 147 149 154 156 160 156 150 155 151 158 157 153 155 160 165 164 176 168 164 170 173 169 164 160 149 139 112 97 84 78 98 113 124 138 141 159 120 75 115 184 197 206 203 91 163 158 156 148 145 123 124 125 127 134 150 171 178 181
84 78 73 52 22 41 56 47 33 37 32 38 61 65 47 38 42 29 106 165 162 162 171 162 164 151 147 133 132 117 119 131 133 127 124 135 142 145 144 137 143 139 140 146 149 154 156 146 159 161 168 160 157 168 162 147 146 130 97 89 74 67 101 116 131 137 147 158 123 77 106 171 191 219 142 108 172 162 148 142 140 122 126 124 129 130 143 168 176 183
82 91 92 90 69 44 24 31 27 32 35 42 47 54 54 40 40 36 107 168 171 160 163 169 163 151 140 118 116 110 109 114 112 113 114 111 115 120 123 126 129 124 117 119 127 137 146 147 156 145 156 156 152 164 165 160 138 114 102 97 80 74 91 106 123 128 150 155 111 87 157 195 204 229 123 144 166 154 154 140 135 118 126 119 123 124 146 174 174 182
75 73 50 56 75 55 47 32 32 31 30 35 42 45 51 59 35 42 89 177 170 161 165 167 149 148 134 115 105 96 107 111 103 110 98 103 102 109 114 123 128 126 125 122 114 121 137 139 144 135 145 152 153 163 163 154 136 109 109 102 85 81 81 93 116 129 147 150 97 100 159 177 198 216 167 150 169 153 145 140 136 119 131 118 113 119 151 175 178 182
38 55 80 62 50 45 42 47 35 28 31 36 43 46 47 61 41 48 67 169 173 171 167 157 146 132 112 98 91 90 104 105 93 88 99 100 110 101 105 116 118 128 126 124 124 121 128 141 138 137 138 146 147 149 148 134 133 122 114 99 77 70 88 105 118 123 141 130 74 137 174 184 201 209 176 150 149 143 138 134 132 119 122 114 119 133 160 167 175 175
90 62 32 49 67 67 49 32 39 28 33 32 34 47 51 57 48 54 70 155 172 169 157 143 137 128 118 91 73 87 96 89 83 89 77 76 110 110 117 118 117 117 119 127 129 124 126 129 127 139 138 139 139 138 136 116 115 110 111 101 90 89 92 101 115 118 150 124 73 125 173 185 199 206 166 154 146 144 131 138 117 124 122 117 124 138 164 174 172 171
69 107 104 59 16 37 62 50 40 38 28 22 35 45 50 68 56 63 92 156 167 164 161 144 137 128 115 79 57 84 95 75 67 67 13 84 121 121 124 121 125 127 120 121 128 128 128 131 124 124 123 130 131 126 127 125 91 89 104 98 93 99 96 105 111 124 146 114 89 93 133 161 173 107 143 157 140 134 134 132 122 136 123 125 129 142 164 169 170 172
59 51 72 86 71 39 33 36 45 46 40 36 30 28 50 79 69 93 105 152 166 158 150 146 142 115 85 69 59 83 93 60 51 36 39 107 123 128 131 133 124 132 133 128 126 130 132 124 114 115 121 126 129 132 130 126 73 84 97 102 95 96 107 112 111 125 135 100 95 139 162 176 174 134 140 137 140 145 138 131 130 140 121 134 137 150 167 161 157 162
33 59 55 45 63 60 46 38 25 42 43 42 34 29 39 63 87 109 134 150 152 160 150 148 131 100 76 63 54 83 76 36 42 41 71 109 138 128 135 147 141 132 134 136 133 133 139 130 117 122 119 127 136 127 139 129 89 93 108 109 97 105 112 116 121 136 139 93 110 176 183 180 164 133 137 134 135 145 137 132 134 125 122 143 141 153 169 170 161 160
31 37 46 48 37 47 43 43 39 28 27 36 42 40 33 54 81 124 145 155 155 165 160 135 116 92 57 53 48 87 54 35 67 133 89 137 140 127 138 152 153 146 144 140 140 138 142 137 116 109 119 127 135 137 129 114 98 106 103 107 103 105 111 118 129 135 130 94 95 126 148 156 126 125 131 144 136 140 134 140 134 131 141 149 144 154 163 167 171 170
48 36 43 40 44 47 36 39 44 45 32 35 35 37 45 48 82 131 148 157 159 162 160 143 113 69 53 48 49 82 37 42 95 127 107 151 150 117 131 157 156 156 154 147 150 146 143 141 122 101 106 114 111 114 103 97 110 101 103 102 105 102 119 116 122 138 128 94 129 141 152 136 108 131 129 137 136 140 139 143 134 134 143 141 143 155 168 172 163 163
48 36 46 33 35 48 48 42 38 46 46 44 42 38 32 46 66 120 146 157 167 161 152 153 96 57 41 37 51 79 36 17 48 57 107 173 145 120 126 154 160 161 160 151 152 149 146 146 139 111 98 112 106 106 109 112 110 100 101 95 109 106 112 122 127 140 119 100 163 170 147 104 104 139 140 131 138 139 143 140 142 143 139 139 150 154 167 160 165 164
37 32 34 41 37 43 44 53 47 38 43 48 40 47 48 45 55 111 143 152 163 157 146 140 79 46 47 20 55 81 14 94 119 70 130 160 159 118 117 157 156 159 165 159 161 159 156 154 153 131 104 110 107 109 114 111 107 105 98 104 104 113 108 125 131 131 120 88 142 134 64 76 109 133 136 129 138 141 140 140 139 145 145 145 151 150 169 173 168 167
48 31 25 39 39 37 48 56 52 62 49 52 53 45 45 53 52 98 133 155 162 150 143 117 63 38 38 36 82 83 20 64 30 57 124 143 158 128 122 152 164 161 167 162 164 166 166 165 154 144 124 107 101 112 116 116 101 101 96 109 105 113 122 128 128 136 117 71 97 53 45 96 116 126 126 135 137 141 132 142 146 142 145 147 154 157 162 168 156 153
38 39 34 28 37 37 48 49 46 55 58 50 53 64 54 53 55 81 120 148 155 146 143 118 49 41 27 47 104 85 24 20 8 50 112 140 166 138 108 155 172 167 173 170 173 172 165 161 157 150 143 116 102 104 108 116 109 112 107 104 113 109 119 125 127 136 107 20 17 17 67 89 112 129 132 139 134 135 131 144 150 142 139 144 147 153 155 160 153 150
47 32 33 41 27 32 46 46 42 47 58 68 54 55 62 58 54 76 124 143 150 149 135 112 52 35 30 50 105 103 10 51 100 111 109 126 170 135 106 150 172 166 173 173 182 181 170 167 162 149 148 133 118 98 96 103 117 110 114 109 110 118 125 129 133 134 75 6 15 43 73 107 115 135 133 122 127 134 143 146 144 143 135 149 148 149 151 148 138 134
32 48 30 32 48 37 26 49 49 44 50 62 55 55 71 71 52 65 115 139 149 140 128 103 53 33 34 54 102 107 11 51 137 118 108 144 164 137 111 151 170 173 178 177 180 176 170 169 168 157 155 141 128 106 89 90 108 111 115 103 109 119 128 130 135 129 33 13 22 58 95 131 135 131 124 116 138 142 139 148 137 144 143 143 150 145 138 141 135 135
36 33 46 41 44 48 45 33 38 45 44 50 54 58 64 83 71 65 104 129 149 141 115 91 72 46 39 44 98 101 31 47 97 93 111 147 158 142 112 155 175 180 171 175 175 175 174 171 167 160 159 147 135 118 99 85 96 110 100 110 110 125 128 127 132 110 9 16 53 100 128 131 129 128 134 137 142 142 143 145 137 135 133 135 138 135 133 136 134 134
41 43 40 43 41 44 49 38 34 43 43 49 47 51 80 84 95 67 98 125 140 135 109 81 73 55 44 43 70 106 40 45 139 99 114 149 155 122 116 154 169 179 163 175 171 173 172 164 162 161 161 154 145 130 112 86 77 101 96 113 121 135 121 123 129 83 10 48 118 125 126 127 136 147 147 144 138 138 139 140 138 130 127 128 129 131 132 129 139 140
32 45 40 47 38 41 55 53 47 45 40 46 55 46 75 84 98 90 103 115 135 130 100 78 77 61 50 47 54 107 58 28 71 72 128 151 148 120 120 162 170 178 164 171 168 171 172 166 166 165 158 152 147 133 124 102 76 100 101 97 109 114 115 119 103 46 43 98 116 127 134 139 143 147 136 142 141 138 132 134 129 130 132 128 124 129 133 129 125 127
38 33 34 33 43 33 32 45 60 44 49 58 59 45 50 89 97 111 111 110 126 129 105 71 76 71 54 62 61 99 84 27 19 95 138 154 140 122 126 167 170 171 170 167 167 169 170 169 167 170 161 155 153 139 130 111 88 79 108 101 106 113 111 107 80 68 106 114 126 135 140 132 136 142 134 136 129 134 134 129 123 124 124 124 127 133 133 128 124 124
44 43 42 32 27 27 32 38 52 55 43 51 54 49 35 76 109 111 109 118 121 122 114 84 84 85 64 59 74 87 83 47 23 84 125 134 130 127 131 168 167 164 172 163 165 168 167 170 173 177 166 156 155 144 136 119 100 71 102 115 106 118 124 105 77 98 122 120 121 133 132 132 137 137 133 137 134 128 123 124 126 123 122 125 127 124 122 123 126 123
38 51 46 50 47 43 28 25 32 49 50 58 54 54 51 50 87 118 120 112 117 127 122 104 84 75 75 54 98 92 88 58 33 69 119 128 126 121 147 158 168 161 165 160 157 167 166 175 172 172 168 162 157 145 138 126 112 87 80 120 120 99 120 115 105 112 122 125 135 128 133 136 134 135 134 127 127 122 120 125 122 115 114 122 127 124 122 123 115 109
49 39 55 51 56 69 56 40 28 32 40 34 52 50 50 45 63 104 125 123 119 122 120 121 92 76 75 65 84 92 111 73 46 52 99 116 122 133 153 164 160 156 156 160 154 166 160 168 171 165 165 162 153 140 140 139 118 104 84 84 123 129 116 114 129 137 143 143 140 136 137 137 137 120 127 125 122 117 118 113 119 115 117 122 121 118 117 117 113 105
50 46 28 50 39 37 62 64 56 53 45 33 39 52 49 48 43 72 121 131 129 122 123 127 94 77 67 61 76 100 110 100 66 63 76 97 120 143 156 159 156 155 156 156 154 154 157 159 165 160 157 159 160 152 142 136 126 113 103 92 94 112 131 125 132 142 141 137 140 129 117 127 121 124 121 115 119 116 117 114 113 115 119 123 118 115 118 112 110 107
39 61 50 34 55 36 39 49 70 81 59 47 51 47 52 56 55 47 86 124 133 133 134 126 118 84 77 67 81 89 106 115 101 86 79 86 116 144 154 152 149 143 145 148 146 147 152 152 152 158 158 151 148 152 142 124 121 127 113 115 101 104 126 134 143 139 141 136 131 127 116 115 117 122 117 108 114 116 118 115 115 120 121 118 113 113 116 110 113 109
48 43 66 54 51 55 43 49 40 59 55 55 60 73 85 60 64 54 62 93 116 129 129 126 122 119 95 85 77 89 120 129 121 109 108 98 123 131 146 149 143 139 139 142 143 143 146 147 149 144 147 150 146 143 140 133 129 127 127 117 115 121 122 118 126 117 121 115 108 112 111 109 114 123 122 115 117 114 119 121 121 122 117 114 115 117 116 108 107 103
43 45 39 48 54 64 50 57 59 36 48 59 51 73 103 97 77 71 76 105 115 123 125 127 120 126 120 109 94 85 112 125 124 118 115 123 127 132 130 137 139 143 140 139 146 145 140 145 143 138 141 144 140 136 134 131 132 130 127 125 122 113 125 122 114 108 105 106 110 114 115 116 118 114 111 112 119 116 120 122 115 116 115 114 112 108 108 110 104 101
42 46 47 48 55 60 59 57 57 57 54 46 58 69 70 91 99 102 109 128 127 125 120 119 123 126 117 123 112 92 112 123 133 124 122 131 131 136 132 133 131 141 140 137 144 144 139 141 143 140 137 137 137 135 137 141 133 130 115 127 131 129 123 116 113 117 114 120 122 116 122 125 124 119 120 125 128 122 123 119 118 117 116 114 111 106 103 106 108 105
58 36 58 54 46 51 58 57 66 64 53 42 46 52 59 77 82 98 114 126 127 126 123 125 121 117 118 120 117 129 113 120 132 123 132 120 128 123 135 131 127 134 138 137 139 142 142 139 141 144 140 131 129 133 133 131 131 136 129 121 126 126 116 120 120 119 117 125 127 124 129 128 124 125 128 125 122 117 123 120 121 118 116 114 116 119 114 110 104 101
71 45 43 57 45 46 62 57 62 62 57 49 40 36 47 64 84 71 86 103 114 123 129 128 125 121 118 118 126 128 124 123 128 125 127 123 125 129 131 130 130 132 135 137 137 140 141 140 139 136 139 143 141 134 131 132 132 138 131 132 135 115 122 122 127 125 130 130 130 133 134 134 129 132 130 127 131 126 126 124 121 119 123 119 113 112 109 107 107 105
48 58 54 55 57 50 47 56 48 54 59 58 58 50 42 52 52 56 68 66 85 93 93 98 101 113 107 117 113 115 114 117 119 119 122 122 126 126 124 128 135 136 134 135 138 137 136 141 141 139 140 138 134 136 138 132 133 134 135 137 127 130 135 133 134 132 140 133 135 141 125 124 129 132 125 118 120 108 107 114 114 108 116 119 115 112 108 107 107 104
58 55 62 63 54 60 42 36 54 59 52 47 48 54 59 51 53 47 49 57 58 67 70 78 67 73 81 83 71 84 99 98 99 108 119 123 125 123 130 121 130 135 140 135 142 145 135 140 140 137 139 135 139 137 132 131 134 136 136 135 138 140 139 139 137 135 136 129 121 126 138 148 160 159 159 154 162 156 149 132 131 118 94 105 116 108 117 110 100 102
65 65 66 70 55 62 60 44 37 44 45 45 48 49 51 52 51 48 52 52 56 58 55 58 66 66 67 62 72 73 78 77 77 83 82 103 120 119 125 124 127 121 126 132 131 132 135 136 133 138 138 133 138 134 134 135 138 134 139 131 128 130 133 131 134 139 147 148 152 167 175 175 174 175 174 173 177 176 178 174 180 151 41 24 33 36 38 48 67 76
61 60 66 62 68 67 61 69 55 40 42 39 43 49 42 54 63 58 56 58 59 55 52 45 49 55 53 56 64 65 64 74 70 70 80 62 71 89 118 124 126 126 124 128 127 121 123 124 154 133 130 132 135 130 127 128 118 110 128 163 156 163 174 168 174 168 171 174 173 171 166 165 172 175 172 174 170 168 170 172 162 173 52 11 21 16 7 4 5 13
63 63 44 43 56 57 58 73 76 49 49 54 49 52 54 51 51 53 63 61 71 60 64 55 48 52 50 54 54 60 57 64 65 60 70 68 74 65 73 79 95 115 127 130 133 135 145 160 115 76 99 127 126 120 124 126 127 107 102 181 175 171 172 169 172 171 171 168 168 173 173 172 168 172 169 176 171 173 171 173 168 181 66 7 21 14 14 15 9 8
63 62 48 47 46 61 61 71 74 85 67 65 65 51 52 45 46 59 54 54 54 54 47 64 56 57 67 65 66 58 57 57 65 95 113 110 117 112 55 70 72 77 96 109 112 108 100 107 80 107 131 132 132 122 122 128 132 136 118 172 168 171 170 171 168 170 173 170 169 170 167 165 172 176 170 173 169 174 173 173 167 181 86 12 24 24 6 6 13 11
87 78 59 60 55 34 49 31 30 56 72 70 63 67 73 65 52 38 37 33 17 45 39 46 55 62 66 55 56 65 69 78 83 144 146 122 131 142 95 89 80 69 72 72 67 59 72 118 131 145 136 133 137 129 131 115 135 137 146 173 173 168 167 172 170 165 165 168 171 171 170 175 168 172 170 170 168 170 172 172 169 180 122 21 30 26 9 13 8 11
140 141 122 104 134 99 74 70 65 54 54 59 100 150 162 166 157 145 114 118 119 79 95 81 66 69 64 61 65 90 105 130 133 147 148 135 146 152 127 111 91 77 64 61 62 60 87 145 144 135 117 121 137 138 142 130 124 139 167 173 171 168 170 172 168 169 169 166 168 173 170 167 167 169 171 170 170 166 170 169 167 176 167 48 30 29 23 9 9 11
156 165 173 161 160 176 164 155 157 160 151 157 171 170 163 160 162 164 168 172 157 164 181 154 142 166 157 95 77 113 137 135 141 155 150 147 136 142 144 119 101 89 77 72 62 62 96 132 151 134 144 151 146 133 129 136 145 172 173 161 168 169 164 170 167 165 167 168 170 169 165 167 170 167 169 167 171 163 169 170 173 164 190 96 31 31 39 32 8 4
164 161 164 165 161 163 166 163 163 166 165 167 159 160 161 160 163 159 157 158 162 159 159 153 163 168 165 94 107 135 120 120 129 133 136 132 133 139 141 144 131 116 97 90 85 103 127 138 128 114 133 142 142 146 147 158 168 163 168 164 165 165 164 165 162 168 164 166 165 167 166 168 165 165 167 168 168 169 170 170 170 165 173 151 56 37 46 52 37 43
162 160 164 165 161 162 165 161 162 165 162 164 159 160 160 160 163 163 165 165 166 162 165 163 156 165 172 124 103 136 76 94 117 118 120 118 117 119 121 128 145 145 139 136 130 138 137 123 116 123 143 163 170 169 167 169 167 162 168 163 165 165 165 166 161 167 163 165 164 166 165 166 167 166 168 168 167 168 168 167 164 168 158 175 105 51 55 28 53 62
