177 177 173 183 171 150 125 115 107 101 85 73 77 66 49 58 68 68 74 79 79 76 77 78 74 69 71 65 62 60 54 66 68 78 87 113 165 208 213 194 143 56 57 118 161 175 194 197 198 195 186 183 182 189 203 205 208 198 186 177 174 174 173 172 171 167 165 167 162 165 163 164 161 162 163 162 161 162 163 163 161 161 161 160 158 158 158 159 161 161
176 177 168 148 116 102 103 103 91 76 62 65 79 76 67 76 85 86 85 82 80 79 77 75 73 74 79 73 70 71 64 63 58 62 62 74 112 181 224 204 175 112 70 106 152 175 186 193 194 201 203 198 193 199 202 187 192 207 209 201 201 201 191 179 166 153 165 168 166 162 165 165 160 161 161 160 160 161 161 161 160 162 163 161 158 158 159 162 159 159
168 151 130 110 107 110 107 91 71 73 80 88 95 99 97 96 99 98 90 81 80 80 76 73 75 74 75 72 71 76 75 66 63 59 68 77 71 121 204 221 194 148 101 110 164 191 201 198 199 190 187 191 193 202 212 208 186 194 206 209 201 201 203 197 177 143 151 169 168 162 161 160 161 162 160 159 161 161 159 160 161 162 162 161 159 158 160 161 157 157
136 123 118 114 125 111 94 86 83 95 122 130 112 100 108 117 107 104 95 91 93 89 82 81 78 79 78 77 69 62 65 62 63 65 55 60 64 70 123 187 180 167 148 125 157 188 196 184 177 160 152 157 159 165 184 200 211 200 204 213 211 211 213 208 190 143 121 160 163 165 162 166 163 164 161 160 163 162 159 161 163 161 160 160 160 160 159 158 156 156
122 132 140 118 108 98 101 117 119 119 131 132 110 102 114 118 117 110 102 103 103 91 83 87 92 90 81 82 77 68 69 67 59 54 59 69 72 70 79 100 126 167 178 147 142 175 179 164 144 138 130 128 132 139 148 157 189 207 221 223 220 215 212 215 196 155 101 145 165 165 157 163 163 163 161 161 163 162 159 160 161 160 159 159 159 159 159 158 157 156
136 135 137 116 109 114 118 129 114 116 124 125 114 117 128 123 114 105 99 102 102 92 90 100 109 109 102 97 89 77 73 68 65 66 76 75 75 79 76 77 86 136 179 177 157 156 154 121 99 112 124 130 144 157 167 180 185 205 223 224 217 213 213 215 198 156 83 125 170 166 159 162 163 161 161 162 163 161 159 159 158 159 159 159 158 158 159 160 157 157
146 119 109 110 112 111 99 117 136 119 109 113 113 116 126 124 106 105 107 113 115 114 117 125 122 118 115 114 111 108 103 93 94 93 84 77 78 76 73 80 79 105 159 181 173 151 141 103 85 103 128 149 170 183 187 195 192 189 198 205 202 209 219 217 192 137 71 130 166 164 162 165 163 160 162 165 163 161 161 159 158 160 160 160 159 158 159 161 158 158
128 113 100 93 94 99 91 119 145 126 105 101 104 113 120 111 110 119 132 138 137 136 135 132 128 124 130 132 123 115 104 91 94 85 76 79 81 76 78 80 87 109 146 167 173 173 158 144 126 143 164 169 172 174 164 158 160 158 159 160 163 177 187 186 156 102 71 163 171 168 165 170 164 160 163 168 164 162 163 160 162 161 161 160 160 160 159 158 158 159
121 109 99 95 89 88 100 113 128 121 111 111 104 110 120 123 128 146 149 153 157 148 145 143 147 139 139 134 116 110 113 110 113 124 118 115 119 127 138 133 143 168 177 172 173 172 170 175 175 171 170 174 172 169 171 167 165 168 166 161 156 152 150 149 142 105 118 164 173 160 160 163 164 160 162 164 162 162 163 160 161 159 158 156 154 156 158 155 154 155
113 105 110 100 85 84 86 95 105 97 111 126 117 121 137 156 179 194 191 187 186 179 174 167 158 145 141 142 141 147 155 155 168 177 178 179 178 179 182 176 178 188 182 173 175 177 176 170 168 168 170 170 170 174 176 175 169 175 175 170 167 167 165 162 153 152 147 144 149 154 161 172 165 157 153 159 163 161 161 163 162 160 159 159 159 158 156 153 155 157
101 106 114 98 83 83 82 88 91 85 115 139 134 140 154 177 194 204 201 195 188 180 174 165 157 154 157 164 166 168 171 171 176 175 177 182 184 184 180 173 175 178 174 174 175 175 173 163 167 169 172 167 171 177 174 174 174 175 172 166 164 165 166 166 166 159 149 141 135 135 142 152 161 168 167 161 159 160 159 159 160 161 160 159 159 156 155 157 157 157
94 114 106 86 78 78 85 91 89 79 104 135 138 144 157 179 193 194 190 187 180 174 176 175 179 177 177 177 174 171 173 177 169 172 181 184 185 185 182 183 185 177 178 180 176 172 170 167 172 173 174 168 173 178 167 167 171 169 168 170 170 166 166 169 164 157 158 156 146 142 138 125 126 141 157 165 164 160 159 161 161 160 155 155 160 158 154 154 155 155
96 119 107 81 73 75 85 92 93 77 96 132 134 144 173 196 208 205 200 195 187 182 182 181 187 185 182 181 178 174 173 176 177 178 180 179 183 188 189 192 191 179 185 183 180 181 174 177 177 175 176 171 176 175 163 165 170 167 167 170 171 167 165 168 169 173 171 162 156 156 151 142 127 125 131 143 156 165 165 158 155 158 158 158 161 158 155 158 158 158
97 112 109 83 69 73 80 87 84 80 102 129 127 157 201 210 203 203 200 195 192 189 184 178 179 178 178 178 173 171 175 181 182 180 177 179 186 190 187 179 175 181 195 191 189 193 188 191 184 182 181 177 177 173 165 171 179 178 175 173 173 173 172 172 171 170 168 167 164 158 153 153 144 140 134 126 125 141 157 160 160 161 158 157 159 158 155 155 159 158
97 106 102 81 68 70 74 79 69 73 98 121 135 179 207 198 199 198 194 188 187 187 184 183 180 179 182 183 177 176 182 187 181 177 177 182 180 181 184 173 167 188 198 194 193 192 191 193 191 190 187 185 183 178 176 181 179 180 179 177 176 175 173 171 171 168 166 165 164 162 156 151 151 146 140 132 120 114 122 133 154 160 164 163 159 158 160 160 157 156
106 115 96 81 76 70 75 77 70 66 89 127 165 204 202 190 192 193 193 192 191 187 186 193 189 181 180 184 183 184 185 183 174 166 168 180 176 175 181 163 163 189 191 198 206 200 199 193 192 192 189 190 191 188 190 190 187 183 178 175 172 168 167 169 171 173 170 169 172 165 156 155 150 150 146 140 133 123 111 105 110 123 140 150 152 157 160 159 161 159
128 121 104 83 83 72 71 77 69 70 104 156 192 199 193 194 194 191 192 197 193 188 190 190 186 194 191 188 187 179 173 168 159 161 172 164 164 167 171 138 145 187 195 201 203 201 197 202 195 193 190 196 193 193 193 192 192 188 189 180 172 173 168 160 165 163 167 167 164 163 160 159 156 153 151 148 142 137 127 116 105 100 105 117 136 147 144 147 154 154
132 113 119 101 87 82 79 78 81 94 128 170 192 196 197 195 194 193 188 188 189 189 191 192 192 200 199 196 190 179 168 157 159 171 176 158 153 159 146 104 117 186 200 204 203 200 197 198 197 197 196 199 196 200 200 197 195 197 187 183 184 177 167 163 161 160 163 164 164 164 159 157 154 152 152 151 146 143 136 127 121 101 89 94 115 131 134 138 143 146
132 114 118 102 94 93 87 92 94 111 145 185 200 202 205 194 192 194 188 186 190 192 193 193 194 198 199 195 183 171 163 155 162 170 167 152 143 132 94 67 121 193 202 207 208 201 200 200 201 200 200 203 199 202 199 196 197 197 183 179 180 171 165 159 156 159 162 160 158 157 154 157 153 150 148 147 145 144 139 132 124 112 102 97 97 103 116 134 134 141
147 131 114 100 101 99 95 103 107 122 159 195 204 204 202 191 195 196 192 192 195 196 197 196 196 197 202 199 182 167 164 162 164 162 156 149 127 80 33 69 164 198 193 207 211 203 202 204 204 200 201 209 208 208 203 204 199 192 185 181 174 171 169 160 152 152 150 149 156 157 151 151 151 147 143 143 145 146 144 139 130 123 115 104 90 85 97 116 124 134
175 148 123 112 105 106 106 106 114 131 170 192 196 201 199 199 201 199 197 199 198 198 203 203 205 205 207 196 177 170 170 168 165 158 143 105 62 52 55 125 193 193 184 204 209 206 205 206 208 203 205 213 212 212 204 203 199 189 187 183 177 162 140 137 155 153 150 148 152 152 145 147 155 151 146 143 142 142 142 140 134 128 121 114 101 87 84 87 105 116
184 151 125 114 109 115 115 120 127 141 168 175 187 204 202 206 203 202 203 206 203 202 207 206 202 205 207 192 178 177 172 162 167 147 93 49 54 98 120 165 188 180 177 204 209 211 213 211 212 210 214 214 210 214 203 196 194 188 183 179 180 143 94 101 135 134 135 134 135 136 140 151 154 154 151 147 144 143 144 146 137 134 128 124 114 99 89 80 89 98
179 155 118 112 117 122 122 132 143 149 155 159 185 208 204 205 203 205 206 207 207 207 209 207 205 205 201 183 173 175 171 164 156 113 55 72 120 144 150 165 176 166 159 197 211 211 216 217 214 215 220 218 213 218 207 201 194 189 180 177 176 136 88 92 117 113 118 126 133 138 144 152 162 163 162 157 152 146 142 143 137 136 133 134 130 118 103 83 85 88
182 164 117 120 126 122 127 127 143 147 143 153 189 209 206 209 205 210 206 202 205 208 212 211 209 203 196 179 167 166 163 163 134 76 77 137 123 128 184 178 172 153 135 186 211 204 210 217 217 215 221 220 212 213 203 201 197 187 178 172 159 128 101 93 93 95 112 131 142 147 153 160 164 164 163 160 156 148 140 136 143 143 139 138 135 130 120 102 85 83
181 171 122 129 127 115 123 134 134 133 134 157 189 207 212 211 207 210 210 209 211 212 211 210 205 200 200 174 156 156 152 138 98 71 145 144 70 108 197 195 168 132 106 178 209 200 206 206 210 213 222 220 209 207 206 200 192 189 176 160 137 108 88 77 80 82 97 112 128 145 153 157 161 164 158 158 156 146 142 137 144 145 144 142 141 135 132 115 103 86
171 161 128 135 123 117 130 133 137 131 139 169 196 205 210 211 209 211 211 211 211 210 211 213 206 196 188 159 131 136 149 126 94 124 159 90 76 136 199 190 165 114 90 172 211 203 209 209 205 208 215 214 210 210 206 198 188 168 160 141 108 85 69 55 48 48 71 98 112 120 134 155 153 164 164 159 156 151 149 147 145 144 145 142 143 141 140 127 119 102
159 155 130 134 130 129 135 140 140 133 141 175 202 205 207 211 212 214 213 209 207 207 207 206 201 193 174 143 115 120 140 113 108 166 110 45 80 148 186 191 162 95 76 166 208 200 207 211 205 210 214 211 207 202 195 185 173 155 139 108 84 68 44 35 51 77 113 126 127 135 143 152 152 164 169 161 158 158 155 157 154 151 151 143 144 147 148 142 135 121
155 145 125 131 138 142 140 144 142 135 140 172 204 209 208 212 212 217 215 208 208 215 213 204 200 196 163 126 109 109 116 97 140 172 52 25 34 104 186 196 152 85 80 171 208 194 193 198 200 207 208 205 199 191 178 164 147 134 113 84 60 41 42 70 100 116 136 141 151 167 165 161 157 161 170 167 164 166 161 163 160 157 160 148 146 149 149 146 143 134
158 139 130 138 143 148 148 146 142 134 143 178 205 211 213 214 213 217 216 210 209 215 212 200 201 192 153 109 103 102 97 90 152 144 27 26 35 87 184 182 138 78 86 170 207 196 192 196 199 203 199 195 190 180 163 142 128 106 81 57 39 51 90 120 113 109 132 162 174 156 134 144 156 159 171 172 171 175 169 164 156 157 165 157 155 152 148 145 142 137
153 147 139 140 145 148 148 148 142 133 154 195 210 212 218 216 217 217 217 214 210 207 203 195 193 178 143 99 92 93 82 79 136 99 24 15 23 89 178 159 116 70 97 176 212 206 198 195 197 205 203 194 180 165 150 130 104 81 55 48 64 106 137 131 126 126 147 161 145 101 83 122 149 161 174 175 175 181 176 164 158 159 165 163 163 160 159 158 148 144
146 157 145 132 143 150 149 146 141 141 167 203 214 214 220 218 219 217 218 218 214 209 203 197 195 179 148 101 84 81 72 67 119 79 18 15 32 89 154 151 102 69 115 186 209 206 203 200 205 206 198 191 179 163 141 108 85 64 54 73 109 140 152 154 160 157 153 129 95 52 48 106 159 176 182 180 183 185 180 170 170 167 164 164 168 168 174 176 164 159
151 163 151 132 141 158 163 145 140 153 173 199 215 218 219 219 222 218 218 216 213 210 202 190 188 175 143 92 69 65 60 56 88 64 23 35 59 97 150 125 83 63 128 197 210 206 210 210 208 212 205 195 173 149 124 88 65 58 82 119 151 163 162 174 175 161 151 131 94 36 23 87 180 195 191 188 193 190 184 178 178 171 163 164 171 171 181 183 170 164
172 172 163 138 140 152 160 145 148 163 182 201 215 217 213 214 222 216 215 212 204 201 197 186 185 165 129 96 69 63 64 45 69 73 33 51 71 120 150 115 75 81 152 198 209 207 208 212 208 209 195 190 175 142 112 84 81 93 128 161 174 174 173 177 175 171 164 162 110 42 8 60 173 214 196 197 201 193 189 184 183 176 168 166 168 170 177 187 186 184
179 170 165 142 139 147 148 138 151 167 185 201 213 217 217 218 220 216 220 214 196 192 197 191 179 152 116 93 76 66 59 40 60 80 57 78 92 128 144 103 77 112 178 201 205 204 205 207 211 210 195 187 167 135 118 108 106 131 169 189 183 180 183 177 178 183 188 174 99 32 11 33 123 203 213 202 199 190 190 187 180 182 180 174 169 165 171 182 188 190
169 156 157 143 143 149 138 129 144 162 184 201 210 215 216 217 226 219 215 205 189 186 190 187 175 144 107 94 84 69 57 42 50 73 61 74 85 119 128 91 83 142 193 199 204 207 206 205 206 207 202 185 152 138 138 118 126 158 190 192 186 188 185 182 179 184 191 156 83 35 21 15 70 168 203 193 201 199 194 185 187 184 176 173 175 174 169 167 181 187
158 157 158 143 139 145 139 139 139 155 181 202 211 214 217 218 221 216 205 196 193 188 184 183 172 141 106 92 82 66 57 52 50 60 52 50 62 110 122 95 110 172 203 201 201 200 199 201 205 202 195 181 164 167 165 133 133 153 188 193 191 195 188 190 188 193 194 136 82 49 31 30 27 124 193 190 197 199 193 186 185 183 178 176 181 183 180 178 180 185
147 155 149 136 139 148 144 139 136 148 177 201 208 211 216 218 214 215 208 200 194 184 175 176 171 147 115 95 80 65 58 57 48 54 56 41 52 111 123 104 156 196 204 200 200 196 194 192 198 192 176 175 182 181 177 172 159 149 176 201 196 190 191 190 196 206 192 127 86 53 46 68 49 99 177 193 194 193 189 193 181 184 183 180 179 179 181 187 185 187
149 154 141 137 150 163 148 130 130 143 176 203 207 208 213 213 209 206 204 199 189 181 176 174 160 145 125 106 91 76 63 55 56 64 75 63 78 137 155 149 184 208 205 200 194 191 192 195 199 187 171 177 193 194 190 192 182 159 150 180 197 192 191 185 196 207 179 138 110 59 46 61 44 82 160 179 172 186 189 183 171 172 172 174 178 180 185 193 193 193
153 150 141 141 147 157 137 120 126 144 181 206 207 209 214 209 212 206 202 196 184 176 173 170 161 151 136 117 100 86 69 54 57 67 87 109 138 172 184 186 199 205 194 193 188 187 187 191 190 183 178 179 184 190 193 188 181 168 123 117 165 195 192 188 197 208 175 144 109 53 52 81 91 98 149 185 174 173 177 175 174 170 168 172 177 177 182 192 190 192
152 140 142 149 152 159 130 113 123 144 181 202 202 207 214 209 206 209 208 200 188 175 171 174 166 154 140 122 108 104 95 84 78 77 89 136 175 181 187 196 196 194 182 187 183 181 181 191 186 182 176 176 184 189 189 185 186 175 111 49 97 175 187 191 198 208 181 152 113 55 48 86 112 86 114 187 189 166 166 174 180 169 161 166 174 174 177 186 187 193
144 130 148 142 164 149 125 121 125 135 171 198 202 207 211 206 202 201 196 192 188 179 173 174 163 158 152 141 120 116 130 132 130 126 120 145 173 184 184 189 189 182 180 185 188 186 187 190 190 185 177 175 182 182 187 182 181 176 130 46 49 133 171 194 200 207 176 150 110 53 44 89 76 46 102 175 200 181 160 170 175 159 155 163 167 169 181 193 193 198
115 137 136 139 154 139 125 119 122 124 156 187 199 206 207 201 196 199 196 187 183 185 183 176 167 158 149 146 139 144 161 165 173 172 165 172 173 176 182 187 186 183 181 179 179 181 183 185 188 181 175 175 182 181 185 182 178 172 149 77 44 99 147 180 202 203 169 149 110 60 55 105 113 108 161 182 207 203 165 163 160 155 153 154 159 168 183 194 193 193
112 124 144 147 137 128 126 126 125 128 159 190 199 200 198 196 190 190 193 193 188 184 179 170 164 153 146 149 153 164 181 186 184 183 180 182 173 175 176 171 170 165 168 178 181 177 177 182 179 178 178 179 179 174 180 184 182 167 146 97 55 74 114 153 193 199 162 153 118 63 44 93 108 92 127 161 205 222 171 152 149 149 146 145 153 169 185 198 200 196
104 133 171 147 138 127 121 133 128 132 157 181 189 192 195 199 192 187 185 184 181 177 173 169 164 156 149 150 158 174 194 203 204 197 191 190 183 188 189 182 185 174 172 181 186 182 180 185 183 177 177 177 180 174 177 180 182 176 156 126 89 67 75 116 171 201 166 154 115 59 43 111 140 80 68 144 191 222 176 139 129 132 136 143 153 167 188 208 205 204
117 147 154 131 133 124 127 137 129 134 153 171 181 188 190 192 188 188 180 169 168 171 169 164 159 159 154 148 150 166 185 199 208 205 203 203 198 205 210 214 214 212 206 202 204 208 205 199 195 190 191 191 194 190 194 198 200 187 161 143 116 76 52 67 132 180 155 140 104 59 57 132 183 128 93 157 178 201 168 126 114 121 134 145 149 159 184 207 210 217
125 134 135 143 136 138 142 138 133 144 162 172 178 184 185 187 189 187 179 172 169 162 153 149 143 145 140 129 132 149 171 192 202 204 207 210 206 209 210 216 216 220 223 224 225 226 223 218 223 222 226 220 215 206 203 204 196 173 149 130 97 68 48 44 106 156 141 130 96 54 50 102 139 108 87 144 184 202 168 128 111 108 120 136 146 167 194 206 209 219
135 150 154 153 142 145 135 130 134 146 161 166 172 179 186 194 198 189 181 178 169 153 142 140 140 135 123 110 114 132 156 183 187 186 187 189 186 192 189 190 195 195 199 204 204 201 203 210 218 213 212 206 208 204 194 185 168 150 131 105 68 54 44 36 83 133 124 115 91 52 49 85 112 85 75 148 195 197 158 130 112 96 106 129 146 177 203 200 200 203
155 155 146 141 146 135 126 123 135 142 153 162 174 183 187 194 197 191 186 179 167 156 144 133 125 117 108 103 111 123 139 164 170 168 169 167 161 168 165 163 167 168 168 166 165 168 174 179 180 172 169 162 170 176 171 164 158 146 123 87 56 49 39 35 68 112 97 90 85 53 45 72 104 73 67 165 197 189 151 127 96 79 100 133 150 180 206 201 200 193
148 147 152 162 149 147 137 126 131 137 143 151 163 175 185 191 196 191 179 164 163 157 147 136 121 111 104 104 107 112 123 135 137 127 126 118 117 132 142 149 148 134 126 126 129 132 138 146 148 142 143 138 140 142 136 142 144 137 113 75 51 48 44 32 59 81 76 74 67 55 43 80 128 89 66 161 194 181 146 127 91 72 111 130 153 181 201 204 192 185
144 154 169 177 159 140 129 128 133 138 145 147 151 165 183 193 183 181 176 164 160 156 155 150 140 126 114 103 92 89 93 96 90 74 69 69 76 89 98 103 94 87 84 86 90 95 101 106 115 117 123 120 119 120 121 129 122 109 85 60 50 48 41 29 40 60 64 70 63 51 48 92 141 99 77 165 183 168 139 115 77 68 110 128 150 179 194 190 183 176
136 154 170 154 131 126 133 126 129 133 142 146 149 165 181 185 185 176 170 160 155 152 153 146 135 122 110 94 76 70 68 61 58 50 50 55 57 58 61 63 65 64 65 67 70 74 77 78 85 90 94 94 96 98 101 104 95 81 62 52 53 50 40 32 41 49 51 61 55 46 54 98 130 86 82 172 185 170 138 101 71 68 106 123 147 177 189 183 178 168
157 168 150 119 131 139 137 130 125 131 139 143 148 165 181 185 185 173 166 156 153 153 154 142 122 117 108 86 61 52 53 50 47 44 44 44 42 43 53 60 61 63 64 66 67 67 69 68 73 76 75 75 76 78 83 84 76 68 58 56 57 51 42 39 38 40 41 52 49 43 47 73 77 42 74 165 173 160 130 96 70 76 111 125 143 168 184 187 177 165
162 143 128 134 153 129 117 131 126 130 133 138 152 168 177 178 176 170 167 158 153 156 158 144 123 113 94 70 51 44 42 40 39 36 37 40 40 43 49 56 61 63 61 63 63 64 69 69 68 71 69 66 63 63 72 76 70 64 57 56 56 49 43 42 39 40 41 48 46 47 52 60 43 18 80 162 161 145 110 81 71 81 107 120 139 165 176 177 175 166
144 154 160 143 122 112 117 119 121 130 136 139 147 159 169 174 172 165 163 156 156 158 156 141 116 101 79 60 47 40 37 36 34 29 32 33 37 45 52 63 69 71 67 66 66 69 76 74 69 66 64 65 66 70 73 74 71 60 51 50 51 49 45 42 40 41 42 42 43 52 67 72 45 30 93 151 147 132 100 82 69 88 105 112 131 161 175 176 171 163
138 133 117 105 100 100 103 115 121 124 127 130 138 153 168 175 169 160 156 152 155 156 154 142 124 94 67 54 48 42 37 32 33 28 31 24 33 56 60 65 79 87 83 79 78 82 87 78 69 60 63 70 80 86 80 76 70 54 45 46 47 48 48 43 43 41 42 42 40 41 50 47 28 39 100 138 129 113 93 84 78 93 98 101 122 154 169 170 161 155
111 98 84 90 91 96 97 106 111 114 122 129 136 151 168 174 170 162 158 153 151 147 150 149 129 91 59 48 40 36 36 34 33 30 33 23 49 91 89 80 89 103 102 97 96 101 103 86 63 56 67 77 87 92 82 79 66 48 42 46 45 45 47 45 43 38 39 45 46 39 39 30 27 51 101 127 120 102 86 75 77 91 90 91 106 130 145 152 149 147
87 88 85 87 91 89 92 100 105 111 121 125 129 144 161 165 166 162 165 160 155 149 150 147 123 86 56 46 39 35 41 33 38 44 43 68 78 113 108 93 97 112 114 112 118 121 123 103 79 64 60 68 72 76 76 70 58 45 39 45 49 49 49 48 45 42 45 47 41 48 60 50 37 60 92 104 89 85 87 74 75 81 83 87 102 126 142 147 145 140
82 82 83 85 83 86 96 95 92 100 108 114 123 136 149 157 169 165 161 154 149 145 154 154 120 72 52 46 39 38 40 41 56 63 75 112 132 137 100 81 90 126 136 128 133 132 130 113 99 82 70 64 58 53 50 45 42 40 40 43 46 48 48 45 48 46 47 46 39 41 45 33 35 67 89 88 80 79 78 68 67 72 78 83 98 124 147 154 138 129
85 82 81 79 76 85 96 91 83 92 95 101 116 129 142 156 157 156 149 144 142 140 156 157 120 63 47 42 41 43 37 59 75 53 53 94 143 147 99 83 90 121 134 130 135 136 138 131 115 99 79 63 49 39 36 38 39 40 43 45 46 47 48 47 50 50 48 44 39 39 38 28 38 73 82 73 76 78 75 73 70 68 71 78 92 118 137 138 133 124
86 84 78 74 75 80 82 75 78 84 82 84 98 111 125 141 147 150 144 142 140 135 148 145 103 63 49 41 44 42 45 106 98 48 26 43 109 147 115 88 83 98 125 140 141 138 147 147 133 119 98 75 56 42 41 47 48 46 46 47 45 44 46 50 54 55 47 37 32 31 29 24 39 68 75 73 78 74 66 65 70 70 74 81 94 114 128 128 124 118
78 77 78 83 86 86 84 74 72 76 77 79 89 102 118 133 138 143 139 139 139 130 137 129 95 68 48 42 49 50 62 140 115 40 20 37 93 139 121 91 73 76 114 145 152 152 156 147 144 135 116 94 73 56 50 55 59 59 58 54 50 47 48 52 57 58 48 34 27 23 22 25 40 60 69 71 73 69 67 69 70 70 72 81 99 115 121 120 111 108
79 76 80 86 82 81 81 72 67 71 78 84 93 106 121 132 131 136 133 132 133 126 128 119 100 71 45 45 59 69 75 137 110 28 10 26 71 125 119 87 65 75 120 150 159 164 167 158 146 139 126 110 91 72 60 58 62 72 74 67 59 57 55 53 57 57 49 34 24 20 20 30 50 65 75 76 71 67 68 65 67 72 77 83 93 102 109 113 106 101
74 71 70 71 68 69 73 68 64 69 74 79 86 98 111 119 128 132 132 129 130 123 120 112 94 68 50 52 68 82 76 121 106 33 21 42 76 120 113 89 59 65 113 148 162 169 168 158 154 145 134 123 109 91 73 64 63 75 80 74 68 64 59 54 56 53 46 30 20 18 25 41 62 70 72 70 68 68 72 70 71 71 74 81 89 96 99 99 98 92
77 78 69 65 69 71 71 70 65 69 71 73 81 94 106 114 117 122 127 124 127 122 117 110 95 70 54 55 76 92 66 98 91 47 39 47 70 113 108 88 61 55 104 147 160 165 169 166 164 151 141 134 125 110 92 78 70 78 81 79 76 70 63 59 53 47 40 26 20 25 40 63 73 75 69 69 73 72 70 71 72 68 72 78 82 86 87 82 82 78
75 73 68 67 70 73 72 68 64 68 70 71 78 93 103 107 112 115 115 121 124 124 120 107 95 79 62 58 84 92 68 65 82 65 42 49 81 103 100 85 62 52 97 148 161 161 166 177 167 161 152 145 134 119 104 88 77 76 79 84 83 76 68 62 55 54 43 32 36 53 69 78 74 72 73 76 76 73 71 70 72 69 68 73 72 69 71 72 71 70
69 68 63 61 67 70 66 63 62 65 69 75 82 91 100 104 107 110 111 116 120 121 121 112 99 74 60 62 80 90 67 45 70 81 59 52 77 97 98 80 63 49 92 147 160 161 164 163 160 159 153 144 131 120 108 92 80 75 77 83 83 77 73 72 73 63 50 47 60 72 75 73 80 79 78 79 76 72 68 67 65 65 62 60 59 64 71 70 69 67
65 71 68 64 67 65 62 63 62 62 65 72 79 84 92 99 98 103 105 109 113 115 116 112 97 73 61 67 79 87 71 38 54 78 65 45 55 78 86 78 59 47 101 161 165 159 162 158 162 156 149 141 129 121 113 99 91 80 77 83 84 79 78 79 85 75 65 66 74 81 83 84 83 83 82 80 77 73 69 67 63 61 57 60 67 73 74 65 65 64
59 64 64 63 65 64 61 61 62 61 63 69 75 79 85 91 93 98 103 106 109 110 109 107 93 79 66 69 76 79 70 47 44 57 70 55 49 66 70 69 53 45 113 173 169 161 164 166 155 150 150 149 134 119 110 100 93 80 74 77 79 79 80 83 82 78 74 76 81 86 91 94 90 87 81 75 72 70 68 67 67 62 61 72 78 75 69 60 61 60
62 61 62 66 70 73 69 60 61 63 66 71 75 78 81 83 86 91 96 100 104 105 102 102 97 84 66 66 69 67 65 54 43 45 65 66 56 59 59 62 56 55 126 170 163 162 161 163 155 145 141 141 132 118 106 93 88 78 72 71 73 79 87 92 91 86 83 88 102 116 121 118 111 106 93 83 79 77 75 74 75 71 71 77 72 62 61 62 57 56
67 67 72 74 72 72 69 61 61 64 66 68 72 76 78 78 80 83 88 91 97 100 98 100 100 82 63 61 63 63 64 56 44 44 46 56 54 49 59 64 55 73 140 165 155 159 156 157 156 150 141 133 125 117 109 98 86 79 73 69 67 73 85 94 93 102 113 117 119 120 116 109 97 95 87 83 83 80 76 76 72 70 67 66 60 55 59 60 54 53
54 61 69 73 72 73 73 70 65 64 64 65 67 70 72 74 76 78 82 84 90 94 92 97 95 81 64 59 62 64 63 58 48 45 36 46 49 44 57 65 52 84 135 153 146 149 152 154 153 148 137 132 129 122 110 95 84 75 68 64 60 61 70 78 84 88 94 98 99 97 90 79 80 80 77 75 74 67 60 61 60 58 55 55 54 55 58 54 53 51
73 75 76 78 80 78 70 63 66 65 65 67 68 67 67 68 70 71 75 76 81 84 82 87 87 83 69 58 61 61 56 58 58 46 36 39 40 38 49 62 65 91 118 133 135 134 140 141 141 136 125 122 121 111 99 90 83 70 62 62 59 56 59 65 70 69 70 70 70 73 74 71 72 71 67 64 64 58 54 58 55 56 56 56 54 54 57 56 52 50
77 80 77 71 70 66 61 61 64 65 66 65 65 67 69 68 67 70 69 71 75 75 78 85 88 82 71 62 59 60 59 58 59 53 50 40 35 36 42 62 73 89 102 113 120 120 123 129 128 123 120 117 111 101 90 82 76 66 58 55 54 54 56 58 59 59 59 60 63 65 65 63 68 62 58 58 57 54 53 55 54 57 58 56 54 55 53 50 50 49
64 66 63 57 54 53 57 63 63 66 68 67 66 67 69 67 69 69 68 69 71 72 74 79 80 78 73 66 61 60 60 59 56 55 57 47 39 36 42 61 75 90 99 105 108 107 110 115 114 113 111 107 99 90 82 78 74 66 58 55 52 52 54 57 58 59 59 60 60 60 60 59 60 58 57 59 59 57 57 58 56 57 58 56 55 54 53 51 52 51
64 64 64 60 54 50 53 58 56 60 65 67 67 68 69 68 69 68 68 68 68 68 70 71 74 76 75 71 66 62 60 59 58 55 55 49 45 43 44 56 77 90 95 96 95 93 96 100 100 101 100 95 87 81 77 74 69 63 58 55 52 50 52 54 53 55 57 57 57 58 58 59 58 58 59 59 59 58 57 57 58 57 57 57 56 54 53 52 53 52
60 58 62 65 61 57 56 57 47 48 53 61 64 65 67 68 69 67 69 71 69 68 69 67 70 70 71 70 69 66 62 59 61 56 54 51 50 51 51 58 73 84 88 87 85 83 84 86 89 90 88 85 81 78 74 70 65 62 60 59 56 53 53 54 54 56 57 58 58 58 59 60 59 60 59 58 57 58 57 57 59 57 56 57 57 55 54 54 54 53
54 50 54 60 60 58 59 60 46 41 43 51 56 56 60 66 68 66 68 69 68 68 69 67 65 65 65 66 67 67 65 63 61 61 62 58 55 54 58 65 70 79 81 83 82 80 79 77 79 78 78 76 74 73 70 66 66 63 62 61 60 58 58 57 61 61 60 60 59 59 59 59 58 58 58 58 59 61 61 59 58 56 56 57 57 55 54 55 53 52
53 51 53 57 57 54 55 58 51 43 41 45 48 50 55 62 64 63 63 63 63 64 65 65 67 68 68 67 66 65 65 65 64 64 64 63 61 60 62 64 67 72 74 77 78 75 74 71 70 71 72 71 69 68 67 66 66 63 61 60 60 60 61 61 61 60 58 58 58 58 59 59 60 59 59 60 62 63 61 59 57 56 56 57 57 56 55 55 53 52
50 51 53 56 57 52 49 51 51 48 46 46 48 52 58 61 63 64 63 62 63 63 62 64 66 67 68 68 66 65 66 67 67 65 64 64 65 65 65 61 62 64 64 68 69 67 67 66 67 67 69 69 67 66 66 67 66 64 62 61 60 62 63 62 60 59 58 59 60 60 61 62 64 62 61 62 61 60 59 59 57 58 58 59 58 57 56 56 55 55
55 56 54 55 57 52 45 45 47 51 52 51 52 59 63 62 66 70 68 67 69 67 64 65 57 59 62 65 66 67 68 69 65 68 69 68 65 64 67 67 65 64 62 66 67 66 68 69 67 65 65 67 66 66 66 67 66 66 66 65 64 65 65 64 65 64 64 64 64 63 63 64 64 62 60 60 59 58 59 61 59 60 61 60 60 59 58 57 58 57
54 52 46 44 50 55 51 41 43 51 51 49 51 50 50 54 58 60 63 65 66 67 67 66 57 56 54 55 59 63 67 68 70 65 65 67 64 61 63 67 66 62 62 66 67 66 65 66 67 68 68 66 65 65 64 61 61 62 66 62 69 67 63 67 65 65 65 63 64 65 62 64 60 58 61 61 62 63 60 60 65 62 63 60 60 61 57 59 55 55
60 53 41 38 45 51 52 51 43 41 47 51 49 51 55 52 54 55 56 54 52 51 52 53 53 52 52 53 56 59 62 63 63 58 58 63 66 67 66 62 65 64 65 65 63 62 63 65 67 66 66 67 66 66 66 67 65 62 61 62 63 65 70 64 69 62 62 62 63 65 63 61 60 64 63 63 65 62 60 64 59 63 61 62 61 60 58 61 59 59
63 60 51 45 43 43 47 56 49 41 45 50 47 49 55 52 51 52 53 52 50 49 48 46 46 46 47 47 47 48 49 50 47 44 48 58 65 67 67 65 62 66 70 71 70 69 66 62 63 62 62 64 64 62 63 66 66 63 67 69 63 60 58 68 63 63 66 62 54 49 49 54 72 88 83 63 50 55 67 67 60 52 49 59 66 62 58 60 57 57
63 64 61 53 46 41 42 51 56 51 47 46 46 46 48 51 48 46 46 46 47 47 44 40 43 43 43 42 40 38 37 37 35 35 47 62 65 59 58 62 67 68 64 54 48 54 63 67 69 69 69 69 67 65 65 68 68 68 68 68 68 73 62 61 60 63 68 79 99 108 111 122 143 155 143 113 89 101 126 119 116 113 107 66 53 54 58 58 56 56
74 73 69 60 55 54 50 50 53 54 49 46 47 45 45 50 56 52 48 46 45 46 45 43 42 43 43 42 39 36 34 34 35 34 42 54 56 53 57 63 62 58 47 34 30 36 41 41 47 52 53 52 56 60 63 66 66 66 63 67 63 62 86 116 131 136 142 152 166 169 167 174 172 174 168 163 154 159 172 162 160 166 158 59 27 28 33 37 37 37
81 79 78 66 57 57 51 47 47 47 50 53 51 48 48 49 53 52 51 49 45 44 45 44 41 41 42 42 40 38 36 35 34 33 36 41 48 57 61 60 50 51 47 38 30 28 29 28 27 31 29 29 35 42 45 47 54 45 48 50 52 38 76 168 183 173 169 167 164 164 163 162 165 169 164 164 166 167 171 168 163 168 161 48 18 23 18 24 21 21
94 89 91 78 62 61 57 53 49 42 47 56 54 48 46 47 48 51 54 53 49 47 45 43 39 40 40 41 41 39 36 34 34 37 42 47 55 63 61 52 52 51 50 46 39 35 31 28 27 27 25 28 39 44 44 45 43 42 51 44 51 34 79 171 176 165 164 162 159 163 164 159 159 168 169 165 165 165 165 167 162 170 170 64 13 25 23 23 21 21
107 93 92 80 66 69 68 63 55 43 42 51 52 41 38 43 52 52 53 52 49 46 44 41 41 41 41 42 41 38 34 31 39 42 48 53 59 66 68 64 55 53 50 44 35 29 29 31 30 28 26 33 45 47 43 43 45 44 41 50 51 33 117 177 167 165 168 167 165 166 164 162 167 162 167 173 170 163 159 164 168 166 177 99 21 22 23 24 24 24
128 116 108 101 81 72 74 66 66 54 47 44 43 40 37 41 46 47 53 49 43 44 43 39 36 38 37 34 33 27 32 34 39 51 57 57 56 56 56 52 52 53 54 51 46 41 34 29 29 31 36 48 50 48 51 47 42 45 46 44 35 73 149 175 166 166 164 164 164 162 162 164 166 163 162 166 165 162 163 163 163 165 173 139 58 9 22 23 25 26
158 150 143 137 126 114 105 93 78 75 68 55 51 55 57 60 50 42 48 58 59 54 48 47 41 41 41 42 50 51 58 59 49 56 53 46 43 43 44 40 42 45 50 54 55 53 48 41 40 44 48 54 48 43 51 52 49 50 44 45 63 123 179 167 163 163 161 161 161 160 159 161 162 159 158 163 161 158 160 160 159 156 162 168 132 56 21 18 23 25
