80 60 52 53 54 60 65 60 49 33 28 28 28 36 46 50 61 98 144 168 176 182 185 184 191 186 182 179 175 173 173 172 173 173 172 174 178 167 177 170 173 179 177 170 177 173 178 175 179 174 173 181 182 175 175 179 170 171 173 167 169 174 171 174 173 171 171 172 173 171 170 170 168 171 170 170 173 172 171 175 175 175 174 169 170 171 171 177 173 171
61 51 47 47 48 56 59 52 35 32 41 48 45 46 46 41 39 46 56 64 70 85 108 129 153 170 182 182 183 187 185 176 179 179 174 173 175 171 171 174 179 176 176 171 178 172 171 178 181 176 171 174 176 177 176 168 173 172 168 166 168 170 171 169 169 169 169 171 171 170 173 177 172 174 172 171 174 172 168 170 172 172 171 169 170 169 165 168 169 168
47 42 41 44 46 46 46 45 44 51 58 59 53 48 48 48 56 50 43 41 38 32 33 41 60 80 111 146 176 189 188 185 182 184 182 180 173 176 169 174 175 175 176 169 175 180 179 178 175 177 179 176 169 172 178 175 170 171 169 173 172 169 172 166 169 169 171 173 172 170 170 172 172 174 173 174 176 173 171 172 174 172 170 168 170 170 166 168 167 168
40 45 50 51 50 50 52 56 53 58 51 48 52 50 48 52 53 55 50 45 42 36 35 37 37 33 40 65 92 106 120 136 152 158 170 183 177 181 178 178 174 172 177 180 183 188 193 191 193 192 189 185 178 172 174 172 173 173 174 176 170 168 175 175 173 171 171 173 173 170 167 167 166 169 170 171 172 170 170 173 170 168 167 167 170 173 171 172 169 172
56 60 56 48 49 55 53 49 46 50 45 48 53 53 56 61 54 54 45 40 41 43 46 43 41 41 37 32 28 30 42 56 72 92 128 170 190 190 184 174 172 189 196 167 146 152 153 161 174 181 184 191 195 184 172 166 172 167 172 172 168 169 170 172 171 168 167 169 169 169 170 172 171 171 170 171 171 169 169 172 171 170 173 172 173 173 170 169 169 172
83 74 63 56 52 44 40 40 45 47 53 68 76 80 82 71 66 64 55 50 45 44 51 50 45 45 45 45 44 42 41 38 34 41 59 104 142 151 163 181 191 209 189 105 58 65 59 81 112 129 142 163 188 195 188 181 177 169 173 173 176 179 173 172 166 166 168 170 169 168 171 175 177 174 172 173 175 175 173 173 176 175 177 174 172 171 169 170 170 171
90 75 64 59 48 39 51 72 79 93 106 119 120 119 118 102 97 89 76 73 67 63 64 53 51 49 54 57 50 45 46 47 46 46 35 44 63 92 119 161 213 233 186 75 14 34 60 98 149 169 177 181 191 198 202 203 195 186 176 170 172 175 174 173 166 168 172 173 171 168 169 173 172 170 170 173 175 173 172 172 171 169 171 169 168 170 172 174 171 171
78 74 78 89 101 118 137 149 161 178 176 168 164 158 154 143 130 123 111 108 100 95 93 74 66 63 65 63 54 54 55 49 49 46 62 97 82 62 54 109 197 239 221 144 52 31 87 155 187 205 212 214 215 215 216 214 218 213 195 182 175 170 174 174 170 170 171 173 172 171 172 175 170 170 173 175 173 169 169 170 171 170 173 172 170 171 170 171 172 170
105 132 153 176 202 222 217 209 212 209 206 198 185 183 182 171 165 164 157 149 139 135 130 116 98 91 79 71 58 58 63 63 61 36 97 179 93 42 36 69 152 210 221 188 131 100 133 190 220 220 216 212 202 203 207 213 220 215 198 206 208 182 170 172 170 178 173 171 173 171 173 174 173 166 171 176 170 168 170 167 170 170 167 167 171 168 165 169 169 170
184 210 224 228 223 217 209 212 214 209 204 202 198 192 191 192 190 186 181 175 169 164 160 158 148 135 120 116 97 92 101 101 90 73 136 177 65 32 44 48 79 120 135 139 141 137 123 159 209 212 185 164 155 161 173 183 205 215 196 189 214 214 186 172 172 173 167 168 171 171 173 173 171 166 168 169 165 167 171 169 167 170 168 167 171 170 166 166 168 169
214 216 210 210 210 208 204 211 211 205 203 206 206 201 198 202 198 190 190 192 190 179 166 170 173 175 169 175 169 167 175 178 173 159 142 115 62 55 61 80 76 82 114 140 162 145 131 124 146 151 134 126 121 141 178 189 195 202 206 203 199 214 219 191 175 170 164 167 170 170 171 169 169 170 170 168 166 168 169 166 165 172 171 167 167 167 167 171 170 170
214 210 207 213 210 209 208 214 215 207 206 205 202 204 205 202 195 194 200 196 199 201 187 182 184 192 197 200 199 207 211 211 209 188 129 69 50 46 51 83 111 97 104 145 186 199 201 182 173 175 161 145 131 160 203 211 216 214 212 217 195 190 217 205 198 187 173 166 167 170 171 170 167 170 170 169 169 169 168 166 166 167 164 163 166 167 166 168 168 167
215 210 210 216 212 214 214 213 215 212 214 209 206 209 205 198 204 195 198 195 196 201 197 198 188 188 200 201 195 203 197 188 171 163 158 133 117 97 88 88 107 121 134 111 112 149 189 214 207 201 192 191 185 187 197 210 218 217 205 210 199 183 201 210 218 208 185 165 163 168 170 172 165 167 167 167 169 168 168 171 165 167 168 170 170 165 164 168 164 163
216 214 217 221 213 217 217 212 214 214 212 204 205 207 200 201 204 200 202 195 189 195 195 192 201 200 201 201 197 192 176 176 172 156 159 160 184 191 190 179 162 169 189 186 152 102 133 190 215 209 199 199 197 194 185 186 185 187 189 188 186 184 189 196 200 200 187 170 168 170 164 165 167 168 168 168 169 167 167 170 173 168 166 170 172 168 165 168 168 168
218 218 216 217 214 219 216 212 209 211 211 203 204 205 197 199 201 198 198 199 196 195 195 195 204 209 209 218 209 189 178 183 172 143 137 135 158 172 182 180 170 155 163 180 192 187 130 127 190 207 200 193 191 189 186 189 194 197 196 191 199 201 191 194 189 194 195 189 187 185 175 171 168 169 169 167 165 167 168 168 170 166 164 164 164 163 166 171 173 174
223 223 216 216 217 220 215 212 213 212 215 205 201 207 202 200 204 205 198 195 199 205 208 207 214 212 218 232 200 180 194 191 159 145 153 149 148 134 141 156 162 163 169 178 186 213 191 122 128 204 211 196 201 202 197 201 198 194 193 197 198 195 194 196 191 191 195 190 186 185 179 177 166 167 165 159 157 166 173 172 168 166 165 165 166 168 170 173 170 171
219 221 217 214 216 217 215 215 212 212 213 207 203 202 201 202 202 201 199 199 203 206 210 214 212 210 226 234 195 178 198 187 149 159 162 154 123 102 103 113 138 148 157 178 196 198 205 172 118 170 217 202 209 210 210 203 201 201 196 195 187 186 196 188 186 190 188 181 186 189 178 170 166 158 162 160 155 154 154 166 170 167 169 168 163 171 177 171 168 168
213 219 220 216 216 217 217 218 214 212 212 206 203 203 201 201 199 201 203 204 203 201 205 213 209 215 222 223 202 182 182 183 163 166 157 123 88 70 58 69 102 129 167 200 207 194 201 206 146 150 212 213 211 217 210 208 206 201 199 197 191 189 190 185 183 180 178 178 182 181 175 173 163 165 164 152 149 145 139 149 163 164 169 173 170 167 169 174 170 167
220 226 225 219 217 218 219 221 215 214 214 208 203 202 199 199 199 197 200 207 210 208 209 214 216 217 221 213 196 186 181 173 172 173 139 91 57 46 44 53 99 155 215 208 190 201 201 213 189 145 203 220 211 218 210 210 209 202 200 195 192 191 185 182 176 174 173 168 167 172 171 168 169 168 157 143 149 155 144 141 137 146 166 173 164 167 175 173 170 169
220 223 225 224 223 221 218 216 216 216 217 211 203 200 197 199 196 197 202 208 209 207 209 213 212 217 225 206 169 165 177 168 173 164 119 68 40 34 37 59 146 213 202 188 201 204 203 222 211 153 187 218 213 217 213 210 206 204 199 192 189 186 179 173 169 163 160 155 154 163 161 152 155 155 156 148 148 158 153 141 132 132 137 157 177 175 167 168 168 171
228 226 225 224 221 216 213 213 216 217 218 212 205 201 198 199 196 197 201 206 210 212 213 212 213 221 224 205 158 142 167 170 174 137 94 41 29 35 33 98 193 208 172 187 205 199 210 222 217 162 178 221 219 216 211 204 209 205 193 188 182 174 175 171 155 141 140 143 140 141 145 149 150 152 158 153 147 154 156 145 137 135 124 122 145 169 174 167 169 172
223 224 228 230 226 220 217 218 218 216 215 211 207 204 199 197 197 195 198 204 212 219 219 213 212 216 224 209 144 114 150 167 167 115 64 28 30 32 37 121 198 200 172 171 200 213 213 225 226 170 178 228 224 218 211 205 209 205 196 198 187 165 158 149 137 119 111 111 113 121 133 144 142 150 154 149 146 149 152 153 150 140 135 124 114 133 166 179 175 174
228 231 233 231 226 223 224 224 221 217 215 210 207 204 197 195 194 195 201 206 207 209 213 213 215 210 220 197 125 107 144 147 154 99 43 27 38 51 83 152 215 222 171 144 194 221 219 223 228 177 173 229 226 219 217 213 200 195 191 190 177 157 143 127 112 90 75 73 82 97 109 117 130 140 142 146 157 160 155 151 153 149 143 138 129 118 126 151 175 178
233 237 240 236 233 235 235 232 223 219 216 210 205 201 195 194 194 192 199 208 210 211 214 215 207 207 214 171 101 103 135 126 130 72 35 28 42 83 125 175 215 212 171 127 179 225 218 221 227 186 169 227 227 214 216 208 202 194 189 175 156 142 120 96 78 62 58 62 60 59 73 97 113 126 133 140 150 154 153 152 158 162 157 153 152 141 126 123 147 165
238 240 247 248 245 247 245 236 225 221 218 207 196 193 191 189 192 192 200 210 215 214 213 214 207 209 211 154 77 86 115 105 111 57 31 26 33 58 109 177 220 214 156 120 179 228 228 225 223 187 177 229 221 209 211 206 195 184 178 160 134 114 90 71 57 52 50 39 37 53 71 87 104 115 118 125 123 118 121 131 153 161 167 168 165 159 150 136 127 125
242 245 250 253 253 251 244 237 227 221 220 212 199 191 191 196 192 195 202 208 211 213 214 214 208 210 202 138 60 71 97 84 79 45 29 25 21 20 68 163 216 211 144 114 196 228 219 217 218 180 174 219 210 202 200 193 178 164 154 132 105 86 66 55 46 37 28 30 56 92 110 110 98 104 102 100 94 89 99 123 148 167 179 182 179 175 172 166 142 126
244 248 251 254 255 253 244 238 234 221 213 205 197 192 190 194 191 197 204 208 209 212 212 210 205 205 188 127 65 73 85 66 63 38 27 27 22 12 61 169 208 211 134 103 197 221 216 222 219 172 172 215 210 197 188 185 170 150 131 106 82 65 49 45 39 31 33 70 120 139 113 77 63 75 89 98 115 141 161 172 176 186 187 188 188 187 188 187 175 155
245 250 253 253 255 255 248 240 232 218 206 195 190 189 185 183 189 196 205 210 211 211 208 205 203 202 179 121 67 71 77 60 50 29 22 23 20 17 64 156 191 183 114 116 210 224 217 225 218 171 180 212 206 197 183 171 156 129 104 81 65 53 41 40 25 40 79 127 149 125 83 60 77 105 127 149 180 189 195 204 194 194 191 195 203 201 197 196 193 186
241 248 255 254 251 252 247 235 218 211 204 194 187 183 179 180 188 194 203 211 213 211 206 202 201 202 186 130 64 62 72 52 43 28 25 24 19 25 74 151 186 148 99 145 214 218 216 233 224 166 187 216 202 187 172 155 128 105 82 59 46 44 47 58 62 89 132 152 134 93 62 63 110 149 169 179 201 207 212 205 196 200 197 199 203 202 200 198 198 203
240 248 255 254 247 246 240 225 214 204 196 190 187 183 180 184 191 194 202 211 214 212 207 203 197 195 188 141 69 67 79 49 39 27 24 26 27 40 88 156 170 127 113 177 217 221 220 229 215 171 202 214 192 182 168 133 99 72 52 43 52 73 87 98 119 145 163 148 114 86 70 62 103 162 196 193 207 213 218 204 203 205 200 195 196 202 207 204 202 207
245 250 253 249 241 236 229 219 213 202 191 183 184 184 182 186 195 199 206 211 213 213 209 203 196 187 178 142 79 72 80 54 36 25 28 36 43 57 100 154 158 127 144 196 222 236 231 217 197 178 208 204 186 165 140 106 71 49 46 66 103 137 143 136 158 181 178 160 134 114 90 46 54 147 212 199 204 208 206 203 203 202 201 202 202 208 215 211 208 210
245 245 241 235 229 222 216 214 205 203 196 182 178 180 181 184 198 205 211 213 213 214 208 200 194 189 179 151 96 71 69 56 34 24 32 42 44 65 114 161 163 141 177 212 224 231 227 213 173 185 209 183 174 145 102 71 57 64 97 130 157 177 175 164 172 189 172 164 150 132 107 43 8 74 190 217 203 200 206 201 208 204 205 209 199 194 201 204 206 210
251 244 233 230 224 218 214 203 204 197 193 185 177 181 187 188 190 202 213 220 220 214 206 196 189 187 176 149 109 86 76 62 40 23 31 41 33 43 112 176 174 166 200 218 221 226 226 202 172 198 201 187 146 98 65 70 83 103 144 166 182 185 185 173 174 181 179 168 159 150 108 43 6 24 129 208 208 188 181 184 186 190 190 194 197 186 180 191 198 205
245 238 227 228 225 215 210 205 194 194 189 180 177 178 177 177 179 203 215 221 222 206 196 200 194 179 171 154 116 93 84 65 50 31 34 47 35 36 115 189 183 184 207 220 224 216 217 188 180 202 185 156 118 98 96 98 112 148 177 175 185 194 187 184 186 191 191 172 164 156 97 27 13 11 59 156 199 190 175 173 174 177 177 175 180 188 192 191 195 203
236 235 225 224 223 213 208 205 193 195 186 176 174 171 174 184 187 206 223 225 214 204 202 198 191 174 166 154 122 100 89 69 55 46 34 46 52 54 126 202 211 194 207 220 229 216 199 175 191 195 166 145 155 182 174 139 149 185 190 180 185 194 189 187 194 198 194 175 172 151 80 22 19 11 17 111 179 195 185 179 179 174 167 162 165 175 185 189 193 201
228 235 227 219 215 210 207 198 193 189 179 176 178 171 173 187 192 193 209 221 209 202 205 197 186 180 168 151 128 105 88 74 60 59 42 43 74 108 165 209 217 213 214 222 208 180 171 185 189 170 164 180 221 241 181 106 129 192 191 183 183 188 191 188 188 195 185 185 184 131 58 24 27 39 57 122 169 194 193 174 174 174 167 163 164 167 174 186 194 203
224 232 227 216 205 202 201 189 192 181 168 172 178 172 173 177 179 192 198 202 206 204 198 191 192 188 172 157 141 116 92 77 68 72 64 47 85 153 173 141 169 230 204 178 155 159 179 183 171 166 191 216 236 235 158 53 52 152 186 184 180 188 195 193 187 185 182 193 186 118 52 44 65 97 122 147 162 179 203 191 191 190 179 166 160 163 172 182 197 208
222 227 223 214 201 195 195 185 185 181 173 173 172 168 173 172 177 191 192 195 203 197 191 196 193 179 165 159 147 123 98 78 65 72 84 81 107 133 104 47 96 167 148 149 167 176 176 187 209 211 223 230 233 240 195 77 11 77 150 176 175 192 198 189 197 182 187 189 167 105 49 58 115 165 176 177 174 165 197 216 207 188 174 164 151 147 155 161 175 189
216 219 214 210 201 191 189 183 177 183 180 178 170 164 169 170 172 187 190 190 195 198 199 196 182 168 158 156 145 130 113 93 74 73 82 86 84 65 60 72 97 134 167 191 190 191 208 226 229 223 221 223 216 215 211 147 45 48 121 168 172 184 189 178 184 185 201 196 162 93 33 41 120 183 184 183 194 175 179 220 217 183 162 157 147 141 150 159 165 182
207 212 206 203 198 189 185 180 183 181 170 168 165 160 167 170 176 189 191 194 200 201 197 192 179 174 168 162 152 145 137 122 120 101 72 52 57 76 109 127 156 199 206 196 215 226 236 226 219 214 212 212 205 189 189 168 91 81 133 170 174 169 173 173 179 198 204 192 157 87 39 55 119 182 181 186 222 212 174 214 223 196 168 154 147 144 144 146 158 175
192 209 201 191 195 193 186 180 174 174 173 170 168 164 164 168 182 193 194 202 205 201 200 186 174 176 177 163 160 156 160 163 146 70 52 87 104 135 168 182 197 214 212 206 213 220 221 216 211 207 208 201 208 209 200 179 134 93 108 151 156 147 153 160 171 189 187 193 158 77 41 97 163 220 225 197 203 215 183 205 234 202 163 143 140 145 151 148 155 165
198 200 195 195 194 187 180 174 175 175 172 171 171 166 165 172 188 197 197 208 211 198 196 195 181 175 177 173 165 161 160 174 148 50 85 168 181 195 209 223 232 231 223 215 210 211 217 213 206 212 218 221 230 237 219 199 167 103 85 109 123 126 127 129 147 172 185 189 143 69 33 67 138 202 209 177 183 220 200 194 225 194 151 135 135 132 135 146 150 170
195 205 198 190 190 184 180 181 183 183 177 174 175 168 166 174 194 197 195 206 208 196 197 201 189 180 177 169 155 156 153 177 178 103 149 236 242 238 238 236 236 231 226 224 219 220 225 223 227 230 236 238 230 239 214 182 139 80 63 81 96 99 89 90 120 170 206 205 143 64 23 42 102 172 194 181 187 223 210 188 203 184 145 132 137 122 116 134 148 177
181 196 196 191 193 189 184 184 187 188 177 168 171 171 174 186 205 206 203 209 209 204 204 199 181 172 167 162 149 143 147 177 177 120 161 238 242 229 225 227 231 234 232 230 231 232 228 222 219 230 226 215 200 200 185 156 91 50 49 62 65 61 50 57 102 172 210 196 133 66 43 82 156 212 219 200 181 197 195 184 180 174 142 128 135 118 105 120 151 177
193 187 192 199 196 193 189 183 186 191 181 171 172 174 177 187 203 209 207 209 210 203 195 186 180 172 165 153 142 135 137 129 85 68 149 213 210 216 209 205 208 211 212 211 215 220 216 209 203 201 201 199 192 197 200 152 81 46 49 55 48 43 36 46 96 173 203 178 120 67 53 96 165 218 223 196 155 162 174 167 180 175 142 124 132 122 115 130 161 180
176 179 188 192 192 196 192 187 188 193 187 177 177 178 180 187 199 208 207 209 211 201 191 190 181 172 172 158 132 112 117 102 47 49 128 197 197 198 196 194 196 188 188 187 184 185 183 180 176 184 186 191 200 194 181 131 69 46 52 56 46 38 33 41 99 169 197 169 112 68 48 66 130 182 202 188 141 150 176 173 187 174 136 118 126 121 120 138 161 178
162 184 193 185 190 198 193 194 191 189 182 176 178 182 189 199 200 205 208 211 209 203 199 197 186 181 171 148 119 103 100 90 53 44 84 157 181 181 184 182 183 171 165 158 151 147 145 148 163 168 174 182 186 175 139 85 61 54 59 56 43 35 34 42 91 152 185 164 104 63 39 40 88 147 171 152 96 109 159 180 196 178 136 117 124 119 116 132 147 171
155 174 191 194 199 200 189 186 187 182 178 179 181 182 188 197 206 205 214 218 208 207 207 193 186 179 154 131 111 96 77 83 53 28 53 104 125 143 153 159 143 136 124 111 110 107 107 121 131 143 146 149 149 140 93 59 55 56 56 47 36 31 32 40 71 127 164 149 90 52 38 46 91 159 181 158 115 135 173 183 199 181 136 112 119 112 106 118 145 176
164 177 191 198 198 189 185 189 189 181 184 182 173 173 181 197 208 210 215 212 204 204 202 183 168 166 141 120 111 83 74 66 51 34 65 83 63 68 90 98 98 90 88 87 94 95 100 102 108 105 100 99 103 94 72 60 57 50 44 42 38 32 33 38 56 103 141 119 67 40 48 66 112 167 192 162 147 167 178 176 193 161 122 107 110 107 109 126 154 174
171 185 197 199 192 184 185 192 191 184 182 179 171 169 179 194 200 204 209 210 204 204 201 186 172 155 141 130 109 81 64 49 43 76 78 61 59 60 54 48 61 71 80 78 80 86 96 95 88 86 80 78 76 76 73 61 50 49 48 45 40 36 34 35 48 86 110 92 58 36 45 75 113 151 162 122 97 125 164 184 183 151 110 98 108 108 118 145 162 179
173 185 197 196 188 185 190 196 189 183 177 177 176 174 183 194 200 204 208 211 209 205 197 182 176 163 149 122 99 79 52 45 80 90 72 53 55 56 52 53 52 63 71 74 83 88 93 89 82 73 64 72 82 88 84 61 41 47 50 46 41 38 35 33 36 66 83 71 50 35 43 72 99 135 142 98 68 92 141 179 175 149 112 98 103 99 114 152 169 182
174 183 194 195 190 191 194 194 188 184 172 170 171 170 185 199 201 201 201 205 207 202 193 180 169 152 132 100 82 55 53 94 119 64 48 55 49 40 38 47 42 58 75 75 72 86 105 90 82 66 71 104 130 119 80 44 36 42 46 43 38 36 34 32 38 54 69 62 45 35 37 46 71 98 105 94 98 114 137 164 167 142 109 99 104 101 111 139 160 173
178 188 199 198 192 191 192 189 189 180 164 168 178 182 190 196 203 203 203 206 206 200 189 176 157 138 115 86 59 48 97 125 63 42 44 45 39 40 34 29 48 62 64 68 80 95 117 112 78 71 112 153 151 109 53 33 42 45 48 47 44 40 38 37 43 48 60 58 44 40 45 48 63 84 75 56 72 110 144 166 146 127 106 99 101 105 117 131 144 160
181 193 202 199 191 187 187 187 188 176 163 166 177 186 196 203 200 200 200 200 194 188 180 164 142 129 103 70 43 80 135 78 34 39 36 33 33 38 48 55 67 81 66 55 67 83 112 116 75 69 131 172 144 89 39 29 39 41 44 45 42 37 34 34 39 46 58 55 41 40 58 81 95 102 83 55 59 99 139 154 133 120 108 98 88 94 109 116 129 153
186 196 200 197 194 190 185 184 183 170 164 166 174 181 186 190 200 196 191 188 184 184 177 158 133 120 87 56 57 117 113 39 37 32 26 27 33 46 61 64 71 63 56 63 55 54 99 119 76 65 117 152 126 84 46 34 37 39 43 44 42 39 37 37 38 46 57 52 37 35 53 78 73 73 72 81 93 107 125 134 129 114 102 90 80 87 97 93 127 161
195 200 199 198 201 197 186 179 174 166 168 168 167 174 181 191 194 189 187 187 184 182 167 136 124 115 74 37 67 123 58 35 33 23 29 27 29 50 66 73 70 71 63 80 83 56 88 132 108 82 98 119 110 87 57 39 36 40 44 44 43 43 44 43 44 45 53 51 43 44 49 52 55 56 45 50 74 98 113 114 112 102 96 86 76 84 94 89 121 161
195 197 194 195 195 185 176 170 166 163 164 162 163 169 178 189 187 185 182 182 180 170 153 135 122 100 54 37 76 93 40 30 26 25 28 21 28 62 81 75 82 98 103 110 113 102 77 119 131 104 81 71 77 65 43 34 40 40 42 43 43 42 43 44 47 50 55 55 43 46 64 71 73 66 41 21 42 86 106 107 106 97 89 82 80 82 82 80 124 165
187 198 201 194 186 180 174 166 159 152 152 152 152 157 164 173 180 185 183 182 177 160 144 135 127 95 45 35 63 65 36 28 21 20 25 18 31 67 81 81 91 116 132 134 141 137 91 100 139 121 94 68 51 36 32 34 43 42 43 44 43 41 41 41 44 48 55 53 40 41 59 67 61 43 32 34 53 80 95 97 94 91 90 84 81 80 78 84 135 174
189 197 197 188 179 177 173 159 154 144 144 147 147 148 152 160 176 174 176 177 162 148 143 136 120 86 37 44 67 46 29 20 25 23 27 20 38 72 81 85 97 122 148 148 155 163 113 91 138 140 122 98 66 39 37 36 41 39 40 42 43 42 43 43 48 52 57 54 38 35 46 50 39 22 23 39 58 73 80 85 92 89 87 78 73 72 76 100 149 175
195 192 187 182 174 170 166 153 142 134 133 137 141 142 147 161 171 163 165 167 153 141 142 138 121 87 35 44 72 40 27 22 23 22 24 22 39 69 81 82 94 118 153 164 164 172 131 87 133 146 130 120 98 70 61 52 44 41 41 43 44 45 47 48 53 55 59 56 41 31 33 30 24 23 28 41 62 75 78 85 84 82 84 76 73 68 78 117 162 170
187 185 185 181 167 159 158 149 141 135 130 128 131 132 140 160 160 161 155 155 153 138 131 136 128 90 39 41 65 38 25 23 23 26 27 35 50 78 99 91 92 120 146 159 160 169 151 105 132 147 123 122 117 97 85 74 61 54 49 48 47 48 49 51 52 53 57 57 42 28 26 22 16 21 32 47 65 75 77 83 80 77 79 75 72 69 86 130 163 162
175 179 180 175 162 156 152 140 136 132 127 121 119 117 123 140 153 153 147 145 141 130 126 130 122 80 43 46 54 37 26 21 22 26 27 38 53 84 112 95 83 122 141 152 160 171 165 120 134 154 126 126 126 112 98 88 78 67 57 53 50 50 51 52 51 52 55 55 38 22 20 20 19 20 40 62 71 74 75 80 80 75 72 70 70 77 106 145 153 154
166 169 167 161 154 152 146 132 123 120 120 116 112 115 122 132 146 140 138 138 130 126 130 127 112 68 41 52 49 37 29 25 22 23 22 30 46 86 117 99 79 122 146 153 159 173 173 126 138 162 135 130 128 122 111 101 93 79 66 58 54 53 53 54 52 50 52 52 36 17 15 18 21 28 51 67 68 67 69 75 73 74 74 77 80 95 126 147 145 143
157 160 155 148 141 139 138 130 115 108 110 107 102 111 124 129 134 135 133 134 134 133 133 131 104 63 41 62 55 39 28 23 21 19 16 19 40 89 120 107 73 110 145 154 154 174 180 133 139 166 144 136 133 134 124 110 106 91 75 65 58 55 54 55 51 46 47 50 37 18 15 17 27 48 67 67 65 67 70 78 80 86 85 87 87 104 131 134 138 128
136 143 143 137 131 130 127 116 107 98 101 97 96 106 111 117 124 125 134 136 133 139 142 138 108 67 42 56 51 39 34 23 20 21 19 19 41 86 123 107 70 105 152 156 154 177 176 123 137 172 140 138 137 140 134 119 115 98 72 62 59 55 60 61 54 47 42 43 35 18 15 28 43 59 61 62 68 71 75 81 85 85 92 96 103 118 129 138 138 119
124 129 130 128 126 124 120 110 102 94 97 94 93 100 104 109 117 121 129 132 131 138 144 141 108 59 38 57 50 44 42 26 22 20 21 23 40 79 114 100 65 102 152 151 162 172 166 117 135 169 137 135 137 139 133 122 118 103 77 60 52 52 57 59 55 45 38 38 34 24 26 41 52 58 61 66 72 81 90 90 91 94 101 116 132 142 145 139 132 112
119 119 117 118 116 114 110 101 94 87 90 91 91 97 100 105 115 124 131 136 133 134 140 133 103 58 43 61 56 53 47 30 25 24 30 34 45 76 107 95 59 96 147 148 159 167 160 120 140 172 139 129 132 136 129 123 113 100 84 66 54 50 51 58 53 46 39 38 35 30 34 46 53 60 68 78 84 89 94 92 101 114 120 130 141 147 143 122 112 94
114 112 112 116 115 109 103 95 87 80 83 86 88 91 93 97 108 117 121 128 129 133 143 136 98 68 52 60 62 62 49 33 27 28 40 45 52 79 104 91 61 90 134 149 156 176 157 113 142 168 136 123 130 136 128 122 112 96 84 68 54 44 44 57 61 53 41 33 30 33 45 59 68 77 81 86 92 97 106 115 119 124 129 136 136 130 119 106 89 76
109 107 106 110 110 106 104 100 93 86 85 88 90 91 91 94 104 113 116 124 127 131 139 131 97 74 57 57 63 71 54 36 28 29 40 42 53 82 101 83 55 89 138 157 163 178 147 105 146 162 137 123 123 124 118 120 109 93 82 69 57 47 40 48 51 44 39 39 40 43 57 72 84 90 94 99 105 111 122 129 133 131 135 126 119 113 91 75 69 62
101 102 104 108 107 103 101 96 93 88 85 86 88 88 90 92 101 105 106 112 117 126 139 139 100 70 58 61 67 81 62 38 32 31 34 33 49 80 94 74 48 96 150 157 170 167 134 112 171 155 124 115 120 120 111 108 100 90 80 71 65 59 50 48 41 36 39 51 62 74 94 114 116 110 109 114 116 126 137 132 128 118 124 115 101 88 66 63 65 63
100 103 103 103 100 99 100 95 94 91 87 86 86 88 93 96 98 103 109 114 118 127 139 146 106 65 55 63 68 80 63 43 35 33 33 27 43 71 81 65 64 109 149 150 170 162 123 119 172 144 117 109 111 114 108 102 92 87 75 68 64 62 65 66 72 78 87 97 111 128 143 149 143 134 130 131 128 134 139 128 116 110 109 94 78 71 60 59 62 63
97 102 103 103 100 100 101 95 94 93 87 83 82 83 89 93 91 95 105 108 109 117 129 141 114 63 49 58 62 70 58 51 34 35 34 26 38 61 70 60 82 123 149 153 162 157 111 121 157 137 122 110 101 104 100 90 82 81 73 70 63 56 65 73 79 101 120 128 142 161 163 149 136 137 135 132 128 126 123 113 107 94 81 70 65 66 66 66 60 62
87 92 96 97 96 96 96 95 92 89 83 79 80 83 87 90 88 91 92 97 105 110 118 131 111 75 60 53 61 67 61 54 43 32 34 30 30 48 59 63 91 125 139 147 153 125 107 131 145 129 115 102 97 95 87 85 79 77 71 63 62 68 70 65 76 89 102 123 134 135 138 134 128 125 119 115 114 111 102 95 86 73 64 66 68 67 65 65 59 59
82 88 94 95 93 93 93 94 93 89 84 82 83 86 86 85 89 91 92 95 100 102 111 125 106 76 65 55 57 64 62 54 45 40 39 37 41 47 54 74 94 119 125 142 142 109 106 132 130 122 112 98 90 88 82 80 77 73 71 70 68 65 65 66 75 84 92 105 107 100 100 96 101 104 104 100 96 88 77 69 66 60 58 60 61 59 59 60 63 63
78 85 92 93 91 91 92 92 91 89 86 85 85 85 83 81 85 87 89 92 94 95 104 119 105 76 66 60 57 55 57 57 58 53 47 44 51 50 49 69 100 114 121 125 113 104 119 119 117 113 106 91 83 82 78 76 72 68 68 71 67 60 60 65 69 75 78 85 82 75 79 80 85 89 87 79 73 69 64 62 58 56 55 57 58 61 64 66 68 68
75 82 88 90 89 89 90 90 86 87 87 85 83 81 80 79 81 81 82 84 84 82 89 102 98 84 70 51 47 55 64 61 62 59 56 53 57 61 62 70 99 114 123 105 87 103 118 109 108 104 96 85 79 78 77 75 73 72 71 69 64 61 64 67 64 66 68 74 75 76 87 96 96 99 95 84 75 68 62 59 58 56 55 57 61 67 71 71 71 70
71 77 82 84 85 86 86 85 83 84 85 83 81 80 79 79 78 78 78 81 82 81 85 94 92 90 80 61 53 52 59 56 59 63 67 63 61 67 76 84 97 111 107 93 94 98 97 99 95 93 88 84 81 78 77 76 78 77 73 67 62 62 66 67 65 65 66 72 76 80 92 101 100 100 93 83 75 68 60 55 58 58 60 65 69 73 73 70 76 76
68 74 79 81 82 85 85 84 84 83 82 81 81 81 80 78 80 78 77 79 79 77 77 81 86 86 84 78 67 52 58 61 59 64 67 67 68 69 76 86 87 104 97 97 100 87 85 88 83 85 86 88 86 81 81 81 82 78 75 70 65 63 65 67 68 68 70 75 77 79 83 87 83 79 71 64 63 62 60 60 63 65 69 72 74 74 73 71 71 70
65 71 77 78 80 83 85 84 84 83 81 81 81 81 80 78 80 78 77 79 80 81 81 81 78 82 83 77 68 66 82 77 48 55 62 70 75 73 76 83 84 93 90 94 92 85 86 75 78 83 83 85 84 82 84 83 84 82 80 78 73 70 70 72 70 71 74 75 75 75 75 75 71 67 62 61 64 65 64 65 70 70 72 74 73 72 72 72 70 69
61 68 74 76 77 80 83 83 83 83 83 82 81 80 79 78 78 76 76 77 79 81 80 79 78 77 81 83 75 74 91 80 35 49 67 78 76 73 78 81 82 85 87 84 82 82 80 76 78 82 77 75 76 79 84 82 80 82 83 80 76 75 75 74 74 73 74 73 72 73 71 71 70 66 63 64 69 70 71 73 76 75 75 77 76 75 73 72 72 72
61 68 71 74 81 82 79 81 84 82 81 79 79 78 77 75 74 74 70 68 73 76 78 79 80 79 83 82 78 81 80 69 40 54 78 81 78 84 83 83 83 81 80 81 80 79 80 83 89 82 71 68 70 72 75 78 74 78 77 75 77 76 79 74 77 74 71 77 75 72 76 69 68 72 72 72 77 79 78 78 79 81 80 78 75 76 77 70 70 69
51 57 62 69 77 79 79 83 83 78 77 79 77 73 72 71 73 72 66 61 62 67 74 82 81 79 82 83 79 79 83 81 56 55 72 82 81 82 81 85 81 82 83 82 79 77 79 83 76 81 80 77 76 75 74 74 77 76 76 77 80 78 79 76 75 80 82 79 77 75 73 72 71 73 76 78 77 78 78 77 72 75 74 73 73 74 75 71 73 73
43 44 50 58 64 66 70 75 75 70 71 73 69 67 66 63 66 66 64 59 56 56 62 71 78 81 85 86 84 82 81 80 59 56 70 80 79 82 82 82 82 80 78 78 79 80 79 78 80 78 76 79 83 80 77 79 79 76 77 79 78 76 76 76 77 78 78 73 74 76 71 70 72 73 78 80 75 73 73 71 67 71 68 68 70 69 69 68 67 68
36 32 35 43 48 51 58 66 63 63 66 64 59 62 65 59 55 57 61 60 56 51 52 58 69 77 80 81 83 83 76 70 57 53 66 74 72 75 79 82 81 85 87 85 82 80 79 79 77 79 80 81 83 81 78 82 78 78 80 79 75 77 74 77 73 75 76 78 81 89 98 101 101 101 105 108 106 104 103 101 102 103 95 90 87 80 76 75 77 77
40 33 30 34 35 37 44 51 56 58 61 58 53 57 62 59 51 52 55 57 54 51 51 54 58 63 64 63 68 71 67 63 63 48 51 62 61 57 63 74 78 81 84 85 85 86 85 84 72 79 80 74 78 83 78 78 79 81 82 78 75 81 70 71 92 120 133 142 146 148 165 172 164 164 165 168 173 173 170 170 173 174 166 161 160 155 151 151 139 138
39 34 30 31 33 35 40 46 51 50 51 52 49 48 52 55 53 52 53 54 51 49 48 47 49 50 49 49 51 51 50 52 57 43 39 46 48 44 45 51 54 49 47 53 66 76 79 78 79 76 75 73 75 70 61 68 79 77 71 65 63 70 56 67 141 178 182 182 182 173 180 182 175 175 173 173 179 180 176 175 179 182 178 178 180 181 182 182 178 177
37 38 36 34 35 34 34 38 43 43 43 44 45 42 42 47 51 50 51 50 47 45 43 39 43 43 44 44 42 40 38 36 36 36 35 38 42 41 41 45 48 45 44 48 55 60 63 65 67 66 72 72 64 46 37 56 75 76 76 76 71 72 65 99 172 182 171 167 168 163 168 166 173 173 170 168 169 171 169 167 168 170 167 165 164 165 166 162 169 169
30 38 38 36 37 34 32 35 37 41 40 39 42 42 39 41 45 44 45 44 42 42 42 39 39 41 43 41 40 41 38 30 24 28 32 41 45 39 46 64 70 67 65 66 63 53 41 33 39 47 54 48 45 43 40 56 77 77 78 78 70 75 91 158 183 170 164 171 170 166 170 166 170 170 170 168 166 170 173 169 168 170 169 168 166 168 170 164 165 165
32 34 37 39 39 36 34 33 34 38 39 39 39 39 37 36 37 39 39 37 37 37 36 36 36 37 38 38 36 35 34 33 26 29 28 38 53 50 49 64 73 74 73 72 58 33 32 29 33 35 36 32 28 33 61 76 88 88 83 68 63 90 144 187 174 168 170 172 169 167 168 174 170 169 169 166 170 169 170 169 167 168 167 166 163 168 173 167 172 169
32 34 37 39 39 36 34 33 33 36 38 37 37 38 37 36 36 37 36 35 35 37 36 36 37 37 37 37 37 38 38 36 30 28 23 35 57 60 60 72 73 76 79 78 59 33 35 33 29 30 31 29 28 38 71 89 77 76 72 72 101 155 181 169 174 168 169 169 166 166 167 172 169 168 168 166 171 170 171 169 170 172 172 170 166 170 176 171 172 169
