56 114 113 94 111 122 134 132 130 165 170 161 160 158 162 161 156 168 165 162 164 165 164 157 161 159 163 160 164 162 161 162 153 155 173 169 167 171 171 165 173 164 162 166 167 165 164 166 166 167 165 162 168 167 168 163 162 169 166 165 168 169 169 166 165 165 165 167 166 163 163 165 165 166 167 165 164 165 166 165 163 165 169 166 163 166 166 166 165 165
13 20 14 18 15 23 29 34 50 74 70 57 59 40 57 66 69 105 108 108 143 151 140 166 179 170 174 165 159 167 158 122 106 88 90 123 131 143 139 153 149 167 172 169 169 170 167 161 166 161 166 164 166 167 166 167 171 165 165 173 169 163 167 167 165 164 163 164 166 166 166 168 166 166 166 165 164 165 166 166 163 168 171 164 162 167 166 163 164 164
9 9 19 16 12 10 9 14 12 9 10 12 7 8 7 15 23 14 11 20 38 41 43 67 99 143 180 175 174 176 147 100 125 124 73 73 83 97 103 114 114 122 144 169 171 163 168 170 166 172 169 168 162 172 170 166 164 172 168 166 170 167 165 167 168 166 163 163 166 168 169 169 168 167 167 167 166 166 167 167 163 167 168 164 165 168 166 166 165 164
6 0 8 1 6 13 15 8 13 7 22 16 11 8 12 15 14 11 8 9 6 10 18 9 3 25 49 53 64 74 74 65 95 124 137 101 105 110 121 118 123 130 115 109 121 131 141 146 154 148 143 169 173 165 171 167 168 168 169 169 167 168 171 170 171 169 166 164 166 168 168 167 168 166 167 168 168 166 166 167 167 166 166 166 168 167 163 168 166 165
9 13 4 8 11 9 2 13 13 18 8 7 15 6 16 12 8 8 8 16 15 13 17 12 13 13 12 5 7 5 12 27 37 58 101 128 104 115 132 141 132 135 120 109 109 116 130 139 146 155 135 139 172 169 172 173 170 169 169 169 167 168 169 168 170 170 168 166 167 168 167 166 167 165 166 168 167 166 165 165 171 168 168 168 169 166 162 166 168 167
8 14 9 7 6 15 22 7 12 16 5 11 14 12 12 9 14 7 11 12 10 10 8 10 8 14 14 4 9 11 14 24 30 25 36 99 116 104 135 176 161 131 113 105 93 97 115 122 121 137 135 135 136 170 177 175 173 175 169 164 170 172 167 171 168 169 168 168 168 168 167 168 167 167 168 169 168 167 166 165 168 167 169 167 167 169 167 166 167 167
14 8 6 8 16 11 17 10 9 1 16 12 21 22 20 13 16 20 18 7 8 8 7 21 17 4 10 11 9 13 21 18 11 20 13 20 36 39 37 73 55 36 34 45 59 70 92 127 120 110 106 134 132 159 156 166 161 152 161 174 176 175 170 167 169 168 168 169 169 168 167 168 168 169 170 169 168 168 168 167 166 165 169 167 165 170 170 166 164 164
13 9 7 14 7 8 11 9 20 18 16 14 22 29 23 15 22 23 14 10 10 7 11 11 18 12 10 7 18 24 22 16 16 11 17 15 9 14 21 34 33 31 41 42 37 27 24 49 102 109 113 121 134 145 143 131 137 139 142 146 160 172 169 168 172 169 168 169 169 166 165 166 167 169 169 167 166 167 168 167 171 165 169 170 165 166 166 164 166 167
6 14 6 8 9 9 20 19 14 22 34 25 28 27 14 20 11 15 14 7 13 20 12 5 10 8 16 21 22 17 11 17 12 11 13 15 31 45 67 76 74 83 89 87 78 62 48 48 47 66 108 114 112 124 151 142 121 133 149 128 127 145 169 172 172 166 167 170 166 165 167 169 169 166 168 165 167 172 168 168 174 167 163 166 168 167 167 166 165 165
13 8 11 24 21 27 28 27 18 39 35 49 38 16 22 28 17 21 23 19 20 22 14 8 8 25 36 40 32 37 52 41 50 52 59 75 89 102 107 103 107 108 109 105 101 101 98 91 83 61 85 110 104 86 117 149 132 115 151 139 137 125 144 182 165 165 166 167 166 168 169 167 169 169 166 166 170 170 168 164 169 166 166 168 167 165 166 167 165 165
15 3 23 46 58 55 75 52 54 71 62 70 54 45 39 32 34 35 36 26 13 12 20 31 49 55 70 82 87 91 93 93 99 101 99 107 106 115 117 122 122 120 125 128 120 110 109 112 110 108 104 99 107 93 98 117 111 105 124 148 150 147 115 152 173 168 164 165 168 166 165 168 162 171 168 169 168 162 165 166 166 166 167 167 165 164 165 166 167 167
21 23 48 84 101 90 99 88 89 89 90 82 65 68 60 67 65 52 44 39 35 41 54 64 77 83 94 93 95 100 99 107 111 109 104 109 114 119 121 134 128 131 128 127 128 121 116 116 115 116 113 107 113 108 103 99 94 105 108 125 142 148 119 124 165 174 173 165 167 169 167 166 167 169 163 164 170 168 169 170 167 166 164 163 163 164 164 163 164 164
17 26 84 112 114 102 99 104 101 97 96 90 85 85 80 76 78 72 70 73 71 71 81 88 90 95 94 95 91 96 112 111 100 95 105 113 122 119 124 135 136 138 131 129 129 123 122 123 127 125 124 121 119 116 115 112 110 106 105 99 109 107 113 102 137 157 172 176 178 174 168 168 168 167 166 165 169 170 164 167 167 168 166 165 167 168 166 165 162 161
14 57 118 119 114 103 107 101 104 104 107 100 100 100 98 93 85 85 85 89 87 84 88 90 92 96 94 94 101 104 97 88 74 69 95 110 120 122 134 143 149 143 139 144 137 125 128 130 134 130 126 126 127 123 119 120 116 110 108 102 102 103 105 103 99 96 100 118 139 150 163 182 175 172 173 166 165 169 167 172 161 164 164 164 166 165 163 163 167 167
29 104 116 111 110 111 109 106 105 104 111 109 103 99 89 97 94 94 89 89 91 92 96 96 98 97 100 103 102 72 43 58 43 45 71 94 110 122 129 136 144 149 149 148 137 131 140 142 140 133 134 136 130 131 126 112 116 118 118 104 111 106 102 107 102 105 102 97 95 96 104 114 133 145 162 169 169 171 171 168 166 169 168 168 169 166 164 166 163 162
87 121 121 112 109 108 112 104 108 119 112 110 102 111 105 105 102 106 98 93 95 96 99 98 96 103 105 109 90 49 38 54 36 54 74 91 102 117 118 135 150 151 146 154 157 145 145 148 145 147 143 144 141 136 127 128 128 123 117 109 116 110 108 107 104 107 108 106 105 103 102 103 98 98 99 115 134 157 175 170 170 169 165 164 165 163 160 163 165 164
119 117 115 113 113 114 114 112 114 115 116 114 110 111 113 114 112 108 108 105 101 105 105 102 102 114 108 107 68 37 53 50 45 69 63 82 102 91 95 125 144 150 149 154 156 154 151 157 163 157 155 152 152 147 146 139 128 133 125 119 113 115 107 111 113 102 110 103 104 105 107 109 110 112 108 101 86 89 124 153 162 175 169 164 165 170 166 163 164 168
119 114 114 120 121 116 113 113 117 115 115 119 122 119 117 120 119 114 118 120 115 113 115 118 121 118 115 101 62 32 44 31 32 84 70 91 93 48 74 131 139 146 155 152 155 159 164 164 161 162 163 160 161 154 152 147 142 142 130 122 117 123 117 115 115 114 115 105 108 114 112 109 110 109 113 114 109 103 94 88 89 125 165 175 174 160 164 165 160 161
120 114 114 121 123 119 116 118 124 125 125 126 127 121 118 122 115 120 125 122 117 119 122 119 115 118 122 94 60 36 46 29 32 85 72 78 54 25 82 125 132 142 154 149 162 163 162 166 165 170 168 164 165 159 158 155 156 147 134 130 124 124 120 119 119 118 112 114 114 108 100 106 105 108 118 114 110 112 108 108 96 95 95 126 161 168 161 163 164 165
119 119 119 119 121 124 124 122 131 131 128 125 127 127 124 121 121 121 123 127 125 123 126 126 121 125 113 80 58 46 52 35 38 69 71 60 18 22 91 125 131 122 141 154 156 164 168 165 175 178 176 171 172 166 166 159 158 158 147 134 125 123 119 113 113 119 113 120 118 115 105 107 105 109 116 114 113 113 107 104 103 105 96 93 107 157 179 163 163 165
118 122 124 122 123 128 130 126 133 131 131 128 125 127 128 123 120 120 121 127 130 130 134 135 135 132 105 83 55 35 41 35 34 68 65 30 4 33 87 121 132 122 131 151 149 162 164 168 174 177 179 178 175 168 170 158 157 157 147 140 135 122 120 123 121 127 125 132 125 124 115 110 100 107 110 115 116 113 114 111 104 103 110 102 91 101 142 160 166 169
121 122 124 124 124 128 133 134 140 130 128 131 132 133 131 123 125 131 130 131 131 133 139 136 137 122 96 89 56 27 35 40 41 82 54 10 11 40 73 105 125 136 130 147 151 161 154 169 175 178 182 184 178 172 179 169 155 159 149 138 138 129 130 130 137 135 135 138 132 132 127 120 111 113 108 113 115 111 114 112 111 115 110 105 102 94 94 98 113 115
126 125 126 129 130 133 139 143 140 136 137 138 134 134 134 132 127 128 126 136 138 133 139 142 131 119 98 77 50 31 44 53 50 89 39 0 30 66 82 93 115 130 129 147 150 159 162 168 175 179 180 182 179 172 181 174 167 162 151 144 144 131 135 136 142 144 150 133 120 123 130 131 124 122 117 116 119 117 116 116 112 112 110 117 107 108 104 96 100 102
128 130 134 138 141 143 146 147 147 151 149 141 133 132 132 131 139 143 139 143 144 140 143 139 137 128 102 60 55 51 51 39 53 75 26 35 111 136 114 105 112 129 125 140 152 154 161 169 176 180 180 184 185 175 180 172 167 163 155 149 148 139 148 146 146 125 124 116 119 121 126 134 134 129 126 119 121 123 115 114 114 111 112 110 111 109 113 108 98 99
133 132 137 141 142 152 161 151 159 167 162 151 145 140 137 138 141 142 148 148 143 148 153 146 143 138 107 65 52 39 36 38 64 62 13 65 149 191 159 110 97 122 119 140 151 156 166 169 173 177 177 182 185 179 175 176 167 152 148 145 140 150 154 142 102 99 126 123 127 131 124 131 134 131 137 126 129 124 125 116 122 121 112 117 113 108 119 113 110 109
133 149 147 143 151 157 160 161 170 171 171 161 153 148 140 139 144 142 152 157 152 153 156 149 151 138 96 65 49 38 23 34 74 63 1 16 48 118 173 112 103 115 118 131 148 153 165 173 170 175 176 180 181 176 172 168 160 148 142 143 148 148 131 111 113 128 146 142 131 131 130 121 129 125 137 138 134 127 129 119 116 115 108 114 116 112 116 111 110 110
155 156 154 157 158 158 168 179 178 176 183 170 153 148 142 147 154 148 157 165 159 158 162 156 162 143 102 72 53 55 22 37 65 47 35 67 6 19 113 151 133 112 118 131 150 160 171 172 170 173 176 181 181 174 167 161 154 144 135 138 144 138 125 119 141 140 130 128 118 108 118 127 132 127 133 139 135 132 131 122 126 125 118 118 120 116 112 109 114 113
156 163 159 160 168 169 175 186 184 182 184 177 164 155 147 148 157 155 162 167 163 161 163 161 162 144 115 71 44 57 12 20 60 18 71 112 13 11 87 132 108 115 122 126 148 160 165 175 176 173 173 180 180 171 164 158 147 137 130 137 140 136 139 148 140 132 138 125 89 76 109 128 127 136 138 141 139 140 138 136 130 128 126 124 124 122 117 116 114 112
170 171 168 168 170 172 180 186 187 186 177 172 164 154 154 154 152 160 166 168 166 164 163 163 166 143 113 71 51 64 28 21 57 12 17 19 12 17 71 127 107 112 109 127 148 158 165 182 178 175 172 175 175 169 161 152 136 127 129 143 147 146 149 145 135 138 147 122 74 33 70 116 138 143 137 138 139 142 141 139 130 126 130 130 129 131 128 125 117 115
168 164 173 183 178 178 187 186 181 184 172 170 163 152 155 154 154 166 170 167 168 168 167 170 161 147 116 74 41 33 27 25 45 12 12 42 36 28 99 109 99 98 101 131 141 158 176 176 174 178 175 176 177 169 154 139 128 128 136 149 153 155 153 135 143 144 131 124 99 29 44 124 145 148 150 154 150 141 143 139 137 130 129 129 129 135 135 131 124 122
164 180 178 172 179 183 183 183 189 181 167 164 161 158 159 154 161 170 171 166 167 169 171 175 167 164 133 82 36 23 23 25 41 4 41 78 84 115 127 95 98 95 99 127 144 154 172 178 174 179 177 179 180 164 143 132 132 142 147 154 156 155 154 141 141 142 138 141 108 55 45 100 138 139 141 145 149 139 144 139 136 132 127 126 129 135 139 137 130 127
176 187 182 178 185 186 183 183 186 176 170 163 155 156 157 154 162 167 169 167 166 166 168 171 169 174 147 83 34 33 22 22 38 9 52 128 164 144 122 96 87 83 101 124 144 160 181 171 180 179 173 177 177 154 134 133 142 153 152 158 163 155 150 145 144 145 145 138 98 81 49 82 123 133 136 132 144 134 139 135 135 138 134 133 136 137 140 139 137 133
180 179 176 178 186 185 191 192 182 167 166 159 159 155 153 151 159 166 171 170 163 165 173 169 171 165 148 88 45 32 24 20 40 17 30 81 134 116 97 96 87 81 103 135 156 164 174 169 174 173 169 172 169 146 135 151 156 154 156 157 162 164 149 144 142 146 148 134 90 92 70 80 138 132 129 141 136 137 141 142 141 146 137 137 139 142 149 144 139 130
161 177 189 191 191 187 192 191 179 171 164 157 151 154 155 155 163 164 162 162 162 163 168 167 173 159 141 95 49 26 25 24 46 23 21 33 62 78 84 93 88 89 118 160 161 169 171 158 156 160 166 169 161 144 139 149 154 153 166 163 156 165 152 142 139 146 152 130 98 109 72 79 132 139 131 129 141 136 134 146 142 139 141 145 138 139 149 145 139 132
163 173 179 175 179 185 189 178 178 171 158 160 151 155 157 161 161 167 167 168 168 164 166 170 167 165 149 104 58 32 28 20 46 38 27 37 43 82 123 102 85 105 145 152 155 165 158 157 153 151 156 155 143 136 138 139 136 134 139 160 163 159 156 149 143 149 148 115 93 114 76 68 119 131 134 120 131 134 133 132 142 140 139 141 143 143 143 141 140 135
148 154 163 164 169 176 183 178 169 169 157 154 153 162 168 162 156 166 170 171 169 164 165 168 165 167 151 105 65 34 25 28 43 54 26 41 49 78 116 102 104 136 146 143 155 152 157 151 152 145 144 137 126 131 148 154 155 137 116 138 168 159 145 147 149 146 142 121 100 110 78 62 112 116 129 122 115 121 130 128 140 142 141 138 146 150 143 140 135 132
147 149 161 168 168 163 167 171 172 165 154 149 153 151 160 159 162 167 167 167 165 164 164 159 163 159 144 100 74 56 34 26 49 60 42 51 69 76 85 145 160 155 141 151 152 154 153 146 153 144 139 135 130 134 143 148 159 159 135 83 120 161 146 143 145 149 148 117 99 111 88 71 117 137 147 134 113 115 117 116 132 132 139 139 136 141 141 136 132 129
149 156 160 151 156 163 164 158 159 157 150 137 143 148 161 160 157 163 166 168 167 168 169 164 160 161 160 118 87 77 59 43 43 54 58 56 79 120 119 145 140 130 144 146 145 152 146 152 150 147 142 139 136 136 146 159 144 155 128 27 62 135 153 148 141 146 154 114 100 109 82 83 134 147 145 141 122 113 106 108 132 133 137 142 143 140 137 134 135 131
149 150 155 151 153 148 149 159 155 150 145 140 142 147 153 159 156 165 169 172 171 165 162 159 166 155 154 131 105 88 78 70 57 60 67 73 81 123 136 118 125 134 140 140 152 149 154 153 151 149 144 144 148 150 155 166 146 130 106 26 63 106 135 136 144 150 157 109 98 111 88 84 138 170 174 162 137 111 102 100 116 125 127 138 150 144 137 134 146 139
141 152 159 149 149 146 146 156 152 150 146 146 145 155 150 154 158 162 162 170 179 174 165 162 167 159 154 143 132 116 104 92 86 85 83 98 105 108 116 127 135 145 148 154 151 146 144 152 150 147 141 140 148 153 158 167 147 121 113 28 61 98 127 139 140 142 149 116 108 111 92 76 142 182 182 166 154 110 92 92 92 109 123 140 147 147 151 143 143 134
144 145 146 153 148 140 147 145 147 144 143 146 151 152 153 157 158 162 166 166 166 168 169 169 167 163 166 153 135 134 128 117 118 123 126 123 121 127 135 138 143 142 141 149 144 146 142 142 140 149 143 149 159 170 166 174 158 131 121 53 57 93 113 138 140 147 150 110 100 116 99 96 138 155 162 150 151 108 89 93 92 98 112 128 134 142 153 146 148 134
144 142 140 148 147 141 141 134 140 144 147 147 147 151 156 156 152 164 169 165 165 168 170 171 167 165 160 149 144 140 131 132 143 152 157 155 152 150 147 145 150 147 143 139 143 149 154 152 153 154 149 154 163 168 172 187 204 156 124 103 67 80 113 129 138 145 145 106 95 114 98 80 140 175 179 157 145 103 84 85 90 96 113 125 140 144 157 148 146 133
143 142 139 145 148 147 147 141 141 141 143 143 144 153 159 155 161 166 164 161 168 172 167 162 165 164 154 146 144 137 133 147 158 168 172 169 168 165 162 163 150 159 168 162 168 166 172 173 171 159 155 163 176 173 175 182 219 189 130 119 89 82 104 124 125 124 131 120 106 104 94 85 140 147 146 158 150 107 87 87 87 90 105 126 138 139 148 144 139 129
141 145 145 144 141 142 152 157 142 141 144 148 152 156 158 157 159 159 157 158 160 160 160 163 166 157 146 141 138 134 134 143 160 173 179 176 175 169 164 166 163 169 172 170 176 174 175 177 173 168 174 176 179 171 180 189 191 173 134 114 103 93 97 102 117 119 126 123 108 98 93 82 139 154 132 131 128 106 86 79 73 69 75 115 119 129 136 143 145 141
144 147 147 148 149 146 145 143 145 150 151 149 148 148 153 161 141 146 157 165 164 162 164 166 163 156 148 142 135 130 132 134 146 158 163 162 161 155 147 149 151 154 148 147 148 154 155 162 161 160 170 172 178 175 180 177 169 151 139 113 96 80 75 83 105 126 135 126 104 90 85 72 128 147 137 139 122 103 85 68 73 65 72 115 119 130 135 138 139 141
148 146 141 141 147 146 139 135 139 148 148 142 142 142 141 144 138 143 154 156 149 151 158 160 165 159 146 141 141 136 129 122 132 142 148 152 155 149 139 135 131 139 137 138 135 145 145 150 149 149 153 153 158 163 168 164 160 145 123 106 96 92 72 78 102 131 132 111 95 93 90 67 128 143 125 125 119 96 77 76 78 71 83 108 121 125 135 127 133 140
133 138 140 140 142 138 134 138 137 140 137 133 136 138 137 138 140 140 144 149 152 157 160 159 163 161 149 142 137 129 124 120 133 135 136 135 135 134 131 130 133 134 133 134 137 143 142 138 135 138 141 146 146 149 150 150 151 142 125 114 96 102 77 65 96 119 123 110 94 86 84 72 137 141 129 130 124 98 81 83 89 91 99 103 112 110 124 123 132 140
132 134 136 139 146 144 138 141 135 135 137 140 139 138 140 146 143 142 145 151 153 152 156 164 164 159 148 140 128 121 122 118 120 121 121 119 115 113 115 116 118 115 122 123 127 123 128 127 124 126 128 140 138 141 138 143 144 140 130 115 96 99 71 61 82 107 113 100 86 86 87 72 137 138 121 112 116 97 78 80 82 98 109 115 113 106 116 126 123 131
138 140 135 141 140 145 133 137 138 141 140 138 140 143 142 140 140 142 149 146 148 154 154 157 158 156 136 124 120 106 114 102 101 106 105 95 97 97 99 107 109 110 107 111 113 108 110 112 108 111 115 122 133 132 140 144 143 143 127 96 74 85 78 68 80 103 110 96 84 100 81 77 141 133 115 107 107 98 89 84 82 97 109 115 113 113 119 117 119 118
134 134 136 137 136 138 136 138 138 143 141 136 140 146 143 137 137 147 143 144 146 150 160 155 157 146 130 111 105 87 83 89 84 86 75 80 79 65 77 84 96 106 108 106 111 112 107 103 107 106 103 111 127 126 132 138 149 123 116 47 46 89 75 66 76 103 111 95 88 102 77 74 131 127 121 117 119 93 86 92 92 100 111 124 125 117 117 119 115 112
132 131 139 137 138 138 140 138 144 148 146 139 140 143 140 135 135 145 141 143 143 145 157 155 163 144 120 91 82 73 65 67 76 65 62 56 55 59 59 66 77 89 99 101 106 114 112 107 106 103 97 102 119 117 118 123 125 119 95 40 77 87 79 65 82 100 109 101 95 97 61 70 122 111 121 121 112 87 95 97 97 109 117 123 122 114 111 110 109 107
137 135 136 133 135 141 142 141 142 144 141 136 133 134 136 141 143 137 141 143 149 154 152 157 149 135 111 81 56 46 50 52 60 49 46 37 42 55 49 64 70 75 88 102 105 106 110 107 104 105 103 97 102 104 112 118 110 123 98 44 88 82 71 65 85 103 114 100 92 96 55 58 112 113 118 112 104 92 99 100 106 114 116 118 121 119 112 109 109 107
136 138 134 137 137 144 137 139 136 140 142 140 136 131 130 133 136 132 146 146 147 154 148 159 155 122 86 63 44 35 37 50 59 54 34 40 48 42 49 83 67 68 74 98 111 108 112 109 109 111 110 96 93 100 107 105 123 125 118 71 82 80 71 75 86 101 114 100 88 96 57 53 98 110 110 107 97 102 104 103 115 117 118 121 121 112 109 117 113 108
132 136 129 133 128 137 130 139 135 138 137 132 132 135 136 137 129 134 142 144 147 152 151 153 143 114 79 50 36 29 25 54 53 38 28 49 42 48 84 109 84 83 75 89 109 112 110 105 106 107 111 98 93 101 111 109 125 127 120 96 83 77 74 79 94 104 114 103 86 90 56 49 93 104 104 105 91 104 108 106 112 112 113 115 119 120 116 118 111 107
131 134 135 139 135 137 134 140 135 137 134 129 128 129 129 130 129 140 142 147 147 147 153 150 147 113 63 36 35 38 31 55 56 25 37 33 63 114 88 125 95 93 92 91 103 116 114 112 113 114 121 108 94 90 101 110 117 122 112 87 73 81 77 86 87 105 113 99 84 96 67 52 95 113 103 99 101 106 103 113 111 115 119 114 114 122 120 116 109 105
129 126 133 135 135 133 135 137 136 136 134 132 128 124 124 130 134 136 135 142 145 143 145 141 143 103 45 35 35 28 31 53 41 30 35 56 89 128 115 121 87 86 108 103 101 122 125 125 125 118 125 123 115 95 84 86 95 97 86 83 74 76 79 91 94 107 112 103 87 92 64 53 88 102 99 96 106 111 112 116 115 110 113 114 115 120 118 117 112 106
129 132 131 132 134 133 132 136 131 138 132 122 125 127 126 128 129 131 137 142 140 142 147 141 135 102 42 23 20 15 30 51 36 20 56 134 142 145 133 139 109 82 106 117 106 121 130 129 135 132 134 130 117 102 87 81 83 79 81 82 78 80 87 89 94 104 106 103 90 90 53 48 88 95 94 101 107 109 115 114 109 111 110 114 116 117 121 117 110 105
125 130 127 125 131 131 131 137 131 134 126 120 123 123 121 125 128 134 134 135 138 140 141 136 117 81 26 22 22 19 32 53 16 61 139 176 184 175 163 156 114 90 100 115 110 118 128 135 133 132 136 136 130 120 106 97 89 84 80 78 79 83 89 92 98 103 116 107 81 67 24 41 91 103 107 113 115 112 114 111 111 109 105 108 113 117 120 116 108 104
120 127 124 122 128 128 125 131 130 129 123 121 124 121 118 123 126 132 131 130 133 136 134 127 113 72 19 24 21 18 32 56 32 62 74 85 138 180 160 119 112 99 94 114 118 119 128 136 138 138 142 141 137 131 116 104 90 86 82 86 90 90 91 94 100 103 108 105 81 44 3 50 95 110 117 121 119 113 112 108 109 108 107 110 113 113 111 105 101 98
118 123 122 121 126 129 127 128 128 127 123 123 125 120 117 120 123 124 127 130 128 131 130 118 111 68 13 19 13 17 41 73 22 42 145 49 15 107 151 99 104 103 88 109 119 118 127 131 139 142 146 144 142 139 126 115 104 94 89 95 98 96 95 99 97 101 99 102 68 16 8 70 109 119 121 120 118 115 116 113 107 107 109 111 110 109 108 107 102 99
121 120 119 119 122 130 133 132 125 125 123 121 120 117 115 117 119 119 123 129 127 126 126 116 104 66 18 22 15 16 41 71 18 15 98 30 2 43 126 101 94 98 82 109 119 123 137 144 142 147 151 149 148 147 138 132 123 108 101 101 102 102 101 98 100 94 86 80 32 10 47 89 113 120 122 122 121 117 112 105 108 108 110 111 108 106 106 106 101 98
119 115 116 117 118 124 128 125 125 125 122 118 115 115 115 116 117 119 119 123 126 123 121 118 101 65 22 19 17 19 53 85 29 3 7 23 21 29 96 102 96 100 88 116 120 122 134 146 147 150 154 151 150 148 142 140 130 118 108 103 102 109 108 96 101 99 97 74 37 50 86 101 117 119 116 113 112 110 107 104 109 106 107 107 105 102 98 98 99 97
113 111 113 115 115 117 118 117 124 121 119 117 115 115 116 116 116 118 117 119 122 121 119 114 96 65 28 19 21 18 60 97 48 8 53 94 44 53 109 74 93 97 89 114 117 124 129 142 147 148 151 151 151 149 143 144 134 126 116 107 105 109 110 104 101 106 107 80 58 77 95 102 110 112 112 109 108 106 104 106 108 102 101 100 99 100 98 101 95 93
108 108 109 111 112 114 118 121 119 115 115 117 116 115 116 116 116 115 117 118 117 119 119 107 93 64 30 16 17 9 57 101 56 6 52 93 101 121 113 78 98 101 90 108 115 131 132 143 152 151 152 153 155 151 144 145 134 132 129 124 117 108 103 104 105 98 101 94 84 96 103 100 99 102 106 105 103 101 102 108 107 103 106 105 103 100 95 97 98 97
102 101 101 105 105 107 115 116 114 116 118 111 108 110 110 110 113 115 110 113 118 115 106 94 80 59 38 25 16 17 44 73 60 16 99 135 155 135 89 98 101 95 89 117 123 132 138 143 150 150 151 155 150 148 150 141 139 136 127 123 126 121 105 92 98 101 108 108 105 112 107 109 109 103 105 106 105 103 101 105 106 103 105 102 100 102 97 94 95 94
103 104 102 101 99 101 110 113 114 114 113 104 102 108 111 112 114 115 109 111 116 115 110 101 79 53 45 27 20 20 39 63 58 8 61 131 135 94 85 100 99 96 94 119 124 134 143 146 147 153 155 154 146 142 146 145 139 140 132 122 121 122 114 105 93 92 93 97 98 106 107 110 113 107 112 107 98 101 103 99 101 105 100 90 91 92 87 92 92 93
100 101 97 97 96 96 101 106 107 108 108 102 101 108 109 109 113 113 109 109 112 112 110 105 86 49 46 26 23 19 33 60 77 28 15 75 82 67 88 101 104 103 102 121 125 138 145 142 145 152 153 153 152 148 146 142 135 139 135 125 122 122 118 112 112 109 103 108 107 109 109 108 106 108 108 101 99 99 96 96 92 94 96 91 89 91 90 88 89 91
96 96 93 98 102 98 99 104 99 102 105 101 102 108 107 105 111 111 109 108 109 109 107 104 93 52 42 31 29 22 30 64 77 61 17 26 38 67 86 107 97 103 110 123 124 138 148 146 145 149 150 151 151 150 144 136 134 134 132 128 125 120 114 111 120 120 111 115 112 110 108 103 104 103 97 97 103 100 96 103 99 93 93 92 88 91 93 88 94 98
87 91 90 94 100 99 99 99 98 99 101 98 100 106 106 105 109 108 109 107 106 105 104 103 103 69 38 32 28 26 34 72 75 75 36 16 29 83 87 103 97 103 110 122 128 141 148 144 145 147 152 148 139 138 139 135 136 134 131 126 121 115 112 111 115 118 112 113 108 107 106 100 99 93 96 104 104 100 98 98 96 94 89 90 95 94 92 95 98 91
77 87 88 87 89 94 97 93 97 97 99 98 100 104 104 104 107 105 107 105 103 103 102 102 98 80 41 35 30 31 35 64 77 83 60 29 22 73 92 100 99 109 120 128 133 138 143 146 142 142 150 148 138 138 139 136 133 135 132 123 116 113 112 109 110 115 113 112 106 107 104 98 94 97 100 105 103 97 95 92 94 91 90 96 97 93 94 94 88 70
80 85 86 86 86 90 96 94 95 95 98 100 102 103 101 101 104 101 104 103 100 100 98 98 96 82 47 34 30 32 37 58 72 86 82 57 35 59 89 95 105 113 123 130 139 139 139 143 136 134 141 143 141 140 134 130 127 128 127 120 113 110 109 107 102 104 105 105 101 104 99 97 101 107 102 99 99 97 97 96 94 88 90 97 93 94 98 89 75 66
84 80 81 86 87 87 93 94 96 94 98 100 101 102 99 101 101 97 102 102 98 97 93 92 96 80 54 39 37 35 39 56 66 83 91 83 65 57 82 95 110 117 127 131 138 130 127 135 130 129 133 133 132 129 122 122 126 120 116 114 109 106 106 107 107 102 100 98 95 100 97 100 101 99 100 103 98 97 100 89 93 96 94 96 98 93 84 70 70 75
88 86 79 86 86 88 91 93 95 94 96 97 98 101 100 97 96 97 97 99 94 96 95 94 89 90 67 41 38 41 42 50 59 88 93 88 80 71 82 98 110 120 127 132 131 131 125 131 132 128 123 129 133 125 119 117 118 114 113 113 108 102 101 105 102 98 97 101 99 93 95 103 99 99 97 97 100 99 95 93 98 96 98 101 94 82 74 74 79 77
87 86 83 85 87 92 88 88 92 88 90 95 97 96 96 98 99 98 95 99 96 93 91 97 90 89 80 59 42 41 48 51 62 85 92 92 89 82 91 101 107 115 124 132 133 132 125 131 125 122 121 126 124 117 117 117 119 116 109 105 104 103 101 100 100 98 95 96 102 105 101 96 100 102 101 99 98 97 98 102 98 96 95 92 87 83 83 84 81 79
83 86 87 84 86 92 84 87 95 90 90 94 95 93 95 98 91 99 95 92 92 96 92 93 90 90 90 76 54 51 59 59 65 81 87 92 93 92 99 104 111 115 121 129 130 128 119 122 122 121 122 124 118 113 117 117 112 113 105 98 102 107 104 100 96 102 102 97 96 101 103 103 100 101 100 99 99 98 97 98 99 96 91 83 79 80 81 80 80 78
78 81 81 87 89 87 81 90 88 89 90 91 92 91 88 86 90 92 90 94 94 94 90 93 90 92 91 84 74 70 72 73 76 83 87 92 94 98 106 108 112 114 114 118 119 121 116 119 120 120 118 117 113 110 112 109 102 111 107 100 103 103 97 93 99 98 96 95 97 99 100 101 99 101 101 100 99 98 98 98 93 90 85 82 82 84 83 79 80 78
74 89 82 81 81 84 87 85 87 87 85 83 85 86 85 85 87 85 85 92 91 93 91 92 94 96 94 92 93 91 87 87 90 91 94 96 97 102 110 111 112 116 118 120 119 123 115 113 117 119 115 113 113 110 108 105 102 107 101 93 94 94 93 97 100 102 105 105 101 96 97 101 106 104 103 105 106 103 97 91 83 81 81 82 84 85 83 81 78 76
24 44 55 80 77 59 64 75 76 76 73 71 71 68 66 69 69 69 69 74 75 84 88 89 88 90 92 94 95 94 91 89 95 95 97 98 97 101 107 108 103 106 106 106 106 114 113 115 116 119 115 114 115 111 109 107 104 106 103 100 102 101 100 103 98 102 105 105 104 103 102 102 100 100 99 95 89 83 80 78 81 79 80 81 79 77 78 80 78 76
7 12 20 50 57 45 41 42 58 60 56 49 47 46 47 52 49 43 41 53 56 59 66 80 84 88 92 94 94 94 94 93 95 95 97 97 97 100 102 103 102 102 102 103 99 103 102 107 112 114 111 111 109 106 107 105 104 102 100 99 100 100 99 99 103 104 104 105 107 107 104 100 94 89 84 79 75 76 78 78 81 80 81 81 79 78 79 79 77 75
15 13 11 21 25 29 27 24 27 37 37 28 26 29 32 33 33 33 30 34 37 41 47 61 74 82 84 84 87 88 89 93 97 97 98 98 100 102 102 104 103 102 103 105 98 97 95 102 111 109 107 107 104 103 105 101 100 98 98 98 100 102 103 102 106 107 106 102 94 83 73 69 67 68 72 76 77 79 80 79 80 79 79 79 79 79 76 73 70 68
18 18 20 10 13 28 16 14 18 14 26 31 18 17 25 22 26 28 25 12 28 33 30 36 50 66 83 80 80 86 83 86 89 93 94 96 97 97 100 103 102 107 106 103 100 98 98 96 102 103 105 108 103 102 102 100 98 96 101 100 100 102 100 87 75 68 55 47 46 42 41 44 51 56 61 61 59 60 66 72 75 73 76 73 74 71 75 66 63 59
8 13 20 14 11 21 16 18 17 19 14 13 19 17 16 21 21 15 27 20 20 26 28 19 29 39 54 54 55 60 60 68 75 78 78 82 89 87 87 95 94 100 98 93 96 100 96 89 88 99 107 108 105 111 99 99 99 100 97 83 92 95 80 88 112 108 103 101 104 110 111 112 99 109 115 113 109 108 105 100 95 98 90 79 63 56 51 55 41 43
7 15 20 17 8 11 12 19 28 22 14 11 17 21 22 23 24 19 22 12 10 15 20 19 27 24 25 20 23 29 27 29 40 46 51 53 53 55 61 67 73 76 83 85 84 85 81 72 57 82 105 108 101 77 86 89 94 90 88 87 86 92 81 133 180 167 167 169 171 172 168 168 167 172 172 167 165 167 166 161 161 160 156 163 59 18 26 21 22 25
13 16 11 17 19 19 15 17 21 20 24 22 15 17 23 22 25 26 22 14 17 13 7 15 21 24 24 15 12 18 18 18 21 26 31 27 22 27 32 35 31 41 47 43 42 42 36 31 39 75 106 87 46 23 69 98 98 88 89 83 96 93 120 172 163 163 168 163 160 163 160 162 159 159 159 158 159 160 160 159 163 154 161 175 54 14 4 8 11 7
11 17 11 17 23 18 11 13 18 22 19 15 17 17 16 20 15 13 16 23 25 20 13 17 15 22 28 25 21 24 24 24 19 21 20 21 28 24 13 18 17 26 27 26 29 25 31 62 92 92 89 56 27 63 86 108 104 93 91 94 94 115 172 170 167 163 164 165 166 163 158 165 161 160 160 160 160 161 160 160 159 161 159 166 100 52 25 12 2 13
17 19 10 14 19 16 8 11 17 20 15 13 19 18 14 18 20 15 11 18 18 17 15 21 16 17 20 22 19 17 17 18 16 12 22 20 19 37 47 41 30 22 25 25 24 32 49 70 68 61 57 49 54 94 98 103 102 94 88 88 108 165 165 167 160 165 163 160 162 162 161 164 161 162 160 157 156 159 161 160 151 160 154 164 144 63 37 10 30 95
17 18 15 17 17 19 16 18 8 13 21 25 21 17 16 16 17 19 12 15 14 16 15 23 20 22 25 25 19 16 22 26 21 15 25 51 79 86 85 104 89 38 26 30 25 33 41 39 15 23 51 78 100 104 109 103 94 86 88 129 167 167 163 163 168 166 158 163 166 161 162 161 157 158 160 160 160 160 160 159 161 157 156 154 158 86 41 63 134 165
17 13 15 19 18 23 15 8 19 15 16 23 27 27 23 19 15 20 17 20 12 16 16 17 18 18 19 20 20 21 22 17 11 13 45 73 80 76 71 77 100 58 44 45 41 40 31 21 20 32 78 107 110 111 111 107 109 126 160 170 167 162 160 165 164 165 158 163 161 158 166 160 159 156 157 162 162 157 157 160 158 158 156 157 157 123 93 152 180 177
23 21 14 21 14 22 25 15 18 19 14 21 23 23 24 22 18 16 17 22 13 15 19 16 21 20 24 15 16 12 19 17 32 52 68 79 84 82 83 86 102 78 71 63 52 33 21 21 28 51 89 94 89 114 154 163 167 166 165 160 163 160 161 159 161 161 156 159 158 156 159 156 158 157 155 158 160 157 158 159 155 155 156 157 157 151 165 179 178 182
23 23 14 23 18 21 22 20 21 22 14 18 18 18 21 22 16 15 17 26 19 21 26 24 18 13 19 8 14 36 23 34 65 82 93 101 103 98 96 97 98 85 86 74 54 32 28 36 46 76 92 102 141 165 167 164 160 160 161 158 163 162 164 162 162 162 157 160 160 157 160 157 157 157 154 156 158 156 157 158 156 155 155 155 156 153 170 185 185 188
