164 164 164 164 165 165 165 164 165 165 166 166 165 165 164 163 163 165 164 163 162 163 163 162 162 163 164 162 161 161 161 160 163 162 161 161 161 161 161 159 159 159 160 160 160 160 160 158 157 158 158 158 158 158 158 160 159 159 159 159 159 159 159 159 159 159 158 158 159 160 159 158 157 157 158 158 158 159 159 159 156 158 158 157 156 157 158 157 155 155
164 164 164 165 164 163 163 164 164 165 165 166 165 165 164 164 163 164 164 163 162 163 163 161 162 163 163 162 161 161 161 160 161 161 162 161 160 160 160 160 160 159 160 160 160 160 160 158 158 158 158 158 158 158 158 159 158 158 158 158 159 159 159 159 158 158 158 157 158 159 158 157 157 157 157 157 158 158 158 158 156 158 158 157 156 157 158 157 156 156
164 163 163 164 163 160 159 161 164 164 165 165 164 164 164 164 163 164 164 163 162 163 162 161 161 162 162 161 161 161 161 160 159 160 162 161 159 158 160 160 160 160 160 160 160 161 160 158 159 159 158 158 159 158 158 158 158 158 158 158 158 158 159 159 159 160 159 159 159 159 159 159 157 157 157 157 157 157 157 157 157 158 158 157 157 158 158 158 157 157
165 164 163 163 163 164 163 163 164 164 164 164 163 163 163 163 163 163 163 162 162 162 162 162 161 161 161 161 161 161 161 160 158 160 161 161 159 158 159 160 161 161 161 161 160 161 161 159 159 159 158 158 159 159 158 158 160 159 159 158 158 158 158 159 160 160 160 160 159 159 159 160 158 158 158 158 158 157 157 157 158 159 159 158 158 159 158 158 156 156
160 163 163 160 161 165 167 165 164 164 164 164 163 163 163 162 163 163 163 162 161 162 162 162 161 161 161 161 161 161 160 160 159 160 160 160 159 158 159 159 160 160 160 160 159 161 161 158 159 159 158 158 159 159 158 158 159 159 159 158 158 158 158 159 158 159 159 158 158 157 158 158 158 159 159 159 159 159 159 159 159 159 159 158 158 158 158 157 157 157
159 163 165 162 160 162 164 164 164 164 165 165 164 163 163 163 163 163 162 162 161 161 162 162 161 161 161 161 161 160 160 160 161 160 160 160 159 159 159 159 159 159 159 158 158 160 160 158 158 158 158 158 159 159 158 158 157 157 158 158 158 158 159 160 159 159 159 159 158 158 158 159 159 159 160 160 160 160 160 160 159 159 158 158 158 158 157 156 157 157
156 158 162 164 164 163 163 164 162 163 164 164 164 164 163 162 162 162 163 162 162 162 162 162 162 161 161 161 161 159 159 160 161 160 160 160 159 159 160 160 158 159 159 158 157 160 160 158 158 158 158 158 159 158 158 158 156 157 158 158 158 158 159 160 161 160 160 160 160 160 160 161 159 159 160 160 160 160 160 160 159 158 158 159 159 159 158 157 158 158
143 142 147 157 164 164 162 163 160 161 162 163 164 163 162 162 162 162 163 163 163 162 161 161 162 162 162 162 160 159 159 160 160 160 160 160 159 159 161 162 159 159 159 158 158 160 161 158 158 159 159 158 158 158 157 158 157 158 159 159 159 159 159 160 160 159 159 160 160 159 159 160 159 159 159 160 160 160 160 159 159 159 159 160 160 160 159 159 158 158
92 92 72 79 83 118 144 154 155 157 161 168 161 163 160 166 162 161 166 159 167 159 164 163 164 160 159 162 163 161 160 161 162 160 163 164 160 158 162 157 159 160 159 162 158 161 160 155 159 159 156 156 157 156 155 159 158 159 160 160 159 159 159 160 160 159 160 162 161 159 158 159 160 160 160 159 160 160 160 159 159 159 160 160 159 160 161 160 158 158
99 84 63 67 70 63 57 66 74 111 122 151 169 166 165 161 164 164 159 161 160 163 158 158 161 162 161 160 160 158 158 163 159 159 159 143 157 161 154 164 157 159 156 159 157 158 157 155 156 153 157 160 157 159 160 152 156 157 158 159 159 159 160 160 161 161 161 162 162 160 160 160 160 161 161 160 160 160 160 160 160 160 160 160 160 160 161 160 158 158
74 65 60 56 55 55 58 51 51 53 51 71 109 153 170 164 164 163 162 163 162 161 161 163 159 164 162 159 161 160 158 161 161 161 138 115 158 162 157 159 162 163 155 157 157 160 159 158 158 163 159 155 158 158 157 163 156 157 158 159 160 160 161 161 161 161 161 161 161 161 160 160 159 161 162 161 160 160 160 161 160 160 160 160 159 160 160 159 159 159
66 79 74 65 65 53 52 57 61 57 51 53 53 90 146 158 147 149 155 160 154 147 148 154 158 163 163 162 164 163 159 157 159 163 131 111 161 162 151 145 158 173 177 176 166 162 157 153 156 158 160 158 155 156 157 154 158 158 158 158 159 160 160 160 160 161 160 159 159 160 160 159 159 160 160 160 159 159 160 160 159 159 159 159 158 158 159 157 159 159
68 88 85 90 84 64 63 74 63 54 59 71 77 85 100 103 99 103 101 115 108 112 98 94 100 107 119 129 139 153 162 162 161 163 108 98 154 165 98 99 106 139 165 179 178 180 175 165 157 154 153 154 155 158 159 156 158 157 156 156 157 158 158 159 160 160 160 159 158 159 159 159 158 159 159 159 159 159 159 158 158 158 159 158 157 158 158 156 157 157
74 80 78 98 98 75 70 83 66 74 104 101 103 117 117 118 111 119 119 116 108 112 106 97 88 86 84 77 71 82 96 101 137 145 95 134 167 180 85 70 101 133 147 147 142 152 164 171 176 180 170 155 153 152 151 154 157 157 156 156 157 158 159 160 160 160 160 160 159 159 159 159 158 158 158 158 159 159 159 157 158 158 158 158 157 157 157 156 157 157
75 78 90 83 76 81 95 98 95 90 109 134 145 145 158 150 139 151 165 148 140 135 148 147 147 136 121 109 101 97 88 75 71 70 110 199 151 169 148 108 142 175 185 183 181 180 177 182 179 169 176 189 182 166 159 156 155 156 156 157 157 158 159 160 160 159 159 160 159 158 157 158 156 157 157 157 157 158 157 157 157 157 158 157 157 157 157 155 156 156
78 80 85 64 90 106 107 112 130 123 136 144 151 156 170 168 172 171 175 171 168 163 160 152 158 161 161 157 153 150 147 144 132 113 129 178 155 164 143 135 139 176 188 192 198 193 184 193 212 205 186 172 180 190 179 159 153 154 155 155 155 155 156 157 159 157 157 159 158 156 155 157 154 156 157 156 156 156 156 156 156 156 157 156 156 156 156 155 154 154
69 80 106 110 118 133 140 157 164 161 164 167 168 177 179 169 177 177 177 173 172 172 168 166 163 160 159 160 159 150 146 145 140 157 139 145 174 153 129 142 134 128 148 158 162 151 152 157 176 192 201 190 181 192 193 177 162 148 153 156 152 154 153 155 156 155 156 158 158 156 154 154 153 155 158 157 155 153 153 154 154 154 153 153 154 154 154 155 153 153
99 119 151 160 166 172 168 173 175 180 181 181 185 187 184 183 184 185 185 177 174 175 172 171 166 168 164 158 156 138 134 138 154 158 130 136 156 145 109 129 158 144 132 162 148 156 147 157 154 156 162 165 167 174 183 189 177 159 154 152 153 157 155 157 157 157 156 155 154 153 153 154 154 154 154 154 154 154 154 154 153 153 153 153 153 153 153 153 152 152
161 173 186 186 187 191 190 190 189 194 191 188 190 187 182 184 183 186 188 184 182 181 175 172 177 169 180 170 150 145 159 148 168 155 149 151 156 158 150 152 157 176 144 146 177 165 170 169 168 167 161 154 149 146 146 149 148 142 145 146 150 154 152 155 154 154 154 153 154 154 154 153 155 153 153 155 156 153 151 151 154 154 154 154 154 154 153 153 151 151
194 198 198 198 198 199 200 195 196 193 191 191 189 189 189 188 186 185 184 182 183 184 181 181 185 192 190 156 148 152 153 153 160 148 148 144 141 146 153 151 154 154 179 130 167 180 179 183 180 182 178 168 163 162 158 151 153 151 148 143 143 144 143 148 149 152 153 151 150 150 153 154 155 152 151 152 152 150 151 153 150 151 151 151 151 151 150 149 151 151
197 197 195 198 199 197 199 195 198 192 193 195 191 192 195 193 190 185 186 186 187 186 186 192 196 197 192 149 138 159 154 156 155 147 139 137 133 147 138 140 146 144 164 157 143 180 186 191 191 186 182 180 174 170 168 165 157 155 151 148 150 149 142 139 139 140 143 147 152 154 153 150 151 149 150 152 153 152 152 152 149 150 150 150 150 151 150 149 152 152
198 198 200 205 202 197 197 196 195 194 195 195 193 191 192 193 190 189 192 192 190 187 188 198 202 201 186 143 131 159 147 157 153 143 138 118 109 132 130 129 146 156 152 172 144 177 189 195 194 189 187 185 179 177 176 173 165 165 161 157 157 155 151 150 144 140 136 135 139 144 149 153 154 153 153 153 154 154 152 150 151 152 152 152 152 153 152 151 150 150
200 197 200 201 199 198 199 199 194 195 194 194 195 194 194 195 194 193 194 191 189 190 195 205 206 209 181 144 124 158 151 163 147 145 109 91 118 116 113 136 156 160 159 161 150 157 190 190 192 196 194 187 183 183 178 173 173 174 172 167 160 156 156 157 151 150 148 141 132 128 134 143 152 154 154 150 148 151 153 153 150 151 151 150 150 151 151 149 149 149
208 203 204 202 201 205 203 201 202 198 195 193 193 194 193 190 192 193 196 193 194 199 201 205 209 213 180 146 112 154 159 162 146 113 98 143 119 90 119 130 153 158 164 162 166 151 184 195 194 198 195 191 190 185 180 181 179 177 174 173 169 164 162 157 157 150 145 144 142 136 130 127 131 143 153 154 150 150 151 151 151 152 152 150 150 151 151 149 151 151
204 204 204 205 206 206 204 202 200 199 196 194 195 195 193 192 191 194 196 197 199 201 206 213 215 208 179 144 120 134 150 160 130 93 153 134 82 80 151 134 138 160 161 168 162 143 171 184 193 198 200 198 196 193 188 186 187 184 178 176 176 171 162 158 158 152 144 144 142 136 135 128 125 118 131 149 152 151 153 151 152 151 148 148 151 151 150 153 152 150
204 204 203 203 203 204 203 201 203 202 200 199 200 200 198 196 194 197 197 197 198 201 205 211 215 212 187 137 116 123 142 145 108 145 168 101 82 138 160 150 142 156 159 168 169 146 167 177 189 193 199 199 195 195 196 192 188 185 183 181 176 171 168 165 163 158 152 151 147 143 142 135 127 122 114 114 141 156 148 154 153 149 152 152 147 151 154 145 149 147
209 208 207 206 206 207 206 205 206 206 204 203 204 204 201 200 201 202 200 197 197 202 207 212 213 212 186 131 104 115 137 128 109 182 144 87 147 177 178 160 140 149 155 163 174 150 166 172 181 194 196 194 199 197 191 192 194 190 190 187 177 173 171 168 166 162 159 157 152 150 150 144 131 131 115 104 107 130 155 148 152 152 150 151 153 149 148 156 150 150
210 211 210 209 209 210 209 208 207 207 205 204 204 204 202 201 203 205 206 204 204 207 208 208 214 199 163 135 100 103 125 118 126 196 103 70 95 136 197 178 142 146 154 156 170 145 160 164 178 192 189 186 199 200 193 199 197 193 190 185 177 172 170 166 162 159 158 156 151 152 154 149 137 140 125 113 99 95 127 151 152 152 151 149 148 151 152 150 153 153
210 212 214 214 214 214 213 211 210 209 207 205 205 205 204 204 208 209 208 205 205 208 211 211 207 196 153 132 101 97 114 101 147 180 79 94 80 74 122 183 148 145 154 160 173 146 162 167 178 186 191 194 201 204 201 200 194 192 186 179 174 169 166 165 162 159 157 155 152 153 154 152 152 146 139 120 106 92 88 121 152 155 153 151 153 154 153 154 148 149
210 214 217 217 217 217 216 214 213 213 211 208 207 208 208 209 210 210 211 210 209 211 212 210 208 194 155 131 117 93 99 88 136 147 74 118 60 79 101 158 141 134 142 161 170 142 160 168 180 187 191 195 201 204 203 204 194 192 184 176 171 167 166 167 171 168 165 160 157 154 150 151 153 144 142 128 114 108 93 87 111 143 155 149 152 154 150 151 150 149
209 213 216 217 217 217 216 214 215 216 215 212 210 210 212 214 216 214 214 213 211 213 215 215 206 190 161 130 119 107 95 78 115 131 49 41 36 72 104 149 135 134 143 167 167 143 167 172 174 181 187 197 207 207 202 201 192 186 178 172 170 172 175 176 179 178 173 164 158 148 136 140 156 152 141 140 133 117 108 97 92 109 138 155 152 151 153 150 155 152
211 216 219 219 219 219 219 217 215 216 216 213 211 212 214 217 218 217 219 220 217 216 217 216 207 177 154 132 115 118 93 77 87 120 57 51 74 92 102 146 128 138 149 172 165 150 182 184 182 176 186 201 204 207 204 190 183 173 166 165 169 180 187 185 180 180 174 162 153 136 120 125 156 152 148 145 139 134 129 124 108 99 107 129 144 150 154 156 150 144
215 215 217 219 220 220 219 217 219 216 214 214 212 211 214 218 220 223 223 222 220 216 213 214 207 185 162 134 119 116 98 80 68 103 81 59 79 94 138 141 123 135 160 182 154 168 182 179 177 183 192 201 204 196 193 177 172 170 161 172 184 189 194 190 185 175 172 153 157 133 107 103 131 157 156 151 147 141 143 135 127 121 108 102 112 121 127 131 122 110
215 216 218 219 220 220 220 219 222 218 217 216 213 211 215 219 221 223 226 226 223 219 216 214 212 183 168 153 141 126 101 93 63 87 84 78 121 132 141 129 123 140 181 167 155 190 180 177 173 184 195 200 200 187 178 166 160 170 183 187 196 197 197 189 188 183 173 145 141 122 88 54 107 172 183 163 154 144 141 141 139 139 131 119 116 117 119 119 126 121
215 217 218 219 220 220 220 220 222 219 218 216 212 210 214 219 221 219 222 225 224 223 219 213 203 192 161 139 153 144 102 95 85 74 101 82 91 137 144 141 140 163 188 147 169 188 177 170 174 187 196 191 186 174 172 172 172 184 186 192 193 195 189 189 187 183 176 162 154 135 78 51 138 176 184 174 165 152 144 137 141 146 146 135 126 122 119 114 118 121
215 217 218 218 219 219 218 220 221 219 217 215 211 210 214 219 220 214 216 222 223 226 223 214 205 194 176 154 147 150 124 81 109 83 101 102 105 160 170 155 160 185 170 153 190 175 169 166 181 184 187 180 180 176 170 161 166 189 187 191 193 191 184 184 182 178 172 170 159 138 62 76 171 169 169 175 169 157 154 148 145 148 150 146 139 133 125 115 116 116
215 218 218 218 219 218 217 218 219 217 215 213 210 210 215 220 219 215 218 223 223 224 222 214 206 197 176 167 162 155 134 95 81 105 100 129 150 147 171 167 183 170 144 187 175 161 166 176 183 178 181 179 180 181 173 148 132 165 194 184 190 183 185 181 175 179 177 170 161 131 65 92 161 164 164 164 167 164 159 155 152 149 151 153 151 145 137 129 119 111
214 217 217 217 219 217 215 216 216 213 211 210 207 208 213 217 217 217 221 223 219 217 214 209 213 199 179 178 174 160 143 114 80 78 112 149 183 163 153 156 151 151 182 158 149 164 184 183 182 180 185 186 181 178 167 126 91 115 168 184 184 182 178 180 182 180 177 168 160 124 98 116 141 152 159 156 159 163 159 157 161 157 156 159 157 150 141 136 124 111
213 216 215 214 217 215 213 215 213 211 209 208 207 207 210 212 215 215 217 217 215 211 207 203 194 191 187 182 174 165 151 135 113 120 103 89 112 110 99 98 140 162 150 161 185 189 189 185 187 186 188 191 186 177 156 96 65 87 124 177 178 187 180 188 178 173 172 172 153 126 119 121 147 139 144 147 149 158 160 156 157 158 159 162 164 156 146 142 133 123
211 214 212 211 214 214 211 214 215 212 210 210 209 209 210 211 215 214 211 212 214 212 206 202 200 193 191 181 178 175 159 156 145 153 144 128 106 119 116 139 162 164 176 193 194 197 190 193 192 195 192 193 187 179 165 105 49 94 117 176 185 191 188 182 177 179 178 178 144 145 135 127 155 148 151 144 135 142 150 156 155 161 165 168 170 161 146 138 134 130
211 212 212 211 211 212 213 213 214 211 209 209 209 209 210 210 213 213 211 209 209 208 206 203 197 199 190 183 183 176 163 159 162 184 149 129 145 165 180 193 191 186 193 195 194 198 197 199 198 194 194 201 200 182 161 120 47 95 131 166 193 191 191 180 179 181 191 173 141 158 133 121 163 157 148 153 126 127 144 149 147 155 168 176 182 171 147 137 135 126
209 211 212 212 212 214 215 215 212 209 208 209 210 209 208 207 208 210 211 211 210 208 205 201 198 195 187 181 179 177 174 173 172 191 136 148 187 198 207 207 208 202 202 201 198 201 204 205 195 197 204 213 204 181 166 134 67 82 132 173 191 193 188 181 182 178 191 161 138 157 125 145 183 172 158 158 127 109 129 146 140 154 167 184 183 164 150 138 130 122
208 209 210 211 211 213 214 215 213 209 208 209 209 207 206 204 205 209 213 214 214 213 210 207 202 196 188 179 167 165 173 182 178 177 130 183 212 201 211 216 216 211 206 204 200 200 204 204 197 199 212 222 208 181 166 138 95 81 123 173 188 191 184 180 175 182 192 152 144 163 127 180 209 192 166 158 130 94 113 131 144 152 163 185 186 166 153 139 126 118
206 207 208 208 208 209 210 211 213 209 206 205 205 203 202 201 203 207 211 215 218 219 217 215 204 194 185 180 173 167 169 174 169 161 131 189 209 207 207 203 207 206 201 203 200 195 199 195 198 196 207 217 207 183 163 130 115 95 106 156 181 182 181 178 180 191 180 139 148 161 124 172 222 210 180 157 126 82 108 133 144 147 163 182 185 170 149 138 126 116
204 204 205 205 204 204 206 208 209 205 202 202 201 200 199 198 202 204 209 215 219 222 220 218 205 194 181 174 169 163 161 167 156 153 126 171 187 187 184 192 191 192 190 193 192 188 191 189 193 190 196 202 198 183 163 129 115 106 93 129 159 167 170 171 172 181 172 138 141 151 124 159 208 202 179 158 130 79 103 127 133 145 162 179 182 165 144 135 125 115
201 202 203 203 202 202 204 206 205 202 201 202 201 200 200 199 205 208 213 220 224 225 221 217 205 199 188 180 173 163 157 161 141 146 122 160 180 183 184 182 181 180 179 180 180 180 185 187 188 187 190 188 185 175 159 131 113 113 97 112 137 160 164 169 165 168 183 153 134 138 118 144 193 181 163 152 128 78 96 120 129 146 153 175 181 160 146 132 123 112
199 200 202 203 202 201 202 204 203 201 200 201 200 199 199 200 207 210 216 222 226 224 218 214 202 191 179 173 170 162 151 142 125 133 105 131 161 172 177 169 173 171 171 168 168 171 174 181 180 182 183 178 177 167 151 129 122 128 111 110 130 162 166 174 169 169 185 154 137 140 113 122 186 172 161 156 126 77 93 120 127 140 148 175 182 160 147 131 121 110
198 200 202 203 202 200 200 201 202 199 197 197 195 195 196 198 203 207 213 218 220 217 212 208 196 186 179 174 165 153 136 118 114 160 120 78 91 122 148 164 161 158 160 155 154 157 158 166 169 172 174 172 174 164 147 127 127 139 113 107 127 160 165 173 176 185 186 148 139 143 114 116 195 172 156 150 120 81 94 117 117 129 154 183 183 158 140 130 121 110
198 197 198 201 200 197 196 197 195 198 191 190 189 189 197 198 202 204 207 214 217 213 207 199 193 180 164 162 153 131 117 111 121 137 117 118 113 102 100 122 148 146 160 156 149 150 146 153 160 167 164 169 176 160 141 94 133 133 108 103 120 143 157 168 179 193 168 132 126 122 103 114 185 173 154 145 107 82 98 114 118 120 163 187 171 153 139 130 123 111
196 195 196 197 196 194 194 195 195 193 187 185 187 189 192 192 194 200 206 211 211 208 205 199 191 172 151 144 135 119 118 125 128 133 148 140 122 133 107 102 112 143 152 157 153 144 148 142 145 156 161 161 164 161 128 60 130 134 109 103 120 139 151 162 167 180 150 125 128 125 110 132 184 167 146 138 102 80 97 110 116 125 163 180 165 152 141 131 120 109
196 196 197 196 194 193 194 194 194 189 186 185 187 189 189 191 194 201 206 208 206 203 201 195 183 164 139 125 115 112 124 136 121 124 124 112 98 82 108 130 106 124 154 154 154 151 147 143 139 140 147 154 160 162 112 46 120 130 106 102 119 134 145 153 154 167 142 121 130 131 105 138 180 163 146 138 105 91 107 116 115 130 161 169 157 152 141 130 121 111
195 197 197 195 192 191 192 191 189 185 187 186 187 188 186 193 192 195 198 204 205 201 199 194 186 158 126 107 105 117 127 122 108 107 118 108 119 109 104 117 132 111 146 150 152 158 150 151 140 133 136 146 158 162 104 52 110 122 104 106 122 136 147 149 147 159 147 119 128 136 95 139 172 158 146 135 106 101 116 120 118 135 157 160 153 150 139 127 120 113
192 194 195 192 189 188 188 186 183 181 185 185 184 184 182 189 191 189 191 199 201 196 194 192 180 146 112 93 97 121 130 118 110 103 102 122 112 113 108 104 133 125 119 148 152 155 155 150 147 143 143 142 149 159 104 53 101 110 101 109 122 138 148 144 145 155 149 120 125 133 99 148 164 149 139 131 108 107 117 120 121 138 156 158 151 146 136 126 119 113
190 192 193 191 188 186 185 183 183 181 182 182 182 181 180 184 190 188 189 196 196 190 190 190 186 142 98 81 97 123 125 110 101 97 103 107 88 120 116 110 114 144 108 144 154 157 154 147 146 142 150 152 154 161 124 76 103 106 103 113 124 140 147 142 144 154 148 126 127 123 109 151 148 134 132 133 119 117 119 121 125 141 157 159 151 142 134 128 120 116
189 190 191 191 188 186 185 184 184 183 179 180 180 179 182 184 183 185 186 191 192 190 192 191 180 143 97 77 99 123 116 103 87 98 102 92 106 147 129 123 120 146 126 133 156 160 154 153 153 142 142 144 149 156 152 128 113 112 111 119 129 144 147 146 144 151 150 128 125 114 112 141 130 126 132 134 126 127 123 123 128 141 154 157 150 142 136 128 122 119
188 187 189 189 188 186 184 184 183 184 178 178 178 177 184 186 182 184 184 185 187 189 189 184 178 148 99 75 102 123 103 84 84 106 86 94 121 154 133 135 144 139 144 124 158 155 162 159 158 153 145 138 145 147 153 137 117 115 114 118 128 143 142 146 144 146 153 122 117 111 112 133 128 133 140 134 125 132 128 127 130 140 150 154 150 145 137 126 119 116
186 184 185 186 185 182 181 182 183 181 179 176 175 179 183 183 179 178 178 181 185 189 190 189 176 143 97 73 104 122 91 72 101 101 84 143 154 172 127 128 137 148 159 119 157 163 165 162 167 165 158 150 146 138 129 126 121 121 120 118 121 134 144 144 142 146 149 125 112 111 106 122 128 140 142 133 132 136 133 127 132 140 147 151 148 141 136 130 121 113
180 179 180 182 181 180 179 179 178 177 176 174 172 174 177 176 179 177 176 179 182 183 183 184 181 142 106 77 98 105 79 81 120 79 160 191 181 167 136 125 140 152 164 120 149 161 167 171 171 169 163 156 145 129 117 116 119 121 121 122 128 135 140 143 142 140 151 132 109 115 100 113 140 142 140 136 135 133 131 131 137 142 145 147 144 137 131 122 121 112
178 178 178 178 177 176 175 173 175 174 174 172 170 172 173 172 175 171 171 176 179 179 180 183 175 142 106 74 107 96 70 109 103 78 125 147 193 170 135 132 134 150 169 127 147 162 163 168 170 168 166 163 152 132 118 116 115 122 124 124 130 136 139 142 145 145 148 134 95 81 80 126 143 142 139 138 138 134 131 135 136 143 147 148 142 134 130 125 117 108
177 177 177 175 174 174 173 171 173 172 172 172 170 171 173 173 170 167 166 171 175 177 179 180 169 129 98 75 111 96 82 127 95 108 85 78 141 157 127 135 136 149 167 125 140 162 162 169 174 172 171 170 162 144 127 119 116 124 129 128 131 138 143 144 143 149 141 134 87 50 82 141 138 142 142 141 141 139 137 138 137 144 147 148 143 136 132 125 117 108
173 173 173 172 172 173 174 173 169 169 171 171 169 169 170 170 171 169 167 169 174 179 180 178 165 126 92 75 114 99 89 127 77 90 62 69 107 135 129 129 130 143 166 130 146 165 161 165 171 173 175 174 170 159 143 131 123 126 134 138 136 138 144 145 149 145 134 126 83 49 101 133 138 145 145 141 140 139 139 141 145 146 143 143 141 136 128 118 113 103
170 169 169 169 168 169 169 169 166 167 170 172 169 167 167 167 166 166 164 165 171 178 180 178 162 133 94 79 120 107 91 126 68 46 33 62 85 126 127 130 125 138 162 130 150 161 160 165 171 178 182 180 176 170 159 146 133 126 134 145 141 137 140 142 145 142 141 126 93 61 104 134 143 144 141 136 134 132 135 141 144 146 144 140 134 128 124 117 109 98
169 167 166 167 165 163 163 163 164 164 167 169 167 165 165 165 166 166 166 168 174 180 184 185 163 132 104 92 119 118 102 126 77 50 100 115 97 133 120 134 128 137 158 126 153 156 159 163 167 175 182 182 180 179 172 162 145 133 132 140 141 140 141 141 143 141 140 131 122 100 111 132 141 139 133 131 131 130 132 138 136 142 142 137 128 120 117 112 95 84
165 163 164 166 165 162 162 163 161 160 162 164 162 161 164 166 163 161 161 165 169 172 175 179 161 137 109 93 124 127 98 129 95 55 114 146 142 139 132 142 133 139 157 127 159 156 158 160 169 175 181 181 180 179 172 162 156 143 132 132 140 148 149 145 145 149 144 131 121 119 124 126 135 134 130 129 133 136 135 137 135 136 133 131 126 119 109 96 85 75
163 162 161 162 164 161 159 162 162 160 159 158 158 160 161 161 164 158 158 161 164 171 173 166 147 126 106 99 130 127 105 119 116 63 141 169 154 136 145 147 142 143 150 129 167 159 158 165 171 178 183 183 181 179 173 166 159 151 138 131 134 141 146 149 147 149 146 137 126 123 123 122 127 131 123 125 132 132 134 130 129 128 127 124 119 111 97 85 82 81
162 163 162 162 162 160 158 160 159 159 158 158 159 160 161 162 160 156 156 158 160 165 169 167 133 117 112 105 131 139 115 103 132 73 119 164 130 146 143 149 146 160 140 150 158 157 164 163 164 171 180 183 181 178 173 167 159 153 143 134 132 134 139 143 143 147 147 139 127 123 124 123 129 131 123 129 135 132 132 130 127 123 120 117 109 98 86 79 81 80
159 161 162 160 159 158 156 157 158 160 159 157 158 157 157 160 158 156 154 154 156 159 163 166 142 113 111 115 115 149 124 104 122 112 63 94 121 140 145 153 152 165 137 168 162 164 163 163 161 169 179 183 181 178 174 171 162 158 150 142 136 133 133 137 140 138 135 129 126 128 130 127 128 130 124 127 131 127 128 127 121 116 112 109 100 90 84 83 83 81
159 163 165 162 160 160 159 158 158 160 157 155 157 157 156 160 159 157 152 150 153 154 156 161 147 110 117 135 112 153 134 109 100 129 91 92 131 132 149 147 174 156 150 166 163 167 160 164 165 170 177 181 179 176 174 172 163 158 152 148 144 137 132 132 137 132 129 129 133 141 145 143 132 136 130 124 121 119 119 117 117 112 107 102 95 89 88 89 84 82
159 163 165 162 159 159 158 155 152 153 152 151 155 155 155 157 157 156 151 148 150 149 151 157 144 121 112 150 105 146 144 128 95 108 119 104 124 135 138 158 170 142 161 165 163 166 169 164 164 168 173 176 175 173 171 168 164 160 155 153 150 144 139 138 137 138 141 141 139 140 142 141 130 132 128 123 121 119 120 118 114 110 103 95 90 89 89 88 84 81
156 158 160 158 155 155 153 149 152 152 153 154 155 154 153 152 151 153 150 147 146 145 146 151 146 120 119 140 132 111 146 141 127 101 119 117 126 137 147 178 152 156 164 164 163 158 165 160 159 164 169 173 172 171 168 164 163 160 157 154 151 148 147 148 144 143 144 143 138 134 130 125 129 124 122 124 124 118 115 116 109 105 99 93 90 92 91 89 85 83
154 155 157 156 154 154 152 147 154 153 155 156 154 154 155 152 149 149 147 145 145 144 143 142 144 126 118 134 148 112 127 146 128 137 142 160 148 149 190 152 140 161 162 165 168 160 157 156 156 162 168 169 168 167 164 160 156 155 151 147 145 144 145 147 144 140 139 139 139 136 131 125 124 117 117 121 121 116 112 115 105 101 98 97 97 97 95 93 91 90
150 149 152 153 152 152 150 145 146 143 147 149 146 149 154 152 151 147 144 144 145 146 141 134 132 135 118 131 147 143 113 143 162 162 167 158 173 191 137 138 159 156 163 162 160 160 154 154 155 162 167 165 162 161 159 155 153 152 148 144 143 144 143 142 139 139 141 141 137 133 130 127 126 122 121 120 116 111 108 111 105 100 99 102 101 98 95 93 96 95
137 142 143 140 138 137 138 139 140 140 144 147 144 143 146 150 151 150 150 147 144 144 141 133 134 134 130 129 143 149 143 147 121 131 138 154 152 136 143 155 154 156 159 160 159 159 157 155 158 161 160 157 156 158 155 150 147 150 146 144 143 142 142 139 137 141 134 127 132 135 129 126 123 123 122 120 117 113 111 108 104 103 104 107 107 104 100 97 96 96
131 127 130 137 132 126 126 120 125 137 141 138 136 137 141 145 150 149 150 150 147 144 142 139 138 135 134 125 135 147 140 145 135 140 139 135 136 146 153 151 154 155 156 157 157 157 157 156 155 155 155 154 152 151 150 150 144 146 143 141 140 139 137 134 134 136 132 129 132 132 129 129 123 122 121 119 115 111 108 105 109 110 108 108 108 103 97 97 100 100
111 117 119 127 128 122 122 124 124 127 128 131 137 132 128 135 145 148 151 151 148 146 145 143 142 134 134 127 130 125 125 167 170 150 145 150 152 152 152 156 151 151 152 151 151 153 154 154 155 154 152 151 150 149 149 149 141 143 140 139 140 138 136 132 129 129 130 133 131 128 126 127 125 124 123 119 113 110 110 110 113 114 109 109 112 108 101 101 100 100
83 102 117 117 116 115 115 119 124 130 127 124 129 130 123 119 124 134 140 140 142 147 147 144 136 133 137 131 129 127 123 139 143 147 153 153 151 153 152 148 151 150 150 150 149 151 152 153 154 154 151 146 146 149 148 144 139 141 138 138 139 139 138 134 134 133 138 141 137 132 130 128 124 122 119 115 110 110 113 117 116 113 108 109 113 111 106 103 101 101
63 75 103 104 95 108 116 117 123 133 133 122 118 120 119 118 123 130 133 132 137 143 144 144 138 141 135 134 139 128 126 149 142 151 146 144 144 144 149 146 147 146 147 148 148 148 150 150 150 151 148 143 142 144 143 140 140 141 137 136 138 138 139 135 133 132 136 137 132 129 128 123 123 119 115 114 114 116 120 121 117 112 110 111 110 110 108 104 106 106
55 63 87 93 94 103 106 110 115 123 121 111 106 108 112 114 119 121 121 124 132 134 135 141 145 141 135 135 132 127 132 136 134 145 141 143 144 139 144 144 142 142 144 146 146 147 148 148 148 148 148 147 143 139 140 142 141 143 138 136 137 137 138 136 135 134 134 132 129 129 128 123 122 117 115 118 122 124 124 122 115 113 116 116 111 112 114 111 108 108
54 64 68 74 85 88 94 108 105 121 116 101 106 120 119 110 126 123 115 113 120 123 128 139 144 143 137 132 134 132 128 128 135 134 131 138 141 136 137 137 141 140 142 144 145 146 147 148 147 146 146 146 143 140 140 142 139 142 139 137 136 136 137 135 134 133 131 129 128 128 125 122 119 117 118 122 123 123 121 120 116 115 118 119 115 115 117 116 108 108
61 71 64 68 71 68 84 95 95 112 108 99 110 121 116 111 110 114 112 113 120 121 119 124 145 138 142 138 131 127 119 118 132 129 133 133 130 131 133 134 136 135 136 138 138 139 141 142 141 142 140 138 138 140 139 135 134 138 136 135 134 133 134 133 131 130 128 128 128 125 120 118 118 121 126 127 123 120 120 122 119 119 118 117 117 115 112 111 110 110
63 61 61 76 65 68 67 73 78 87 90 95 107 96 97 99 104 106 104 112 120 122 109 106 119 125 125 120 119 116 105 109 123 124 128 133 129 129 136 131 127 134 127 124 131 131 129 132 137 131 130 132 131 129 129 129 128 131 129 133 133 129 131 130 127 125 124 125 125 123 120 119 125 127 127 125 125 123 122 124 121 121 118 116 118 111 115 115 112 110
72 62 63 64 59 67 56 69 72 77 84 84 101 109 108 99 91 99 102 102 97 104 105 100 106 109 108 91 99 99 85 91 111 116 122 124 123 122 126 135 128 133 130 133 127 126 137 123 127 132 128 127 129 126 127 130 130 132 129 129 128 125 126 125 125 124 125 127 127 126 125 126 123 127 125 120 120 122 121 119 119 122 121 119 122 116 117 112 106 101
69 62 60 54 64 56 58 62 64 62 74 72 74 80 85 87 91 87 84 93 88 89 97 100 94 85 92 95 84 77 60 76 89 103 110 108 118 129 127 129 134 129 134 136 138 139 129 120 124 133 132 130 123 120 129 128 126 127 123 122 122 122 123 121 123 123 124 125 124 122 122 124 123 127 126 121 120 121 120 117 122 122 121 117 117 114 117 115 105 95
52 55 49 61 63 57 55 59 65 63 75 81 78 79 85 90 87 83 78 90 85 75 85 102 91 78 90 86 80 63 57 67 95 112 122 130 139 145 147 148 148 141 152 153 158 150 103 73 115 136 138 137 128 116 125 129 126 126 122 120 121 123 122 120 119 120 121 122 122 121 122 124 122 122 122 122 121 120 120 121 122 116 114 113 116 112 111 105 98 85
48 42 52 57 65 58 50 55 57 65 70 76 76 80 89 89 87 85 76 81 82 81 79 77 82 90 85 89 82 69 57 74 109 128 133 141 144 148 153 131 114 136 153 166 163 115 74 82 117 141 130 135 154 142 133 140 144 143 139 134 134 134 131 129 128 128 127 127 126 125 124 124 122 119 116 116 115 114 113 113 115 112 115 111 108 104 103 98 86 73
57 55 48 61 60 60 50 52 59 63 59 68 68 67 69 67 70 77 82 84 78 83 85 83 85 90 90 91 96 75 63 59 90 123 133 146 151 159 162 121 73 71 83 91 82 64 73 114 150 154 129 128 153 152 146 152 149 148 149 147 149 152 151 151 148 148 147 148 149 150 150 150 147 146 146 144 142 138 128 117 100 96 100 95 93 93 91 81 69 59
65 67 54 52 64 53 58 51 51 55 59 69 64 62 60 65 63 64 69 72 74 83 80 85 79 80 79 84 87 93 78 58 94 125 140 154 149 141 154 147 112 75 61 59 59 59 80 135 155 162 159 154 152 149 149 150 151 150 151 149 150 151 149 151 150 150 149 149 149 149 150 149 150 149 149 148 149 153 154 150 69 61 71 75 75 72 68 60 52 47
63 67 61 44 60 56 55 54 47 49 51 52 54 75 77 77 85 91 87 73 72 79 70 82 75 79 90 89 87 81 73 79 99 132 149 157 144 123 131 144 125 94 67 65 64 72 111 150 125 143 155 155 153 151 149 148 151 149 151 150 150 151 148 152 150 150 150 149 149 150 151 151 149 148 152 153 149 148 153 156 61 39 44 58 66 63 59 57 52 50
51 55 51 54 53 53 50 50 45 47 51 58 91 131 141 134 139 147 141 137 133 126 127 129 131 133 138 138 137 136 128 93 109 141 153 163 151 124 136 150 133 108 84 81 74 111 156 126 90 123 146 153 154 150 147 147 151 150 151 151 150 150 150 150 150 149 149 151 151 150 150 152 151 150 151 152 151 152 154 154 57 40 40 42 46 54 62 59 47 83
51 55 51 54 53 53 50 51 59 55 63 120 154 146 152 152 147 156 154 154 155 152 157 160 151 151 155 154 154 152 143 107 130 143 128 129 136 137 155 161 158 137 118 113 135 158 130 80 119 143 153 150 148 146 148 150 150 149 150 150 149 149 149 149 149 148 148 150 150 149 149 151 151 150 151 152 151 152 153 153 55 39 39 39 42 48 57 55 66 102
