120 116 119 113 116 119 112 119 118 120 119 117 115 119 115 119 117 117 119 116 120 111 123 116 116 116 116 116 117 117 117 116 115 115 116 117 116 115 115 115 115 115 114 114 115 115 116 116 116 115 115 116 115 115 115 114 115 114 115 115 114 113 113 113 113 115 115 114 114 114 114 113 112 112 113 113 112 111 111 112 112 112 112 113 112 111 111 112 112 112
115 116 120 119 116 117 115 115 116 116 114 116 119 114 119 115 122 113 120 117 118 116 119 116 116 115 115 115 115 115 115 115 116 115 115 115 114 114 115 116 115 115 114 114 115 115 115 115 116 115 115 115 114 115 115 114 114 113 114 114 114 113 112 112 114 114 114 113 114 115 114 113 113 113 113 113 112 111 110 111 112 112 112 113 112 111 111 112 112 112
115 116 114 116 115 115 119 115 116 114 121 115 116 112 119 117 118 113 118 116 116 118 116 117 117 117 116 116 116 116 116 116 117 116 115 115 115 115 115 116 116 115 114 114 115 115 115 114 115 114 114 114 114 114 114 113 113 112 113 114 113 113 112 111 114 114 113 113 115 116 115 113 115 114 113 113 113 112 112 113 113 112 112 113 112 112 112 112 112 112
118 117 113 116 119 115 114 115 112 117 120 114 114 117 119 114 114 122 117 117 116 116 115 116 116 116 117 117 117 117 118 118 117 116 115 116 118 118 116 114 115 115 114 114 115 115 114 114 114 114 114 114 114 114 114 113 112 112 113 114 114 114 113 112 113 114 114 114 115 116 115 114 115 114 113 114 114 114 114 115 114 113 113 113 113 113 112 112 113 113
117 118 116 116 119 111 106 120 118 127 115 119 118 124 118 113 114 116 113 116 115 116 117 119 114 115 115 116 116 116 116 116 116 114 114 115 118 118 116 113 115 115 115 115 114 114 114 114 114 114 114 115 115 115 114 113 112 112 113 114 114 114 113 112 112 114 115 115 115 115 115 115 115 113 113 113 113 114 114 114 115 115 114 114 114 114 114 113 114 114
120 119 117 107 92 71 62 77 70 72 76 83 85 106 98 122 124 111 120 119 115 117 112 114 115 115 116 116 116 116 115 114 116 114 113 113 115 116 115 113 114 115 115 115 115 114 114 115 114 114 114 115 115 115 114 113 112 113 114 114 113 113 114 113 113 114 115 115 115 115 115 116 117 116 115 115 115 114 114 114 116 116 116 115 114 115 115 114 114 114
103 77 54 46 39 39 45 45 37 35 47 47 43 60 54 86 100 97 117 115 120 122 118 118 118 117 116 117 118 117 116 114 116 116 116 115 114 115 115 114 113 115 116 116 115 114 115 116 115 114 114 114 114 114 114 113 114 114 115 115 113 113 114 114 114 114 115 116 115 115 116 116 117 117 116 116 116 115 115 115 115 116 116 114 113 114 114 114 113 113
65 48 43 53 44 43 54 35 36 43 39 48 44 40 46 51 54 78 100 99 118 118 119 117 117 116 115 116 117 118 117 115 116 118 120 119 116 115 115 115 113 115 117 116 115 114 115 116 115 114 113 113 113 113 114 113 115 116 117 116 114 114 115 115 115 115 115 116 116 116 116 116 114 114 115 115 115 114 114 115 114 115 115 113 112 112 113 113 113 113
52 49 47 57 57 57 34 36 44 39 34 43 41 35 44 44 59 72 46 63 90 88 112 115 116 121 109 118 124 115 113 122 136 156 151 153 144 141 134 124 114 110 117 119 114 114 116 114 114 118 119 118 117 115 113 114 117 116 114 113 114 114 114 114 115 115 116 116 117 116 116 115 115 115 115 115 115 115 115 115 116 115 114 112 112 112 112 112 112 112
47 47 67 68 43 38 43 48 52 31 39 34 33 42 35 40 44 33 46 56 49 40 61 78 67 75 95 114 108 106 120 144 157 94 79 109 123 130 137 148 163 145 117 112 119 117 114 113 118 110 110 113 113 117 120 115 114 116 116 114 114 115 115 113 115 115 116 116 116 116 115 115 115 115 115 115 115 115 115 115 115 114 113 112 111 111 111 111 112 112
45 49 50 33 36 50 48 35 33 41 41 44 37 32 43 39 44 43 41 42 39 55 55 56 52 63 81 84 81 87 97 134 130 57 58 71 78 84 75 83 127 143 143 141 132 123 127 123 125 123 121 119 117 111 110 113 112 112 111 110 112 114 115 113 114 114 115 115 115 115 115 115 116 115 115 115 115 115 114 114 114 114 113 112 112 112 111 111 112 112
45 46 45 38 40 49 46 38 45 53 42 38 45 39 38 47 44 48 48 49 41 54 51 52 64 70 70 61 66 72 69 100 95 79 66 60 78 91 114 137 152 164 170 173 170 165 164 160 156 155 154 152 144 131 126 131 131 123 115 111 110 111 112 111 112 112 113 114 115 115 115 115 114 114 113 113 114 114 113 112 113 113 113 113 113 113 112 112 112 112
47 44 37 42 39 43 39 47 70 45 44 42 38 41 37 41 45 37 53 47 55 49 49 68 72 67 68 70 66 66 65 76 64 55 65 65 91 127 147 149 148 150 138 125 141 160 165 177 175 160 162 170 164 163 166 160 158 149 135 120 111 111 113 111 112 112 113 114 114 114 114 114 113 112 112 112 113 113 113 112 113 113 113 114 114 113 113 112 111 111
45 43 34 43 36 40 43 64 38 52 44 35 36 37 39 35 44 47 52 54 68 55 53 57 50 54 54 55 52 62 61 48 55 60 64 66 75 75 84 100 92 81 81 90 114 126 122 134 160 148 151 163 164 164 166 161 162 162 153 132 113 111 115 113 113 113 113 113 113 112 112 111 112 112 111 112 112 112 112 112 111 112 112 113 113 112 112 112 111 111
30 38 48 44 25 44 59 49 33 34 35 38 39 34 36 45 44 41 35 54 49 48 55 42 50 54 55 64 66 69 80 100 116 120 133 136 140 149 140 144 147 145 150 149 146 147 144 144 139 136 132 136 143 143 146 156 165 170 170 152 125 112 111 110 113 113 113 113 112 112 111 111 111 111 111 111 111 111 111 111 111 111 111 111 112 111 111 111 110 110
35 42 45 35 35 48 53 35 40 38 43 44 39 38 40 41 37 43 48 46 42 50 54 53 63 75 89 107 123 134 135 144 144 146 146 152 146 152 153 153 150 158 155 151 153 153 152 153 148 144 143 145 145 139 135 137 135 141 153 152 130 112 110 114 112 112 112 112 112 112 112 112 111 111 111 110 110 110 110 110 110 111 111 111 111 111 111 111 110 110
59 41 41 34 31 49 36 44 43 43 43 44 43 38 38 42 41 48 54 62 62 53 56 66 91 116 126 137 140 135 132 134 134 142 147 150 149 153 155 160 157 156 155 155 155 153 153 156 145 152 149 142 143 144 141 140 135 131 129 131 129 123 119 113 114 112 110 109 109 110 110 110 111 111 111 112 111 112 112 109 109 110 109 109 109 109 109 109 108 108
95 36 35 32 46 48 50 42 44 51 58 53 43 44 52 57 58 65 71 84 95 100 111 124 139 138 136 143 141 128 123 132 134 145 148 145 145 147 154 160 160 160 159 158 157 156 155 156 152 153 154 152 150 149 147 143 139 135 128 126 124 124 129 132 118 115 113 112 112 111 112 113 111 110 110 110 108 110 111 110 110 110 109 109 109 109 109 109 108 108
95 49 34 41 44 52 49 46 52 58 58 56 56 60 72 90 116 119 121 131 141 143 146 150 142 145 153 148 131 122 125 133 133 138 144 149 143 144 143 148 153 156 158 157 159 160 160 159 158 154 158 161 156 154 153 146 147 143 133 127 124 123 128 133 133 128 124 120 115 110 109 109 108 109 110 109 109 109 110 110 110 109 109 109 109 109 109 109 109 109
96 51 37 39 64 52 58 60 64 65 70 76 88 112 130 131 134 143 149 155 156 151 151 152 153 148 155 141 118 112 123 134 141 135 142 149 143 120 119 134 152 156 158 157 159 162 161 159 160 154 157 160 157 157 156 148 149 145 134 129 128 124 124 125 132 133 134 131 127 120 114 110 107 108 109 110 111 111 109 107 109 109 109 108 109 109 109 109 109 109
66 51 38 51 56 57 60 71 71 80 90 108 134 150 153 157 154 157 157 158 159 156 156 154 159 156 152 127 112 107 119 136 147 139 144 143 121 77 109 139 153 157 160 160 164 167 166 164 161 158 157 156 156 159 157 150 146 142 134 132 132 129 128 128 130 134 136 133 131 130 126 121 113 111 108 108 111 111 109 108 109 109 108 108 108 108 108 108 108 108
40 49 40 45 60 66 65 75 93 97 121 149 158 156 158 162 162 164 161 160 157 155 159 161 162 163 146 115 113 108 120 143 153 148 147 143 68 55 119 145 152 155 158 163 169 172 172 170 167 167 163 159 159 160 158 153 147 144 139 138 135 130 129 127 132 135 136 132 131 133 132 128 123 118 111 108 109 110 109 110 109 108 107 107 108 108 108 108 108 108
46 48 41 44 70 70 76 98 102 125 146 155 161 164 163 163 162 162 160 161 160 159 160 159 166 163 148 122 112 92 115 152 160 156 148 115 29 75 132 142 152 152 156 164 172 173 172 171 175 175 173 169 164 160 156 155 151 146 142 140 132 126 127 122 126 129 134 137 138 137 134 130 130 128 121 115 112 109 107 110 110 109 108 107 108 108 108 108 108 108
40 38 46 47 62 67 86 101 117 138 156 159 161 169 169 161 156 160 163 166 163 159 162 163 167 156 136 105 90 86 129 158 156 154 144 62 27 110 144 150 146 146 152 165 175 177 176 178 181 180 180 178 168 158 155 155 151 141 135 133 126 125 130 126 130 128 130 134 136 136 135 137 131 134 131 125 118 109 105 108 111 109 108 108 108 109 108 108 108 108
42 39 44 45 59 76 93 107 137 148 160 164 163 164 163 160 158 163 166 164 163 167 168 166 167 158 145 104 73 91 146 157 165 153 136 38 55 119 137 159 153 136 135 163 171 172 179 179 183 183 187 182 174 162 149 141 146 141 133 132 130 126 125 126 127 133 132 129 133 138 138 137 139 138 133 127 124 119 112 110 105 108 110 107 107 110 110 106 107 107
53 40 53 55 68 85 99 123 153 154 157 159 161 163 164 162 163 167 169 167 166 169 170 167 165 162 147 94 66 100 160 169 164 156 115 32 107 144 147 166 160 132 125 161 175 177 178 180 186 184 183 187 181 180 130 131 135 137 138 134 128 124 124 122 125 127 128 131 139 140 136 132 134 137 133 126 123 124 119 113 104 106 109 110 109 108 108 108 107 107
57 43 60 68 82 100 121 147 162 162 164 166 164 163 165 167 167 169 170 168 168 171 171 167 161 157 136 76 60 107 164 172 171 158 102 33 139 166 142 162 157 118 110 161 177 180 177 183 184 184 182 186 177 176 124 136 131 134 134 128 123 122 121 117 116 122 128 134 137 135 133 135 134 135 135 130 127 129 125 117 107 104 105 109 109 106 106 107 109 109
67 59 67 79 96 118 148 164 166 168 172 174 171 169 169 171 170 172 173 172 172 174 172 167 162 151 125 74 76 120 162 170 168 154 101 30 72 139 168 169 157 107 106 166 177 177 173 179 177 179 179 177 172 162 145 151 134 130 126 123 122 119 110 106 113 124 134 139 139 136 136 141 137 135 137 139 136 135 132 126 116 107 103 105 107 107 106 106 106 106
74 68 78 97 122 145 166 169 173 172 171 170 172 175 175 171 175 177 179 178 177 177 173 166 161 149 119 79 98 133 158 167 162 147 92 43 24 56 145 178 155 98 106 169 179 180 175 176 176 177 176 171 173 160 158 146 134 126 120 116 113 103 95 103 123 133 140 142 144 142 139 138 135 133 137 140 138 137 136 130 126 117 108 105 105 107 108 107 105 106
92 76 88 109 141 166 175 180 175 175 173 170 170 174 175 173 178 181 182 181 178 176 171 164 158 149 114 76 100 132 153 163 156 145 87 39 41 37 113 169 143 88 108 166 180 182 180 175 173 176 172 167 168 162 150 136 130 118 109 99 91 87 95 117 132 139 140 135 132 128 126 127 131 134 136 135 135 138 138 132 132 126 118 110 106 106 107 107 107 107
105 95 110 133 162 175 176 179 177 179 181 179 175 174 176 177 180 182 183 181 177 175 170 164 158 153 116 78 98 125 148 154 149 135 93 23 35 36 101 151 126 86 119 165 177 176 176 170 169 171 169 165 161 158 143 130 117 102 97 90 88 101 117 134 137 139 136 128 119 110 107 110 116 123 129 131 136 141 142 139 136 133 128 122 115 110 108 106 106 106
105 112 129 156 179 180 184 182 185 182 182 184 184 182 180 180 181 183 184 181 178 175 172 168 157 154 121 88 102 121 141 141 141 134 92 26 43 43 99 132 108 85 131 168 177 170 174 174 177 174 172 167 160 150 139 117 100 87 94 100 110 133 141 137 142 138 132 128 123 109 96 92 90 99 110 122 134 139 141 144 142 138 136 134 127 119 111 107 108 108
113 132 162 165 180 179 185 184 190 188 188 188 187 175 184 181 179 180 181 181 180 175 169 165 158 148 127 92 107 124 134 139 134 130 101 50 116 75 112 120 105 91 140 169 174 175 176 178 181 176 167 164 156 137 120 106 97 106 116 121 141 147 148 147 145 142 137 134 130 120 97 70 58 73 89 107 129 130 141 142 146 146 142 137 137 137 128 117 111 104
125 147 167 180 178 188 188 192 192 192 192 190 188 184 187 182 180 180 180 180 179 177 170 163 158 148 129 97 107 121 129 132 135 120 109 56 60 82 115 113 87 112 152 169 174 178 180 177 176 177 170 161 147 132 126 121 115 121 123 145 153 155 152 151 149 146 136 134 134 123 92 49 47 71 106 111 122 133 139 142 148 151 150 145 143 142 138 133 123 116
140 153 165 182 173 186 188 198 199 195 193 192 187 189 186 184 185 179 175 172 171 173 172 163 156 147 135 107 109 116 124 126 127 124 110 92 56 71 106 111 101 137 160 176 179 177 178 179 178 181 174 159 143 136 140 143 138 129 122 150 155 149 151 151 151 149 138 142 145 134 98 41 25 56 125 150 141 140 146 145 147 150 151 149 148 146 145 145 141 136
146 153 171 182 187 189 193 199 206 196 195 197 189 191 182 187 184 176 174 175 172 172 170 160 154 148 142 121 114 115 122 124 123 110 111 95 89 113 114 128 130 150 159 179 183 185 185 185 182 182 173 156 146 148 154 156 155 144 132 142 165 152 147 152 151 151 143 150 147 128 96 41 31 33 102 160 157 150 157 152 149 150 150 151 152 152 151 151 151 147
137 150 169 171 187 188 194 196 201 192 194 196 187 189 177 181 185 176 176 179 175 172 168 161 156 150 146 133 122 120 123 123 121 116 111 101 103 115 131 128 133 159 175 186 181 185 182 178 177 174 164 151 149 156 159 158 152 150 134 116 148 161 151 160 150 150 148 156 141 117 96 56 33 25 69 125 149 157 152 154 151 149 147 149 151 152 152 154 151 149
130 152 167 166 178 190 195 200 195 191 192 187 181 186 179 179 182 174 173 175 172 169 166 162 159 152 147 140 132 129 127 122 121 113 109 112 110 118 135 141 158 170 173 172 172 175 169 168 166 162 156 149 150 158 159 158 155 149 140 100 99 152 154 148 148 148 150 153 129 105 91 60 85 109 85 105 137 141 149 144 149 147 145 144 145 146 151 156 158 158
124 145 161 171 177 188 189 196 196 192 192 183 182 185 185 180 171 170 171 171 171 168 162 156 158 153 146 144 139 136 130 125 120 115 113 119 122 141 152 165 171 170 168 166 168 163 163 164 160 156 155 151 152 157 156 158 158 143 136 76 48 121 151 145 146 146 152 151 128 111 94 57 111 140 121 104 124 144 137 141 143 144 143 142 141 142 148 154 161 163
129 136 154 169 177 180 183 194 192 187 190 184 186 181 181 174 169 171 168 164 165 168 164 157 154 152 147 146 141 138 133 129 120 115 117 129 135 150 158 166 170 169 171 167 167 160 167 158 158 155 156 153 153 156 154 157 153 144 135 58 36 96 136 147 147 147 153 148 127 114 88 39 109 154 151 144 133 135 146 144 133 136 137 137 137 138 142 147 153 155
122 134 158 169 169 182 184 187 186 185 183 180 179 177 174 169 169 169 164 162 165 166 160 157 153 148 147 146 141 137 134 131 120 119 122 133 148 159 165 168 174 169 164 161 163 165 163 159 160 159 157 157 156 155 152 149 149 141 135 55 40 84 122 149 145 150 148 149 128 118 77 34 79 135 143 120 87 139 153 163 148 125 126 132 132 127 131 139 144 150
96 119 140 160 167 176 181 179 182 182 181 180 178 177 174 170 168 168 166 162 159 158 157 155 153 149 147 146 142 139 136 132 126 125 128 139 154 163 167 168 170 169 167 166 165 164 161 159 161 161 158 156 156 155 155 155 146 137 128 84 45 92 129 155 146 157 155 149 132 112 75 39 133 164 167 124 131 129 163 179 177 128 125 125 127 120 127 135 138 143
102 122 133 150 161 172 179 179 177 178 179 177 175 174 173 170 168 166 166 162 154 153 155 153 151 148 147 145 142 141 137 131 122 122 127 141 157 167 169 169 168 167 168 170 170 167 164 162 158 161 158 157 165 170 164 157 145 136 123 107 55 85 126 151 152 159 163 154 131 105 70 34 120 163 172 180 157 115 157 175 208 146 122 114 115 119 120 131 139 143
97 115 131 143 156 169 167 170 174 175 176 174 171 170 169 168 167 165 163 159 155 154 154 152 149 148 146 143 142 141 136 128 121 123 131 149 167 178 181 183 179 175 173 175 178 175 170 167 161 164 163 171 194 202 180 154 140 133 118 107 69 75 126 152 154 147 159 157 128 109 69 34 81 128 165 139 108 125 128 171 213 178 134 117 104 116 108 129 134 139
96 114 126 135 145 156 160 169 170 171 172 171 168 167 167 167 166 165 161 158 157 155 153 152 148 148 145 142 140 139 132 123 120 122 131 149 166 176 180 184 184 178 174 175 177 173 168 164 161 159 157 169 194 200 177 152 140 131 111 98 78 73 121 146 138 130 141 148 120 108 62 59 142 170 185 173 151 165 138 169 195 186 139 117 101 109 101 120 133 139
95 120 127 141 145 146 157 163 166 167 168 168 167 166 167 166 164 164 160 157 157 155 151 152 149 148 145 141 138 135 127 120 118 118 124 138 151 157 160 164 168 166 165 166 166 163 159 157 154 155 157 160 159 152 146 144 133 123 107 101 87 73 97 118 118 133 145 147 116 104 69 108 165 172 182 177 176 146 132 147 172 173 146 122 104 92 93 110 131 137
88 110 120 140 144 144 154 158 162 162 164 166 166 166 165 164 163 162 159 157 156 155 153 152 149 148 144 138 135 130 123 118 120 117 120 131 142 146 147 149 151 153 155 155 155 153 152 151 148 144 146 151 149 143 138 135 131 115 101 94 88 68 78 114 134 148 148 139 109 101 70 86 155 179 173 175 163 135 134 166 181 168 139 114 100 89 91 110 128 135
91 103 116 135 143 149 153 158 159 160 162 164 165 164 163 161 164 158 156 157 156 157 156 151 149 148 142 136 132 126 120 117 117 113 115 126 136 139 140 142 144 145 146 146 145 145 143 141 148 143 142 140 137 138 138 131 127 111 108 96 102 67 68 117 140 150 152 133 96 98 77 54 129 162 179 187 159 133 140 147 168 155 128 113 102 98 87 110 124 132
83 100 119 135 146 151 155 158 158 160 162 162 162 160 160 162 161 159 159 156 157 160 155 148 147 147 143 133 131 122 119 118 118 114 112 120 133 138 138 139 138 136 136 138 140 138 136 137 139 139 137 137 132 133 141 135 124 114 112 114 105 62 67 113 149 157 155 127 103 100 76 55 104 126 129 128 104 122 129 147 167 140 132 111 100 100 93 114 114 123
81 98 117 132 144 150 153 155 153 156 159 160 159 157 156 157 156 155 157 157 158 160 154 149 144 142 136 125 123 116 115 115 116 111 111 121 132 134 133 135 133 133 134 135 136 133 130 130 131 132 130 127 121 122 136 145 135 111 114 107 74 60 70 96 132 154 147 119 106 96 75 86 137 171 187 179 142 149 136 141 159 141 131 115 104 96 88 103 114 123
81 98 117 131 144 152 154 154 154 157 159 160 159 157 157 159 157 156 157 157 156 156 150 146 144 141 134 123 121 117 117 116 111 111 108 111 121 132 134 133 131 132 134 135 135 131 128 128 125 125 125 122 122 122 127 139 133 120 113 82 53 58 71 96 117 130 126 112 106 95 86 115 154 164 169 164 155 143 143 136 160 146 126 108 99 90 88 103 124 134
79 98 118 131 143 151 154 154 153 155 157 157 156 154 155 158 159 156 156 154 153 151 146 145 141 137 131 121 120 117 116 114 113 109 107 112 121 128 131 133 130 132 133 133 133 130 128 128 127 121 118 113 117 121 122 132 134 130 96 60 63 67 75 96 111 129 125 114 112 93 83 130 154 164 166 174 130 106 129 145 162 149 127 108 101 94 93 108 120 129
73 95 117 130 139 147 151 152 152 153 154 154 152 149 149 152 153 152 152 151 151 151 147 147 139 133 126 118 118 114 113 110 111 111 109 109 113 122 129 132 135 136 135 134 133 132 131 131 128 121 118 112 115 124 128 136 137 129 78 69 73 67 76 89 110 127 126 117 112 94 76 104 169 175 181 171 103 98 129 146 158 142 123 105 101 97 93 109 122 131
70 93 116 129 138 145 149 152 152 153 153 153 151 146 144 146 147 149 150 149 150 150 145 145 140 129 121 113 114 112 113 112 107 105 112 121 121 119 125 135 140 141 140 137 136 135 134 134 127 121 116 117 128 138 137 137 136 129 80 94 87 74 78 91 113 122 126 119 110 100 79 82 110 130 115 112 101 105 134 137 154 135 115 99 97 96 95 111 123 132
68 91 115 130 138 144 148 152 150 149 149 148 146 142 140 142 145 148 149 147 148 148 141 140 135 121 112 107 110 109 113 114 114 120 123 120 119 129 137 137 140 143 144 141 138 136 135 135 133 125 111 116 134 140 137 134 140 129 82 72 82 80 82 96 105 124 125 114 108 94 80 108 133 152 169 108 58 115 139 147 143 129 114 109 107 101 102 111 118 127
66 89 113 129 138 143 147 150 150 148 145 144 143 141 141 144 142 146 147 144 146 147 141 140 130 115 107 105 110 110 115 117 125 132 129 114 114 132 138 127 140 146 150 148 143 140 139 139 138 134 117 121 136 134 130 133 136 131 107 62 85 86 89 94 108 116 120 118 110 98 103 151 157 161 172 99 73 117 138 139 131 124 110 114 112 101 106 110 118 127
65 86 111 127 135 139 143 148 148 145 142 141 142 142 142 142 140 142 144 144 143 143 143 142 132 111 95 97 113 115 121 130 134 141 117 107 103 84 124 131 135 148 156 152 147 135 137 144 145 140 121 116 122 128 127 125 131 131 110 61 87 89 88 96 110 119 123 119 112 95 79 120 131 137 101 63 92 119 129 129 129 128 121 117 116 107 104 112 116 130
62 85 108 122 131 137 141 144 143 142 141 141 140 139 139 140 140 142 143 142 142 143 142 140 135 103 87 93 110 118 133 143 146 136 126 92 31 82 163 141 130 150 158 158 150 142 138 146 151 146 135 118 114 112 120 118 126 134 85 69 83 93 101 102 108 118 128 118 114 101 85 98 109 102 54 60 99 125 131 125 130 131 125 118 115 111 110 115 120 133
58 81 104 115 125 134 138 139 138 139 140 139 138 136 136 137 138 140 140 139 140 142 140 135 125 94 80 90 113 125 138 146 148 145 104 34 37 124 165 123 114 145 159 160 152 152 145 150 155 150 148 127 114 99 110 110 121 106 57 78 88 98 105 105 105 117 131 120 114 95 109 149 139 136 82 67 105 120 123 136 134 132 127 121 115 112 116 121 133 144
54 75 96 109 121 130 135 135 135 137 138 137 135 134 134 135 136 138 137 137 139 141 137 130 123 95 71 76 109 128 144 157 154 139 67 45 122 134 161 123 96 137 161 159 157 161 156 155 155 155 159 148 131 102 97 92 89 60 57 81 87 98 104 111 108 114 129 122 104 95 116 141 130 84 51 88 103 120 133 134 138 130 126 124 117 114 122 132 142 150
51 66 85 103 118 126 130 133 134 135 136 135 134 133 133 133 135 137 137 138 140 141 136 128 116 88 66 77 114 134 148 161 159 125 36 47 152 151 152 122 90 128 163 159 164 161 161 158 155 159 159 157 145 123 105 93 74 58 75 83 90 105 109 110 112 119 123 126 117 101 84 87 62 21 58 87 116 129 132 135 135 127 125 125 121 122 133 143 151 155
47 57 74 95 112 120 124 130 131 132 133 132 132 132 132 132 135 136 138 139 141 141 135 129 115 80 61 76 114 137 154 164 159 106 37 29 70 146 149 120 91 119 161 160 166 155 158 158 154 160 156 156 152 146 128 111 94 91 87 96 103 108 112 110 109 113 123 128 111 98 74 68 45 34 75 109 124 134 131 133 130 128 127 127 128 135 144 148 151 152
43 50 64 85 104 115 120 125 125 127 130 131 131 131 131 131 133 135 137 139 140 138 133 129 118 84 61 71 111 139 155 159 159 84 28 40 39 121 140 113 89 114 157 160 162 155 158 159 157 159 159 158 158 151 140 121 110 108 100 109 111 106 112 116 109 109 121 127 117 80 36 38 28 51 102 120 130 132 128 131 132 133 133 133 136 143 146 146 145 144
40 46 58 78 99 111 117 121 120 124 128 130 130 130 130 129 131 132 134 137 137 134 131 128 120 97 68 67 111 144 153 151 148 69 28 32 35 107 134 114 86 114 156 161 159 163 165 163 165 156 158 154 155 145 148 137 125 112 118 113 117 118 116 110 109 105 115 108 108 80 38 29 62 112 123 127 129 137 138 138 138 138 137 139 143 143 141 141 141 138
41 46 57 73 93 107 111 117 119 122 124 126 128 128 128 128 131 130 131 134 136 134 131 129 120 102 69 66 107 140 145 145 137 70 37 62 44 111 122 114 93 116 153 158 161 158 159 164 158 156 157 157 151 147 145 138 130 123 124 125 125 123 115 112 106 102 96 91 80 61 54 65 96 112 119 127 136 139 143 144 142 140 138 140 142 142 140 138 139 138
40 45 56 66 82 98 106 112 118 122 123 122 123 126 128 129 131 130 131 133 134 132 130 129 125 105 77 65 105 135 144 142 140 65 55 105 73 106 124 116 90 114 152 158 160 158 159 160 161 158 155 153 149 146 144 142 136 128 127 127 128 126 117 114 105 106 100 89 76 67 75 91 109 121 127 134 140 141 141 138 134 134 135 137 139 138 136 135 138 137
34 39 48 55 67 85 97 103 111 115 119 121 122 124 126 128 129 129 131 132 131 129 128 128 126 107 89 65 98 129 142 142 137 75 68 107 87 108 124 118 87 115 152 158 159 159 158 155 157 156 154 152 150 145 141 140 135 127 125 125 128 128 122 118 114 115 114 110 106 107 110 112 121 126 130 135 138 137 135 128 126 128 131 133 134 133 133 134 135 134
38 39 48 55 64 79 90 97 105 110 117 123 124 123 125 131 128 129 130 131 129 127 127 128 127 112 99 72 86 119 136 141 137 85 63 70 76 111 128 115 89 122 153 156 157 158 154 152 153 152 149 144 141 141 139 137 139 131 126 126 127 128 125 123 119 120 121 115 106 109 117 120 126 127 129 130 129 129 128 122 124 126 128 130 131 132 133 134 130 129
37 36 43 49 53 61 72 84 99 106 113 116 118 120 124 128 127 129 130 130 127 126 127 129 130 118 105 82 77 112 128 137 136 104 48 37 80 109 121 117 98 132 152 153 154 155 149 151 145 145 144 138 133 137 137 130 129 124 120 120 123 125 128 128 128 125 126 125 121 123 127 125 128 128 129 128 124 124 124 122 124 126 128 129 131 132 132 131 123 122
35 35 40 44 46 51 62 80 89 102 111 110 112 118 121 119 125 127 129 128 125 125 127 130 130 118 105 92 76 109 125 134 136 115 51 36 77 103 127 112 110 139 150 150 150 152 146 149 146 142 138 129 124 132 138 132 130 127 122 121 122 123 128 129 133 131 133 133 127 125 128 129 129 129 130 128 124 124 122 123 123 126 128 130 131 131 128 124 117 118
32 34 36 37 43 47 55 72 84 97 107 110 112 116 117 117 121 124 125 124 122 122 126 129 128 114 106 98 80 103 124 130 129 129 74 41 75 106 125 115 122 140 145 148 146 150 146 145 140 139 138 134 131 134 135 131 126 124 120 121 121 122 128 128 129 131 135 137 132 128 131 135 129 129 129 125 126 126 122 125 124 127 129 129 129 128 123 117 116 117
33 35 33 32 40 44 46 58 81 87 96 104 107 107 111 118 118 120 122 121 119 120 124 127 129 114 112 103 83 94 119 124 128 128 96 53 74 110 122 120 129 139 142 148 144 149 146 142 137 138 139 140 140 137 132 131 129 128 123 123 123 122 127 126 128 128 129 131 131 129 128 128 131 129 127 123 127 128 124 128 125 127 128 127 126 125 120 114 117 118
34 30 34 37 37 38 41 48 65 74 83 89 96 101 102 108 115 117 119 116 112 114 119 121 127 122 117 96 85 96 110 123 130 129 114 74 77 103 123 124 130 138 144 142 141 145 146 142 139 138 138 140 141 138 135 133 129 127 127 127 124 123 125 128 128 128 128 129 129 128 128 129 130 129 129 129 129 128 128 129 126 126 126 127 127 123 118 114 119 118
32 33 37 36 35 39 43 47 54 62 70 74 83 91 92 97 104 110 118 117 110 107 110 113 116 124 111 86 92 105 107 121 128 127 121 90 81 102 122 126 131 137 138 136 137 139 138 138 139 138 138 141 142 140 136 134 129 127 128 129 127 125 125 126 125 125 126 128 130 131 132 134 131 130 129 128 128 127 126 127 127 126 127 124 119 119 120 116 118 117
29 31 36 35 34 37 38 40 46 53 59 60 68 77 80 82 81 92 107 114 110 105 106 109 112 117 109 92 95 109 111 116 128 127 126 107 89 106 122 127 131 136 137 137 139 136 133 134 134 135 138 141 143 140 134 130 129 128 128 129 128 127 126 126 130 130 129 130 130 129 130 132 131 130 129 128 128 127 126 127 128 126 127 122 116 120 123 118 117 117
32 31 34 38 39 38 36 40 43 48 51 49 53 61 63 65 62 71 88 103 109 109 108 107 113 111 113 107 101 107 114 117 131 128 125 114 97 114 123 126 129 134 136 136 137 135 134 133 133 134 136 139 141 139 134 129 129 128 128 128 127 127 128 128 130 130 130 131 131 130 131 133 130 130 130 130 130 129 128 128 126 124 123 121 119 121 121 117 115 114
40 35 33 35 39 40 38 41 46 50 52 48 47 52 53 56 57 58 67 82 98 109 109 104 108 114 115 111 111 109 111 124 129 128 123 114 105 121 123 124 127 130 133 129 125 129 134 132 135 134 134 134 136 137 134 131 126 128 129 128 126 128 130 130 131 131 131 132 131 129 128 131 130 131 131 131 132 131 129 128 122 121 118 119 120 116 112 114 116 116
49 45 39 31 33 37 36 37 43 45 49 47 43 43 44 48 54 51 51 59 79 101 109 105 103 114 113 109 113 114 114 123 123 125 123 114 112 124 122 123 124 126 130 127 120 125 130 126 129 130 132 133 134 134 132 128 123 127 130 129 128 129 130 129 128 129 129 130 130 129 128 130 132 133 132 131 131 129 127 126 121 121 118 119 119 111 108 115 118 117
51 51 47 39 38 39 36 38 43 42 49 50 46 43 43 49 49 50 47 46 61 89 107 108 103 110 110 108 110 116 119 118 118 120 123 115 118 123 123 124 123 126 130 129 124 125 127 124 123 127 130 132 133 133 130 125 123 127 131 130 129 131 130 127 132 131 130 130 129 127 126 127 132 133 131 129 128 126 124 123 122 122 120 120 119 114 113 118 117 116
39 42 46 46 45 41 36 41 42 40 47 52 49 43 42 49 48 54 53 44 51 79 102 107 105 111 108 106 111 115 116 117 118 115 122 116 121 122 124 125 126 127 128 128 126 125 126 127 125 128 130 130 132 134 133 130 124 128 130 130 130 132 131 127 128 128 128 129 130 130 130 132 131 131 129 127 125 124 122 121 122 120 120 120 120 119 118 118 120 119
40 42 42 44 47 46 40 37 41 38 36 53 55 38 39 44 43 47 50 46 44 63 89 102 104 105 108 112 113 113 114 114 114 110 117 117 116 119 118 126 126 128 128 127 127 125 125 128 126 133 134 131 133 137 135 133 130 129 128 125 125 130 133 130 132 130 128 129 132 134 135 133 134 129 126 124 123 120 120 123 124 123 123 122 122 122 121 119 120 120
36 39 41 41 43 42 39 38 40 43 37 37 45 43 40 46 47 49 54 53 43 43 64 87 101 100 101 102 103 105 110 114 113 110 114 113 113 117 116 116 122 123 126 129 128 127 125 122 124 130 132 131 131 130 129 130 132 129 125 127 131 131 131 133 127 128 128 129 131 132 132 131 128 125 123 122 121 120 121 123 125 124 124 124 123 124 123 121 119 119
31 35 37 37 37 37 36 38 36 35 43 41 37 45 46 40 44 42 45 52 49 41 48 65 72 79 89 96 98 98 102 107 111 108 108 110 112 117 117 112 118 116 120 125 125 127 128 123 123 125 125 128 131 130 128 130 133 131 126 127 132 129 125 129 127 129 130 131 130 129 128 127 124 123 123 122 122 122 124 125 126 125 125 125 124 124 124 122 120 120
30 33 35 35 36 35 36 38 35 36 39 38 36 39 46 52 50 46 41 43 48 46 45 50 54 61 69 73 76 80 91 104 105 105 105 109 110 110 113 112 117 116 118 121 122 126 128 126 127 130 130 129 128 125 125 129 130 131 129 127 129 129 127 128 131 132 133 132 129 127 125 124 123 123 123 123 124 126 127 126 127 126 126 125 124 123 122 120 118 118
34 35 35 36 38 38 37 37 37 39 39 46 42 34 40 42 44 51 50 46 47 46 42 43 47 51 54 57 59 62 69 79 82 89 95 100 103 104 111 114 115 117 118 118 119 120 121 122 124 126 125 124 128 130 128 127 129 128 129 129 130 133 133 131 131 130 129 127 125 123 122 122 122 123 122 122 124 127 127 125 125 124 125 125 124 122 120 119 120 120
36 36 34 35 38 37 35 35 34 32 34 45 41 37 47 38 38 46 47 42 41 40 40 44 44 44 44 46 50 49 49 54 61 65 68 77 95 105 105 107 116 119 118 116 118 120 121 124 118 125 128 127 128 129 130 131 131 125 125 128 129 129 129 128 123 122 121 120 119 119 119 120 121 121 121 121 123 125 125 123 122 121 123 124 123 121 121 120 118 118
35 35 34 34 36 34 33 33 32 36 32 34 41 40 39 38 36 39 41 41 41 38 36 35 39 40 39 42 46 43 41 44 39 44 50 56 66 68 73 97 115 114 113 113 116 119 119 118 116 120 122 123 125 124 125 128 127 125 122 121 120 118 118 118 115 115 115 115 114 114 115 116 118 118 118 119 120 121 121 121 120 119 121 122 121 120 120 120 120 120
36 36 35 35 35 33 33 35 35 33 36 36 36 39 38 35 37 39 40 40 39 39 39 38 37 39 39 40 42 39 39 46 46 42 45 51 60 54 60 101 123 120 122 124 125 125 121 112 113 115 114 111 105 98 99 107 118 125 122 114 111 112 112 114 112 113 115 115 113 111 111 113 112 113 114 115 115 115 117 119 120 119 119 120 119 118 119 119 119 119
33 31 34 35 35 36 33 32 34 33 33 35 37 37 36 35 35 36 34 36 37 36 38 36 35 37 35 38 41 39 41 48 66 72 83 84 80 72 75 98 113 128 137 133 102 73 59 54 73 92 92 88 80 75 80 98 114 117 118 116 114 114 114 113 113 114 115 115 114 114 114 113 111 108 107 108 105 104 103 102 109 104 115 115 117 117 117 117 117 117
33 31 34 35 35 35 33 32 34 33 33 35 37 37 36 36 34 35 33 35 36 35 37 35 34 35 30 33 41 45 55 67 109 126 112 67 56 79 88 85 93 105 99 80 53 49 55 57 70 79 72 72 78 84 91 106 114 117 118 117 115 116 116 115 113 114 115 115 115 115 114 113 117 114 114 114 111 110 109 108 100 95 104 103 105 107 109 111 114 114
