217 220 216 221 214 217 216 219 215 220 216 222 229 215 210 198 144 107 147 206 216 202 214 220 226 219 219 223 218 221 221 225 221 230 224 224 224 222 222 225 222 225 228 226 226 229 229 231 227 228 225 230 230 228 227 233 228 232 226 226 234 230 225 234 234 231 230 233 235 234 234 235 235 235 235 235 235 235 234 234 235 236 236 235 235 237 239 238 238 238
216 218 214 219 218 219 221 218 210 201 200 182 132 88 81 70 47 54 75 91 76 64 131 205 224 223 217 220 221 221 219 225 223 221 221 224 226 225 227 229 230 225 227 226 223 227 228 225 228 231 227 227 226 231 231 230 231 226 230 233 228 229 233 229 232 231 231 233 234 234 234 234 235 235 235 235 235 235 234 234 235 236 236 235 235 237 239 238 238 238
215 221 222 218 215 204 187 162 134 102 79 64 55 47 49 46 38 34 32 37 33 33 92 152 195 226 228 224 225 228 228 231 231 227 229 226 227 207 192 187 185 192 196 192 189 189 194 205 208 216 219 221 221 229 229 229 231 230 231 231 229 230 231 228 231 231 232 233 234 234 234 234 235 235 235 235 235 235 235 235 235 235 236 236 236 238 239 238 238 238
214 200 189 162 139 105 76 55 38 47 57 55 62 53 39 39 38 38 43 39 35 41 50 55 85 131 148 159 173 185 191 194 205 213 229 218 193 153 143 135 108 128 149 155 154 155 163 180 186 188 186 185 186 195 205 220 225 233 232 228 232 231 228 233 231 232 234 234 234 235 235 234 236 236 235 235 235 235 236 236 235 235 236 236 236 238 239 238 238 238
149 118 95 57 51 50 40 35 32 39 47 37 38 38 34 37 31 36 35 34 37 39 32 33 31 42 38 53 68 73 78 81 95 114 157 157 116 91 118 110 67 78 113 138 142 159 178 184 189 191 189 188 185 182 174 183 193 207 226 236 234 231 229 227 231 233 234 234 233 234 235 235 235 235 235 235 235 235 235 236 236 236 237 237 237 238 239 239 239 239
70 45 43 36 41 42 30 33 45 45 50 42 40 37 34 36 27 39 30 32 36 38 38 34 39 42 37 42 39 36 40 44 41 44 65 73 69 81 116 111 75 90 132 164 175 187 195 190 175 178 179 180 185 190 178 178 183 184 193 208 220 228 233 234 232 233 233 233 232 232 234 235 235 235 234 234 234 234 234 235 236 236 238 238 238 238 239 239 239 239
38 37 42 43 40 43 42 49 52 48 45 40 43 36 30 28 38 38 31 42 38 38 42 41 36 37 36 37 35 41 41 37 47 51 57 68 97 117 115 117 111 129 163 187 196 196 185 175 167 168 170 166 166 181 180 179 183 182 172 169 176 184 203 231 233 233 233 234 233 232 233 235 235 235 235 235 235 235 235 234 237 237 239 239 238 238 239 239 239 239
42 44 41 52 49 48 45 45 55 44 38 31 29 29 35 32 35 36 35 40 40 47 40 39 37 35 38 43 39 43 42 45 38 40 48 65 104 114 70 60 70 66 80 98 116 144 161 160 157 164 181 181 172 184 185 184 183 185 182 181 179 167 164 179 234 233 233 235 234 232 233 235 236 236 236 236 236 236 235 235 237 238 240 240 238 237 239 240 238 238
41 56 62 53 44 43 42 40 40 32 28 29 31 31 30 29 29 30 32 35 43 48 35 39 42 48 58 65 77 72 75 75 74 70 61 59 73 98 107 88 88 88 100 94 98 91 102 121 148 175 200 195 184 190 191 192 187 189 189 193 193 189 176 152 199 235 232 234 238 233 234 235 235 238 237 234 235 235 235 238 235 239 239 238 239 238 237 238 238 238
65 66 63 58 56 52 40 28 30 28 31 34 32 30 31 32 34 31 34 44 36 36 49 63 86 111 136 143 145 134 138 142 139 143 142 139 137 123 114 127 129 154 157 155 161 158 158 149 144 161 168 164 174 175 179 182 184 192 197 199 198 194 181 157 180 233 235 231 236 234 233 236 233 234 235 235 236 239 238 235 238 238 239 239 238 239 240 238 239 239
60 51 48 57 58 47 38 38 33 28 31 35 33 31 32 30 32 33 28 41 51 58 82 121 145 154 156 151 153 149 153 155 154 149 156 159 153 154 147 125 115 131 122 137 159 158 157 155 151 146 146 146 155 145 156 155 159 171 184 193 193 187 172 150 195 239 237 230 235 238 236 236 236 234 237 237 233 233 236 236 240 237 238 239 237 240 242 238 240 240
51 49 45 41 39 37 38 40 38 31 30 32 31 32 34 32 31 37 49 57 62 73 89 127 151 156 153 151 155 153 154 156 156 156 151 156 160 158 158 153 154 174 168 143 160 156 164 163 167 159 156 153 155 146 149 144 147 147 153 163 166 162 154 145 216 235 235 236 233 233 235 235 232 236 238 234 233 239 242 237 239 237 238 239 238 239 241 239 240 240
53 51 45 40 38 37 33 30 32 30 31 32 29 30 36 39 41 47 54 53 56 76 90 112 145 154 152 152 151 148 150 158 163 161 161 162 163 168 170 167 144 168 147 139 131 140 140 158 174 173 168 162 165 165 159 162 163 156 153 154 154 152 150 149 183 187 197 218 226 232 237 238 239 238 235 233 236 236 237 239 237 238 238 239 240 239 239 240 240 240
59 49 40 38 36 30 28 32 28 29 29 31 32 32 33 36 34 41 36 40 54 83 107 119 137 150 150 153 151 149 147 154 160 161 168 164 172 180 151 120 136 172 173 168 169 154 141 126 122 159 179 173 171 175 165 173 167 166 168 166 165 166 164 163 155 157 157 166 171 185 203 222 237 241 239 237 236 234 234 239 237 239 239 239 241 240 239 242 240 240
39 43 42 38 35 35 34 34 30 31 28 28 33 32 28 32 34 30 34 53 68 91 104 101 135 156 159 158 152 151 149 155 164 172 170 178 174 134 125 163 175 169 150 158 167 162 164 171 157 121 133 173 185 178 179 178 176 173 173 168 166 167 163 163 164 168 166 165 161 161 157 164 178 207 234 241 241 241 239 236 239 238 238 239 240 241 241 242 241 241
44 47 50 49 44 36 30 28 27 34 31 27 30 27 28 39 47 49 52 60 75 83 81 106 147 165 157 147 139 143 144 150 155 166 172 167 123 124 178 169 167 165 156 152 145 154 149 159 177 178 138 117 169 187 184 180 182 173 169 167 168 169 164 167 165 167 168 169 166 169 164 167 162 150 164 206 235 241 239 238 241 236 237 239 239 241 243 240 242 242
65 60 54 49 44 38 34 33 32 30 29 32 34 39 46 48 51 42 47 49 51 78 108 144 168 157 138 118 117 127 138 159 158 165 166 160 140 171 180 182 185 175 170 153 151 148 150 152 157 169 184 152 113 164 188 187 189 183 176 176 168 172 166 167 169 172 171 169 169 171 170 168 167 166 160 149 164 212 241 241 236 238 244 243 243 239 241 241 241 241
58 44 44 49 40 30 28 28 25 30 30 33 40 45 42 36 27 37 53 64 83 99 139 162 163 137 104 90 104 122 140 171 173 173 176 173 178 173 167 185 182 180 183 169 160 151 157 166 173 173 169 177 155 126 178 188 186 190 184 177 173 167 168 166 170 172 173 172 170 167 168 172 166 169 168 159 151 151 182 230 243 237 238 237 241 241 242 241 241 241
41 52 56 48 35 27 28 36 36 47 48 40 34 30 31 36 47 60 64 81 101 132 163 165 155 108 85 91 111 139 155 161 168 169 166 177 170 149 152 177 182 178 182 179 178 169 164 163 176 171 175 173 180 148 131 183 186 187 185 176 175 166 171 166 168 171 173 172 168 166 166 170 171 167 160 161 164 149 144 167 212 248 245 236 244 239 243 239 241 241
60 67 54 32 29 34 39 45 46 42 35 30 31 35 42 55 67 83 85 106 132 158 166 169 132 92 87 98 109 143 166 159 172 174 166 167 149 114 123 176 183 184 187 188 187 181 175 173 177 174 179 170 175 182 135 147 185 181 182 176 174 172 172 167 167 171 172 168 168 171 169 166 166 168 168 162 162 161 150 142 158 206 250 241 239 242 238 242 241 241
63 51 41 40 42 45 44 40 48 36 33 34 39 48 59 71 74 80 104 133 156 163 168 148 108 92 86 86 102 136 161 171 176 172 179 152 120 86 110 168 179 189 197 199 193 187 183 181 178 181 183 187 187 188 179 114 157 178 179 178 171 169 169 165 168 171 171 170 172 175 173 168 168 164 167 162 157 163 162 152 141 151 211 243 242 241 241 242 241 241
53 49 47 51 52 48 44 44 49 38 41 49 58 67 68 70 81 104 129 158 169 178 177 131 102 95 87 81 96 128 156 178 180 180 174 152 94 67 120 170 187 191 190 195 192 191 188 185 184 187 189 186 191 191 203 143 114 172 180 182 173 167 170 169 169 168 169 173 175 173 171 172 169 163 166 166 162 162 159 156 151 144 154 203 245 243 242 241 243 243
60 66 62 56 54 51 44 41 50 43 50 57 61 63 62 72 91 138 153 167 174 179 159 127 109 97 90 78 81 118 161 188 186 196 152 131 85 80 130 171 191 191 187 198 197 195 190 187 187 186 193 190 187 191 205 182 101 158 185 185 180 174 173 174 169 166 167 173 176 172 169 171 168 168 170 166 162 158 155 156 155 149 140 151 212 245 238 244 239 239
65 65 69 65 53 50 50 42 48 47 57 60 54 49 61 95 116 126 153 168 175 174 163 138 117 99 85 70 78 126 172 194 187 196 155 93 76 132 164 154 198 189 179 195 198 197 190 188 196 185 196 190 193 185 189 209 111 141 184 180 179 177 167 167 171 169 168 172 176 175 171 168 170 168 168 166 163 158 153 154 160 154 155 143 171 227 250 239 241 241
74 65 71 59 51 52 51 45 57 52 61 48 47 72 110 134 136 146 159 166 170 175 178 151 121 97 73 62 72 127 179 203 188 180 136 81 108 177 189 165 191 190 173 187 193 191 188 186 191 188 196 186 187 193 179 204 125 109 184 178 168 165 165 165 175 173 174 174 168 169 175 173 174 171 168 165 165 161 154 153 152 150 157 147 134 174 231 242 245 255
59 65 70 58 52 43 43 54 56 48 40 53 72 102 113 109 116 139 160 174 184 184 184 170 138 110 67 56 62 120 194 207 197 151 106 71 81 101 130 164 173 191 171 187 198 192 186 192 195 187 191 190 190 184 172 185 148 100 174 174 165 164 168 170 173 169 167 172 172 167 168 171 170 165 166 165 160 159 156 151 152 157 155 156 151 136 143 168 189 198
63 63 62 57 55 58 65 58 51 43 57 85 92 101 96 92 126 143 158 172 189 190 192 186 149 107 60 46 51 114 188 201 189 123 102 67 68 47 39 98 166 187 162 184 192 189 188 186 187 184 189 194 191 177 171 179 180 89 159 165 158 155 161 169 175 170 163 166 170 159 150 149 162 165 170 169 164 162 162 159 157 158 157 154 151 149 145 132 128 133
65 70 65 64 71 66 64 53 47 60 74 66 65 70 95 118 134 146 161 175 192 198 203 198 175 124 64 47 54 111 180 202 172 90 98 80 97 74 36 66 158 183 159 182 185 185 187 183 185 185 186 189 183 176 165 185 181 83 146 146 146 153 163 174 171 175 170 162 157 142 125 127 149 162 167 166 166 162 161 163 163 164 165 164 156 151 150 145 136 137
55 59 61 70 71 56 57 49 51 58 60 58 70 85 116 126 128 154 180 192 202 203 206 204 191 151 69 49 57 95 167 193 161 84 95 64 53 42 43 55 134 174 160 177 181 177 178 184 184 184 185 188 182 176 146 181 157 79 131 127 142 163 175 180 176 177 172 158 149 130 113 129 157 170 170 169 171 168 167 167 162 168 165 163 165 160 153 148 141 137
43 56 73 75 63 60 74 63 51 50 57 66 79 95 88 105 144 174 195 198 207 206 205 209 193 165 85 50 51 82 146 184 160 83 100 58 37 38 43 58 131 159 160 172 174 174 177 178 183 182 180 181 171 162 143 192 134 69 106 126 161 178 183 184 183 173 169 151 138 112 97 145 175 177 172 172 172 171 172 165 169 167 165 168 166 163 160 151 146 137
43 64 71 63 68 70 69 56 36 56 63 55 66 78 77 129 165 186 200 200 210 209 208 210 195 170 105 57 42 66 122 175 153 69 107 74 47 52 54 92 143 149 161 168 169 176 182 174 174 177 174 173 164 146 150 184 105 66 105 149 184 189 194 191 178 166 168 154 144 102 74 145 186 186 178 178 178 175 176 169 167 170 167 168 172 168 162 158 147 135
63 65 67 63 64 62 63 56 58 51 44 51 52 53 111 155 170 186 209 214 215 209 204 198 194 180 122 81 50 51 108 158 164 75 117 92 60 88 107 123 137 142 161 160 167 173 177 176 176 177 166 163 159 135 152 154 79 85 138 177 189 190 203 192 181 162 166 168 178 128 67 127 186 193 183 182 185 178 176 176 175 171 169 175 180 177 174 170 157 143
56 48 49 55 63 64 71 69 59 47 53 55 62 93 122 139 158 189 211 212 211 211 202 192 186 177 134 92 68 54 80 139 174 91 124 124 70 81 107 117 139 161 162 166 173 177 174 171 171 169 176 163 142 142 166 102 76 118 166 184 194 190 191 186 179 172 158 180 178 143 68 95 169 194 183 183 183 182 181 183 180 177 180 180 186 182 176 169 167 155
48 56 78 74 72 71 62 62 52 53 57 53 60 85 111 135 173 207 214 215 216 204 196 189 183 174 142 100 84 78 85 117 159 99 103 147 112 63 83 115 148 164 161 170 182 182 177 180 179 175 165 157 146 145 131 92 84 130 176 188 194 192 191 185 180 179 172 181 173 134 59 58 143 175 176 177 174 174 177 179 180 182 186 184 185 188 184 176 179 169
56 73 82 68 63 64 70 72 53 57 56 55 68 85 108 146 183 211 214 212 215 207 196 185 179 175 158 114 89 82 77 97 147 127 95 137 139 111 112 140 167 170 169 184 189 186 183 183 177 172 169 163 149 132 148 180 180 157 168 184 189 188 188 178 187 187 188 183 157 110 60 58 134 157 156 163 169 169 170 175 173 177 182 184 182 189 185 179 184 176
69 74 68 61 67 70 72 61 57 53 52 62 77 88 112 153 184 191 207 214 216 213 197 183 183 174 158 127 107 92 79 90 135 146 94 109 148 147 140 145 171 180 184 188 180 185 189 177 169 170 167 150 136 150 187 192 181 171 150 144 177 190 182 193 185 182 189 186 147 97 81 106 133 155 153 148 155 159 162 166 168 170 177 184 186 192 184 183 183 176
61 52 61 59 68 76 66 57 60 54 59 78 96 105 127 162 168 171 197 214 215 213 199 187 185 179 160 134 111 90 83 97 122 154 133 90 131 165 165 175 181 188 184 180 166 167 175 173 163 158 124 121 146 187 190 179 186 181 158 123 133 176 186 186 184 181 184 182 136 88 85 125 137 154 157 143 142 154 160 153 163 167 176 182 189 194 186 188 184 179
53 48 61 67 73 70 60 48 60 60 79 101 110 118 125 123 156 182 204 211 212 214 205 183 171 173 161 143 124 102 89 89 107 143 159 131 96 117 162 187 204 175 154 144 123 141 167 159 133 106 115 155 184 188 183 189 187 177 161 112 89 142 179 185 182 186 188 171 126 94 107 154 170 153 159 158 147 147 156 148 151 159 175 175 185 192 190 190 185 182
45 56 65 68 68 62 66 59 56 83 103 120 125 106 110 146 181 203 207 196 199 211 206 187 176 173 165 146 130 118 100 89 114 131 149 134 114 112 102 119 136 150 139 125 115 115 114 109 120 149 187 185 192 184 189 182 180 170 151 88 56 122 172 184 183 187 192 158 119 99 129 179 196 150 157 175 165 146 148 150 139 142 170 170 184 191 195 190 184 182
47 55 66 55 56 61 59 60 86 107 125 112 87 107 156 179 190 184 190 190 199 207 194 188 177 168 166 144 127 128 115 107 121 135 177 160 178 178 175 162 153 131 102 94 87 100 135 165 185 200 195 187 189 182 190 183 178 166 142 77 48 116 165 181 191 186 194 155 126 103 136 181 188 135 138 169 185 169 155 148 128 123 159 166 184 188 195 187 183 182
53 53 57 50 53 56 56 82 100 109 99 70 98 158 172 176 182 175 178 190 186 188 188 179 169 173 169 159 145 137 132 123 125 165 239 195 192 191 184 185 178 155 127 123 151 181 194 197 196 192 193 196 188 192 198 181 176 162 153 91 55 123 168 182 193 190 198 154 127 86 122 193 204 157 133 174 196 188 156 153 133 114 143 160 179 193 191 192 188 187
47 46 54 55 59 64 72 99 102 77 68 93 126 144 152 160 174 175 171 176 182 194 197 191 178 171 163 157 146 135 131 130 139 199 212 188 202 189 179 165 169 175 181 188 195 196 195 197 198 197 195 194 195 206 207 190 170 157 153 115 79 122 165 181 184 184 198 161 127 114 168 218 220 205 159 173 195 199 175 157 141 103 110 144 177 191 190 191 185 184
46 48 54 53 58 71 81 87 77 68 77 118 149 157 162 162 160 167 167 174 182 195 197 191 185 175 167 165 157 145 138 139 145 210 207 197 202 183 171 180 184 193 199 199 198 196 197 202 200 202 199 194 204 219 211 193 176 161 149 128 95 112 152 168 174 172 187 166 122 110 164 202 208 213 158 165 188 188 171 152 146 104 94 138 172 183 185 187 180 180
48 41 44 59 68 76 81 75 73 82 99 122 142 151 156 164 159 166 177 192 191 192 190 182 180 175 169 164 159 151 142 140 148 203 202 205 198 187 189 193 203 207 206 203 206 210 207 200 202 200 195 186 197 213 204 188 170 162 148 128 96 94 127 145 154 157 176 170 130 108 140 184 198 203 158 168 187 188 170 153 137 108 87 130 163 177 185 185 183 182
43 44 55 69 66 62 68 67 78 89 104 122 137 144 150 155 157 167 181 200 200 198 192 185 176 173 166 156 153 150 142 143 153 179 185 194 190 185 188 193 200 202 199 194 196 202 201 195 191 187 187 182 187 197 188 174 163 164 153 129 97 83 111 142 149 160 178 167 131 104 117 168 198 177 145 167 184 185 165 156 142 116 83 118 156 176 186 180 182 181
45 47 51 55 56 62 73 73 84 99 111 131 140 141 149 143 152 169 178 195 207 210 198 189 178 174 168 157 154 149 141 147 146 176 186 176 167 169 172 183 188 185 181 179 180 183 185 185 183 178 178 176 175 181 179 171 167 162 151 132 105 80 103 142 164 165 181 166 128 100 115 172 203 167 137 166 185 183 160 154 141 115 84 113 155 174 183 180 182 180
42 43 49 57 62 66 72 82 91 100 110 126 130 126 137 146 156 172 177 190 207 214 199 185 178 175 169 158 154 147 136 143 141 158 145 161 166 164 171 168 177 173 172 174 175 176 177 176 171 171 171 172 170 171 171 163 161 150 141 134 109 73 95 133 171 169 180 161 123 98 125 175 201 188 146 163 183 181 158 141 136 112 91 111 151 164 171 175 179 176
38 45 49 46 54 67 73 82 93 104 114 114 120 123 124 145 153 164 169 183 198 210 201 185 179 177 170 155 150 144 132 138 151 150 148 170 165 170 169 169 167 169 172 173 173 175 175 171 165 167 164 165 163 162 164 157 154 146 138 133 102 61 97 140 172 183 190 157 118 103 136 165 192 198 143 159 181 169 152 140 131 108 92 107 151 166 173 180 183 180
42 49 50 53 64 74 79 84 91 104 111 114 119 122 127 140 145 161 172 180 193 195 186 182 177 166 156 145 134 131 131 129 138 153 162 169 147 137 119 104 106 109 121 127 139 164 180 179 169 161 162 159 155 162 163 162 163 145 138 120 81 67 92 143 164 181 187 154 119 118 143 172 197 191 135 153 170 162 148 141 134 114 89 105 145 163 169 176 180 183
43 48 56 62 67 77 86 89 89 98 103 107 113 118 126 138 150 165 177 186 194 192 181 173 170 164 156 143 128 114 109 113 122 131 142 126 100 97 110 123 136 123 99 96 92 77 94 139 170 162 164 150 150 158 163 169 161 148 132 107 83 84 100 133 160 168 170 141 108 102 130 170 192 138 127 168 167 154 141 135 131 113 92 109 142 157 169 174 175 177
41 48 59 66 68 76 86 91 93 95 98 103 109 117 128 138 153 161 169 176 180 180 175 171 168 159 146 132 119 100 87 93 104 118 125 106 130 146 146 137 157 112 99 80 93 116 102 78 101 143 154 154 150 151 153 167 165 150 134 105 79 90 108 130 148 160 165 142 109 98 118 149 136 94 137 163 144 148 143 138 137 117 100 116 140 155 170 172 172 173
43 53 60 64 70 73 79 89 91 90 95 103 111 122 136 145 154 157 166 172 174 174 172 169 166 162 151 129 106 85 73 83 92 126 144 136 141 138 144 136 166 145 132 138 98 107 119 132 115 85 114 148 157 150 157 158 165 159 144 106 77 92 112 128 150 163 165 140 111 115 145 165 151 102 140 154 139 140 140 146 135 114 110 128 149 165 172 170 169 169
51 58 62 65 71 74 79 87 93 92 98 107 113 123 136 143 155 157 165 171 171 171 171 169 164 158 143 110 83 70 68 81 95 155 153 151 155 146 151 152 160 149 133 148 113 105 112 127 141 131 89 105 143 155 153 164 174 165 148 118 90 89 99 126 149 158 163 143 110 116 152 164 139 121 147 150 144 143 147 144 142 117 121 133 149 168 170 170 172 170
55 56 62 66 68 75 83 86 90 93 102 112 119 129 139 144 146 152 162 170 171 170 169 167 162 153 131 89 61 57 61 77 121 157 139 148 152 157 163 166 164 154 151 131 112 111 129 126 134 156 144 98 100 140 171 161 170 166 161 131 93 94 107 124 149 151 160 149 105 92 117 120 109 131 141 136 145 144 148 146 137 120 131 143 155 170 170 174 170 166
50 54 60 64 66 75 84 86 92 99 108 116 124 132 138 141 144 151 159 165 167 169 169 170 165 152 122 77 56 54 53 68 130 154 145 153 154 142 118 139 163 172 161 155 141 136 147 140 141 157 153 138 105 114 156 162 171 166 161 130 92 94 108 123 147 151 161 156 112 89 101 90 101 136 140 133 148 150 149 148 140 133 138 148 158 165 168 172 169 164
45 55 60 61 67 74 81 88 89 98 108 116 127 135 139 141 141 150 159 164 167 165 162 162 156 146 114 62 41 43 54 86 147 138 146 155 125 78 61 141 185 171 170 169 163 160 158 160 155 160 156 152 126 96 120 155 153 163 142 102 93 110 114 132 147 155 162 154 119 105 112 89 106 123 135 143 149 153 150 140 137 138 138 153 163 162 167 166 167 160
52 53 54 66 72 78 85 92 95 105 116 122 127 135 142 144 148 153 155 157 163 162 164 156 154 139 91 59 43 43 60 95 161 136 161 139 73 48 72 161 181 169 168 170 171 171 168 170 165 166 167 157 150 115 79 107 107 97 90 87 103 105 114 126 138 146 158 159 134 86 57 84 109 129 142 158 158 155 152 147 145 143 146 158 166 163 158 160 160 154
48 54 56 66 70 78 85 91 100 109 118 125 133 139 141 142 144 151 155 158 163 161 164 157 146 125 80 48 40 44 67 103 116 172 149 86 60 125 134 163 179 169 170 173 175 176 175 176 174 174 172 170 171 151 88 86 80 72 79 89 100 103 117 122 141 142 155 164 141 77 46 78 115 140 154 159 153 152 148 145 147 151 157 165 170 165 158 157 154 150
46 60 57 60 70 77 83 96 108 116 122 126 132 135 138 143 141 148 151 154 159 156 159 152 142 115 77 46 43 50 86 113 113 174 139 80 121 170 176 155 178 170 170 174 177 181 180 179 180 183 177 178 174 175 116 100 123 109 104 105 108 111 126 130 138 148 159 160 142 74 49 84 130 149 157 153 148 150 147 151 155 159 160 159 162 163 160 159 158 157
52 63 62 66 72 80 88 100 113 117 118 123 133 136 135 140 142 148 152 155 160 156 155 144 133 103 74 49 42 55 114 118 98 178 124 56 86 112 154 161 175 168 167 172 177 181 180 177 180 181 174 180 177 182 135 92 135 134 121 120 129 131 135 135 138 144 154 159 142 63 53 106 148 154 155 152 152 157 152 161 157 161 161 161 165 167 162 158 156 157
57 56 61 72 68 76 88 90 104 113 119 125 132 132 133 140 140 147 153 157 161 154 151 138 123 89 63 48 40 67 145 121 86 187 111 59 57 43 78 144 172 164 162 168 175 179 180 176 182 186 182 182 173 173 157 94 133 152 142 140 148 149 149 145 146 142 146 144 115 54 78 134 153 155 157 156 156 159 151 158 153 158 161 164 168 167 161 158 158 158
63 64 62 70 73 78 85 93 105 111 115 121 128 130 130 133 137 145 149 150 154 148 148 138 118 78 53 48 44 84 166 121 93 187 100 56 58 35 44 113 169 162 159 167 173 177 181 178 177 182 180 176 171 171 175 91 137 168 163 157 153 155 161 155 148 139 142 140 102 69 116 155 154 159 160 158 153 154 150 153 154 159 161 161 163 162 160 162 166 158
57 67 59 63 73 78 80 92 101 107 112 115 119 123 128 132 137 143 144 146 151 146 143 132 102 65 46 49 54 102 169 118 95 181 89 32 32 39 44 102 170 163 160 167 171 172 179 179 181 182 178 173 173 173 181 94 131 170 171 171 162 159 160 147 143 148 144 136 104 101 147 157 159 159 155 158 153 154 155 156 156 162 164 163 164 163 162 163 167 149
50 57 60 68 71 80 84 84 91 96 104 111 118 125 129 130 131 136 140 145 152 144 133 114 85 53 44 54 67 117 168 120 91 167 90 37 61 65 60 110 172 166 162 168 168 167 174 177 177 176 175 172 169 167 177 100 132 170 165 168 165 163 160 147 141 147 140 145 124 114 142 149 156 147 140 153 154 154 156 155 158 163 163 160 162 164 162 161 157 131
53 56 64 68 76 84 84 90 93 92 106 114 113 121 130 131 124 130 137 141 140 141 130 104 80 49 43 52 74 127 161 131 70 168 89 48 81 105 106 128 174 167 159 162 171 172 170 173 177 179 170 168 166 163 174 104 130 169 171 163 159 159 159 154 151 143 141 145 132 124 141 154 153 150 143 140 153 161 158 164 161 155 160 164 158 160 164 159 145 143
49 59 66 70 73 75 80 85 85 93 103 106 109 113 119 129 137 132 132 138 138 133 121 101 76 53 47 54 76 120 158 151 77 163 96 68 134 155 142 138 171 163 161 165 166 165 168 171 167 167 173 172 165 162 170 115 145 170 165 163 161 157 156 157 154 148 142 141 137 137 151 162 167 165 159 153 158 157 152 158 158 157 158 158 159 167 164 149 137 134
40 52 54 61 69 74 79 74 77 83 87 92 105 111 111 119 124 122 128 139 136 122 105 85 71 61 56 64 89 122 153 157 74 152 107 65 136 154 125 149 164 156 160 166 162 162 169 171 173 168 166 169 163 183 156 118 152 170 166 166 160 152 155 164 160 157 147 141 142 150 164 173 170 170 167 161 158 153 148 155 154 156 157 157 163 168 157 137 134 132
53 50 50 63 70 70 78 85 82 81 83 84 89 97 103 110 115 114 118 128 132 126 107 81 68 70 69 70 92 121 150 159 76 132 130 68 80 106 106 148 165 155 158 166 162 161 164 163 165 171 166 164 165 185 134 120 150 170 170 168 161 155 157 164 155 160 161 158 158 161 165 167 163 166 164 159 156 152 150 155 154 157 161 166 168 159 145 135 136 133
54 59 67 66 63 64 68 76 81 80 84 84 82 86 90 94 105 108 112 120 127 129 117 96 62 73 83 87 101 123 154 166 93 109 150 91 55 76 111 139 161 154 157 164 164 161 161 160 160 168 165 163 175 164 131 132 155 169 166 165 161 159 157 158 162 162 164 161 157 160 165 166 160 164 162 158 156 155 155 155 158 163 169 173 166 147 137 140 140 136
62 57 64 68 74 79 73 72 78 82 82 80 83 83 83 91 93 101 108 114 117 121 122 115 68 67 81 99 115 132 161 171 130 83 150 120 73 70 103 133 149 150 156 163 164 161 161 163 165 167 157 175 180 151 136 137 162 169 166 164 158 156 155 158 163 160 162 161 158 160 160 161 158 162 161 160 159 159 161 158 161 169 172 166 154 139 136 143 136 131
60 64 68 65 64 70 74 72 64 76 82 81 85 82 79 90 86 93 100 109 115 121 121 114 76 61 76 108 129 140 158 160 163 83 126 147 98 79 104 131 145 150 159 164 162 159 159 162 157 167 164 180 163 147 137 141 163 170 168 166 157 155 156 162 161 161 164 162 161 161 157 158 159 159 158 162 162 161 165 165 166 170 167 155 145 141 141 142 137 132
46 54 60 67 64 60 68 69 47 54 59 66 79 83 80 86 84 91 93 94 99 111 121 119 91 71 83 113 132 140 158 160 160 119 93 149 122 96 117 136 141 147 158 164 162 160 162 163 158 169 179 161 141 151 149 157 164 169 167 166 162 164 161 159 163 166 166 160 161 161 157 162 163 160 158 164 163 159 167 171 171 171 162 149 145 148 147 142 140 135
37 38 34 43 49 48 55 54 51 51 47 51 55 60 75 86 80 90 89 90 92 101 111 129 115 87 86 109 127 143 153 156 161 162 95 110 150 122 127 140 151 151 155 159 162 169 166 166 173 175 143 141 161 161 162 163 167 166 166 165 165 167 163 163 164 163 164 164 164 164 164 163 163 166 165 163 166 169 169 168 172 163 151 147 149 151 150 148 142 137
38 43 45 38 38 44 42 39 50 52 51 53 54 55 59 57 59 72 79 82 80 84 95 113 120 113 112 121 136 145 151 160 159 171 149 92 112 148 144 137 151 152 167 168 163 160 174 181 160 116 143 171 164 161 158 166 171 169 168 165 165 167 165 166 166 167 168 169 168 167 165 164 170 167 166 169 171 169 172 180 169 154 147 150 150 151 149 142 142 138
43 42 40 33 32 35 37 40 41 46 46 45 47 53 56 50 59 58 66 88 95 93 89 94 103 118 131 126 125 141 154 156 162 159 168 148 124 122 156 152 167 161 166 160 167 162 154 121 127 176 178 170 165 159 171 168 171 170 171 169 169 169 165 164 166 166 166 166 166 166 168 168 163 165 167 171 177 178 172 168 158 150 156 161 153 154 156 147 146 144
44 43 36 41 43 38 44 44 40 47 46 41 43 48 50 48 56 50 49 61 72 88 96 102 104 112 128 137 141 148 152 152 166 163 159 157 153 147 149 117 124 129 126 129 147 127 133 159 180 173 169 166 164 168 172 171 171 170 172 170 170 169 165 163 171 169 168 166 165 166 168 170 172 176 176 174 174 173 168 162 155 157 162 158 149 152 155 148 146 144
38 42 36 37 39 37 41 37 33 42 43 42 48 50 48 51 50 50 55 61 53 55 71 90 107 114 121 131 146 150 149 159 158 165 161 152 154 156 119 99 130 146 148 150 163 170 169 168 174 169 167 168 169 167 167 173 172 170 170 167 167 168 166 166 166 166 168 170 170 172 175 176 179 176 176 181 180 169 158 156 161 165 163 157 157 158 153 147 147 141
38 36 37 35 34 34 34 39 37 40 39 38 45 48 46 54 48 50 51 56 55 62 63 62 77 96 117 128 141 151 154 157 156 160 161 158 146 141 128 164 175 171 169 172 168 165 159 163 166 171 166 165 169 165 167 175 171 170 171 168 168 170 168 169 170 170 172 173 173 175 177 177 179 179 177 171 163 156 156 162 161 164 160 156 158 154 147 147 154 141
34 31 34 37 37 34 31 35 41 38 38 37 37 41 44 50 52 50 50 60 65 72 77 85 91 90 105 119 128 143 156 161 157 159 160 152 142 132 127 190 188 162 167 169 162 163 164 165 162 165 163 167 164 166 174 165 169 169 172 171 171 173 171 171 174 174 176 177 178 179 180 180 179 179 170 159 154 156 159 161 158 158 156 155 154 153 151 151 141 120
37 44 37 35 37 40 44 34 38 36 45 44 36 36 37 38 43 47 51 62 69 80 92 106 119 127 135 135 141 149 152 155 158 159 156 149 133 125 144 172 171 161 171 159 166 165 162 167 168 167 168 172 173 169 168 173 171 170 171 170 171 174 173 175 174 175 178 180 179 177 173 170 162 159 158 161 164 161 161 165 162 158 159 159 153 148 134 114 90 64
35 32 38 35 35 36 42 45 43 41 37 43 46 46 48 41 38 43 49 47 58 78 92 103 123 134 139 140 151 157 154 157 162 165 155 145 122 106 149 171 159 166 167 164 167 169 167 168 169 169 171 172 173 164 165 168 171 165 167 169 174 172 171 170 168 175 174 169 169 173 177 181 189 163 118 120 116 111 113 115 113 108 113 109 96 80 60 51 50 68
34 31 37 35 33 26 30 37 43 40 40 40 40 43 46 47 50 45 43 42 48 60 71 86 103 117 131 134 136 144 151 159 162 161 153 135 99 117 161 171 169 161 158 158 157 163 171 168 166 172 171 166 170 172 172 169 171 171 171 171 175 166 164 172 163 164 172 182 189 202 218 227 235 194 70 54 60 74 67 61 50 39 33 34 38 46 74 111 157 173
37 29 32 34 40 35 31 31 33 37 47 44 38 38 36 43 46 49 55 56 51 46 48 61 68 71 88 101 107 116 125 129 130 145 132 96 90 141 165 158 160 165 163 166 169 167 168 165 169 169 170 171 172 171 170 175 167 168 168 164 166 161 162 165 191 202 222 236 236 234 235 234 242 235 114 75 66 83 77 73 71 78 74 84 121 159 188 205 205 204
46 40 42 37 36 36 38 37 38 36 39 40 43 47 45 47 45 43 41 44 53 56 54 52 60 48 53 66 72 76 78 78 80 84 76 61 91 117 123 127 128 149 153 161 170 166 165 168 170 168 166 165 165 170 162 153 152 143 137 124 123 149 193 211 230 236 237 234 236 237 234 233 233 250 208 175 159 158 156 154 155 169 170 179 199 209 213 211 206 187
36 32 40 40 39 42 47 45 45 44 38 40 46 47 50 48 45 47 45 43 47 51 50 47 53 44 45 48 49 52 57 62 68 50 51 61 69 59 63 70 75 83 88 100 110 118 135 147 156 164 164 158 146 154 152 137 123 107 104 104 107 138 199 230 230 237 237 234 235 235 234 236 236 237 241 232 225 213 211 210 207 211 211 219 222 215 213 211 196 183
36 30 39 41 41 38 41 42 42 50 48 49 47 40 43 43 45 49 46 43 43 44 48 50 48 50 53 49 47 52 55 56 61 52 53 67 56 60 69 67 67 60 56 62 73 87 112 137 155 162 143 120 94 111 135 136 121 112 117 130 131 134 187 236 239 233 232 235 234 235 236 234 235 233 236 237 233 227 224 216 208 212 211 206 198 194 194 189 181 188
50 39 34 31 38 37 37 39 44 47 45 45 48 47 47 49 45 49 44 43 44 44 48 48 50 52 58 57 56 60 58 55 62 62 57 68 71 79 90 106 115 110 112 101 86 81 85 101 116 129 99 83 81 116 143 131 123 119 122 138 146 143 184 232 236 232 234 236 234 234 237 238 234 239 236 234 235 237 232 219 202 192 188 185 182 182 183 185 192 202
40 44 42 33 37 35 34 42 41 41 43 40 44 48 45 52 51 56 50 47 49 51 52 47 54 51 57 59 56 57 57 58 55 58 60 66 87 88 106 143 156 146 154 123 73 63 69 71 75 92 76 100 125 155 167 149 133 139 141 151 160 163 199 234 233 236 234 232 235 236 234 234 236 233 236 233 237 235 235 236 225 203 194 193 196 198 196 203 220 217
33 36 35 36 43 41 47 45 42 47 47 43 41 41 42 45 44 45 52 46 45 45 49 51 53 49 51 51 52 54 52 56 53 55 55 59 68 84 109 152 144 118 132 137 104 87 73 65 66 69 68 102 158 168 158 153 149 156 159 164 159 178 216 238 234 233 234 235 235 235 236 235 235 235 235 235 235 236 235 234 239 234 225 221 220 222 217 222 222 224
39 41 38 38 44 43 51 50 40 45 45 42 42 42 43 47 37 38 45 40 39 39 44 45 54 49 52 51 52 53 51 56 54 58 63 71 80 92 112 152 146 119 141 160 129 100 75 67 65 58 59 92 139 156 157 147 141 148 152 168 184 214 234 230 234 233 234 235 235 235 236 235 235 235 235 235 235 236 235 234 233 237 239 241 236 223 200 192 221 223
