129 133 128 131 129 132 128 134 128 128 132 129 126 129 130 130 129 129 127 130 129 128 129 127 127 127 129 129 126 132 129 129 132 127 128 129 124 133 127 122 124 128 124 126 128 126 129 127 127 127 126 126 127 127 126 126 125 125 126 127 127 127 127 126 125 124 124 124 124 124 124 124 122 124 125 125 125 124 122 122 123 124 125 123 122 122 122 122 123 123
129 128 129 133 128 129 128 127 132 126 127 129 130 131 128 127 130 131 127 125 125 128 132 129 128 125 124 132 129 127 126 125 126 128 127 128 135 124 123 129 129 132 129 128 130 130 128 123 125 127 127 127 128 128 128 130 126 126 126 126 126 126 126 126 125 124 124 125 125 124 123 123 124 126 126 125 125 124 122 122 124 125 124 123 122 122 123 124 123 123
129 126 129 127 127 125 128 127 127 126 130 130 129 130 130 131 129 132 133 133 131 129 132 129 130 132 125 130 128 130 132 127 135 138 139 127 137 128 133 127 126 125 127 129 129 128 126 127 126 128 130 130 130 128 127 127 127 127 127 126 126 126 125 125 125 125 125 125 125 124 123 123 125 126 125 124 124 124 123 123 124 124 124 123 122 123 124 123 122 122
109 118 125 117 116 107 114 123 123 122 123 118 119 125 123 117 109 108 107 109 107 106 117 126 133 135 131 134 131 126 123 130 160 170 148 110 110 150 149 143 138 130 130 127 127 129 127 132 127 126 127 128 128 128 126 125 127 127 127 127 126 125 125 124 124 125 125 125 125 124 123 123 123 124 124 123 124 124 123 123 122 122 123 123 124 124 123 121 121 121
114 100 81 63 68 65 67 67 63 63 63 57 53 55 51 45 40 41 42 46 44 41 49 55 66 79 88 91 100 114 124 153 181 177 175 110 62 111 144 159 159 159 159 143 130 128 125 125 131 129 128 128 127 127 128 127 126 127 127 127 127 126 125 124 124 125 125 125 125 124 124 123 122 124 124 123 124 124 123 123 122 122 123 123 124 124 123 121 121 121
53 48 46 43 43 42 44 41 37 37 44 44 40 38 37 39 38 40 39 38 37 37 38 36 39 33 32 31 36 51 75 131 186 186 192 129 69 107 128 130 137 144 164 179 173 154 136 129 128 127 129 130 128 128 128 127 126 127 127 127 127 126 125 125 124 125 126 125 125 124 124 124 124 125 125 124 124 124 123 123 124 123 123 122 123 124 124 123 122 122
50 46 43 43 39 41 39 34 41 36 40 43 42 40 36 36 35 38 37 36 36 37 39 35 36 39 43 41 36 34 34 58 152 167 177 156 85 135 178 178 181 180 176 173 176 178 168 146 135 130 128 128 126 128 129 127 128 127 127 126 126 126 126 126 125 126 127 125 124 124 124 124 125 126 125 124 124 124 124 124 124 124 123 122 122 123 123 123 122 122
54 55 44 40 34 37 34 39 38 37 41 40 38 39 38 39 36 38 38 39 37 36 39 40 38 39 38 40 39 40 37 41 74 84 134 172 132 113 173 196 189 180 167 165 168 177 191 190 168 153 138 129 126 129 130 127 129 128 127 126 125 125 126 127 126 127 127 125 124 124 124 124 125 126 125 124 124 124 125 125 122 123 123 123 123 123 122 121 122 122
64 55 45 39 36 36 37 39 40 35 41 41 39 39 36 39 40 39 37 41 39 35 40 38 37 41 39 37 40 40 38 40 39 43 87 132 137 110 156 194 180 157 142 140 147 164 182 196 198 177 173 160 147 140 126 127 129 131 127 126 126 125 127 125 126 124 124 124 125 125 125 126 124 124 124 124 124 124 123 123 122 123 125 124 122 122 123 123 123 123
63 54 43 38 38 41 41 37 38 39 48 48 40 36 38 43 43 43 39 37 36 39 43 42 38 39 40 41 41 41 40 38 48 39 50 67 65 70 81 119 105 97 107 117 132 168 190 183 192 188 183 186 186 167 140 129 126 129 128 126 127 128 125 124 125 124 123 123 123 123 123 123 124 124 124 124 123 123 122 122 122 123 124 123 122 122 124 123 122 122
79 52 35 39 42 41 40 40 42 48 41 35 39 41 44 50 51 49 47 43 43 44 41 38 40 40 42 43 42 42 42 39 43 45 40 46 50 58 55 52 58 60 59 53 65 102 138 161 200 206 205 202 186 173 166 142 126 125 128 124 124 127 123 125 126 125 124 124 124 123 123 123 124 124 123 123 122 122 122 122 122 122 123 122 122 123 124 123 122 122
55 48 47 49 44 42 44 44 43 39 35 40 44 50 61 58 67 58 60 58 54 53 47 47 50 50 52 54 54 55 55 54 61 67 77 83 89 100 102 100 100 99 93 88 81 56 40 55 92 126 159 191 197 180 170 159 136 125 129 126 122 125 123 126 125 125 124 125 125 125 125 125 124 123 123 122 122 122 122 122 122 122 122 122 122 123 123 122 122 121
54 48 46 46 44 45 45 41 39 42 41 52 64 69 78 82 70 71 87 89 83 83 82 83 84 91 99 108 120 127 131 136 135 95 98 154 162 156 164 167 165 162 160 151 141 131 111 95 75 59 56 91 147 182 185 172 143 120 124 128 123 125 123 123 123 123 123 123 123 123 123 123 123 123 122 122 122 122 123 123 122 122 122 122 122 122 122 120 122 121
48 47 50 51 46 39 38 40 41 48 56 60 68 90 100 84 60 84 114 123 119 123 128 127 134 142 148 154 162 164 164 168 172 124 87 131 177 178 177 178 180 175 178 174 168 169 164 154 144 126 107 85 85 120 154 168 160 127 120 124 121 125 127 126 123 124 124 123 123 122 122 121 122 122 122 122 122 122 123 123 121 122 122 123 122 122 121 119 121 121
45 56 58 48 40 37 36 37 47 50 47 46 70 96 86 60 67 102 132 143 145 150 156 157 158 162 166 169 169 167 166 168 172 156 105 58 120 187 171 182 176 176 175 171 170 170 165 162 157 158 155 145 135 125 121 132 142 122 116 123 124 124 126 123 123 124 125 124 123 123 122 121 122 122 122 122 122 122 122 122 121 121 122 122 121 121 121 119 120 120
56 51 41 37 41 42 43 50 47 43 44 43 48 56 56 62 84 123 149 164 171 167 166 166 168 168 171 172 168 166 167 168 165 164 155 97 77 166 171 177 179 177 179 177 174 172 170 174 170 164 163 165 161 156 155 153 151 138 127 126 122 119 123 124 121 123 124 123 122 122 122 121 121 122 122 122 122 121 121 120 121 121 122 122 121 121 121 120 120 120
37 39 39 39 40 41 42 45 44 40 48 57 64 55 55 93 133 157 174 175 174 171 170 173 168 168 168 168 165 164 161 153 152 151 174 158 95 139 155 173 183 174 183 181 180 179 170 178 177 173 172 172 169 169 168 166 160 159 153 152 152 149 143 133 127 124 122 121 120 121 123 123 124 123 122 122 121 121 122 122 122 122 121 122 121 120 120 120 120 128
39 40 38 38 41 41 42 47 42 43 58 59 58 87 126 155 166 175 176 173 177 179 177 177 181 175 172 172 168 156 143 139 154 156 171 147 89 112 120 139 157 179 184 177 174 178 182 178 182 180 179 177 174 173 174 172 170 169 164 161 159 158 159 157 156 150 142 133 126 123 123 122 119 120 122 122 120 119 120 121 123 121 121 121 121 120 119 119 116 121
49 47 43 41 43 45 50 58 59 70 66 66 94 130 154 168 172 177 176 175 178 180 179 180 176 174 178 174 162 148 139 145 158 161 153 117 100 111 112 118 117 130 144 179 187 182 182 184 182 181 181 178 175 175 175 173 172 171 167 165 160 155 157 157 157 158 158 155 148 139 131 125 122 122 122 122 120 120 121 122 123 121 120 121 122 121 119 118 119 119
48 45 41 39 41 48 58 64 59 61 63 85 118 145 161 163 163 171 176 179 180 178 178 181 180 180 188 176 155 147 148 158 167 159 114 114 138 130 132 139 150 139 114 128 181 186 185 183 186 186 185 182 181 182 182 180 177 175 171 170 165 157 154 153 153 154 156 156 153 148 145 142 132 127 122 119 119 120 121 120 122 121 120 121 122 121 120 119 116 116
61 56 53 48 45 49 52 46 49 54 75 112 134 150 169 169 176 178 179 182 184 183 181 182 185 186 185 169 154 152 157 167 162 124 124 150 135 118 120 147 154 164 162 120 120 176 188 188 186 185 183 181 182 183 181 179 178 174 169 169 165 157 156 155 153 154 156 157 155 151 147 144 144 137 129 124 122 121 121 121 119 118 118 119 119 118 118 118 116 124
69 60 53 47 47 54 57 51 60 88 114 144 168 174 179 182 185 185 183 183 183 183 183 185 187 190 180 163 155 154 160 171 151 120 140 120 99 103 131 162 160 159 162 167 120 131 183 185 189 188 185 184 185 185 181 179 178 176 172 171 166 159 158 158 154 155 156 158 157 155 151 148 149 144 138 132 125 121 121 121 122 121 121 121 121 120 121 122 113 135
55 53 50 50 53 56 58 61 84 112 138 155 166 172 176 178 181 183 185 184 183 183 185 189 185 188 174 158 151 158 170 166 120 148 122 81 90 91 141 158 166 159 162 168 160 123 157 188 189 188 186 186 188 185 181 181 178 177 173 172 167 159 156 154 151 151 153 157 159 160 157 153 149 145 142 136 128 122 120 120 121 119 118 118 118 118 118 118 121 157
64 64 57 52 55 55 64 82 101 119 136 149 164 174 176 182 183 184 184 186 188 191 192 192 194 186 166 148 139 155 168 138 137 138 92 80 77 99 146 165 160 160 155 156 164 145 123 188 188 187 186 187 189 185 181 183 181 178 171 170 168 162 159 156 151 149 151 154 158 160 158 154 154 150 146 141 135 129 126 125 125 123 120 120 120 120 120 120 114 159
74 62 53 57 57 61 78 90 111 125 144 164 172 179 181 189 186 188 188 190 188 187 193 196 195 184 170 141 129 145 168 117 160 110 86 71 65 126 149 160 157 150 147 151 158 170 120 162 190 186 189 187 191 185 185 182 180 175 172 172 167 159 156 155 153 154 151 151 155 157 159 165 162 154 145 140 138 135 130 125 132 139 137 129 125 122 119 118 123 166
63 55 60 58 61 74 87 105 113 135 156 169 174 183 184 186 186 188 188 191 191 191 196 197 197 187 164 140 110 135 141 128 154 97 80 65 112 145 145 156 153 144 143 152 159 170 144 132 192 186 189 190 190 183 188 185 183 178 174 171 165 159 155 153 156 156 152 149 151 154 156 159 159 156 151 145 140 136 135 134 131 142 151 149 143 139 134 128 153 183
55 61 60 70 77 82 95 96 116 148 162 169 180 187 185 191 187 189 189 193 194 195 199 200 193 182 155 131 94 125 122 149 137 83 64 95 154 155 150 165 158 146 144 160 170 174 175 115 185 182 182 187 183 174 185 182 179 177 174 170 166 162 160 158 157 159 157 153 153 156 157 157 157 157 154 148 141 138 137 137 134 128 140 161 164 153 150 154 146 157
58 56 66 76 72 61 69 97 125 148 166 177 178 186 190 191 188 190 192 195 197 198 202 202 195 181 153 116 85 108 111 157 122 69 52 65 86 122 149 165 163 145 142 166 178 175 185 119 178 182 180 185 182 174 184 181 178 177 174 169 164 163 162 160 159 162 163 160 157 156 157 158 156 157 155 150 145 141 138 136 141 134 134 144 156 162 163 160 157 153
63 79 81 64 63 82 101 117 134 160 171 179 182 184 186 191 191 193 194 197 198 199 203 203 198 184 146 99 71 90 103 153 100 56 66 69 54 70 139 169 162 137 142 169 179 177 183 130 171 184 178 182 183 180 184 180 178 176 170 162 158 161 163 162 164 165 164 161 154 143 140 146 152 156 157 154 150 147 143 139 145 147 141 134 142 158 164 161 165 158
87 85 66 69 87 99 115 126 157 168 174 179 174 182 193 190 194 196 197 199 199 199 203 202 196 183 129 88 60 83 99 146 94 48 84 70 48 58 105 159 154 129 147 172 178 184 184 133 168 182 174 176 181 183 181 176 175 169 161 153 153 160 166 166 166 164 162 160 145 117 109 125 147 155 160 158 154 153 151 147 145 144 143 145 145 141 149 167 163 161
77 71 71 78 101 114 116 137 170 174 162 168 178 186 192 196 196 198 199 201 201 201 203 200 199 180 119 87 67 88 93 134 91 45 47 45 38 62 97 145 140 126 152 174 180 187 189 131 175 182 172 174 179 184 177 172 170 162 152 148 153 163 168 166 166 164 159 154 130 90 88 124 152 161 166 164 160 161 160 157 151 150 152 154 149 141 142 151 157 164
66 70 74 96 115 112 127 160 174 165 148 166 186 192 193 195 198 199 199 202 203 203 203 199 202 175 117 90 86 98 92 125 83 45 40 46 44 69 102 141 131 129 158 177 188 188 194 133 183 181 170 172 175 182 172 167 160 151 144 146 157 170 174 172 169 166 157 146 114 72 84 142 163 170 174 170 168 169 168 163 163 160 158 158 156 154 147 137 147 160
64 72 89 98 111 113 137 161 148 136 163 191 193 198 205 198 198 202 205 204 204 206 206 203 198 178 131 97 96 98 107 106 75 49 48 57 63 74 107 133 122 134 169 178 182 192 190 131 196 172 167 168 170 175 167 157 147 143 144 158 174 177 174 176 172 168 157 141 111 47 84 160 175 176 177 177 174 171 169 168 169 167 167 166 163 161 156 147 145 140
59 78 91 97 106 120 138 129 131 154 178 186 192 201 203 202 201 202 202 203 204 204 202 200 193 184 146 107 97 99 107 98 82 53 54 65 80 103 126 135 129 150 163 176 189 191 163 144 192 178 164 163 168 168 161 151 141 148 159 170 179 184 181 176 171 168 161 144 117 53 71 162 176 180 181 177 174 172 169 168 171 171 174 173 170 169 166 159 147 140
64 78 85 100 110 109 107 113 136 162 190 198 197 197 198 205 204 202 201 204 206 205 201 199 192 178 151 125 109 98 104 103 95 65 56 72 89 99 124 140 143 154 172 179 187 189 139 172 183 174 159 161 165 161 158 148 150 159 171 179 183 184 183 182 176 169 163 155 149 89 58 136 170 179 183 179 175 173 170 167 170 172 175 175 172 173 173 170 162 154
74 71 92 99 82 96 107 121 150 184 200 191 195 202 198 197 202 201 201 203 206 206 202 198 192 180 156 129 114 103 104 99 97 85 63 63 65 75 128 152 155 162 175 185 190 164 141 188 172 160 155 160 159 157 158 150 160 171 180 182 186 187 185 184 174 171 164 161 163 110 54 117 157 166 178 181 176 173 170 166 170 173 175 174 173 175 177 177 172 165
59 75 78 68 73 102 121 160 179 183 193 193 191 195 197 196 197 199 201 202 204 205 201 194 189 180 156 128 117 107 104 100 96 98 87 73 62 84 147 165 166 173 181 190 177 131 174 177 162 156 158 157 156 162 162 158 163 173 183 183 180 186 189 183 177 178 170 169 163 110 55 107 145 149 166 179 176 172 171 168 169 172 173 174 175 178 178 176 176 171
51 60 58 76 109 139 159 176 180 186 186 185 194 193 187 196 196 200 202 202 203 204 199 192 186 178 159 133 123 113 109 108 91 87 107 104 98 129 170 174 172 182 182 173 137 157 178 166 152 158 164 158 165 181 181 182 173 158 171 191 186 183 188 185 184 180 174 180 167 110 61 100 143 140 152 170 172 170 170 169 166 168 171 174 179 182 180 176 178 175
46 54 67 91 121 150 180 181 176 181 187 187 188 190 188 189 196 198 201 202 203 202 197 192 187 184 172 146 132 125 120 111 111 90 88 117 153 117 98 167 179 168 163 130 152 178 156 149 168 177 178 173 177 184 183 180 171 128 131 172 188 183 183 183 178 175 176 179 158 103 67 100 148 140 142 158 169 169 165 165 163 166 168 173 183 188 185 181 176 173
49 60 78 98 136 155 168 172 177 180 187 186 184 186 187 189 194 194 196 200 201 199 194 191 192 178 173 163 150 133 127 124 132 128 87 62 100 89 70 120 127 128 127 156 162 151 161 178 184 186 186 188 184 178 178 168 157 101 77 114 158 177 180 181 178 178 184 177 151 97 63 87 152 143 137 150 168 168 160 160 159 160 161 167 179 187 187 184 180 176
64 74 94 112 131 147 158 172 180 178 178 180 182 183 184 186 190 193 195 196 197 196 193 191 187 186 178 169 164 154 142 138 145 160 117 82 77 84 87 108 124 133 149 156 164 180 186 187 185 183 187 188 181 182 180 168 150 85 46 81 129 169 176 184 180 181 181 180 137 101 75 96 159 161 149 146 163 166 159 154 157 156 160 168 178 184 184 185 184 179
70 84 100 107 121 142 160 177 175 174 175 177 179 180 183 185 190 192 192 193 194 194 192 191 191 188 180 173 169 163 155 151 158 162 118 144 152 143 155 168 164 159 169 180 183 181 181 186 184 186 182 183 188 180 169 169 140 102 49 80 109 150 172 186 182 178 188 170 122 109 94 101 150 185 154 151 152 168 164 148 153 153 155 163 177 183 182 185 187 182
70 85 100 109 129 153 164 168 169 170 173 177 179 180 181 183 190 192 193 193 194 194 192 191 190 187 183 178 173 169 166 164 177 144 137 184 142 118 142 172 189 189 195 196 192 190 188 188 186 187 186 185 190 193 184 170 153 125 67 84 108 144 167 175 176 181 188 155 127 98 61 77 137 207 173 153 145 160 154 143 150 152 151 161 179 184 183 187 185 180
61 80 101 116 134 149 155 157 165 166 170 174 177 179 181 182 189 192 193 195 196 194 191 189 185 184 184 180 173 170 170 169 176 144 156 174 152 175 190 205 200 201 202 199 199 205 203 194 198 193 194 192 191 202 197 169 149 125 94 90 105 129 152 169 177 183 190 147 120 98 82 102 130 194 183 146 141 150 150 144 148 150 151 164 180 185 184 186 185 179
71 86 103 120 132 138 146 154 162 161 163 168 173 177 181 184 188 191 192 193 194 192 188 186 184 182 182 179 173 170 170 169 172 131 150 169 163 185 199 194 193 190 191 194 192 191 193 194 197 192 189 187 188 188 177 161 147 122 113 107 105 120 141 165 174 171 177 147 117 96 103 121 132 170 173 137 132 141 152 140 145 146 151 167 178 181 184 182 183 176
80 95 111 127 134 135 145 157 157 158 163 170 175 179 182 184 189 191 191 191 192 191 188 186 186 182 178 175 173 171 169 167 167 115 136 163 167 177 185 183 183 176 174 181 183 180 181 179 175 179 180 177 178 178 171 161 144 122 113 124 112 122 133 144 156 165 171 151 119 81 89 115 122 164 160 135 128 132 144 139 143 144 150 168 177 178 183 180 178 171
85 99 110 125 136 141 148 152 155 159 166 174 178 180 181 183 188 190 191 191 191 190 188 186 185 182 176 172 171 166 162 161 165 104 130 162 157 173 178 172 176 176 174 175 174 174 178 173 162 166 172 171 169 179 181 167 140 127 125 137 120 121 130 133 146 163 174 151 112 91 100 102 117 159 149 135 128 127 142 143 142 144 148 166 177 177 182 180 178 171
89 109 119 124 129 138 152 159 158 161 166 171 174 175 180 184 185 187 189 190 191 189 185 183 180 181 177 171 168 160 153 155 157 119 115 129 125 143 157 173 172 168 162 165 163 161 165 162 164 158 159 164 164 168 171 166 147 136 144 137 120 113 126 127 144 158 168 146 108 108 132 140 137 150 143 133 123 125 146 139 140 143 144 161 175 175 180 180 179 171
84 108 121 130 140 148 155 157 159 162 165 170 175 177 179 181 185 186 186 186 187 189 187 184 180 180 171 165 160 152 147 142 133 118 90 115 124 124 127 134 150 153 151 149 160 156 156 158 159 154 156 153 163 158 168 165 150 144 146 136 127 120 118 118 140 160 162 140 105 129 151 144 132 157 148 131 122 132 144 144 141 141 144 160 172 174 178 178 176 172
78 103 121 132 140 148 155 152 160 164 168 173 176 177 178 180 182 185 187 187 188 188 186 183 184 174 168 165 153 140 135 132 135 131 84 108 134 119 117 123 131 129 139 148 152 152 154 156 156 151 153 153 162 157 163 159 149 141 137 137 133 119 119 121 143 151 157 127 110 140 159 138 128 158 146 127 125 134 143 145 141 139 141 156 169 173 177 176 176 171
87 98 116 138 148 150 156 159 161 165 170 174 176 176 176 178 180 184 187 187 187 187 186 184 183 175 165 149 134 127 124 124 144 145 80 62 59 65 74 86 89 112 130 141 141 146 152 152 156 153 154 151 158 156 162 158 144 136 133 139 137 122 125 126 139 148 142 114 115 120 102 91 121 152 142 125 125 138 146 146 141 139 140 151 165 172 176 174 173 169
99 99 109 129 143 150 155 159 160 164 169 172 174 174 175 177 180 182 184 184 185 186 186 185 178 172 154 128 115 113 116 128 146 102 64 93 100 46 92 128 114 88 89 126 144 144 147 150 155 155 152 144 147 150 159 156 137 128 132 137 133 124 130 130 137 141 135 121 110 133 127 117 124 150 143 129 126 141 150 142 143 141 141 150 162 171 174 173 172 169
109 116 116 116 132 150 154 152 159 163 167 169 171 172 174 177 180 181 182 182 184 185 184 182 179 165 143 122 109 106 117 138 111 64 111 125 103 84 113 140 139 140 106 87 133 150 144 158 155 150 145 143 147 150 158 159 134 117 129 131 126 125 130 133 139 141 135 123 116 162 172 136 124 147 142 135 134 148 156 148 145 143 145 151 162 171 173 172 172 169
122 130 130 124 133 148 151 153 160 164 167 168 170 172 175 178 180 180 181 182 183 183 180 177 176 160 139 118 102 107 125 129 74 110 110 102 80 94 124 116 118 130 140 126 85 142 151 160 161 149 141 148 152 150 153 156 139 116 128 131 127 129 133 139 142 143 133 120 118 121 119 101 125 147 140 138 144 150 152 148 146 144 147 152 162 170 171 171 168 166
127 131 137 137 140 145 148 157 161 165 167 168 170 172 174 177 178 178 179 180 182 182 179 176 170 158 129 102 88 104 122 103 102 102 84 66 62 76 111 115 115 119 127 142 116 98 155 160 164 152 144 152 155 154 157 160 141 126 135 137 137 137 139 144 142 145 135 114 117 131 125 103 119 137 134 142 151 154 153 152 147 143 147 153 163 171 170 170 164 162
124 131 143 144 144 151 155 159 161 165 168 169 170 172 174 175 176 176 177 178 180 181 180 179 174 159 120 93 85 99 114 91 107 72 60 57 50 72 110 113 114 114 126 135 136 100 125 160 166 158 144 140 135 135 137 138 137 137 143 143 144 142 144 145 147 149 136 119 122 151 128 101 121 132 134 149 154 155 157 153 148 143 147 153 164 173 170 170 163 161
125 139 145 147 150 160 159 156 160 164 167 170 171 171 171 172 172 174 175 176 179 180 179 179 174 154 115 84 75 103 87 102 69 55 68 70 77 90 120 119 119 122 124 134 146 126 98 157 164 162 152 138 125 109 114 118 132 144 143 143 146 142 141 144 149 151 144 121 110 129 83 97 126 123 144 154 152 157 154 150 148 145 146 155 168 174 171 167 162 160
122 134 141 146 148 156 157 159 160 162 164 167 170 171 170 170 171 172 173 175 177 178 177 176 170 148 103 73 81 101 84 98 53 62 84 110 128 116 122 120 122 122 136 138 150 151 93 147 158 163 160 147 136 121 123 124 128 132 132 140 144 139 140 147 152 151 144 129 126 106 72 92 120 138 151 152 153 154 150 148 146 146 149 156 164 167 165 163 160 158
117 129 138 148 151 155 156 160 160 162 163 165 167 167 167 167 169 170 171 172 175 176 175 174 168 142 102 73 80 87 87 93 51 51 57 67 100 125 138 122 120 133 142 142 152 167 103 129 157 161 162 156 149 134 132 130 127 124 123 133 139 138 141 146 150 152 148 122 90 53 62 103 126 149 153 148 151 150 150 149 146 149 153 157 160 160 159 159 161 159
112 123 132 142 145 150 152 157 161 164 166 165 164 163 164 167 168 169 169 170 173 174 173 172 168 133 83 64 90 89 99 84 49 64 80 53 59 107 137 135 128 136 142 153 157 166 116 122 168 158 160 164 160 145 141 136 133 128 124 126 131 137 142 141 152 152 150 107 50 45 82 115 139 147 149 148 149 151 151 149 149 152 156 159 159 158 157 158 160 158
109 119 123 129 133 143 148 153 160 163 165 164 163 162 163 165 168 169 168 169 172 174 173 173 160 137 76 59 102 87 105 87 47 49 57 40 50 99 133 143 136 139 155 157 156 172 131 113 178 158 162 169 166 156 152 144 140 135 131 126 123 131 138 140 146 151 148 77 31 62 106 133 144 142 151 151 150 153 150 151 153 156 158 159 161 161 159 159 160 158
108 119 123 128 132 143 148 151 157 158 159 161 163 163 162 162 167 167 167 168 172 174 173 172 159 135 76 65 111 88 108 89 56 37 39 49 55 92 137 144 142 140 154 164 163 168 135 109 177 160 165 169 167 163 161 150 145 139 137 130 122 122 129 140 145 145 124 46 47 88 116 134 142 145 154 148 147 152 150 157 156 157 157 158 161 161 160 158 158 156
104 117 125 132 136 144 147 150 152 153 155 158 161 161 159 159 163 164 164 166 170 172 171 170 154 126 80 74 117 93 110 98 54 45 74 104 84 97 141 143 143 143 153 164 162 171 132 115 176 161 163 165 167 166 163 157 151 143 140 135 126 119 121 133 142 135 91 38 65 101 119 132 141 144 147 144 145 151 153 158 157 158 157 157 159 159 157 156 153 151
99 112 121 130 133 140 143 148 148 152 155 157 158 157 157 157 159 160 161 164 168 170 168 166 156 135 96 86 130 99 105 114 71 46 68 103 97 110 141 153 151 136 156 164 162 178 117 135 179 162 160 164 171 168 163 163 158 148 143 137 131 122 116 124 130 130 85 70 89 117 131 139 140 137 138 145 148 152 156 153 157 158 158 157 157 157 155 153 151 149
92 102 117 126 131 137 143 145 149 148 150 154 156 159 158 154 155 156 161 163 163 166 169 165 154 139 109 97 141 113 93 120 93 65 97 148 131 118 146 150 147 141 156 165 171 175 109 150 171 162 160 167 171 171 167 162 158 153 148 143 135 126 118 113 123 119 90 74 95 115 118 123 128 130 137 146 150 152 153 154 157 157 157 155 154 154 153 149 144 142
89 101 114 123 131 137 141 143 145 145 148 152 154 157 158 155 154 155 158 160 160 164 166 162 148 138 125 114 143 131 81 132 108 80 90 154 118 117 147 159 153 147 160 166 170 161 104 171 169 161 161 167 171 172 170 166 162 154 148 145 142 135 124 114 117 116 100 89 97 107 114 121 133 138 145 150 152 153 153 152 154 154 155 154 154 154 151 146 142 140
85 98 109 117 129 137 140 142 142 143 146 150 152 155 156 154 154 154 155 156 157 161 162 159 143 142 141 125 149 150 83 122 109 100 72 89 102 132 157 158 155 151 165 165 172 139 120 174 166 161 161 167 170 171 171 168 165 157 150 148 148 144 134 124 119 124 129 133 137 140 144 148 144 148 153 153 152 153 153 150 153 153 153 152 152 152 149 143 140 138
79 94 103 110 123 133 137 139 140 143 146 149 150 152 153 153 154 154 154 154 154 157 160 159 144 139 145 133 151 155 114 86 128 109 101 71 95 140 154 165 159 149 165 164 166 120 157 168 165 160 160 165 168 169 169 166 165 159 153 151 150 148 144 139 138 139 142 148 151 154 155 155 153 153 153 151 149 150 152 151 155 154 152 150 148 148 146 142 137 135
74 91 102 108 120 128 130 133 136 140 144 147 149 151 152 153 154 154 154 151 151 154 158 160 149 134 142 144 147 151 149 77 120 117 117 105 106 137 154 163 157 155 161 168 138 130 167 163 164 159 159 163 165 168 168 165 163 160 156 152 150 150 150 148 151 150 148 148 154 158 158 157 155 151 149 148 148 149 151 153 155 154 152 149 146 145 144 142 138 136
70 87 103 112 121 127 128 129 132 136 140 143 147 150 151 153 152 153 153 150 149 151 155 158 156 146 140 145 145 148 159 119 66 128 135 122 122 143 153 155 155 157 171 153 119 154 177 168 164 159 159 162 164 167 168 165 160 159 157 154 152 152 152 149 151 156 157 155 157 157 154 152 151 147 147 149 151 151 153 155 152 152 152 150 147 146 144 142 140 138
59 76 96 111 120 127 130 132 133 136 138 140 145 147 149 151 150 152 152 151 150 150 151 154 157 159 142 136 143 148 153 152 93 81 129 145 135 149 160 160 164 164 156 119 155 168 167 165 164 161 161 162 162 164 166 163 158 158 157 154 153 154 154 151 151 154 155 154 154 153 152 152 149 149 150 152 153 153 154 153 151 151 151 150 148 146 144 142 140 138
47 62 85 103 115 125 132 134 137 139 139 139 143 145 145 147 149 152 152 152 151 150 149 150 152 154 147 131 137 147 149 145 143 97 89 111 131 139 150 146 140 130 116 152 163 164 160 162 165 162 162 162 160 161 163 162 155 157 157 154 152 154 156 155 155 151 150 152 153 153 153 152 150 152 154 153 152 154 154 151 152 151 150 149 148 147 144 141 144 142
44 48 66 94 115 123 127 132 136 136 141 142 143 144 140 142 148 150 148 150 154 152 150 149 148 151 148 137 135 140 149 141 147 129 94 79 79 89 104 111 126 137 151 160 162 161 159 157 160 161 162 162 161 160 160 161 158 156 155 153 154 154 151 153 152 152 153 154 156 156 155 155 155 152 150 151 152 151 151 153 151 152 152 151 148 146 145 144 145 144
56 49 52 74 101 119 127 131 134 136 142 142 142 142 138 140 147 150 150 152 151 148 148 148 148 146 150 146 139 135 143 142 138 129 105 107 146 142 145 151 151 154 155 155 156 158 160 160 159 159 159 160 162 162 161 160 158 155 156 156 155 155 151 151 155 155 156 157 158 157 154 153 154 155 155 151 146 144 149 155 155 154 152 149 148 147 147 146 145 144
58 53 49 55 74 100 122 133 132 136 141 141 141 141 139 140 143 147 149 152 150 148 150 149 149 143 151 150 144 137 138 137 124 124 138 141 158 157 154 149 153 154 155 157 161 163 161 159 158 158 157 158 160 161 161 160 158 153 155 155 154 157 157 157 157 156 156 157 158 157 156 157 154 152 151 150 150 152 154 156 155 154 151 149 148 149 149 148 146 146
52 52 48 45 54 78 102 115 126 130 134 134 136 137 135 135 138 141 144 147 146 146 150 148 151 146 150 148 150 149 142 132 111 121 135 146 152 155 151 154 153 154 155 157 161 162 160 158 157 157 157 157 157 158 160 162 155 151 157 160 157 158 157 154 158 157 156 156 157 156 154 155 151 149 148 151 157 161 158 153 152 151 150 149 149 150 149 148 146 145
52 50 45 40 40 51 73 92 111 118 123 127 128 127 128 129 133 138 140 143 142 143 149 150 151 150 150 144 149 150 141 125 107 96 100 140 158 152 155 157 153 153 153 154 155 155 156 155 155 156 157 158 158 159 160 161 153 149 156 160 159 162 163 161 160 159 157 157 156 152 149 148 148 151 154 156 157 157 154 151 150 151 151 150 149 149 149 149 149 147
50 46 48 53 49 42 49 62 80 90 100 109 111 110 114 118 115 123 126 127 129 132 140 145 146 151 152 149 154 153 149 131 90 73 126 158 156 147 153 150 149 151 153 154 154 154 155 155 154 154 155 158 160 161 160 158 163 158 160 160 158 162 164 165 160 157 154 152 152 150 150 151 151 153 156 158 157 155 154 153 152 153 152 151 149 149 150 150 151 148
55 48 46 53 56 50 45 45 50 58 67 79 83 81 87 92 96 104 103 103 108 111 116 122 132 139 144 148 151 152 151 123 70 89 152 155 155 158 148 147 156 155 155 155 154 154 155 155 154 154 154 156 158 158 158 156 159 158 161 161 160 160 157 158 155 152 148 148 149 150 152 156 154 153 154 156 157 156 154 153 154 154 153 152 151 151 152 151 150 147
51 52 51 50 50 51 49 44 43 46 49 59 64 61 66 69 75 80 73 71 79 79 78 81 85 94 104 119 130 141 145 105 77 132 159 151 149 156 155 159 151 150 151 152 153 152 150 148 155 155 154 153 152 153 155 156 157 156 156 154 153 151 146 148 150 148 148 150 152 150 150 151 153 153 155 155 153 149 149 151 152 153 153 153 154 154 153 152 154 151
49 48 49 52 52 48 45 44 46 45 45 51 59 59 54 55 64 65 64 62 61 63 63 60 56 57 57 61 72 83 81 70 89 114 120 125 128 136 134 145 138 140 146 148 148 147 143 142 139 139 135 127 134 153 155 144 133 134 128 123 122 116 114 122 124 124 127 132 136 138 141 145 145 147 149 148 146 147 149 151 150 151 146 152 153 156 149 149 151 153
52 49 47 48 49 47 44 43 46 53 55 53 56 60 59 56 58 61 62 60 58 60 63 63 56 54 48 46 52 51 54 70 69 68 67 73 78 89 93 92 99 107 113 116 119 116 109 112 103 98 90 106 137 161 158 124 104 112 119 126 130 125 121 123 122 121 121 123 123 122 122 123 127 131 134 137 139 140 141 141 144 150 150 147 148 148 152 150 149 151
47 50 53 53 49 44 42 42 43 51 59 65 68 64 60 59 56 58 60 58 56 56 57 58 58 54 53 51 52 52 50 57 62 56 58 58 59 60 67 68 65 76 83 84 88 84 77 83 87 93 105 136 159 163 156 133 126 128 130 130 130 130 130 131 130 130 129 129 128 127 126 125 122 123 123 123 125 128 130 132 134 131 138 139 147 143 145 143 142 144
55 53 51 52 53 51 47 43 44 47 53 62 68 65 63 64 58 57 57 58 58 56 54 52 57 55 57 51 47 50 57 75 82 92 95 81 76 58 57 65 58 66 75 76 78 86 93 99 114 130 149 157 162 161 144 129 130 130 130 130 127 128 129 127 128 129 129 129 129 130 129 127 125 126 127 127 127 127 127 126 126 116 127 130 138 139 134 134 135 137
54 54 53 54 56 57 53 49 43 51 55 56 60 66 65 60 57 56 56 58 60 60 58 56 56 56 55 55 56 47 62 110 134 157 163 150 148 115 83 73 72 70 78 77 78 105 132 139 145 156 163 162 163 154 135 127 133 131 130 128 126 128 130 128 129 130 130 129 130 130 129 126 125 127 128 127 127 127 127 128 122 123 123 125 125 134 133 133 134 136
45 52 58 58 56 55 55 55 50 52 53 51 51 54 57 57 55 56 57 57 56 57 58 58 54 53 52 52 46 44 78 130 145 152 145 140 159 153 123 99 85 75 77 77 82 117 151 159 154 161 158 162 155 132 128 133 128 127 129 131 130 130 130 127 129 130 130 129 129 129 127 125 126 126 125 124 123 124 127 128 124 125 111 126 129 130 135 135 138 140
50 52 52 50 52 55 57 55 56 56 59 62 59 55 55 57 55 58 60 57 53 54 56 56 59 54 51 49 44 66 113 135 149 159 154 148 150 154 138 123 102 91 91 96 109 133 153 159 159 162 151 145 136 127 131 131 129 128 129 131 131 128 126 126 127 127 128 128 128 128 127 127 126 127 128 128 127 126 126 125 125 122 109 118 130 132 134 136 139 141
48 52 54 51 50 52 53 51 53 56 57 53 52 57 58 54 55 59 62 60 57 58 58 56 57 61 56 53 52 81 133 150 157 170 166 161 157 165 153 141 130 122 120 130 146 153 150 153 148 137 133 131 129 131 130 129 130 129 128 129 130 128 127 130 127 127 127 128 127 126 126 127 127 126 124 123 124 125 126 125 124 127 126 104 117 133 132 134 136 138
98 93 91 90 86 79 73 67 57 50 49 51 53 46 49 51 50 52 56 55 57 57 49 45 49 56 57 64 87 121 146 143 147 154 154 152 150 146 149 153 147 149 147 147 149 145 138 136 130 129 129 130 130 129 129 130 130 130 130 130 129 129 130 130 127 127 128 128 126 126 126 124 124 123 123 125 125 125 125 124 127 125 127 123 89 112 139 135 138 136
131 128 129 132 133 131 128 124 122 101 84 83 90 86 84 77 67 66 65 65 74 88 95 99 97 103 109 116 124 141 147 125 104 113 113 109 103 99 106 116 136 139 139 138 138 134 129 128 130 129 129 130 130 129 129 130 130 130 130 130 129 129 130 130 128 128 129 129 127 127 127 125 125 124 124 126 126 126 126 125 124 124 123 138 72 45 95 124 122 120
