150 148 152 147 150 147 150 146 147 144 151 145 147 148 145 148 147 149 148 148 151 150 147 147 148 147 147 149 149 147 147 150 147 149 150 147 145 149 149 144 146 147 147 146 145 145 146 147 147 144 144 146 146 146 146 144 146 146 147 146 146 146 146 145 146 146 146 146 146 146 147 147 145 144 143 144 145 146 144 143 145 145 146 146 146 145 145 145 146 146
147 147 150 148 151 146 149 150 149 149 150 144 144 143 146 148 149 148 148 149 149 148 148 148 149 149 149 148 148 148 148 148 151 148 148 147 145 144 146 147 146 145 146 147 148 147 144 142 141 143 146 147 145 143 145 147 146 147 147 147 147 147 147 146 147 147 146 146 146 146 146 146 147 146 144 142 142 143 145 147 145 145 146 146 146 145 145 145 145 145
151 148 148 147 150 146 147 148 146 150 150 148 150 146 149 145 152 148 148 148 146 146 150 150 149 151 150 148 149 151 150 148 148 147 148 150 149 147 148 149 148 146 145 144 145 146 147 148 147 145 144 146 148 148 148 146 146 146 147 146 146 147 147 147 146 146 146 146 145 145 145 145 144 144 145 145 145 145 145 145 144 144 144 145 145 145 144 144 144 144
147 148 148 146 148 146 146 147 146 146 145 142 147 146 147 145 146 143 145 149 148 146 146 146 146 148 148 147 148 149 148 147 147 148 147 144 144 146 146 146 145 146 146 145 144 145 146 147 148 147 145 143 142 142 144 146 144 144 145 144 144 145 146 146 145 145 144 144 144 144 144 144 145 145 146 148 151 150 147 144 143 143 143 143 144 143 143 142 143 143
142 146 145 144 143 147 144 139 143 142 146 141 146 146 143 146 147 147 145 146 148 147 145 146 146 146 146 147 148 147 145 147 145 147 146 144 146 147 145 144 143 143 143 143 144 144 145 145 143 144 143 143 144 144 144 145 143 144 144 143 143 144 145 145 145 144 143 143 143 143 144 145 144 142 141 141 143 144 144 142 142 142 142 143 143 143 142 141 144 144
146 145 143 146 146 152 138 118 107 109 122 122 130 133 132 142 144 146 144 144 147 148 146 148 148 147 147 148 148 145 145 148 144 145 144 144 145 143 142 144 144 142 143 150 161 169 171 169 167 161 150 143 143 145 146 147 144 144 144 144 145 145 145 145 145 144 144 143 143 144 145 145 145 145 144 143 142 142 143 144 142 142 143 143 143 143 142 142 144 144
149 151 153 153 134 121 94 65 64 65 70 69 77 77 81 93 95 104 114 122 131 138 141 141 144 144 143 142 142 142 143 145 147 151 152 151 153 154 156 160 161 169 178 182 183 184 188 193 195 191 178 161 149 143 143 149 145 145 144 145 146 146 146 144 144 144 144 144 144 144 144 145 142 143 144 144 142 141 141 142 142 143 143 143 143 143 142 142 143 143
148 147 139 116 71 58 56 53 51 51 50 53 61 55 59 65 69 74 81 85 89 99 108 108 115 117 116 113 113 116 118 120 144 163 178 185 192 196 195 193 188 185 184 186 192 196 196 194 191 199 203 198 187 168 149 140 144 144 144 144 146 146 145 143 143 144 144 144 144 144 143 143 143 143 142 142 143 143 144 144 142 142 143 143 143 142 142 142 141 141
154 125 81 67 60 53 45 51 52 48 48 56 51 59 53 67 74 77 82 86 91 100 105 103 101 102 107 105 102 106 102 88 90 94 105 121 130 166 175 182 197 198 196 189 183 190 200 201 198 204 202 198 199 195 178 155 143 143 145 146 143 142 143 144 142 142 143 145 145 143 142 142 141 142 143 144 143 142 142 142 141 142 143 143 142 141 142 143 141 141
114 57 44 48 55 53 52 58 55 54 50 62 57 63 68 76 72 93 90 92 104 101 102 109 111 104 108 103 99 101 92 88 83 90 91 90 106 168 202 214 208 195 182 174 171 177 191 201 208 209 207 204 203 205 196 175 142 144 144 144 145 144 142 143 144 142 141 143 144 143 142 141 142 142 143 144 143 141 140 140 141 141 142 142 142 142 141 141 140 140
40 31 41 46 49 54 65 60 59 60 60 71 62 64 68 73 78 94 99 101 103 99 100 104 104 92 96 93 89 85 78 89 90 89 80 80 107 170 192 189 182 176 177 183 185 185 188 191 190 202 213 211 204 208 197 165 137 142 143 143 146 146 143 144 144 143 142 143 143 142 141 142 141 142 143 144 143 141 140 140 142 141 140 141 142 142 141 140 140 140
36 45 45 52 48 56 58 53 58 60 68 69 62 67 66 79 93 88 99 96 92 97 89 86 95 99 104 95 92 97 97 105 110 110 111 115 125 153 162 166 168 172 178 182 183 183 182 180 181 181 189 200 202 202 187 156 135 141 145 143 143 142 142 143 142 143 143 144 142 140 141 143 141 141 142 143 143 142 141 141 141 141 140 141 142 142 141 140 141 141
38 37 47 53 50 59 53 61 65 67 67 60 61 70 74 93 100 103 111 105 105 110 105 116 123 132 135 140 146 148 156 166 172 174 178 181 177 177 178 185 182 186 188 185 183 185 185 182 181 181 179 180 183 187 177 155 145 147 151 149 144 144 145 141 141 140 141 142 142 141 141 143 142 142 142 142 142 142 141 141 141 141 141 141 141 141 141 141 142 142
38 44 50 47 60 57 53 61 63 71 66 67 80 90 104 118 128 140 141 141 141 141 149 161 166 174 171 173 176 175 180 177 182 186 186 181 179 180 183 188 187 187 187 186 186 188 190 191 188 189 189 192 190 183 181 181 171 166 165 162 154 153 151 144 144 142 140 141 142 142 141 141 143 142 142 142 142 141 140 140 141 141 142 142 141 141 141 142 142 142
44 54 52 58 74 57 54 65 66 82 92 103 123 135 145 154 158 161 159 167 171 173 182 179 178 177 177 183 185 183 184 185 184 189 188 184 186 185 184 182 186 187 189 191 193 192 191 194 198 200 197 196 195 192 190 186 179 174 172 171 168 168 167 163 155 151 146 144 142 141 141 142 143 142 141 141 141 140 139 139 141 141 141 141 141 141 141 141 142 142
61 53 53 60 61 67 65 82 101 116 139 146 159 165 162 167 170 174 179 180 178 176 178 181 179 180 184 182 181 185 184 184 186 188 187 185 189 183 184 187 190 193 194 193 193 193 195 199 199 200 200 201 200 195 195 191 186 182 178 174 171 168 167 166 164 161 156 149 142 138 140 144 141 140 140 141 141 141 140 139 141 141 141 141 141 141 141 141 142 142
60 54 58 55 68 87 98 124 141 150 161 168 169 170 173 177 176 177 179 181 180 178 179 181 181 182 182 181 186 184 184 181 186 184 189 190 184 182 188 191 191 191 191 191 195 193 198 198 200 201 199 203 203 197 195 194 190 183 180 176 169 169 170 163 159 157 165 165 153 142 136 141 141 141 141 141 141 141 140 137 142 141 141 140 141 142 141 140 140 140
56 57 61 67 95 126 140 159 164 166 169 172 174 177 180 182 180 182 183 181 180 183 184 183 182 180 183 189 182 176 180 188 186 185 189 189 180 180 182 187 195 192 192 193 199 200 204 202 203 207 205 206 205 201 198 193 191 185 181 176 169 168 169 166 156 152 157 159 158 154 143 137 142 141 141 141 140 139 141 142 141 141 141 141 141 141 141 140 141 141
52 51 80 123 150 163 169 175 178 178 178 179 181 182 182 183 180 182 181 179 178 181 182 179 183 183 174 172 170 182 185 186 191 189 191 185 178 171 181 188 191 190 195 196 201 202 206 204 204 210 209 205 202 199 198 194 187 184 179 174 169 164 159 158 158 150 146 146 155 161 152 139 137 137 139 142 141 140 140 141 140 141 141 141 140 140 140 140 142 142
55 86 133 165 170 171 177 175 178 180 183 184 183 182 183 183 184 182 182 183 181 180 180 181 180 185 177 175 169 180 180 191 186 190 193 181 153 136 178 192 190 187 194 199 206 208 208 202 200 210 215 212 204 198 194 189 188 184 174 166 162 154 146 147 149 149 147 143 145 152 153 151 138 134 135 139 142 141 140 139 141 141 141 140 140 141 141 140 142 142
93 144 169 169 172 174 175 177 181 182 183 183 181 182 184 186 186 184 184 185 184 183 185 187 186 181 171 174 170 182 178 181 191 192 187 181 119 117 181 188 186 185 200 206 208 208 211 211 214 218 221 216 205 197 192 188 183 178 166 156 150 137 129 132 143 149 151 150 150 151 151 150 145 138 134 134 136 139 142 144 142 142 140 140 141 142 141 140 140 140
149 169 173 173 180 179 177 182 184 183 183 182 183 183 184 184 184 185 185 182 183 188 191 191 186 170 166 168 164 182 184 181 191 190 181 172 82 122 181 184 184 179 196 205 209 212 215 215 215 216 221 218 210 204 194 186 176 169 153 139 130 119 117 127 145 157 165 165 159 152 151 150 148 143 138 134 132 134 139 143 142 142 141 140 141 142 142 141 139 139
174 175 178 177 176 180 184 186 182 183 184 185 186 185 184 183 184 185 186 185 188 193 196 193 185 165 163 165 166 179 188 194 197 189 174 138 74 162 188 184 177 171 192 203 205 206 212 216 220 221 224 215 204 198 185 174 171 157 135 119 111 107 113 128 145 159 166 168 165 159 157 152 149 147 144 139 134 134 135 136 140 141 141 141 140 141 141 141 140 140
175 175 179 178 178 181 181 184 182 183 185 186 186 187 187 188 186 183 184 189 193 194 194 193 187 177 164 144 156 180 192 198 193 183 168 98 76 190 190 187 174 166 187 201 204 205 208 211 209 216 224 215 202 196 182 169 152 137 118 108 105 101 103 113 128 150 162 165 163 161 163 161 155 153 149 143 139 138 136 132 137 140 142 142 140 139 140 140 141 141
175 179 178 176 180 183 183 184 183 185 186 187 190 190 188 188 190 189 188 192 193 194 197 197 193 176 167 152 160 186 197 195 198 187 164 71 101 167 201 192 172 155 182 198 204 203 207 209 209 216 212 210 199 186 178 153 137 125 105 92 92 86 77 87 112 139 142 158 164 161 160 165 163 162 160 152 143 146 147 139 134 139 145 145 141 138 139 141 139 139
176 179 179 179 182 184 184 186 186 190 192 193 195 193 191 190 191 190 190 194 194 195 198 197 194 172 155 161 167 196 199 210 198 189 151 88 184 167 194 195 170 147 179 197 200 201 203 201 209 208 211 197 184 179 156 134 122 98 75 86 100 105 117 117 120 141 150 156 160 155 156 160 166 170 172 166 158 156 154 147 145 135 133 142 149 147 142 141 144 140
177 180 181 183 186 187 187 189 188 193 196 196 196 194 191 191 192 192 193 196 197 197 200 199 194 178 145 157 165 197 209 214 198 189 138 91 192 180 185 189 167 137 174 193 194 199 202 200 201 205 203 189 173 158 135 113 97 83 98 108 117 147 157 146 109 141 161 169 168 172 167 166 167 173 176 173 168 165 161 156 151 148 141 136 140 148 152 150 151 146
179 181 183 186 189 189 189 191 193 196 196 193 192 192 194 197 195 196 197 199 199 200 203 200 190 171 146 151 164 192 208 205 194 176 122 59 76 139 184 189 156 127 171 193 195 201 200 199 199 199 191 182 169 140 109 93 88 116 132 137 151 173 184 175 132 114 167 181 185 181 179 179 174 177 176 173 175 175 173 171 164 159 153 146 138 135 145 157 152 152
180 182 185 188 190 190 190 192 191 198 202 202 201 199 197 197 199 200 200 202 202 204 206 201 190 157 147 151 159 187 198 204 191 168 131 84 39 77 169 182 149 122 164 187 195 202 200 200 199 193 191 173 150 116 87 101 132 149 160 168 177 188 195 190 151 77 142 189 187 189 186 187 181 180 176 174 176 178 178 179 176 170 165 160 150 140 136 138 146 154
181 183 187 190 191 192 193 194 199 203 204 203 203 204 204 205 203 204 204 206 207 210 210 204 178 160 149 163 161 181 193 188 174 169 97 42 43 60 144 171 136 117 162 190 202 204 196 191 195 196 187 160 126 99 104 140 169 175 181 179 190 198 191 198 176 65 64 161 189 196 188 191 189 187 186 185 183 181 182 183 186 182 177 174 169 156 141 130 128 135
183 186 190 192 192 195 198 197 202 206 208 207 209 209 207 206 207 209 209 212 215 218 217 208 174 163 154 161 160 170 187 177 170 154 74 39 47 61 142 157 127 118 167 196 205 203 198 191 194 197 173 149 126 120 147 162 174 184 182 183 184 191 204 198 169 64 31 88 165 192 196 190 192 188 189 190 186 183 183 183 184 192 190 180 176 177 164 145 131 127
185 188 192 194 194 199 202 201 205 209 211 212 214 214 209 206 210 212 213 216 221 224 222 211 177 145 162 155 165 165 171 180 162 148 70 75 91 80 146 142 119 120 175 207 210 203 200 192 189 188 176 150 135 151 168 164 175 184 189 187 190 195 195 200 174 62 40 29 107 179 184 189 197 189 190 193 191 189 189 186 186 184 184 187 188 183 175 168 148 133
187 189 192 197 200 198 200 207 207 210 210 211 212 215 204 200 206 210 216 219 223 226 221 210 188 156 151 161 162 162 163 170 156 146 92 58 101 111 143 141 106 138 180 207 207 202 202 197 198 195 171 152 166 178 184 184 175 176 188 183 181 193 194 205 190 71 44 94 65 127 177 176 187 192 191 192 192 195 192 192 190 190 189 187 186 187 185 180 164 152
189 189 191 197 201 199 202 213 207 210 213 215 213 215 205 200 207 211 217 221 226 229 221 208 195 172 158 162 162 157 156 157 156 143 126 78 91 111 134 137 114 157 196 212 209 204 201 197 204 193 173 165 183 191 196 195 178 153 180 187 185 187 198 201 196 93 48 104 104 105 159 175 171 174 181 185 188 194 192 195 192 192 192 191 189 189 187 183 179 169
190 190 191 196 200 200 205 214 210 211 214 215 209 212 206 201 207 210 216 222 227 229 219 205 190 180 160 159 163 158 157 155 155 148 145 116 69 103 140 136 140 179 204 209 208 204 202 203 200 193 184 180 186 186 196 202 179 124 145 183 191 189 199 197 198 129 78 127 131 139 147 175 171 162 169 177 182 189 193 194 191 192 193 193 192 190 188 185 179 172
187 192 193 194 198 202 206 209 209 209 212 214 207 210 206 200 204 207 213 218 223 224 216 203 187 181 164 158 161 158 155 155 156 151 139 142 130 119 137 161 177 195 202 203 205 200 198 201 201 190 183 183 190 193 201 199 172 86 80 163 183 193 190 207 204 146 117 165 152 128 170 158 179 162 159 166 173 182 196 194 189 191 193 195 194 193 190 187 177 171
187 192 192 192 197 201 204 207 207 207 212 216 210 212 204 196 202 204 208 212 215 217 212 203 196 186 177 168 165 164 159 162 157 148 148 143 150 159 168 187 188 194 196 202 205 200 199 200 196 192 190 185 185 192 204 198 158 48 74 136 189 190 193 197 205 160 110 165 191 168 144 151 179 181 168 157 162 167 185 185 190 192 195 197 197 197 194 190 178 173
190 190 189 191 196 198 202 209 208 208 211 213 209 211 203 198 200 201 204 206 207 208 206 201 193 182 179 171 165 164 160 163 163 154 157 151 150 168 175 189 190 195 198 201 200 197 198 196 193 193 192 185 184 192 202 191 155 43 86 138 179 195 195 197 197 180 104 115 175 165 150 182 162 196 188 157 157 157 175 184 188 192 196 197 196 197 195 190 179 173
191 190 188 191 195 196 199 206 209 208 207 207 203 206 200 198 197 198 200 201 199 200 198 194 192 186 181 176 171 167 163 162 165 157 158 159 172 175 190 193 191 195 196 197 195 195 198 197 193 191 191 188 190 195 199 187 162 63 87 141 186 190 193 201 201 186 124 131 198 166 163 177 161 201 208 166 154 149 162 178 183 190 195 194 193 196 195 191 185 178
189 191 190 190 194 196 197 200 205 206 205 203 200 201 194 194 194 195 197 197 195 194 192 188 188 190 182 180 178 172 170 164 161 168 168 173 176 190 197 199 198 198 194 195 196 193 192 192 195 192 194 193 192 189 189 179 178 114 88 128 180 194 196 193 195 192 134 106 179 179 174 131 168 193 214 174 151 144 157 175 179 188 195 193 191 196 197 194 188 179
188 192 191 189 191 195 198 199 199 200 202 198 197 199 196 194 193 192 194 196 195 194 193 191 191 186 183 182 179 175 172 169 168 174 180 182 184 189 196 198 196 194 193 195 196 193 191 192 192 189 189 196 194 192 194 182 172 168 134 130 164 189 184 187 184 184 155 92 152 203 186 155 177 188 210 178 155 135 145 169 172 189 192 196 196 196 192 193 184 177
187 190 190 189 191 194 197 199 195 198 201 198 197 199 195 194 192 191 193 195 194 194 195 194 194 190 187 186 182 177 173 169 175 181 187 189 190 193 197 198 201 199 196 195 194 191 193 198 194 198 193 195 206 210 201 188 180 173 153 134 159 175 179 177 172 182 155 117 192 205 192 189 159 185 201 170 154 136 137 164 175 189 192 195 193 190 186 186 181 173
187 190 190 189 191 193 195 198 194 197 201 199 198 199 195 194 192 193 194 194 193 195 196 195 192 188 187 186 183 179 176 172 175 182 190 194 195 199 202 202 199 197 195 196 195 194 198 204 202 203 199 202 221 224 200 181 181 169 146 128 137 166 179 175 170 183 164 116 179 204 176 178 161 183 194 172 151 133 131 159 174 185 188 190 185 184 184 185 179 172
189 191 190 190 191 191 192 195 195 196 199 198 198 199 194 192 195 195 196 194 193 196 197 194 189 186 185 184 180 176 175 173 178 185 194 199 202 206 209 209 204 198 193 193 194 196 202 207 202 194 193 192 195 196 186 181 172 164 139 123 112 137 168 175 176 175 172 126 147 192 167 177 144 174 182 169 149 139 133 156 167 181 187 189 181 181 182 180 175 168
189 190 190 189 190 189 190 193 195 194 195 195 196 198 193 191 196 196 195 194 194 198 197 192 192 189 187 183 177 172 171 171 176 181 188 192 193 196 197 197 201 196 193 192 191 190 190 189 190 182 186 187 184 183 179 180 170 163 145 130 113 107 151 170 170 176 174 120 123 178 163 154 119 178 188 168 148 135 125 150 168 183 186 181 171 176 182 181 179 172
186 188 188 187 188 189 190 193 195 192 194 194 197 199 195 194 193 193 193 194 195 197 196 191 192 189 187 183 177 172 172 171 172 176 181 183 184 185 186 185 184 182 182 181 180 183 185 184 184 182 179 176 178 176 168 165 166 158 141 137 111 90 130 162 173 173 171 116 149 198 189 200 139 181 179 160 144 129 123 146 164 181 184 180 173 178 182 182 182 174
183 187 187 185 186 189 191 193 194 192 195 196 198 199 196 195 190 191 192 193 194 195 195 191 189 185 183 181 177 173 171 169 164 167 172 175 175 176 176 175 175 175 176 175 173 174 172 165 162 173 171 167 169 168 168 170 165 160 146 138 101 88 120 157 169 175 170 118 155 173 148 170 135 168 171 159 143 127 127 146 164 179 180 179 177 181 182 185 182 175
183 187 187 184 186 190 192 193 191 191 195 196 197 197 193 192 190 190 192 194 193 193 193 191 188 183 180 179 175 170 165 161 157 160 165 168 169 169 168 166 167 165 163 162 162 166 162 150 152 163 161 161 162 161 166 167 158 147 140 117 94 92 118 140 158 181 158 128 167 178 155 160 129 179 178 149 137 125 128 145 164 178 180 185 185 182 177 180 175 168
183 185 184 183 185 188 190 191 192 190 192 192 195 195 191 190 191 190 192 194 194 192 192 192 188 182 179 178 172 166 162 159 153 152 160 166 163 160 163 156 155 154 153 157 154 150 155 156 156 152 152 153 153 153 154 159 154 135 122 110 98 99 119 139 157 172 148 117 152 181 170 147 135 176 169 149 135 130 130 144 162 175 178 185 187 179 178 175 171 167
184 185 184 183 185 187 189 190 190 189 191 191 192 193 189 188 192 192 193 193 191 191 189 186 183 179 177 175 170 164 157 149 147 152 154 153 155 151 155 152 156 153 147 148 149 150 154 151 153 152 150 143 142 149 156 162 157 109 105 109 100 111 119 138 158 168 151 106 116 136 142 86 149 171 163 149 134 134 140 146 158 170 176 181 179 175 177 173 170 165
182 183 183 183 185 187 187 187 187 188 190 188 190 191 187 187 188 190 191 189 189 191 189 184 183 176 171 167 163 160 155 147 146 146 145 146 146 150 149 160 158 156 150 148 150 154 156 153 149 150 150 144 145 152 159 166 160 91 107 111 110 122 129 140 155 165 141 124 145 153 140 79 155 164 159 154 143 140 144 146 162 171 174 176 173 173 177 170 170 165
180 180 181 183 186 186 184 184 185 186 188 187 188 190 187 186 186 187 188 188 188 190 188 184 178 168 160 157 153 151 149 145 143 147 137 140 138 148 150 154 155 158 158 156 155 155 157 158 157 154 151 147 150 156 163 172 168 96 104 116 120 128 140 150 157 164 139 132 159 146 139 97 161 164 155 151 148 143 146 155 160 164 165 168 171 175 178 172 169 164
180 179 178 181 183 183 181 182 184 184 185 185 187 190 186 186 187 185 186 187 188 186 184 181 173 161 155 156 151 145 142 141 138 138 141 135 138 146 169 164 158 161 165 165 163 160 159 162 165 161 154 149 154 161 165 171 172 113 85 119 118 129 137 155 161 165 140 116 117 127 95 116 162 160 153 152 154 148 149 158 159 162 162 167 175 176 175 173 166 159
181 177 175 177 179 178 178 181 182 180 182 183 185 186 183 185 185 182 183 186 187 184 182 181 172 158 152 154 149 141 139 142 142 141 140 136 146 166 140 137 163 163 166 169 171 169 163 165 165 166 159 150 154 164 166 169 168 141 101 122 121 130 140 149 162 167 138 145 148 109 86 133 163 154 153 154 154 151 155 157 160 165 168 171 176 173 168 170 163 156
176 173 171 174 176 174 174 177 178 176 178 180 181 179 178 182 182 181 182 184 184 184 182 179 164 150 142 143 141 138 139 143 148 144 137 134 162 85 83 176 156 161 168 170 173 173 167 168 170 172 163 145 143 151 158 165 165 154 126 127 133 138 148 149 160 166 142 143 121 101 90 130 151 146 158 160 157 153 157 152 154 161 167 167 167 166 163 164 160 153
169 167 168 173 175 172 171 174 175 173 176 178 177 174 173 179 183 184 185 183 181 181 179 173 155 143 136 138 139 140 143 145 154 152 150 163 96 38 146 190 148 161 174 175 176 177 173 176 174 176 167 148 137 134 138 149 161 139 113 124 133 141 142 152 165 164 139 103 93 89 84 132 145 145 159 158 154 149 156 155 158 162 167 164 159 161 160 157 157 150
168 164 166 170 168 170 173 171 173 172 170 170 171 170 170 173 178 181 182 181 181 182 177 170 150 130 138 134 134 141 144 151 169 159 165 137 49 91 164 185 154 146 173 174 177 175 176 179 178 178 174 158 146 139 133 135 131 102 108 125 133 140 144 153 163 167 134 100 74 45 93 129 145 156 160 154 151 151 153 158 159 159 160 163 161 156 157 155 154 153
166 165 165 167 168 169 170 171 167 168 167 168 170 171 170 171 171 174 176 176 177 178 175 171 151 136 138 133 134 137 147 166 185 169 171 69 116 170 177 174 148 133 159 172 176 180 182 182 180 175 181 167 142 140 140 127 109 101 113 124 132 141 144 152 163 169 123 52 51 59 106 140 152 154 150 146 147 150 154 160 155 154 154 158 158 155 155 151 150 148
159 160 159 160 164 164 164 168 164 165 163 161 163 164 164 164 166 168 170 171 170 170 170 168 150 138 135 131 132 134 154 180 185 177 165 60 103 168 178 171 153 131 150 175 175 182 184 183 185 180 184 178 160 146 137 132 124 117 119 127 139 145 142 149 159 164 124 47 38 74 140 152 149 151 152 155 158 155 151 151 151 152 152 155 155 154 154 149 145 143
153 153 153 156 159 160 160 164 166 165 162 159 160 160 161 164 166 165 167 169 168 169 170 170 152 137 132 131 131 137 166 185 188 186 162 69 41 83 155 165 151 127 135 171 173 182 184 186 184 184 183 182 177 157 138 136 134 131 128 130 136 140 143 152 152 163 121 39 47 123 143 154 155 156 156 155 154 152 151 153 149 152 153 154 152 151 152 147 138 135
151 150 152 156 157 157 158 160 162 161 158 158 159 159 162 168 161 159 161 164 165 168 172 171 158 143 132 129 134 146 174 186 186 192 164 60 39 56 128 161 155 130 126 166 175 185 187 191 186 187 187 184 179 174 160 140 131 135 133 131 133 138 145 148 155 156 109 37 96 140 143 149 155 158 157 153 149 148 149 149 149 152 152 152 149 147 147 141 136 134
149 147 150 153 153 152 153 154 156 156 155 155 157 157 160 165 160 157 159 161 160 164 169 168 160 150 133 125 137 151 171 183 181 174 165 65 43 49 114 152 163 139 123 160 176 184 185 186 192 189 187 186 183 182 174 155 140 137 132 135 131 129 140 147 151 142 84 75 114 131 141 149 156 156 153 148 145 147 148 146 151 151 149 150 149 147 143 135 129 127
145 145 146 148 150 148 147 151 154 156 154 152 154 157 159 160 163 161 162 162 158 162 167 166 159 150 137 128 139 152 168 179 179 173 164 82 106 94 124 161 166 145 127 159 178 185 191 189 191 190 184 185 185 178 173 167 159 146 127 126 128 128 138 139 136 120 87 86 117 137 141 150 156 152 149 147 145 146 146 144 149 148 146 148 148 145 140 132 128 126
142 145 143 145 150 147 145 152 150 153 150 144 148 156 158 156 157 157 160 158 154 158 165 164 158 147 143 136 141 153 168 178 175 169 158 97 135 138 133 160 162 145 129 156 173 180 192 189 187 193 190 185 181 178 177 169 166 169 144 122 118 129 140 130 126 108 103 116 137 147 156 155 154 149 146 147 145 143 143 143 143 143 143 146 144 140 137 130 129 128
135 140 141 143 145 145 147 144 145 152 152 147 147 149 150 151 156 157 159 158 156 157 160 163 155 147 146 146 141 154 164 170 173 166 158 124 129 139 131 165 159 141 134 156 181 189 188 189 189 187 185 185 185 181 175 173 169 169 161 140 119 117 125 129 126 127 135 144 155 160 158 157 150 149 148 145 142 142 143 143 145 143 144 145 140 133 129 130 131 132
133 139 140 141 142 142 144 142 137 145 148 148 150 150 148 148 155 157 160 159 155 155 159 162 153 145 144 144 141 157 165 164 167 166 158 148 95 82 132 163 162 147 134 156 184 189 192 189 187 186 185 183 183 181 177 172 168 166 163 158 143 123 112 111 116 133 146 154 158 153 147 148 154 152 149 145 141 142 144 144 144 141 141 142 137 131 129 131 131 132
125 132 135 138 139 138 140 139 135 139 141 142 145 147 147 149 148 152 155 155 151 150 152 155 152 145 144 145 145 160 165 163 166 170 150 154 100 63 135 160 155 148 134 158 185 186 188 185 189 188 187 184 181 181 178 170 171 169 162 153 147 135 123 120 122 146 157 153 139 133 146 157 153 150 147 143 141 143 146 147 144 140 137 136 132 128 130 133 133 134
113 121 126 132 135 136 137 135 136 135 135 136 140 142 145 148 147 150 153 153 151 151 151 152 150 146 142 144 148 161 164 166 163 170 157 148 126 76 121 149 148 148 142 160 183 184 184 186 187 184 186 185 180 181 180 172 173 164 156 153 150 141 138 142 150 157 156 153 143 145 161 156 149 147 144 142 141 144 146 146 144 138 133 131 129 130 133 136 135 136
109 115 119 125 130 132 134 132 134 132 133 137 140 141 142 145 150 149 151 152 153 153 151 149 146 146 137 134 144 162 164 168 161 162 167 153 140 96 109 138 147 146 146 156 175 181 180 189 178 175 179 183 181 182 183 180 173 166 162 159 152 146 145 145 149 154 154 153 147 149 158 147 148 147 145 144 143 144 143 140 141 135 131 131 133 135 138 139 136 137
112 116 117 121 126 128 131 130 133 131 133 137 140 141 143 146 149 147 147 149 150 150 148 145 145 148 135 126 138 163 167 167 165 160 164 162 146 116 105 133 147 145 149 155 172 180 176 183 176 174 177 182 182 183 184 184 180 176 170 161 154 155 153 144 149 156 152 151 151 151 152 148 147 146 146 146 146 145 142 138 135 133 133 136 139 141 141 139 138 139
114 117 117 121 124 126 129 130 133 131 132 134 136 139 144 148 147 146 147 149 150 150 149 147 146 147 139 131 137 158 164 165 166 163 162 162 149 125 108 135 149 150 153 160 173 180 177 178 178 178 179 180 181 182 183 183 183 175 169 167 163 156 153 153 152 157 154 152 154 152 148 149 147 145 145 145 146 145 141 136 134 134 137 140 142 141 140 138 139 140
112 117 118 122 125 126 130 130 131 130 132 134 135 138 143 146 144 145 147 149 148 149 150 150 147 144 143 141 137 149 156 162 165 157 159 158 157 140 127 141 151 153 152 160 169 173 177 176 175 178 177 175 178 181 182 182 178 175 168 162 161 157 154 155 157 156 157 154 151 149 148 150 150 147 145 144 143 141 137 131 137 138 140 142 141 139 138 136 138 139
100 112 120 121 121 126 132 132 136 133 134 135 136 136 136 141 144 146 146 144 146 149 151 153 150 144 141 145 145 139 142 154 159 164 163 160 156 147 142 147 150 154 154 155 161 168 173 171 175 174 174 175 176 178 179 177 178 174 168 163 161 160 158 157 163 157 154 154 150 146 148 152 151 149 145 143 141 137 136 140 144 144 143 142 140 140 140 141 144 139
91 108 116 119 124 124 127 133 132 133 135 133 135 139 138 139 145 148 147 145 147 151 153 153 150 149 147 147 144 140 142 151 156 163 163 159 155 149 146 150 155 157 156 159 161 163 169 172 170 170 173 175 175 176 176 172 176 174 170 167 164 161 157 156 157 156 155 154 149 146 146 147 149 148 145 142 140 138 141 148 148 146 143 141 140 141 142 143 141 142
80 96 108 116 122 122 123 132 129 132 134 130 132 138 139 139 145 149 150 147 147 151 153 152 152 153 152 149 146 144 145 148 151 160 161 156 153 150 149 151 158 157 155 158 158 157 164 171 172 171 172 172 172 175 177 176 174 173 171 169 167 163 159 158 159 158 157 154 150 150 149 148 144 141 138 139 143 144 146 148 145 144 143 142 143 143 142 141 140 145
68 78 96 109 114 117 123 130 130 130 131 129 130 133 135 141 143 149 152 149 146 145 148 152 151 150 149 148 149 149 147 146 150 155 156 153 151 148 148 151 157 158 158 162 162 159 164 171 169 170 172 173 174 174 174 173 171 170 168 167 166 163 161 162 160 156 153 152 151 150 148 145 144 142 142 144 147 146 143 141 142 142 142 143 143 142 140 139 140 138
58 64 80 93 101 109 116 125 124 125 127 125 125 126 129 136 140 144 148 148 144 140 143 149 149 146 145 148 149 148 147 146 152 152 152 151 150 147 146 151 153 158 161 166 167 164 165 165 165 167 169 170 170 169 168 167 166 166 164 162 162 161 160 161 157 153 152 153 151 146 143 141 139 144 149 150 146 144 144 146 142 142 141 140 139 138 139 139 141 136
48 56 65 71 85 96 100 112 115 119 124 122 123 127 128 130 141 142 144 147 147 145 146 151 148 145 147 150 149 147 148 150 153 151 149 151 151 147 148 152 153 159 160 163 165 165 166 164 168 170 169 167 166 165 165 166 162 164 162 159 158 159 158 157 154 151 150 149 145 139 139 141 142 144 146 144 140 139 141 142 140 140 140 139 137 136 135 135 131 133
43 50 56 55 67 79 82 92 102 105 112 114 118 122 122 125 132 135 138 140 143 146 149 151 148 145 147 149 147 146 149 150 151 149 148 149 149 148 150 154 158 161 160 161 164 165 168 169 167 170 171 169 167 163 158 158 156 159 156 151 151 154 154 151 148 145 142 140 137 136 138 140 141 139 138 139 139 142 143 140 139 140 141 141 141 139 137 136 135 122
42 44 52 49 53 67 71 76 83 81 87 96 103 105 105 112 112 119 123 122 126 134 139 141 145 142 143 144 143 145 147 146 146 148 148 146 146 149 152 155 155 157 157 162 164 163 166 167 166 169 167 163 160 156 152 152 149 151 148 141 141 147 148 146 143 142 139 138 139 142 142 139 142 142 145 145 143 144 145 143 144 143 142 143 144 145 145 144 128 80
42 41 41 50 52 52 63 63 70 76 77 78 88 90 90 96 103 101 100 108 110 107 115 126 127 133 140 141 140 139 139 139 143 145 146 146 146 146 146 152 154 156 157 162 161 160 164 157 161 162 157 157 152 149 155 150 149 151 151 154 152 146 144 141 143 144 145 143 143 144 144 144 146 144 143 144 144 144 144 145 145 145 146 146 147 147 147 147 141 53
43 39 42 43 48 50 58 57 64 68 76 76 66 83 85 79 94 99 88 84 95 101 99 96 103 106 113 120 123 121 119 118 125 130 131 130 134 139 145 149 148 153 151 151 154 154 154 155 154 159 153 151 152 151 158 159 159 153 147 150 152 147 146 146 145 146 146 144 144 145 145 145 146 144 143 144 144 144 144 145 145 145 145 146 146 147 147 147 146 62
41 46 46 37 50 50 46 58 65 62 71 73 70 66 71 77 72 82 85 80 76 82 89 85 83 80 80 84 86 84 82 82 82 80 90 92 101 115 118 129 130 138 146 144 145 150 151 152 150 151 155 161 157 157 163 155 146 137 129 137 145 144 143 144 147 148 147 145 145 145 146 146 146 145 144 144 145 145 145 145 145 146 146 146 147 147 147 147 151 75
45 39 46 44 43 52 45 50 59 53 60 58 62 60 47 66 65 60 69 78 69 62 69 69 70 67 64 64 63 62 62 64 59 61 56 66 70 71 92 105 118 129 143 144 147 151 149 154 155 168 165 161 164 160 153 147 142 137 132 140 149 148 146 146 147 147 147 146 146 146 147 146 146 145 145 145 145 145 146 146 146 146 147 147 147 148 148 147 150 86
53 44 44 50 47 62 49 47 61 61 44 67 54 54 45 51 58 64 63 64 67 69 66 56 61 65 66 63 58 56 56 56 57 56 55 58 59 72 109 142 156 158 144 119 124 149 159 167 176 136 103 115 141 146 143 144 142 144 141 143 148 147 146 145 146 146 146 146 146 147 146 146 146 146 145 145 146 146 146 146 145 146 147 146 147 148 148 147 149 97
43 50 43 45 44 55 46 48 55 63 40 61 55 53 53 48 49 47 48 56 58 58 60 58 50 58 62 59 55 56 57 57 49 60 56 62 62 79 135 168 140 106 86 79 76 92 117 133 121 78 78 119 143 149 152 149 152 158 152 146 146 146 147 147 146 146 146 146 147 147 147 146 146 146 146 146 146 147 147 146 145 146 147 146 146 147 147 147 151 113
52 46 42 43 44 59 70 42 54 67 67 39 49 58 44 43 48 40 40 47 45 47 53 48 51 54 55 53 51 51 52 53 50 51 67 85 104 129 149 166 145 114 103 99 76 74 97 104 100 117 137 151 163 168 163 158 164 169 160 150 147 145 146 146 147 147 146 147 147 147 147 147 147 147 147 146 147 147 147 146 146 147 147 147 147 148 148 147 153 127
50 50 50 42 45 57 85 51 45 69 60 39 47 47 49 45 45 47 42 41 44 42 44 47 44 43 44 47 48 49 49 50 54 64 101 129 142 146 140 145 175 177 159 129 96 81 92 100 125 149 167 169 172 174 167 160 161 165 157 150 150 148 148 149 149 148 147 147 148 148 147 147 147 147 147 146 147 148 147 146 147 148 148 148 148 149 149 148 151 132
47 45 49 42 44 49 66 64 48 53 56 40 40 47 49 49 53 41 42 45 42 43 45 46 44 45 43 43 49 46 49 52 58 92 102 90 118 138 143 145 162 172 169 144 118 95 82 94 121 146 160 153 156 156 155 153 160 154 149 148 149 147 146 146 146 146 146 146 146 145 145 144 144 145 145 145 146 147 146 145 146 146 147 146 146 148 149 147 146 144
123 66 37 45 57 43 50 61 48 53 56 40 40 47 49 48 54 41 42 45 42 43 44 45 44 45 43 44 51 47 51 54 62 110 125 94 91 93 103 117 113 133 149 143 130 111 99 110 131 150 154 139 140 147 154 157 155 150 145 145 147 146 145 145 146 146 146 146 146 145 145 144 144 145 145 145 146 147 146 145 145 145 146 145 145 147 148 146 151 149
