132 133 132 132 131 133 137 134 134 136 132 131 133 134 135 133 132 131 132 132 130 129 131 134 132 135 136 135 134 132 130 130 135 127 134 130 132 133 132 134 132 132 131 130 130 131 132 131 130 131 131 129 129 130 130 129 128 128 128 128 128 129 129 129 130 130 131 131 131 131 131 131 131 131 131 131 131 131 131 130 130 131 131 129 129 131 131 129 127 127
133 136 131 130 132 130 131 134 131 131 130 132 131 131 133 130 133 131 130 131 131 131 130 129 132 133 129 129 133 131 129 135 131 132 132 133 132 130 133 130 131 131 131 130 129 129 127 126 129 129 129 129 129 130 130 129 129 129 128 128 128 128 128 128 130 131 131 131 131 131 131 131 130 130 131 131 131 131 131 131 130 130 130 129 129 130 130 129 127 127
134 130 128 134 134 128 130 134 134 130 129 131 129 129 133 130 131 128 128 129 129 130 132 133 131 131 130 131 134 132 129 130 131 132 131 131 130 132 132 134 130 131 131 131 130 130 130 129 128 128 128 129 129 129 129 130 130 129 129 129 129 129 129 129 130 130 131 131 130 130 130 131 129 129 130 130 129 129 129 129 131 130 129 129 129 129 129 129 127 127
132 134 132 131 131 131 134 133 137 134 133 137 134 128 132 134 127 123 121 125 131 135 137 137 135 132 134 132 129 135 138 128 132 133 133 137 127 130 135 131 131 131 131 131 131 131 133 133 129 128 128 129 130 129 129 131 130 129 129 130 130 131 131 131 130 130 130 130 130 130 130 130 130 131 131 130 129 128 128 128 131 129 128 129 129 128 128 129 128 128
132 136 131 132 137 134 132 133 127 137 125 101 88 81 69 53 51 48 47 47 50 58 69 75 81 83 98 116 126 130 115 86 94 128 130 134 136 128 131 132 133 132 132 131 130 130 130 131 131 130 129 130 130 129 129 131 130 130 130 130 131 131 131 131 130 130 130 130 130 130 130 129 131 132 132 131 130 129 129 129 130 129 128 129 129 127 127 129 128 128
136 136 137 135 130 136 142 132 119 96 58 37 37 35 32 31 31 30 31 32 32 33 33 33 31 35 44 55 62 60 52 44 58 87 128 133 132 136 138 132 132 132 133 133 133 131 131 131 132 131 130 130 130 129 129 130 131 130 130 130 130 130 129 129 130 130 130 130 130 130 130 130 129 129 130 130 129 129 129 129 130 129 128 128 128 128 128 128 128 128
134 131 133 134 134 136 109 57 39 35 29 32 35 30 29 33 33 35 39 40 37 35 36 35 36 37 37 37 38 39 41 46 46 63 100 110 132 134 133 134 133 132 133 134 134 133 132 132 131 131 130 129 129 129 129 129 131 130 130 130 130 130 129 128 130 129 129 129 130 130 129 129 127 127 128 128 128 128 128 128 129 129 129 128 128 129 129 128 127 127
131 135 129 118 93 53 29 28 35 37 35 35 33 32 36 37 42 42 42 40 37 35 35 34 35 35 37 35 33 38 41 39 40 54 50 77 132 115 129 132 137 135 133 133 132 130 129 129 130 131 130 128 128 129 129 128 130 130 130 130 131 131 130 130 129 128 128 128 129 129 128 128 129 129 129 129 129 129 129 128 129 130 129 127 127 129 129 128 127 127
137 123 88 52 37 31 30 36 37 34 35 35 32 33 38 40 43 41 43 45 40 42 45 35 39 35 36 39 35 34 35 34 34 43 45 79 143 126 94 108 139 149 156 160 158 151 145 139 138 135 135 136 131 129 127 135 135 134 136 136 131 129 130 132 131 131 130 129 128 128 128 128 128 129 128 127 128 129 128 126 128 128 128 128 128 128 128 127 127 127
105 54 30 37 36 35 37 31 32 33 35 34 33 37 45 48 48 54 49 44 44 44 43 41 31 35 36 33 32 36 39 39 46 43 43 86 142 181 140 111 126 142 151 156 161 161 160 160 162 164 160 151 149 152 150 139 147 160 159 153 153 142 128 127 129 129 130 130 130 130 129 128 129 129 128 127 127 129 128 127 128 128 128 128 128 128 127 127 127 127
21 36 35 30 36 33 29 36 33 35 36 33 33 42 55 61 61 59 56 52 44 44 46 37 42 38 35 39 43 40 37 41 40 39 40 53 110 164 187 161 145 156 163 168 173 179 182 178 173 177 182 175 168 162 171 163 172 175 174 177 182 170 146 131 130 130 131 131 130 129 128 127 129 129 128 126 127 128 129 128 128 128 128 128 129 128 127 126 126 126
36 33 33 33 32 33 35 33 34 36 38 37 36 40 49 57 67 70 63 59 61 55 48 46 41 45 45 41 39 41 46 51 51 48 51 42 78 131 142 134 112 122 148 174 174 161 154 148 144 146 149 164 184 157 158 171 173 177 180 182 186 183 161 134 128 129 129 129 128 128 128 129 129 129 127 126 127 128 129 128 128 128 127 128 128 128 127 126 125 125
37 35 35 35 34 34 35 33 33 32 33 34 34 38 50 63 78 81 74 73 73 61 53 55 54 53 58 70 87 107 121 123 123 117 113 104 77 84 96 110 125 124 125 131 132 133 135 131 131 128 125 130 152 155 171 171 178 191 187 176 184 190 166 134 129 130 130 129 127 126 126 126 128 128 127 127 128 128 128 128 128 127 127 127 127 127 127 126 125 125
31 31 32 33 34 33 33 34 34 33 34 36 36 36 49 65 84 84 87 90 84 78 81 84 85 94 117 141 149 149 147 143 141 137 141 143 127 153 201 156 128 138 135 130 131 131 130 127 127 130 129 125 129 120 125 124 127 131 135 142 155 164 151 126 127 128 129 129 128 127 127 127 128 128 127 127 128 128 128 127 127 127 127 126 126 126 126 127 125 125
36 38 34 30 32 35 36 38 35 35 34 34 37 46 68 92 103 113 112 110 111 105 109 120 126 139 151 151 145 143 143 140 144 143 148 148 142 142 134 109 119 124 128 136 143 143 145 145 141 139 144 142 135 134 136 129 134 125 125 127 123 123 126 123 125 125 125 126 127 129 130 131 128 127 127 127 128 128 127 127 126 126 127 126 126 125 126 127 125 125
34 33 34 37 43 50 50 42 38 42 42 42 48 65 95 122 126 130 133 130 124 124 133 135 143 144 145 146 148 144 139 137 143 141 146 135 128 150 151 124 125 135 137 126 122 145 161 146 150 150 150 150 147 146 138 139 128 134 130 126 130 132 131 133 133 131 127 124 123 123 124 125 128 127 127 127 128 128 127 127 125 126 127 127 126 125 126 126 124 124
33 29 33 38 37 35 34 32 36 41 41 45 73 112 137 145 149 148 145 145 144 146 149 143 148 152 142 145 140 133 121 123 132 142 148 137 152 148 133 121 120 126 139 149 142 111 129 167 157 160 154 154 149 154 145 147 136 136 135 129 128 131 131 135 129 133 136 133 129 127 126 122 124 124 128 128 128 130 126 122 126 127 127 125 125 125 125 125 124 124
31 33 34 32 32 35 35 33 37 37 48 77 116 147 157 153 152 153 151 148 147 151 153 150 146 145 150 135 120 107 101 103 116 154 148 144 150 154 156 139 133 121 131 132 148 161 125 119 161 168 162 161 159 158 155 141 144 139 137 133 132 134 134 136 133 133 135 136 135 136 133 128 126 122 122 122 123 125 125 127 122 123 126 128 126 122 123 125 124 124
33 37 34 30 32 35 35 35 36 47 76 113 141 156 157 151 149 151 152 147 146 149 148 148 146 138 141 100 83 73 85 101 130 159 139 137 140 152 162 153 137 134 130 139 154 155 172 140 122 173 166 166 160 166 162 157 154 144 140 138 135 136 135 136 138 134 134 136 138 140 138 135 130 128 126 120 119 125 126 126 125 126 125 122 123 126 126 123 124 124
30 33 32 34 38 34 33 40 54 83 120 143 150 152 152 152 156 157 159 156 155 154 148 150 142 131 119 79 74 71 87 115 158 140 131 132 138 139 144 151 148 149 143 144 152 154 161 170 135 127 183 169 175 167 165 161 154 143 142 143 138 137 138 139 137 134 134 135 136 137 140 140 137 130 128 125 122 119 117 120 128 124 122 124 125 123 123 126 124 124
34 35 32 31 34 37 54 80 114 134 148 150 151 153 155 159 160 159 159 159 159 155 149 148 137 117 89 69 70 71 93 140 166 124 129 134 131 108 139 159 160 161 151 149 162 167 166 167 180 130 145 174 171 180 166 155 153 144 145 146 138 134 136 139 143 140 139 138 134 133 134 134 136 135 133 126 122 122 117 113 113 121 126 125 124 124 124 122 124 124
31 36 35 33 41 59 92 125 144 153 155 155 161 163 160 163 161 159 156 158 158 156 153 146 122 106 84 82 71 67 92 157 148 126 135 138 107 74 145 165 161 158 163 157 163 166 179 169 173 172 122 174 175 172 165 162 151 143 145 145 138 134 135 140 138 138 140 142 141 141 141 139 138 131 130 130 127 123 119 120 114 113 116 123 126 125 123 124 124 124
32 34 35 43 66 97 129 153 158 163 163 161 164 164 162 164 158 160 155 158 157 158 159 142 124 116 99 92 83 82 99 170 143 140 137 120 63 65 149 165 145 157 163 169 170 174 178 184 184 184 140 158 177 177 165 170 150 141 138 139 139 138 138 142 137 140 144 145 144 145 145 143 135 131 130 126 124 125 122 119 118 114 110 110 116 124 125 122 124 124
35 33 40 66 105 137 153 158 160 167 169 166 164 165 164 162 160 166 161 163 161 164 167 141 135 125 97 76 88 101 104 166 146 145 137 104 37 81 146 156 141 146 168 167 172 178 180 180 185 189 171 134 174 184 174 163 159 146 137 135 137 136 132 134 139 143 147 146 143 144 146 145 141 134 131 128 126 125 121 121 117 114 109 106 105 110 117 123 125 125
35 41 61 98 131 151 162 164 170 171 175 174 170 173 174 165 167 168 168 163 162 166 163 151 139 130 109 90 88 103 126 158 156 143 134 73 33 90 159 158 131 144 166 164 171 174 181 185 194 195 194 126 154 173 177 167 161 151 141 134 127 124 126 127 131 137 140 144 149 147 139 141 139 127 130 128 124 124 118 122 119 117 115 110 111 112 109 115 120 123
34 52 83 122 150 162 167 166 167 172 175 174 175 178 177 173 174 175 174 168 166 171 169 158 149 123 111 84 77 101 121 150 165 144 123 53 36 92 164 163 123 137 167 167 175 181 186 189 197 198 192 131 134 158 167 159 152 145 136 132 122 108 115 114 120 118 120 126 136 140 139 143 136 124 125 129 125 123 123 121 120 117 116 113 115 115 108 109 116 118
44 72 109 141 158 163 166 166 168 175 173 171 178 181 180 181 178 179 177 171 170 176 176 167 157 128 107 77 86 94 141 148 164 150 116 46 45 81 157 160 112 128 168 169 173 182 185 187 194 196 190 146 121 141 153 146 146 133 129 112 114 110 103 103 96 86 90 106 127 137 141 140 137 126 122 127 123 124 130 125 125 121 116 111 112 112 109 111 112 114
63 97 132 154 163 164 168 171 172 179 179 178 185 187 184 185 190 188 184 179 177 178 178 174 167 137 98 72 84 76 139 145 175 155 97 43 96 115 139 164 103 123 171 171 173 183 186 190 185 187 182 154 119 126 137 136 132 122 120 101 106 99 93 106 112 96 96 112 128 136 142 138 142 138 136 134 128 125 124 116 125 123 120 114 110 107 107 110 113 115
79 115 147 165 171 171 175 178 180 181 178 177 182 187 190 192 191 187 184 184 184 183 184 186 181 133 90 81 81 92 122 135 171 146 98 42 93 130 128 151 104 123 171 170 170 177 177 178 175 177 170 146 116 112 124 127 127 116 99 99 101 86 106 121 132 113 96 114 127 135 148 149 145 147 149 137 131 131 122 120 128 127 123 117 111 106 107 109 112 114
98 132 157 169 175 176 178 182 180 178 177 180 184 190 193 192 193 188 186 187 187 184 185 190 185 142 94 73 67 112 134 128 160 136 94 38 28 70 119 139 105 125 170 173 177 180 177 175 167 168 162 140 112 101 110 114 113 107 100 103 97 105 129 135 139 109 67 102 126 139 148 147 147 150 152 138 135 138 130 135 136 133 126 122 117 111 110 108 109 111
121 149 166 172 179 181 183 187 188 185 184 188 192 196 197 196 191 189 188 189 190 190 193 197 193 147 84 75 74 109 129 109 142 129 83 56 42 48 99 125 101 126 169 176 180 176 170 167 165 156 154 144 106 88 92 101 102 107 118 121 116 141 140 133 141 104 44 104 142 153 153 153 153 155 156 149 145 140 133 135 137 135 131 132 128 121 115 107 110 112
130 156 169 174 182 184 186 190 191 190 192 197 202 201 196 191 190 191 189 187 188 190 192 195 192 165 93 82 76 121 125 99 124 115 74 34 29 40 79 113 93 124 168 179 183 175 169 167 166 145 145 146 98 74 78 95 111 131 140 149 138 148 145 149 140 106 41 114 151 155 155 163 161 159 154 154 149 140 138 138 139 137 132 133 130 124 122 114 108 110
138 160 173 177 184 190 195 202 195 202 207 205 199 198 198 189 186 188 186 182 187 193 192 194 190 173 115 76 65 110 117 94 113 108 81 40 49 41 84 96 87 126 168 175 176 176 169 163 158 150 138 145 89 78 83 108 128 143 158 159 144 150 157 145 139 117 47 78 152 154 161 161 161 154 152 162 156 149 145 140 141 145 141 144 135 131 132 123 115 109
146 163 176 179 183 189 195 201 202 206 206 205 203 200 199 194 186 180 177 178 181 184 188 192 190 178 128 83 74 72 132 99 107 96 77 41 45 55 89 91 97 144 175 182 173 171 166 164 157 133 165 126 90 103 119 127 146 153 159 156 161 158 167 147 141 122 44 49 119 154 163 161 158 158 162 162 155 159 151 141 140 149 144 144 144 142 141 136 126 119
148 160 173 179 182 189 198 204 210 202 206 208 195 194 199 189 187 181 182 186 184 183 188 190 191 178 134 95 92 83 98 107 93 104 86 63 39 70 84 96 125 157 168 149 143 175 167 170 148 130 169 101 120 131 129 141 150 153 164 162 166 158 163 161 144 114 43 26 75 148 157 157 157 160 161 161 157 158 154 154 147 149 143 146 150 144 141 139 135 128
149 160 171 179 184 190 199 207 204 192 197 204 196 197 200 182 182 181 181 181 178 180 189 193 187 172 154 102 85 93 93 111 85 107 92 78 66 62 97 118 149 165 169 147 146 178 168 166 141 170 122 124 132 141 140 148 149 159 159 160 157 161 165 159 148 106 35 43 57 134 153 151 151 155 148 155 158 156 155 157 155 155 151 145 141 139 145 141 137 130
149 161 170 176 183 186 191 201 202 202 198 196 193 192 195 193 193 186 177 179 185 188 191 189 182 173 147 123 85 87 110 117 98 95 99 87 83 89 113 140 155 169 173 172 170 171 175 167 168 142 126 157 168 171 163 155 149 158 154 163 156 152 168 159 136 80 45 91 103 93 141 148 138 145 149 150 147 152 153 153 156 158 158 149 150 149 148 137 139 131
147 161 169 174 182 184 187 197 193 197 197 197 197 196 197 194 186 183 177 181 183 180 186 190 175 155 135 116 104 83 102 118 118 87 106 99 98 111 120 141 168 171 176 177 175 170 176 174 146 125 156 182 175 175 166 154 114 131 166 158 151 155 169 166 126 74 50 103 110 103 132 153 146 140 147 146 137 146 146 151 159 155 156 155 161 145 140 145 144 135
148 161 171 177 183 186 190 197 192 191 195 198 190 188 193 189 185 178 170 175 177 180 192 193 179 154 130 106 98 106 101 115 119 110 91 122 126 133 144 159 166 168 177 172 176 185 153 128 115 150 179 185 175 177 168 136 71 84 145 150 152 163 165 171 121 71 70 130 167 168 142 136 164 158 142 140 139 140 142 150 151 151 159 160 164 141 139 153 147 138
147 158 170 176 178 182 187 191 192 188 184 189 191 187 186 187 192 182 171 174 177 184 192 178 164 161 134 100 94 84 102 114 123 136 111 94 135 149 151 149 162 145 147 171 158 131 108 129 166 175 177 174 177 171 158 110 39 65 112 141 148 164 171 169 124 79 71 136 188 193 165 138 157 188 155 141 138 128 141 152 154 153 156 146 159 161 161 149 147 138
140 155 163 171 179 180 181 184 187 191 186 185 187 189 189 183 181 188 184 175 173 178 179 172 163 157 139 127 114 116 113 114 123 135 148 124 144 144 136 126 155 136 112 116 110 131 158 182 179 178 176 177 170 165 151 113 33 85 112 120 148 166 173 165 131 88 107 189 193 211 167 126 141 190 192 140 133 116 129 135 156 158 160 162 162 166 165 150 132 125
129 148 158 166 175 179 181 182 183 183 182 186 186 180 183 187 188 185 177 174 171 170 175 179 173 163 144 135 127 131 129 129 136 137 159 149 174 150 117 106 103 111 123 157 159 171 183 179 180 175 176 185 179 164 154 135 71 78 119 126 142 158 171 167 131 102 79 155 191 203 168 137 142 182 199 145 125 109 120 135 147 153 162 165 162 166 165 147 130 123
126 146 156 162 170 175 177 177 181 183 180 178 177 179 186 191 185 186 178 172 171 172 178 180 177 169 156 152 147 148 143 142 151 153 149 143 199 147 129 118 114 134 155 175 178 185 179 178 178 179 188 202 190 162 150 146 116 93 113 124 137 148 155 164 134 104 79 167 215 219 192 157 151 174 202 146 113 97 106 130 148 160 167 167 164 165 160 145 132 126
128 145 154 159 166 170 174 175 170 173 174 176 181 187 191 191 187 183 175 174 174 170 173 179 176 172 166 165 161 158 156 157 147 170 161 158 198 140 121 104 141 172 179 191 188 181 183 182 184 192 205 211 190 158 142 136 128 115 105 121 119 123 130 150 143 102 96 175 205 206 192 160 148 161 190 148 116 99 103 127 141 156 161 163 166 160 148 138 127 122
126 140 150 159 165 167 171 174 172 165 168 177 182 182 183 188 192 187 175 171 173 172 174 178 176 172 168 163 159 153 154 156 156 174 182 177 158 159 130 132 178 175 175 176 176 182 179 175 183 188 196 195 177 157 145 135 124 113 91 100 96 110 134 148 146 107 98 154 196 207 189 146 147 154 170 139 115 96 102 123 142 148 149 154 159 152 140 130 127 121
127 140 150 160 165 164 166 168 168 163 166 170 173 178 182 186 183 186 175 167 171 179 180 176 171 166 163 156 153 145 146 147 151 156 173 167 127 163 130 138 164 167 159 166 170 169 176 169 169 166 168 170 163 155 146 135 125 113 96 86 101 117 140 144 148 114 88 121 174 199 188 125 141 152 157 137 119 96 101 117 133 131 134 147 154 150 142 130 135 129
130 142 151 157 160 159 161 160 158 161 169 168 167 173 174 172 177 177 169 170 176 176 176 176 164 160 159 150 148 141 144 145 143 142 151 143 108 143 121 121 144 151 154 158 167 165 163 163 159 155 155 156 156 150 138 131 127 119 100 76 100 119 146 164 156 111 88 123 178 206 203 129 150 160 156 136 118 95 101 115 130 133 137 151 162 155 139 127 130 124
128 141 148 151 153 156 158 156 154 151 160 164 164 166 168 172 181 185 177 172 177 179 177 174 167 161 156 140 134 127 133 136 139 134 145 139 86 127 115 112 136 138 140 143 142 142 152 145 152 154 154 153 155 151 140 137 132 120 87 69 90 116 149 169 149 98 95 139 188 205 207 149 144 155 150 133 117 97 103 115 125 134 127 133 151 144 128 124 123 117
127 137 147 149 149 151 153 151 150 150 155 159 160 164 167 166 170 176 178 172 175 183 181 179 169 159 154 138 128 123 124 130 128 134 135 132 87 110 93 93 112 125 130 128 128 133 137 136 142 137 145 147 152 147 138 138 107 90 80 72 86 104 132 156 134 90 104 145 192 212 210 154 150 159 151 134 117 101 103 118 128 119 120 133 137 132 128 123 121 119
124 136 145 147 148 150 151 150 151 149 152 156 159 161 163 165 162 169 176 177 177 184 187 181 172 163 155 138 126 118 115 124 123 131 130 119 144 137 109 115 113 106 87 93 114 124 129 128 124 132 138 140 147 144 138 123 62 86 86 83 87 106 122 140 117 90 99 145 192 210 203 144 143 161 154 133 118 104 106 120 123 120 122 134 138 132 128 123 121 120
121 136 144 143 146 147 147 148 149 155 156 154 155 159 161 161 169 172 176 179 175 179 186 175 162 155 139 122 118 110 100 112 113 118 115 120 130 109 122 127 100 118 120 100 90 96 103 114 109 122 123 128 137 137 136 111 40 92 99 87 82 97 116 134 115 94 83 112 142 165 129 84 134 152 141 123 122 114 109 116 123 126 118 123 139 137 128 129 124 122
125 140 146 144 147 148 147 149 151 155 155 153 152 150 153 162 167 169 169 174 172 174 183 170 163 147 133 115 95 92 93 100 116 142 129 116 115 112 109 110 109 121 102 98 107 94 89 95 113 117 114 120 130 135 142 126 47 82 98 87 92 100 118 129 111 94 108 141 149 176 147 100 125 140 132 122 124 116 110 116 118 121 120 124 132 135 134 129 123 121
126 139 143 141 145 147 147 150 147 155 152 142 142 148 153 156 160 166 166 173 174 174 179 171 166 152 120 93 82 81 80 102 148 131 116 117 119 108 112 106 97 111 120 111 106 107 98 93 99 101 115 125 134 140 147 140 78 75 91 91 93 98 111 124 118 98 114 150 175 189 147 97 128 131 127 129 131 120 113 117 124 129 121 123 138 141 136 132 127 125
127 136 140 140 144 147 148 151 143 145 145 145 147 149 149 150 158 166 166 169 170 169 172 172 159 149 118 93 79 77 83 121 157 113 122 114 113 117 108 114 109 96 92 113 118 110 112 105 99 100 123 131 136 143 146 144 134 94 88 97 93 105 112 126 123 107 107 120 135 151 84 96 127 122 123 134 137 127 121 120 124 127 133 140 139 140 137 126 121 119
135 139 142 144 146 148 149 150 145 146 141 134 135 147 154 153 153 158 159 161 164 165 167 170 165 152 103 76 70 68 80 144 131 116 113 109 116 130 126 120 112 115 107 106 121 122 115 122 96 90 109 120 128 137 141 141 135 98 90 100 93 102 111 125 126 101 110 131 133 147 75 105 113 119 128 137 133 123 123 125 123 128 128 132 135 132 127 122 117 116
138 139 141 143 144 144 144 143 143 142 140 134 132 141 151 151 153 154 158 162 167 169 166 166 168 147 102 79 65 62 83 155 112 121 107 106 134 139 134 126 122 120 119 123 123 126 130 123 116 93 95 104 113 123 133 136 116 92 93 99 101 101 114 119 129 107 113 134 150 129 87 109 111 121 131 135 130 122 120 118 123 127 129 131 129 124 125 124 123 121
136 135 141 146 144 140 140 139 137 135 136 138 141 145 150 151 153 154 156 158 160 160 160 161 162 144 99 80 67 43 121 139 106 112 108 112 106 56 83 123 125 123 126 129 129 130 132 131 131 109 97 102 98 113 116 115 96 90 96 102 107 109 110 124 132 117 89 109 102 50 72 109 112 126 132 131 127 123 122 120 123 128 130 128 127 127 125 123 126 124
133 137 143 146 145 143 141 138 138 136 134 135 139 143 145 147 150 150 150 152 154 156 158 159 158 138 89 66 56 43 146 105 109 116 118 88 33 49 136 135 132 130 130 132 132 136 141 143 144 138 104 115 111 110 94 91 100 96 99 102 107 109 111 129 134 123 89 100 97 61 85 105 121 127 127 125 123 121 123 124 122 125 126 125 125 125 125 125 124 122
130 139 143 141 142 142 139 137 132 134 134 135 140 142 144 148 148 147 147 148 150 152 155 156 157 130 83 69 56 48 148 92 116 130 106 46 48 83 151 138 132 133 135 137 139 143 150 154 158 165 106 121 121 118 102 102 99 99 103 107 114 113 112 128 134 130 83 61 57 57 100 114 123 126 125 125 124 121 122 124 121 122 122 122 124 125 126 127 125 123
130 140 140 135 137 137 134 135 127 133 135 136 140 139 140 147 146 145 146 148 148 149 151 152 149 118 71 61 52 70 127 100 136 133 76 44 123 151 141 135 122 128 135 141 144 148 153 158 163 175 117 126 126 123 115 112 105 102 103 106 112 111 110 121 124 131 80 31 35 66 108 117 119 126 127 128 126 121 121 122 120 121 121 121 123 126 126 126 120 118
129 138 137 133 133 130 127 132 129 134 134 134 136 135 135 141 143 141 143 145 144 144 147 148 138 97 62 54 46 78 110 128 142 127 46 35 53 131 134 126 111 122 132 140 146 150 154 161 168 179 136 130 134 128 123 116 117 110 110 113 112 109 108 112 121 124 76 25 47 91 113 115 122 129 128 126 124 121 121 120 118 122 122 121 123 127 125 120 114 113
124 131 133 132 132 126 123 128 130 131 129 130 133 134 135 139 140 137 139 142 141 142 145 146 133 83 67 61 51 74 114 144 146 109 51 52 33 60 120 129 107 120 130 137 146 150 156 165 171 179 149 131 145 139 136 129 123 116 116 118 114 109 109 110 116 110 66 26 60 98 110 119 128 132 127 123 122 121 120 116 118 123 124 122 123 125 120 115 114 112
114 122 128 129 127 123 121 125 126 126 126 127 130 132 135 138 137 132 134 138 139 140 141 139 122 81 64 56 53 79 128 131 136 108 30 34 26 47 109 129 104 120 131 139 148 152 156 165 167 173 154 137 150 143 142 136 132 120 110 108 107 106 108 111 105 102 63 40 72 96 110 123 131 132 125 121 120 118 118 117 121 122 123 124 124 121 115 112 111 110
106 116 123 124 122 121 121 123 120 122 126 127 124 125 129 132 132 126 129 135 137 137 135 130 111 77 54 53 55 76 129 135 136 90 30 48 64 50 105 128 102 120 134 143 152 154 155 162 166 167 154 142 147 142 149 144 142 128 110 107 110 108 106 106 106 106 69 56 88 105 121 127 134 132 123 118 115 113 118 124 124 122 123 126 125 118 112 112 110 108
106 117 118 113 111 112 117 120 115 117 123 126 124 125 130 133 133 128 124 128 131 131 128 128 108 78 52 51 50 73 121 135 128 85 36 84 105 59 107 129 110 116 140 141 156 158 160 161 160 171 144 143 141 140 147 149 145 134 116 108 101 102 113 109 115 101 87 88 107 124 128 126 132 129 122 118 118 116 118 126 128 127 126 123 117 112 110 110 106 106
102 115 119 117 114 114 117 118 117 118 119 121 124 125 126 127 128 124 124 126 127 130 127 119 100 71 56 53 48 79 118 129 120 84 48 108 110 76 117 121 103 113 142 148 158 157 162 163 164 169 139 145 138 136 147 146 141 134 119 109 99 99 112 111 112 109 106 110 123 133 133 131 127 122 118 116 115 115 118 122 124 123 121 119 114 111 110 110 107 106
97 110 116 117 115 113 115 116 116 118 117 116 122 124 122 123 124 122 123 123 123 129 126 112 84 67 52 47 57 87 104 129 124 91 40 102 90 69 126 131 113 122 146 155 159 156 161 154 162 166 141 145 135 139 140 144 141 137 127 118 105 99 106 104 114 118 121 125 132 135 134 132 125 120 117 115 113 115 118 118 121 119 118 116 114 111 111 110 108 108
95 107 113 115 115 114 115 116 113 117 117 115 117 120 122 124 124 123 122 121 122 128 123 107 85 65 53 57 66 92 102 125 126 100 47 47 44 84 125 129 119 133 156 162 156 153 164 158 155 171 143 145 136 140 138 141 137 134 127 123 114 109 111 107 113 120 128 134 139 137 131 126 127 125 121 118 117 118 119 118 120 119 119 118 115 112 110 109 106 106
92 102 106 110 113 111 112 112 111 113 115 115 113 116 121 123 123 123 122 120 122 123 113 99 82 72 57 61 72 89 98 115 126 109 67 37 40 85 120 135 128 143 161 164 157 156 163 156 160 175 141 146 138 135 142 138 138 133 127 123 117 114 116 115 118 124 129 133 137 135 130 127 126 127 124 120 121 121 120 122 122 121 121 120 115 111 110 109 110 111
87 96 102 108 112 109 108 108 110 109 112 114 112 114 119 118 120 122 120 118 119 116 103 90 69 73 58 56 76 86 95 107 120 115 73 43 45 75 119 129 133 144 156 160 162 163 160 155 173 160 146 144 134 138 138 140 135 131 128 125 120 117 118 119 125 128 128 127 127 127 125 125 123 126 123 120 123 123 122 125 124 122 121 118 114 110 110 110 112 112
85 95 102 109 112 109 108 108 106 107 110 113 113 113 115 116 117 120 120 116 114 113 102 86 67 63 61 60 78 89 104 99 115 116 92 52 43 76 114 132 138 149 159 159 156 154 149 161 170 144 152 143 136 143 136 142 140 136 133 128 122 116 114 115 124 127 127 127 129 127 122 119 127 126 124 124 125 124 124 125 124 121 120 118 114 112 112 112 107 107
80 91 98 105 107 103 103 105 102 106 110 113 115 112 112 118 117 118 120 115 110 113 106 88 69 60 59 57 86 90 97 92 106 121 98 65 54 82 115 125 141 148 153 152 153 151 147 171 151 144 149 146 144 139 143 140 143 136 130 126 122 120 118 120 126 126 124 127 133 135 132 128 134 129 128 128 127 126 126 124 122 120 119 119 117 116 114 113 114 114
80 89 96 98 101 103 102 101 102 103 107 112 112 111 112 115 115 115 118 117 113 112 109 101 79 66 65 59 81 106 95 103 80 121 113 81 65 92 117 127 140 146 148 151 147 147 172 142 144 146 146 146 142 142 146 140 136 135 128 121 121 122 123 126 126 122 124 129 133 135 137 136 133 130 131 131 127 128 129 125 123 121 118 117 117 116 114 112 116 116
80 85 90 94 98 97 97 98 100 102 106 108 108 108 111 115 114 116 119 117 112 110 107 101 88 66 66 55 74 106 99 109 98 84 109 101 91 96 120 127 135 137 142 144 146 166 127 145 145 145 142 144 142 136 137 137 135 134 129 124 123 123 125 129 129 128 129 132 134 133 133 133 131 131 131 130 128 126 125 124 122 122 121 120 118 116 115 114 115 114
76 80 83 87 90 92 92 94 98 100 103 104 105 107 110 112 113 115 115 114 114 112 109 105 108 84 76 62 68 93 95 101 113 89 88 117 110 108 115 126 132 129 137 135 143 130 143 144 141 143 141 143 143 136 132 133 134 133 129 126 124 122 124 128 127 129 129 131 133 131 130 131 131 133 132 131 130 125 122 124 120 120 121 120 120 120 121 123 118 117
67 74 78 76 80 86 90 92 95 97 98 100 104 108 109 108 110 109 107 108 114 115 111 109 108 99 85 78 76 87 102 102 106 120 105 113 107 110 99 109 124 120 122 130 134 142 141 142 139 142 141 140 140 139 137 134 134 131 129 128 125 123 124 127 129 132 130 130 134 133 132 135 134 134 134 133 130 124 122 124 126 123 120 119 119 120 120 120 118 116
57 64 68 67 70 77 84 90 92 94 96 98 102 106 107 106 109 108 106 109 116 117 113 112 111 112 100 94 90 90 103 103 108 106 112 108 86 128 123 115 125 133 131 137 141 140 140 139 140 138 139 136 135 138 140 137 133 129 127 129 129 127 128 130 133 134 131 129 133 134 133 136 138 134 133 133 127 124 124 124 123 122 122 123 123 123 120 118 112 110
49 52 55 59 62 65 72 82 87 90 93 94 96 99 102 103 103 104 106 110 113 112 111 111 115 116 111 103 101 102 104 107 105 109 103 139 193 129 123 125 126 123 128 135 135 137 141 138 139 132 136 138 136 136 134 133 128 125 125 128 130 130 132 133 132 133 130 129 132 135 135 135 136 130 129 129 124 123 124 123 118 120 123 124 122 117 111 107 103 100
45 43 44 51 56 56 60 68 74 76 79 82 84 86 86 86 94 94 99 105 107 109 112 114 115 117 114 108 107 108 107 110 107 106 100 106 146 130 128 123 122 120 124 128 138 136 137 134 135 131 136 138 138 135 129 128 126 124 125 128 128 129 131 131 133 133 133 133 134 137 136 134 130 127 124 123 122 123 123 121 123 122 121 119 114 108 101 97 97 93
42 40 40 44 51 53 53 55 59 58 61 67 73 72 68 64 75 72 77 86 91 97 105 108 109 116 111 111 109 106 113 112 108 101 87 92 117 133 124 126 118 117 121 126 127 137 137 135 136 136 137 133 135 137 130 129 130 128 129 130 128 128 130 129 134 134 136 135 133 133 131 126 125 124 121 119 122 123 121 120 119 116 113 114 118 122 122 121 119 115
39 41 40 39 44 50 49 45 47 49 50 55 61 62 58 55 53 50 51 56 62 69 81 95 98 102 107 109 108 108 109 111 114 104 83 81 125 127 125 119 117 119 123 122 123 128 132 136 137 136 138 140 134 129 129 128 130 129 128 129 130 131 133 130 133 133 132 131 129 127 126 126 124 125 122 120 122 122 121 122 122 124 125 127 129 129 128 127 128 128
38 38 38 39 42 45 51 57 48 50 48 50 60 61 54 53 49 44 40 41 43 47 57 69 82 90 97 99 101 106 111 114 111 101 73 95 126 118 120 116 118 117 119 118 117 122 126 126 128 128 129 129 127 127 126 124 129 129 130 129 127 127 131 131 128 128 127 126 124 123 122 122 121 122 121 120 123 125 125 127 127 127 127 128 129 130 128 126 126 126
35 35 36 40 44 45 49 55 51 53 57 57 54 55 57 57 48 44 40 38 37 37 41 47 54 66 78 85 91 99 106 110 112 90 68 109 120 115 117 117 115 116 118 117 115 117 122 122 123 128 125 122 128 128 123 123 123 124 125 124 122 122 126 129 125 124 124 123 122 122 122 122 121 123 123 123 126 128 129 131 127 126 126 127 130 131 131 129 127 127
37 39 39 36 36 39 45 50 58 56 47 48 61 63 54 50 49 46 44 43 42 39 39 42 41 46 54 62 70 81 92 99 105 73 79 118 115 119 116 115 121 121 118 118 120 120 118 116 119 118 121 121 116 118 123 122 124 121 121 123 125 125 121 120 121 121 121 121 122 123 123 124 126 127 128 129 129 129 129 130 129 128 127 127 128 128 128 126 127 127
41 41 39 38 38 39 38 38 43 44 49 49 43 45 50 49 46 44 42 41 41 40 40 42 40 38 40 45 52 58 65 71 76 54 75 94 94 110 114 119 115 121 117 117 121 118 117 119 120 121 119 119 122 119 116 120 118 121 125 122 117 116 117 126 124 125 125 126 127 128 128 128 129 130 131 131 130 129 128 127 128 128 128 127 127 127 127 126 126 126
40 41 43 44 40 35 35 40 34 38 36 35 40 42 40 41 42 42 41 42 42 41 40 40 40 37 37 40 42 40 39 40 41 37 45 43 50 63 82 98 104 111 108 110 114 112 115 118 110 117 116 114 122 124 120 120 111 106 100 86 80 88 105 130 131 131 131 131 132 132 132 131 129 128 130 131 130 128 128 127 126 128 129 129 128 129 129 129 126 126
37 39 42 46 48 44 38 36 38 34 35 35 36 40 40 34 37 39 41 42 43 42 40 39 42 42 40 38 36 36 36 36 37 41 41 38 49 59 82 101 119 125 123 124 120 114 120 119 129 133 133 105 74 88 111 105 91 79 73 76 93 111 118 130 132 131 130 130 131 130 130 129 129 127 128 130 129 129 129 128 130 130 130 129 128 128 127 126 126 126
40 41 40 39 44 49 46 41 38 40 41 38 35 35 36 36 33 35 34 34 36 38 39 40 39 45 48 45 43 46 46 43 46 41 39 42 52 66 88 109 124 139 145 128 86 60 70 76 83 94 86 67 80 112 115 90 84 75 77 90 116 132 129 132 132 131 130 129 130 130 130 129 132 129 129 130 129 129 130 129 128 128 127 127 128 129 128 127 126 126
42 45 42 37 38 42 45 47 39 38 38 40 40 39 38 38 38 37 35 35 36 37 38 40 40 41 40 39 40 41 41 42 44 43 40 37 45 68 99 123 143 143 135 123 85 69 61 56 58 56 54 52 81 128 119 94 84 79 84 105 132 141 134 133 131 131 131 131 130 130 130 130 129 130 129 129 130 129 129 130 129 129 128 127 128 128 127 128 127 127
41 45 43 38 39 40 41 42 41 39 37 37 38 38 39 40 40 39 36 35 36 36 36 38 40 41 40 39 40 41 41 42 36 37 36 37 50 78 113 138 134 128 124 128 99 78 64 59 55 52 51 50 82 129 119 93 86 85 94 118 144 149 136 132 131 131 131 131 130 130 130 130 129 130 129 129 130 129 129 130 129 129 128 127 128 127 127 127 127 127
