150 149 146 152 152 149 145 148 151 148 148 150 150 149 148 148 148 151 149 144 148 149 146 151 146 147 148 150 150 150 152 149 148 150 148 154 149 148 151 152 150 152 152 151 149 148 153 153 153 154 155 152 149 153 155 151 152 148 148 151 151 149 150 152 146 149 149 149 150 150 150 153 150 151 151 151 153 153 151 149 152 149 152 151 151 152 148 149 148 150
147 151 151 148 146 150 149 150 149 151 149 146 149 154 151 144 153 147 149 145 154 152 149 146 147 147 145 149 155 152 147 148 152 149 146 150 143 155 147 147 158 147 154 157 156 151 151 150 154 150 150 155 158 155 151 152 149 151 152 152 151 152 153 153 153 154 152 150 151 151 150 150 150 151 151 151 151 152 151 150 152 150 153 152 151 152 149 151 149 151
148 146 151 151 150 150 147 151 150 149 147 147 148 145 145 150 144 139 150 145 149 142 149 148 148 153 153 147 145 149 151 148 152 154 152 152 149 152 148 142 123 115 132 134 136 144 150 152 151 155 154 151 151 150 151 156 153 153 153 151 150 151 153 153 152 152 150 148 150 153 152 151 150 152 152 151 151 151 151 152 151 150 152 151 150 150 149 152 151 152
149 145 151 150 151 152 151 155 151 150 148 146 145 148 153 153 156 143 148 149 149 148 151 147 151 146 145 147 150 151 148 148 150 151 148 148 153 148 155 90 49 62 89 103 104 118 133 153 154 154 153 154 156 154 152 154 155 151 150 152 153 152 153 154 148 150 148 147 151 154 153 152 152 153 152 152 152 152 152 153 151 151 152 152 150 150 150 152 150 151
153 152 148 126 122 124 121 114 106 113 101 101 125 129 123 134 149 137 136 146 144 152 152 150 146 149 150 147 152 153 145 146 149 150 154 154 148 148 163 57 29 84 121 139 134 145 147 158 168 165 161 154 151 156 158 154 154 152 154 157 157 153 150 150 150 153 152 151 153 154 152 151 154 153 152 152 153 153 152 152 153 153 153 153 153 151 152 152 150 149
106 93 72 51 60 64 65 58 53 46 47 54 57 59 63 64 67 68 69 76 64 72 73 84 117 121 129 120 118 141 151 145 149 151 147 147 136 149 179 131 66 114 142 159 152 153 153 165 166 160 166 173 168 158 154 154 154 155 155 151 148 150 154 154 151 153 152 152 153 153 152 152 153 152 151 152 153 153 152 152 152 153 151 153 153 151 152 151 152 151
45 53 56 59 70 51 48 48 40 49 56 48 40 48 55 49 57 55 49 47 38 41 38 47 53 48 61 61 55 74 95 103 120 128 120 126 140 152 170 166 110 131 152 154 151 149 149 149 156 156 163 175 182 177 167 159 149 152 153 153 152 154 155 152 152 152 150 150 152 152 152 153 153 152 151 151 152 153 153 154 151 152 150 152 152 150 152 151 154 152
46 61 62 60 70 48 47 45 36 52 54 44 42 47 50 52 59 52 42 38 45 49 47 53 54 50 46 40 47 48 36 39 42 51 44 50 100 143 182 181 141 135 165 170 176 169 171 167 168 167 165 168 176 178 176 178 169 161 154 152 152 152 151 151 157 154 150 150 152 151 151 153 152 152 151 151 152 152 154 157 152 154 151 153 153 151 155 155 152 150
51 62 45 54 54 51 43 44 54 59 62 65 55 58 50 46 44 46 53 54 57 53 54 56 49 42 36 40 45 48 50 43 50 47 46 55 45 62 119 159 175 136 155 184 187 197 187 175 169 167 162 162 167 176 179 165 179 176 166 157 155 155 153 152 154 155 152 152 150 156 150 156 153 152 153 155 154 155 155 154 152 152 152 154 153 151 152 155 151 151
62 58 60 56 45 62 67 69 61 76 89 87 74 77 72 57 49 54 73 68 56 58 59 58 49 57 58 52 49 57 60 48 53 46 59 56 49 56 56 67 132 169 155 182 196 197 188 153 131 120 117 117 127 145 163 185 169 182 189 182 168 158 154 153 154 154 148 153 158 153 154 149 152 151 153 154 153 153 153 152 154 152 154 156 153 152 154 155 153 153
64 73 66 58 63 65 61 66 56 62 90 99 95 82 66 63 94 103 83 70 65 64 61 51 58 56 52 52 52 57 61 54 47 54 57 61 66 70 74 72 55 80 122 162 162 178 150 115 102 88 101 113 119 117 126 173 181 177 182 190 187 177 169 165 154 146 154 154 156 150 153 153 153 153 154 155 155 155 154 154 154 151 154 156 152 151 154 153 151 151
69 62 56 62 76 72 70 70 74 85 107 85 81 78 70 85 112 106 80 77 77 84 85 66 60 54 49 56 60 58 61 65 65 70 75 76 77 74 78 80 70 70 84 137 155 152 138 128 132 128 147 157 153 138 135 171 192 195 198 195 187 186 182 172 165 152 152 153 153 148 152 155 151 152 153 152 153 153 154 154 153 151 153 155 152 150 151 150 154 154
52 50 65 54 55 74 84 90 87 85 91 86 99 99 103 124 125 115 116 108 102 101 83 80 81 95 99 100 106 113 127 140 140 139 140 141 148 146 153 155 150 157 158 157 155 155 161 154 162 158 155 151 154 160 161 164 169 175 184 186 183 183 180 170 177 172 133 145 158 149 153 148 152 154 153 151 151 152 153 154 152 154 154 154 155 151 149 150 152 152
46 45 45 47 52 60 76 104 127 133 129 130 127 117 128 133 130 122 121 117 130 127 115 121 129 139 139 139 147 149 147 146 146 148 151 150 159 157 162 157 160 166 166 165 173 166 168 157 160 163 163 164 162 165 170 163 170 164 165 171 169 166 170 176 171 172 128 136 156 152 148 151 154 156 155 152 152 153 152 154 151 155 153 152 155 151 147 150 153 153
53 49 37 50 44 45 71 95 125 151 157 156 140 132 139 139 136 136 143 144 150 139 153 148 150 153 152 152 150 145 145 145 139 134 140 124 140 153 157 169 170 168 177 179 179 173 171 171 173 170 170 177 174 169 173 171 175 175 172 168 166 165 163 161 160 158 146 144 152 153 148 155 150 154 153 151 152 152 150 151 151 153 152 151 152 151 149 151 152 152
40 36 34 49 44 53 68 92 108 137 152 152 146 152 146 152 146 148 155 143 159 150 158 156 156 156 155 154 150 151 153 145 131 138 129 126 150 149 161 163 171 166 179 183 179 183 177 179 181 178 176 176 176 178 179 174 179 179 176 173 172 169 165 164 160 155 161 160 154 149 158 148 148 153 154 153 155 154 152 153 154 153 152 152 152 152 153 153 150 150
40 54 65 62 56 59 64 97 107 140 147 149 153 150 155 158 159 154 158 156 155 158 157 162 157 156 159 149 157 154 160 128 108 122 121 134 152 158 158 166 166 161 172 182 180 180 183 178 181 174 182 183 178 184 177 179 181 179 178 174 175 169 168 167 162 157 154 153 157 159 154 151 153 148 148 151 151 152 154 154 153 151 152 155 154 152 153 152 150 150
48 68 90 85 70 76 74 76 115 150 159 160 161 157 160 161 159 161 163 164 164 163 162 158 155 156 158 159 160 164 135 112 120 112 131 139 163 157 158 157 146 137 171 177 174 176 182 185 184 183 185 187 183 187 185 184 181 181 183 179 178 173 172 167 157 145 148 152 151 157 161 156 154 152 150 145 141 143 149 154 158 148 146 153 155 151 152 155 152 152
61 71 94 82 70 81 75 93 131 158 163 163 164 163 167 167 167 169 163 162 162 163 167 161 161 161 156 168 172 147 110 88 97 120 153 149 157 158 160 116 115 130 179 182 177 173 179 182 183 189 185 188 186 188 190 189 188 185 184 179 179 176 175 168 164 154 152 155 158 162 162 162 165 158 154 154 150 142 139 140 152 154 155 153 151 154 155 152 154 154
69 97 80 68 76 74 84 124 158 171 168 167 170 168 171 169 170 170 165 163 163 163 164 161 165 167 171 169 152 129 120 86 96 134 155 162 153 157 102 81 100 152 181 179 179 174 184 183 180 190 188 189 189 192 192 193 194 187 181 175 179 176 171 164 159 161 159 155 158 157 157 168 167 164 162 158 154 150 144 135 133 143 153 153 152 153 153 153 151 150
77 79 70 79 83 93 125 158 167 171 169 174 177 174 174 172 174 170 169 166 165 165 163 167 166 169 176 163 145 131 110 89 101 149 158 161 162 115 69 91 92 163 172 171 174 177 182 178 182 192 195 194 195 200 195 199 195 188 180 176 181 173 164 159 155 151 148 143 144 147 150 154 161 159 167 172 163 156 154 152 146 131 132 147 158 154 147 151 151 152
72 78 91 96 110 140 149 162 170 170 170 174 174 170 170 169 171 168 172 171 171 169 163 170 172 174 174 158 148 118 103 92 102 148 168 166 142 79 87 60 79 157 177 178 172 178 178 182 185 194 200 200 200 205 200 203 197 191 183 175 176 167 161 157 149 148 140 129 128 130 135 148 153 162 173 174 166 164 161 152 150 144 135 126 137 155 157 155 152 152
95 109 113 130 142 156 167 167 170 170 171 173 171 171 174 173 170 170 169 168 170 170 171 177 178 172 177 163 140 116 115 72 95 161 171 166 105 67 54 52 111 170 184 178 180 186 176 175 186 196 198 203 201 202 202 202 199 192 186 173 166 160 159 150 139 132 119 107 104 103 109 128 150 163 175 178 176 171 167 165 156 153 150 136 127 128 136 153 151 151
117 140 141 152 162 163 165 171 171 172 174 173 171 173 175 169 166 172 169 171 174 174 177 177 183 179 175 160 124 110 89 68 97 172 167 155 71 45 59 108 120 178 188 173 181 184 179 179 186 197 195 204 200 198 203 200 199 191 187 172 160 158 155 137 125 109 102 89 67 60 74 91 114 148 171 176 177 172 167 170 162 155 156 150 142 131 121 128 137 137
125 143 161 163 163 164 171 174 175 175 175 175 174 173 173 174 169 172 172 172 175 178 180 183 181 179 176 158 128 110 84 70 102 172 156 121 50 41 111 146 122 167 183 169 186 188 184 179 187 190 196 200 200 198 197 197 198 195 180 165 155 147 136 117 106 97 68 45 61 98 139 153 144 152 165 174 178 175 176 169 171 165 161 160 151 142 136 127 131 136
130 139 154 165 170 167 172 178 177 178 180 183 183 179 176 176 176 177 175 175 179 182 183 185 185 183 178 166 130 85 81 60 106 164 156 95 25 43 76 110 122 155 183 175 187 184 179 179 182 193 191 187 195 196 191 192 193 182 168 159 145 132 120 102 81 53 44 65 118 155 167 169 168 164 173 175 178 181 177 175 183 172 162 162 163 158 147 133 130 131
130 144 158 163 165 170 178 182 180 179 180 183 183 180 178 179 177 178 179 181 186 188 187 187 192 183 174 170 128 82 68 59 90 156 151 66 28 87 77 101 117 138 171 174 185 181 176 181 186 190 189 185 187 192 190 184 187 173 160 148 128 113 96 70 42 48 78 113 145 154 160 167 154 162 169 174 176 175 176 178 176 179 177 174 168 160 155 151 135 131
140 144 152 162 166 175 180 180 184 182 182 184 183 180 181 183 178 179 179 179 182 184 186 187 184 181 172 166 129 85 58 61 80 142 145 42 74 140 45 103 137 154 170 177 182 182 175 182 188 185 184 183 182 185 184 176 177 168 150 130 112 91 64 42 60 90 120 149 165 160 154 128 125 163 170 174 177 172 176 183 177 180 176 175 176 171 165 159 157 150
150 139 143 166 170 171 175 185 184 185 188 190 188 183 182 183 185 186 187 189 190 191 189 186 185 186 175 161 137 85 61 50 72 132 130 47 26 31 9 76 128 158 163 178 181 184 173 178 184 187 182 177 183 184 179 177 168 155 132 116 97 58 48 81 110 132 145 160 171 167 146 86 94 153 166 164 178 186 176 177 181 183 178 177 179 177 173 169 160 152
140 150 148 152 157 178 185 188 189 192 195 195 191 187 185 185 189 186 186 187 191 194 194 191 194 191 186 162 118 77 56 47 70 128 107 47 32 23 42 105 128 158 158 173 172 179 178 184 184 187 183 177 180 186 184 176 154 138 120 87 59 70 107 135 150 154 163 167 169 167 142 78 46 148 171 185 186 179 187 180 180 183 182 183 182 178 176 173 167 162
140 150 141 149 164 184 184 195 199 201 201 198 195 193 192 191 187 187 190 193 196 199 199 196 199 187 182 157 98 67 49 43 61 114 103 47 42 92 114 111 132 147 156 169 168 175 185 188 188 185 185 182 178 183 181 167 152 128 90 70 95 133 149 156 161 157 162 168 166 167 149 82 29 104 163 187 185 188 175 183 177 179 181 184 181 177 178 175 172 171
128 152 147 157 174 186 179 198 201 203 202 198 195 195 192 189 189 190 194 195 193 195 198 199 192 188 178 158 102 53 57 44 51 109 98 59 36 69 93 93 139 135 156 166 168 174 192 191 194 192 188 187 188 183 172 164 148 114 105 123 147 162 162 161 171 167 161 169 165 164 151 70 31 68 114 169 184 189 183 184 181 177 175 179 177 177 182 180 176 177
114 147 157 163 178 186 184 199 198 201 202 193 190 191 187 187 186 192 191 191 194 192 194 197 196 193 182 156 130 68 59 56 62 96 100 70 63 72 105 109 130 144 155 161 174 189 195 193 196 192 190 187 185 183 176 164 144 134 148 167 165 157 163 160 160 164 163 161 161 162 141 54 9 32 71 120 173 191 187 180 169 179 178 170 175 181 180 184 176 177
125 153 162 165 176 188 190 199 195 196 197 190 189 193 190 187 180 191 192 190 189 190 192 190 200 188 182 145 125 96 65 64 64 96 109 84 78 71 87 117 144 152 161 170 182 193 192 184 190 185 186 191 189 182 173 166 155 156 154 157 157 161 155 165 169 169 166 165 167 166 133 39 24 27 27 81 150 178 180 180 180 178 177 171 168 172 175 176 183 184
138 151 163 176 181 184 186 196 194 195 195 189 189 195 192 188 189 185 182 188 190 187 190 192 184 188 189 169 142 111 84 86 66 82 107 100 93 89 60 122 161 159 163 174 186 195 193 184 183 183 183 180 177 178 173 163 162 155 152 156 163 153 161 161 165 166 167 166 168 166 124 35 43 110 127 87 112 158 188 184 187 178 177 173 166 166 168 169 179 180
150 156 168 185 187 186 186 194 192 197 195 188 189 191 189 188 183 185 186 188 185 185 191 192 188 188 180 172 151 120 104 93 79 80 109 115 101 109 74 110 166 162 168 181 189 192 189 180 180 175 174 174 171 170 170 169 169 167 158 149 140 167 152 162 162 164 165 166 172 169 121 47 73 96 155 146 101 137 170 173 181 176 175 172 169 166 162 164 172 173
151 164 172 180 183 190 190 190 190 197 192 186 189 188 184 186 186 184 182 183 181 182 190 192 190 184 186 161 140 124 111 99 91 92 109 117 113 126 149 140 168 167 177 187 187 184 180 174 173 171 174 177 174 171 170 169 170 172 163 130 102 141 148 156 158 167 169 169 172 163 117 61 113 145 158 172 126 119 155 166 172 171 171 169 168 165 160 160 164 167
149 162 170 178 182 188 186 188 191 195 187 184 189 187 184 185 189 181 177 184 188 185 185 185 182 177 188 167 139 111 98 91 93 102 106 118 127 133 171 176 169 172 181 187 183 178 175 173 171 174 177 176 172 170 167 161 164 168 155 107 57 98 143 143 156 168 165 169 175 167 118 65 110 206 208 191 176 139 139 161 172 168 171 169 164 164 162 159 165 169
154 162 171 184 185 186 184 188 191 189 183 184 185 183 185 184 181 186 182 178 180 183 186 186 187 188 184 181 148 105 94 93 101 102 99 120 146 156 157 171 167 173 181 185 182 176 172 169 176 169 169 173 168 161 161 163 166 167 167 64 42 100 135 135 150 168 167 172 176 171 128 73 97 147 184 184 177 161 133 160 176 172 172 168 163 162 161 163 166 169
157 166 174 179 177 184 186 184 188 184 181 183 178 176 184 183 179 181 176 176 179 179 182 188 183 189 175 178 150 121 105 102 113 117 122 128 149 164 178 176 175 177 177 176 175 173 170 169 170 166 166 165 163 164 166 166 163 157 153 71 44 129 135 130 146 166 165 171 172 173 133 72 101 160 186 188 187 124 128 159 176 176 171 165 165 159 155 165 171 174
157 168 174 177 174 182 183 180 185 182 179 179 180 180 180 180 179 174 175 180 179 175 174 175 178 189 185 172 152 133 120 124 126 115 137 139 160 159 169 173 172 176 173 169 171 173 169 166 165 166 164 161 159 158 159 156 155 154 151 106 49 138 146 126 142 158 164 172 177 170 138 81 107 208 215 202 207 190 147 151 173 169 163 159 159 163 159 168 168 177
156 169 176 177 173 178 180 182 185 183 181 179 178 178 179 180 179 178 180 181 178 175 175 175 182 180 183 175 165 150 146 140 125 134 155 165 174 174 175 173 172 172 169 167 167 167 164 162 162 161 158 159 160 160 162 166 160 153 140 135 100 128 136 121 136 158 165 169 179 173 139 82 96 147 187 200 187 194 154 159 177 170 165 154 155 160 159 162 169 179
161 173 177 178 175 177 178 182 185 185 184 183 181 180 181 182 183 182 182 181 180 180 179 176 182 180 180 169 171 150 140 132 129 147 157 175 181 188 185 180 178 173 170 170 169 169 169 168 164 162 160 162 164 162 165 175 178 174 144 137 123 123 133 113 120 160 171 164 173 170 141 92 110 158 185 204 203 197 134 159 184 170 165 152 154 155 158 158 164 175
171 177 175 176 178 180 177 182 183 184 185 186 186 185 183 183 181 182 183 182 179 179 181 180 175 176 175 167 172 152 139 136 135 149 154 168 176 188 187 190 188 180 175 174 173 176 178 176 171 169 164 162 166 166 172 188 207 187 152 129 114 105 108 99 115 160 165 143 157 162 137 89 144 242 237 215 214 214 164 169 187 164 162 150 153 148 154 156 159 171
174 177 171 173 177 181 178 181 182 182 183 185 186 186 184 181 184 178 176 179 180 181 181 179 182 178 176 174 165 154 144 137 136 148 162 163 172 182 182 185 182 175 170 168 168 172 173 168 168 167 164 160 164 164 162 172 177 159 143 127 108 98 88 81 105 151 155 125 144 159 142 98 139 240 224 208 212 205 179 169 180 158 157 147 149 144 150 151 155 169
170 172 168 170 173 179 178 181 183 182 181 182 184 185 184 182 183 180 180 182 181 180 182 183 183 182 175 171 161 149 133 127 133 143 162 155 169 180 176 167 164 161 160 160 161 164 164 159 165 161 157 151 155 156 150 152 160 153 135 113 91 96 95 80 93 140 154 130 150 160 140 95 113 213 219 208 213 208 177 161 172 157 156 145 145 145 147 146 154 170
166 169 169 172 172 178 179 180 181 181 181 181 181 183 184 184 183 181 182 183 183 184 184 182 184 185 174 160 157 139 121 117 126 136 151 145 158 168 167 153 154 154 154 155 156 155 153 153 151 147 149 148 151 153 146 147 165 159 132 110 96 100 110 96 95 124 137 123 151 160 140 95 73 139 172 191 199 198 156 166 169 157 153 145 142 144 141 140 145 163
166 169 171 175 173 180 180 179 174 177 180 179 178 179 182 184 176 180 183 182 180 183 184 181 185 177 171 151 146 131 127 119 119 133 146 144 144 146 155 149 150 150 147 147 145 137 134 139 139 135 141 140 140 142 139 145 153 152 127 106 106 107 116 99 94 117 135 130 155 155 133 90 67 141 174 183 189 191 127 157 167 155 147 144 140 141 133 135 145 163
169 171 173 175 176 176 175 176 172 178 179 178 178 175 174 179 177 176 180 182 186 182 183 182 184 176 167 155 142 137 122 116 110 115 130 135 134 135 134 138 138 135 138 137 136 137 133 130 133 134 128 133 133 131 140 142 140 134 120 115 91 92 109 96 99 115 127 132 158 156 124 85 106 193 207 211 204 210 160 162 163 150 144 134 133 133 125 132 149 167
160 166 172 175 175 174 176 177 173 177 178 177 176 175 174 177 178 176 176 173 180 184 186 182 178 172 154 148 140 126 116 109 99 103 119 124 121 127 120 124 130 131 136 132 127 131 132 129 134 136 131 133 131 126 132 133 131 121 128 76 54 113 107 100 99 114 127 125 146 152 117 93 140 187 191 196 208 192 145 163 149 142 141 132 132 139 134 138 150 167
159 166 173 174 173 173 175 175 171 173 174 173 172 172 173 172 171 172 176 177 184 183 179 171 172 168 152 136 119 111 107 91 98 104 112 118 124 123 123 123 124 124 128 129 129 135 135 129 132 135 132 132 129 125 128 127 130 128 119 39 46 117 111 103 102 117 132 132 142 145 110 90 136 196 208 198 210 192 139 155 147 140 143 137 135 142 140 143 150 166
157 163 168 168 167 170 172 171 171 171 173 172 170 172 174 171 167 168 175 179 185 180 178 176 173 167 149 121 116 110 95 87 94 103 114 107 117 111 113 117 120 125 134 136 135 136 134 135 133 135 132 132 129 126 128 127 133 135 92 20 69 99 105 102 110 117 122 137 144 143 108 77 92 129 166 186 173 129 130 154 151 139 141 140 136 138 137 141 150 165
151 156 163 165 165 170 174 172 168 169 170 170 167 169 170 168 173 172 177 178 180 175 176 177 177 158 150 131 113 92 83 82 82 105 105 104 104 101 112 109 123 134 143 141 140 137 132 134 136 137 136 134 130 127 129 131 137 144 93 17 69 101 110 107 113 118 120 136 143 137 108 89 101 148 175 182 154 79 140 151 150 138 139 140 137 138 139 143 155 167
149 154 162 166 165 168 172 171 165 165 165 164 163 163 163 163 167 169 173 172 176 175 175 172 165 155 138 123 115 84 75 76 86 98 86 87 82 100 107 114 126 136 144 141 143 143 136 134 136 138 140 138 132 128 132 139 146 144 111 65 78 107 114 118 119 120 125 131 143 137 102 95 143 180 190 183 170 119 139 147 147 140 140 138 138 141 142 143 151 162
151 152 158 162 161 163 166 164 165 164 161 161 163 163 162 165 168 168 170 167 170 169 169 166 163 152 138 117 100 71 72 71 94 88 89 77 80 89 74 121 126 132 145 150 145 142 142 143 140 141 144 142 135 129 131 138 134 140 125 108 97 113 115 112 117 120 131 129 138 127 96 85 128 168 168 174 135 119 140 144 144 141 140 139 138 138 137 141 152 162
155 151 154 158 160 164 166 163 163 162 157 158 163 163 162 166 167 166 169 171 173 166 166 167 166 144 129 104 90 61 59 77 87 97 79 69 82 41 63 137 137 128 142 158 153 145 143 145 149 146 147 145 138 129 124 128 129 134 124 110 105 115 116 120 121 120 128 130 137 126 104 72 82 119 141 114 83 135 137 142 146 142 141 143 143 137 136 144 151 160
157 151 151 153 156 159 160 166 159 159 159 156 155 161 164 160 164 162 168 168 170 173 168 166 166 143 104 84 77 57 52 78 92 87 56 81 61 61 102 132 140 144 153 161 168 164 153 155 153 153 153 150 151 133 118 114 110 103 95 95 111 117 114 125 125 127 129 129 142 133 97 96 138 157 152 128 112 136 145 144 152 143 143 143 138 135 137 143 146 153
148 151 151 152 155 156 158 162 157 157 157 157 156 158 160 158 162 161 163 163 164 168 169 170 161 132 81 71 59 45 52 74 93 62 79 67 70 115 110 138 138 150 159 158 165 167 159 160 159 160 159 153 154 145 131 119 104 97 93 104 111 115 125 126 123 129 136 129 135 121 97 134 160 165 149 121 117 142 141 152 149 148 147 142 137 132 129 135 143 149
148 150 150 154 155 157 162 155 156 154 152 153 156 157 159 163 157 159 161 165 167 167 168 165 152 122 67 60 48 41 52 80 88 60 77 59 128 144 113 151 150 155 166 166 161 169 171 162 170 164 165 165 164 149 137 127 121 119 115 119 120 119 126 127 131 130 137 137 139 125 84 86 97 103 63 101 143 142 146 146 147 148 143 136 135 130 127 138 149 152
146 145 146 153 150 152 161 150 157 156 151 150 153 153 153 157 158 160 158 163 166 165 166 159 154 127 75 50 45 40 49 91 85 75 55 51 91 131 137 157 159 154 164 168 160 167 175 166 167 167 171 166 164 158 152 139 126 120 122 120 120 124 124 131 126 129 133 140 136 126 88 63 59 45 37 116 163 150 145 150 147 142 136 134 136 131 131 145 149 151
139 143 144 152 149 147 156 152 151 152 150 149 153 153 149 148 152 155 153 159 161 157 157 151 153 128 79 41 42 38 60 103 96 85 46 104 93 90 113 161 159 162 162 164 167 169 173 177 172 171 173 167 165 163 161 151 135 116 117 122 121 127 130 131 127 133 133 140 138 122 70 47 41 23 65 131 145 148 143 149 144 138 137 137 136 134 136 146 154 155
133 141 138 144 154 151 150 152 148 149 148 148 151 153 151 149 151 154 157 162 162 158 156 153 142 116 72 42 44 43 84 113 96 59 69 108 66 103 108 139 161 170 169 165 167 170 175 178 179 173 175 175 174 166 162 155 146 127 110 117 125 124 126 124 128 129 137 136 131 117 42 15 10 53 109 147 142 148 149 143 139 137 140 137 134 139 145 150 156 157
128 134 133 135 147 150 145 146 150 148 147 147 146 146 148 148 151 148 151 152 153 154 152 151 136 107 70 51 48 54 99 123 106 75 33 19 10 94 106 145 161 170 169 164 162 167 173 171 172 176 180 176 177 174 168 158 148 142 113 105 121 127 125 126 126 127 135 133 128 110 23 0 18 98 143 149 143 148 140 142 138 137 140 138 138 146 152 153 156 154
125 132 140 137 136 142 146 148 144 140 143 146 143 141 144 146 149 144 149 152 156 158 148 145 133 99 68 53 49 66 107 141 103 62 29 27 47 88 108 134 157 170 163 160 168 170 171 174 176 176 179 177 176 167 165 165 154 150 126 97 103 123 121 118 126 134 127 128 126 90 10 22 81 138 145 140 139 144 141 140 141 137 140 144 147 152 150 149 153 148
121 127 135 136 139 135 146 144 142 143 143 140 138 139 141 141 147 144 152 153 152 154 148 144 134 88 64 58 58 79 118 143 116 65 41 84 115 113 102 134 155 164 162 164 165 171 172 172 176 176 178 177 172 168 168 169 159 146 146 119 91 107 123 117 118 130 133 125 121 74 19 69 118 140 141 138 144 141 137 137 137 142 148 150 147 147 149 149 148 144
117 120 127 135 131 135 145 143 142 141 141 143 142 140 140 141 140 142 142 145 148 149 147 145 129 92 69 63 62 92 121 144 123 84 34 67 107 97 105 132 148 158 160 164 161 163 166 173 176 177 176 172 171 173 171 165 159 159 146 130 102 92 112 119 123 130 132 120 101 56 63 118 129 138 138 137 138 137 142 146 149 147 147 148 148 149 146 142 141 138
114 121 121 131 130 136 137 141 140 137 139 143 144 140 138 139 140 145 139 141 146 143 144 142 128 91 73 68 54 97 130 142 124 109 63 57 109 117 107 131 150 154 153 161 162 164 166 173 174 178 179 174 170 171 171 167 160 161 143 137 131 96 84 110 115 123 124 112 94 83 110 122 130 138 141 139 138 143 149 145 149 150 152 152 148 146 143 140 139 136
111 114 120 130 128 133 135 135 139 137 140 144 145 142 140 140 140 143 140 142 143 140 140 138 128 97 79 72 56 96 136 141 127 104 84 44 117 113 108 138 150 151 147 155 159 163 166 171 174 177 178 176 170 167 167 167 156 156 150 144 136 117 97 86 104 117 123 109 84 101 123 126 132 129 134 144 147 147 151 154 150 152 154 152 145 140 139 139 136 134
99 109 113 114 130 129 129 137 132 134 137 138 138 138 138 137 135 134 139 138 137 139 138 139 120 103 78 65 66 91 127 134 128 96 116 64 47 74 120 143 144 150 149 154 156 160 165 171 175 172 171 171 171 169 165 161 161 159 142 142 137 130 124 88 75 100 119 113 101 120 124 123 131 133 143 152 158 158 157 159 160 153 146 142 139 138 136 133 134 134
97 99 107 106 119 124 130 132 133 136 139 139 138 140 141 141 134 131 137 135 131 136 135 137 127 110 82 65 72 93 124 132 133 111 104 110 41 54 116 142 143 147 145 152 158 163 163 165 170 171 172 170 169 170 168 164 162 156 145 143 136 126 125 120 93 80 79 89 103 97 109 129 144 159 169 165 166 169 163 156 154 146 139 136 136 136 135 131 134 133
92 94 96 96 110 122 125 129 130 132 135 137 137 137 138 139 135 135 135 133 131 132 132 133 135 116 90 68 67 95 117 128 136 124 85 112 87 52 126 139 143 141 135 148 158 163 160 159 166 169 172 170 166 165 167 168 160 147 152 143 129 132 129 125 118 118 107 95 106 122 150 165 170 171 173 169 165 160 153 155 140 137 136 135 134 133 134 133 128 127
85 82 85 93 99 122 126 124 128 127 131 136 136 134 134 137 132 136 130 131 133 130 131 130 137 127 102 74 70 101 106 129 123 128 115 88 110 76 104 134 144 141 136 150 158 160 160 165 167 163 164 167 165 161 162 166 158 153 147 145 138 129 127 127 126 127 139 159 163 166 162 168 167 163 164 161 157 152 143 141 140 135 132 132 131 132 132 132 123 122
84 77 68 74 86 125 126 125 125 129 134 135 135 134 133 131 137 135 129 130 129 125 125 126 129 128 111 83 75 98 109 122 128 129 127 112 101 98 104 127 137 141 143 146 152 155 157 161 163 165 166 165 164 164 162 158 156 154 149 143 137 131 128 129 129 133 142 147 150 158 163 159 162 160 158 153 144 139 136 131 133 134 134 133 133 132 130 128 121 119
66 63 63 73 79 117 119 127 127 130 128 128 132 133 129 127 130 135 135 134 131 129 130 128 126 125 122 94 89 93 104 114 132 131 130 122 119 112 105 120 127 134 140 146 151 150 149 154 155 157 160 163 164 165 163 159 156 153 146 139 134 130 131 134 136 137 144 150 150 151 152 150 151 146 141 138 135 136 136 134 136 135 132 131 131 129 125 123 122 120
45 50 65 66 81 104 109 110 119 124 122 120 125 127 124 123 132 130 129 132 132 129 130 129 126 126 123 111 101 102 104 116 124 129 132 130 131 121 111 123 122 128 139 149 149 147 147 149 156 153 152 155 158 159 157 153 150 149 146 141 135 131 130 132 135 136 144 149 148 147 147 145 141 138 136 135 136 138 139 137 139 136 133 131 129 125 121 120 122 121
45 45 57 60 69 77 90 92 100 104 104 106 114 120 117 113 119 124 128 133 133 131 131 126 124 125 124 126 119 120 113 119 128 129 129 129 136 133 125 129 128 127 140 151 146 145 150 148 149 149 152 152 149 147 148 150 151 150 145 138 133 131 132 135 135 140 145 146 143 144 143 139 142 141 140 139 137 138 139 140 134 132 131 129 126 121 121 125 120 119
61 46 38 68 63 67 72 76 76 82 89 91 91 96 100 98 100 111 114 114 122 134 136 125 123 120 125 122 129 126 127 126 132 133 133 130 131 134 133 131 133 131 138 146 144 143 147 147 144 143 145 149 150 148 147 147 149 148 145 140 136 134 135 137 136 140 143 143 142 143 143 140 140 141 142 141 139 135 133 132 131 130 129 127 122 117 118 124 121 119
58 62 39 54 70 66 59 74 78 79 83 85 81 84 86 82 82 94 97 100 107 114 124 130 131 129 128 125 126 127 131 132 129 133 137 134 129 131 135 134 135 137 137 140 145 143 141 147 144 144 145 146 145 145 148 150 143 145 145 143 141 139 138 138 138 138 140 144 144 142 143 144 144 141 136 133 133 132 131 132 130 129 127 126 123 120 119 122 118 116
47 47 57 56 57 52 60 59 69 72 77 79 75 74 75 74 79 82 75 75 81 82 91 107 119 125 127 134 128 130 128 129 133 134 135 136 136 137 138 136 135 137 136 137 143 142 140 145 148 146 145 143 142 143 145 146 144 145 143 141 141 142 143 144 143 142 142 144 143 140 138 139 139 138 134 133 134 132 129 129 125 124 123 125 126 124 123 123 119 118
56 40 47 49 55 51 48 56 58 62 69 76 81 81 80 80 78 92 83 70 72 73 72 75 83 90 106 117 126 127 134 135 134 136 135 137 135 131 134 138 135 132 134 136 136 139 142 141 141 145 149 147 142 140 141 141 142 143 144 143 144 144 143 143 139 141 142 141 141 142 139 136 133 135 134 133 132 128 125 127 126 126 125 124 123 120 116 114 113 112
54 44 54 47 60 48 49 42 61 60 54 57 79 79 91 85 66 66 71 61 62 57 56 59 68 70 69 73 84 96 108 115 123 130 136 131 135 134 132 135 131 135 135 135 131 129 137 139 139 144 142 141 145 148 142 150 144 144 147 139 140 136 139 136 138 137 138 140 142 141 139 138 129 136 131 124 127 124 126 129 128 125 124 124 120 116 115 116 113 111
56 50 46 56 65 51 51 47 55 52 56 48 56 58 69 71 50 54 64 57 58 60 62 59 58 54 57 63 64 67 73 74 85 93 105 106 107 122 131 130 127 131 132 137 136 129 131 138 135 138 133 139 139 134 134 133 138 136 133 137 138 131 138 134 136 136 135 134 134 134 134 132 130 128 127 126 132 130 125 127 124 125 122 118 117 117 118 118 115 113
56 60 48 56 56 57 54 51 53 54 59 45 48 57 67 62 58 58 68 61 54 57 65 61 53 54 57 56 55 61 64 57 64 77 75 71 70 84 97 123 126 129 130 134 135 133 135 134 133 133 134 132 131 130 130 132 131 134 131 129 122 124 128 126 125 126 127 126 125 125 124 122 123 124 124 121 119 123 124 117 120 121 119 116 118 118 116 116 114 112
45 49 45 44 43 59 60 64 65 60 58 59 57 49 58 56 59 56 63 61 50 50 60 61 60 55 52 53 58 59 58 65 64 72 68 76 71 65 68 108 122 122 119 119 124 128 127 124 125 128 131 131 136 136 135 133 127 124 121 111 93 90 95 134 127 125 123 121 119 117 118 120 119 119 120 126 118 117 124 121 122 119 114 114 116 111 107 109 110 108
43 43 50 53 54 54 55 59 59 57 54 58 63 59 58 51 47 46 49 52 46 48 54 56 57 53 51 48 49 50 49 56 56 50 52 67 59 75 99 133 130 117 125 132 121 123 128 120 112 133 135 109 97 108 133 130 120 120 119 122 117 107 103 150 152 148 147 147 143 134 131 133 129 125 117 112 112 120 115 120 119 117 113 111 111 107 104 108 107 105
41 48 52 55 65 58 64 56 46 58 68 54 53 65 59 52 46 47 42 43 43 51 54 53 44 48 56 48 42 51 51 46 51 58 60 53 58 108 132 124 122 125 94 50 39 55 85 122 119 87 86 68 75 103 126 135 127 130 116 121 129 118 120 150 155 151 150 153 152 148 149 154 151 148 152 146 140 115 55 58 74 84 95 101 101 99 96 93 88 86
48 58 50 43 59 60 66 60 53 51 58 55 52 60 56 57 52 51 42 44 42 51 56 56 47 40 48 52 49 49 48 51 48 50 58 75 104 128 125 115 79 61 39 34 43 40 35 51 49 57 109 116 125 135 136 144 136 133 123 127 130 118 136 161 150 149 149 151 150 148 147 148 151 152 151 149 156 141 59 27 10 14 24 32 37 45 53 53 41 40
58 63 58 52 68 62 53 60 59 50 50 57 52 56 61 62 60 58 50 55 47 48 53 56 57 46 45 47 51 50 43 50 53 62 85 110 129 121 114 120 74 51 49 51 43 43 44 40 33 87 131 141 149 140 147 137 134 128 129 125 132 136 148 148 150 151 151 149 149 151 151 150 149 156 148 151 156 156 98 48 30 17 11 9 4 5 9 8 21 21
54 51 64 51 58 63 57 55 57 55 58 65 62 57 56 50 59 55 58 53 54 50 55 46 52 46 55 59 56 48 46 40 72 89 124 130 134 122 115 120 123 107 73 55 55 49 43 44 51 92 122 120 115 121 133 142 129 131 131 134 142 148 149 148 150 149 152 149 151 150 151 148 151 150 148 151 153 153 125 71 57 38 22 13 10 14 28 49 72 79
100 81 77 55 58 61 57 58 46 44 48 57 58 58 62 59 57 54 58 53 55 50 56 47 50 45 53 58 58 57 64 65 81 110 137 123 126 133 127 116 121 129 110 81 65 57 56 61 69 100 113 100 90 101 121 135 134 137 139 142 150 154 152 149 149 149 152 149 151 150 151 148 149 151 150 148 146 153 144 108 80 63 52 50 56 68 88 112 107 110
