188 188 195 190 182 182 169 163 169 178 184 188 181 182 196 196 189 190 197 191 195 195 188 191 194 188 193 195 193 194 193 196 193 193 198 196 197 195 193 195 197 191 198 199 195 201 194 201 201 200 197 197 194 201 197 198 201 200 197 201 194 195 199 198 196 199 197 197 192 193 192 194 196 195 196 197 196 196 196 194 195 197 193 191 196 198 196 198 197 197
179 188 187 157 144 144 121 142 122 132 148 126 117 120 113 147 186 188 180 181 189 190 193 190 184 195 191 194 195 189 197 191 197 195 192 197 191 199 193 196 194 200 197 195 201 196 198 203 205 198 202 205 204 199 198 204 198 197 197 200 195 196 194 193 196 193 199 197 194 200 191 198 196 199 199 195 194 199 199 193 197 195 194 197 199 198 196 198 196 196
174 183 151 94 109 92 78 71 76 56 57 46 47 58 53 65 81 80 80 96 110 148 142 126 153 176 179 182 196 197 179 195 196 197 198 206 201 208 195 186 191 188 172 169 171 168 174 175 185 187 199 197 202 201 203 199 203 203 197 200 198 200 199 193 198 199 198 198 190 196 202 199 195 195 197 199 196 192 193 197 198 195 196 199 199 199 199 197 197 197
113 103 50 55 49 39 38 52 48 54 47 37 35 34 28 17 16 24 45 40 43 33 29 40 51 74 109 121 165 157 166 198 194 195 185 152 129 132 152 166 168 170 172 174 188 195 194 186 184 171 168 165 167 164 162 158 164 176 181 199 200 196 201 201 202 198 196 198 194 197 196 200 195 198 199 198 199 200 197 193 197 199 199 196 196 201 201 197 198 198
49 43 41 41 43 54 52 41 47 43 39 26 14 12 15 19 25 41 47 30 23 19 30 21 18 25 26 44 65 58 131 160 150 140 130 108 81 62 81 118 136 121 114 120 144 145 148 152 152 153 154 158 158 165 166 171 165 157 156 174 183 180 172 175 182 200 202 206 200 196 198 197 194 199 201 200 199 199 198 198 196 202 200 195 198 202 200 200 199 199
38 43 46 38 61 53 32 45 42 30 17 9 12 19 17 15 22 34 24 28 30 40 25 26 32 23 23 28 14 18 32 50 60 42 46 94 114 103 86 106 123 129 133 156 145 147 156 164 175 191 199 201 187 177 157 152 162 174 189 183 180 190 176 181 169 165 190 201 194 204 200 201 201 197 195 198 201 198 197 201 198 202 200 199 203 200 198 202 201 201
45 39 35 38 45 40 37 38 26 14 16 25 19 16 20 12 22 14 26 29 31 29 19 25 29 30 25 23 23 16 15 9 13 18 13 23 46 93 117 135 159 184 186 184 163 178 175 164 176 193 196 190 195 200 185 174 157 165 182 192 195 194 180 191 198 171 159 194 207 200 201 199 198 204 203 197 198 200 201 202 201 201 200 201 202 199 198 202 202 202
46 47 33 32 36 37 26 23 24 27 28 19 17 15 9 15 13 19 25 27 30 28 30 26 19 21 29 22 19 25 20 19 26 19 23 23 18 16 38 70 73 103 133 132 180 186 171 167 160 167 176 177 186 172 165 172 175 189 188 197 199 193 186 182 192 199 151 168 206 199 197 199 199 200 200 200 200 197 197 202 203 202 202 199 197 198 200 200 199 199
33 36 36 32 31 32 37 26 24 17 10 10 13 14 14 15 17 15 28 35 36 24 22 19 20 26 16 21 29 27 30 22 25 23 17 27 29 23 25 14 25 30 30 51 67 60 69 117 147 168 196 211 196 185 173 154 171 203 197 190 188 176 172 186 194 201 169 146 203 206 203 200 202 200 198 200 198 199 204 203 202 201 203 204 201 198 198 201 202 201
25 23 29 41 34 29 31 17 17 16 15 17 17 13 12 14 11 33 37 24 16 17 18 24 29 22 26 28 28 36 37 26 25 19 21 25 28 30 30 35 42 51 51 47 57 60 66 120 159 164 167 172 164 157 161 150 136 157 173 179 175 178 181 187 205 193 169 135 204 205 201 200 201 198 201 197 199 202 196 200 200 199 199 201 203 201 200 203 200 200
35 32 23 40 34 22 21 24 26 22 18 16 15 12 13 16 17 28 18 15 17 25 19 23 20 19 27 31 35 40 36 35 42 43 51 48 49 57 68 90 97 107 109 122 129 139 153 162 167 156 159 156 163 165 167 163 164 165 160 154 156 161 156 171 182 179 140 127 217 211 203 200 198 195 199 201 205 202 193 203 200 201 198 196 199 199 198 199 197 197
61 71 40 29 21 30 29 22 19 18 19 20 19 15 13 14 19 16 13 19 19 21 20 24 19 27 31 50 77 93 103 108 121 126 130 131 135 140 142 143 140 146 148 148 153 165 165 172 172 173 174 172 181 174 187 182 186 179 177 177 170 161 148 153 151 142 140 141 158 170 184 194 206 209 202 197 199 199 199 198 197 201 203 200 199 200 200 198 198 198
53 56 43 53 45 43 33 18 10 11 11 10 8 8 13 20 21 14 17 18 21 23 27 22 33 34 46 94 136 142 142 147 140 122 121 141 152 145 143 151 152 156 161 165 163 168 170 176 176 173 185 176 185 185 185 184 193 184 174 176 172 169 163 163 157 153 150 150 136 135 131 142 148 167 189 206 208 202 200 201 202 200 202 203 201 200 200 197 203 202
23 30 27 35 31 34 37 39 23 17 11 10 13 15 15 16 18 14 19 19 26 22 27 27 34 62 96 127 149 149 133 122 111 102 105 113 132 148 150 159 164 163 161 176 170 166 174 167 175 183 190 189 192 189 195 191 184 190 187 184 177 176 173 172 162 160 150 154 156 147 142 138 138 129 131 141 173 207 210 207 203 200 201 204 202 200 201 201 201 201
31 27 17 13 19 21 14 12 18 19 18 15 13 14 19 26 26 21 23 30 33 29 35 48 63 110 118 122 128 90 56 63 61 96 122 131 145 153 151 158 160 165 168 171 171 170 164 177 186 183 191 189 190 196 194 195 198 193 199 196 179 179 171 159 166 155 167 159 161 159 151 150 141 137 133 116 112 127 154 190 204 208 201 195 199 204 201 197 199 199
32 11 14 22 23 14 11 13 14 12 12 16 23 31 39 46 38 38 38 45 42 53 69 87 112 122 130 131 71 19 44 58 89 136 145 145 153 151 154 158 162 171 168 171 165 164 177 185 186 185 192 198 193 197 197 200 206 202 202 195 190 186 165 171 162 155 163 162 157 154 155 143 147 148 138 135 134 122 114 118 142 191 215 205 201 202 200 200 201 201
29 24 23 41 27 17 23 19 15 17 24 28 42 60 66 67 62 67 66 72 70 92 117 133 133 131 138 67 16 19 65 106 131 146 150 147 145 141 144 140 149 169 162 168 160 168 180 180 183 196 195 192 197 201 202 196 208 202 205 199 192 179 174 173 165 164 168 159 151 148 157 146 144 142 140 156 140 132 130 113 101 100 149 196 211 205 201 201 200 202
37 35 40 31 34 43 37 25 23 28 39 52 66 83 83 84 92 106 98 102 116 130 134 146 147 150 91 12 35 36 93 129 153 151 147 145 118 123 118 113 130 155 165 170 169 172 181 183 185 198 198 198 203 206 209 210 204 209 206 184 181 183 176 171 162 176 176 165 162 152 157 157 148 154 140 146 151 144 137 125 116 114 102 109 156 202 210 200 200 202
36 39 31 32 46 44 32 35 35 42 65 80 89 108 102 113 120 122 125 135 135 142 143 134 156 106 37 38 44 60 135 153 153 160 149 122 74 101 73 76 127 153 169 171 178 178 181 185 198 207 205 203 206 206 208 211 208 205 199 182 185 183 174 177 178 174 177 172 159 151 163 162 160 153 157 152 152 151 141 131 127 119 104 110 96 117 177 212 201 206
41 44 31 44 44 50 45 60 72 84 87 93 99 125 136 142 135 151 151 149 151 149 151 162 112 32 39 52 54 83 145 162 158 157 128 56 87 75 25 64 102 140 161 170 178 178 184 194 204 209 209 209 213 217 220 221 213 179 175 183 181 178 182 174 177 164 165 162 159 165 170 171 172 168 161 155 164 151 143 141 131 119 115 108 108 109 89 146 213 209
44 28 38 54 46 62 64 82 97 109 98 122 133 139 157 151 150 153 157 156 153 159 163 150 74 44 59 75 54 103 145 164 172 141 81 104 93 14 67 75 105 147 155 170 176 182 191 202 206 210 215 215 217 226 230 228 218 196 183 188 185 175 185 184 173 157 164 159 158 169 160 163 157 163 170 138 143 155 143 142 134 128 113 116 107 116 110 94 119 184
39 31 42 48 61 73 92 103 113 120 125 142 151 150 158 157 161 160 158 148 150 159 153 117 50 37 60 68 27 92 167 177 171 121 97 142 33 41 119 89 99 151 162 177 175 179 189 201 207 213 222 221 221 228 231 232 212 201 191 194 195 180 186 193 178 152 157 156 140 129 114 136 153 165 168 161 171 168 153 149 157 145 127 139 124 112 117 110 99 101
34 41 51 64 90 82 107 119 132 140 160 147 155 165 164 160 161 163 160 152 164 166 143 97 76 65 37 37 24 92 200 183 167 110 129 77 53 155 179 130 96 146 165 172 172 177 190 202 206 215 223 225 230 234 234 240 219 187 192 200 191 185 184 170 162 145 134 131 118 95 83 126 153 150 168 170 163 172 166 164 156 154 150 144 129 123 126 115 121 104
38 54 80 86 95 104 125 127 147 144 152 156 173 166 176 171 158 163 168 164 168 162 141 101 65 71 37 44 67 118 201 190 169 116 125 36 158 200 197 184 83 134 167 169 172 177 192 207 215 222 225 226 233 230 222 231 207 189 197 187 180 180 168 159 147 140 129 121 101 98 106 129 140 149 157 164 164 174 170 175 158 159 142 148 152 132 132 120 116 121
54 78 92 94 117 121 139 147 155 158 167 169 172 177 173 175 175 177 165 168 175 166 124 101 69 62 55 30 52 115 195 198 159 126 97 58 175 186 216 217 127 142 154 165 171 177 196 204 220 219 220 220 226 231 225 220 204 197 182 171 157 169 146 141 147 139 129 111 107 115 129 148 156 160 163 158 177 182 161 159 168 164 155 158 162 149 145 138 132 126
76 100 103 103 141 150 156 167 169 168 176 179 175 176 178 176 176 178 179 186 180 164 134 119 98 77 84 45 11 105 178 194 158 125 71 33 47 39 99 188 159 115 144 165 174 189 199 212 218 222 223 215 214 220 219 215 202 195 177 164 153 155 139 142 156 131 131 116 108 111 145 165 158 154 165 167 179 178 176 170 175 172 167 158 157 158 152 157 145 138
92 125 130 117 153 175 180 186 181 182 188 190 180 176 186 191 182 184 189 192 179 168 147 127 72 67 47 46 29 87 179 192 148 141 63 57 125 34 22 71 143 102 136 167 172 180 204 212 214 218 222 218 218 222 217 210 196 180 160 150 148 148 151 157 146 144 135 112 116 111 144 159 151 173 185 174 175 196 189 177 165 180 170 164 164 174 173 169 159 155
104 136 159 152 170 189 194 193 195 195 193 201 201 193 193 193 191 191 194 194 187 182 160 125 69 74 57 50 55 66 173 177 148 123 57 81 167 36 26 49 142 113 133 157 167 182 203 219 219 215 216 215 216 216 209 202 189 161 143 142 151 158 174 171 150 147 141 126 143 135 115 155 169 182 206 195 193 190 194 189 199 197 166 174 187 199 188 174 177 175
128 139 166 179 186 191 196 202 208 203 196 204 207 200 199 196 192 195 200 201 195 189 180 159 95 60 63 41 27 35 155 173 146 100 42 11 23 10 23 40 123 126 139 151 160 188 211 219 219 213 214 214 213 209 199 191 174 150 141 149 168 176 188 174 157 148 133 140 149 131 68 94 172 204 205 206 200 192 193 192 193 189 181 193 197 200 182 189 177 176
148 156 172 186 191 193 201 216 210 205 208 215 211 207 209 204 192 202 207 202 204 206 200 168 117 47 41 53 35 33 115 159 148 84 42 15 13 42 33 34 119 112 123 145 166 192 216 219 220 213 210 208 209 209 194 177 154 148 149 161 184 190 195 184 171 147 136 145 155 142 46 54 153 159 191 198 208 201 193 188 188 196 193 193 187 190 189 195 182 182
157 177 187 195 200 203 210 221 210 203 207 210 210 213 213 207 213 207 207 209 212 205 201 175 82 55 54 42 26 41 96 148 148 77 61 14 66 85 36 54 119 107 133 139 182 210 213 213 209 205 208 208 205 198 178 159 137 151 172 191 203 198 188 178 156 158 145 147 171 153 67 14 99 169 187 185 184 187 204 198 190 199 188 184 180 183 196 192 197 199
167 184 186 197 206 208 211 220 212 214 220 218 218 219 213 214 211 213 214 209 214 222 219 177 95 63 55 44 34 33 104 145 148 91 65 17 37 39 66 91 98 111 136 140 203 208 210 207 194 196 207 207 194 181 172 168 149 164 191 208 204 192 178 168 169 162 151 149 176 152 90 10 50 133 178 168 169 170 186 204 194 184 187 189 186 179 184 194 187 191
186 189 184 201 205 207 217 211 210 225 217 219 218 217 212 214 217 219 216 209 217 223 219 169 103 71 46 45 37 31 83 136 141 111 58 39 55 102 126 89 97 133 133 169 211 196 192 190 189 199 193 201 191 172 177 167 157 177 209 208 199 188 181 161 160 152 158 164 177 147 107 49 105 143 153 167 175 158 156 171 186 189 172 177 182 179 184 178 184 192
180 198 194 197 214 213 201 220 227 211 213 225 212 212 213 211 218 209 213 213 224 217 218 185 84 81 51 42 38 45 68 128 139 135 73 51 17 59 106 103 147 157 168 197 198 195 193 185 185 186 190 190 183 173 161 152 152 167 201 199 182 182 172 168 154 166 151 168 166 143 118 99 197 234 173 160 161 162 153 155 163 170 166 156 173 174 179 175 173 182
180 186 192 207 204 209 223 221 216 212 216 219 215 216 210 216 216 216 220 209 231 224 219 191 99 61 74 43 35 42 66 113 150 136 110 61 36 34 107 131 176 165 186 192 190 187 189 183 181 187 195 181 163 158 158 165 172 158 163 193 176 165 173 163 160 160 159 168 174 136 128 111 185 246 221 168 161 158 162 160 145 150 169 157 152 154 167 172 165 164
190 187 190 195 206 221 214 217 220 212 212 215 212 209 206 213 216 214 220 209 222 226 218 182 124 78 49 46 32 40 58 109 141 138 124 88 61 42 110 131 188 177 186 190 185 188 177 177 180 185 179 170 163 166 179 180 182 176 140 164 183 158 162 161 162 163 173 180 168 135 125 120 209 231 235 204 161 151 158 154 157 142 150 155 139 136 145 162 172 173
191 191 195 197 207 218 207 211 208 213 213 214 213 209 212 213 216 211 212 215 222 224 218 204 101 76 79 67 45 43 64 84 141 150 133 121 105 96 88 128 176 169 179 186 180 183 177 172 175 184 177 177 175 176 187 181 188 188 139 95 151 167 161 165 163 170 165 178 163 141 117 113 196 241 234 208 154 152 157 168 161 152 140 141 145 145 145 153 176 178
180 195 190 196 208 213 208 211 211 209 208 205 206 212 223 206 210 218 216 207 197 210 212 193 139 66 82 92 64 58 63 86 142 149 146 141 144 153 158 161 167 168 176 175 176 172 180 177 177 182 183 179 175 175 178 175 185 189 140 41 112 155 149 157 163 170 170 183 173 140 128 109 129 225 240 197 156 158 163 196 179 157 139 139 147 128 139 152 163 166
177 191 204 203 204 211 204 214 213 212 208 204 212 199 192 195 213 201 205 211 194 191 203 184 166 130 102 84 75 68 62 96 139 147 160 152 153 160 161 167 159 172 167 170 169 174 176 180 176 174 178 174 171 175 175 178 177 167 137 36 85 129 149 160 159 164 166 190 173 142 129 113 199 235 247 252 183 155 156 214 221 183 150 134 135 123 137 139 146 164
176 196 207 216 213 213 212 208 209 206 210 206 213 202 193 195 203 205 196 203 218 196 191 190 154 124 116 103 101 92 77 104 139 161 164 166 165 166 158 162 161 168 170 170 176 177 179 172 181 175 176 179 182 185 182 179 178 164 142 45 95 128 132 152 164 168 169 193 185 148 114 109 180 247 247 247 162 145 169 209 228 201 156 132 131 134 131 128 136 157
175 186 198 212 211 213 212 206 209 206 207 208 198 203 207 205 209 207 201 209 209 197 202 211 197 144 113 101 101 110 117 131 141 180 184 179 177 173 170 174 179 175 173 174 179 177 171 175 182 183 184 185 180 181 189 182 183 171 152 87 87 125 138 166 183 196 189 212 170 139 127 126 123 196 238 243 188 154 171 200 227 210 156 131 124 129 120 124 123 147
173 187 187 199 207 209 208 207 208 206 203 206 205 209 206 205 211 210 208 211 203 197 201 195 202 181 171 140 110 110 134 132 166 191 203 202 190 188 190 189 179 181 182 177 176 183 183 181 190 188 183 186 188 189 194 192 186 187 158 142 71 90 145 183 188 213 218 205 163 147 141 125 131 218 249 246 241 184 170 172 209 204 161 134 121 121 113 119 109 142
147 167 184 196 196 199 203 207 205 208 198 200 207 208 201 208 207 216 211 211 214 207 204 203 199 182 174 144 136 136 149 154 196 208 214 210 204 207 200 197 196 192 187 181 179 184 190 197 193 195 196 200 206 223 233 216 199 191 166 150 102 83 126 161 167 161 188 212 180 136 121 107 132 223 251 244 242 179 170 169 187 190 158 132 113 105 100 114 117 146
120 142 174 190 191 198 196 200 201 198 203 208 195 198 205 207 204 208 210 211 208 207 209 206 189 186 169 158 161 161 183 188 199 209 218 213 209 216 205 202 194 194 189 185 191 191 191 203 192 201 197 201 224 246 248 231 198 178 167 150 115 81 93 137 130 122 145 197 185 133 124 115 110 210 247 240 247 185 176 172 193 180 145 124 113 104 98 114 124 139
119 147 163 178 190 195 191 198 198 196 195 202 201 204 202 202 213 215 211 206 206 208 204 191 188 188 182 186 188 182 168 181 186 184 201 206 197 202 193 184 185 192 190 182 185 190 189 193 193 191 191 198 201 209 219 210 178 178 158 132 93 74 71 109 102 126 142 180 175 107 124 129 107 178 236 233 236 160 168 169 184 182 164 141 117 100 102 125 123 138
113 143 149 171 185 188 194 192 207 195 190 196 196 201 198 190 202 207 209 212 209 196 193 207 197 184 180 194 168 162 168 170 182 176 185 194 191 191 179 178 173 174 182 182 177 180 185 188 185 192 187 184 181 176 178 179 176 167 160 136 93 77 72 97 115 139 144 161 169 118 140 110 117 151 204 234 235 162 171 180 188 188 175 143 110 95 102 120 110 140
121 140 146 164 176 187 194 191 188 193 190 191 191 195 197 205 201 209 218 212 199 199 200 194 199 191 188 181 169 177 164 158 166 175 179 182 183 181 173 184 176 166 171 174 163 160 169 177 178 182 179 176 173 175 177 166 168 167 153 130 104 91 61 89 94 126 144 166 159 128 142 118 105 208 244 248 242 187 172 167 175 167 158 133 112 105 108 111 99 135
88 121 150 162 176 186 181 197 185 188 192 197 193 198 199 199 204 203 202 201 202 196 187 186 184 186 179 155 141 135 131 144 156 168 173 174 173 177 170 168 167 163 167 164 155 154 155 156 161 171 173 174 170 167 179 186 181 170 146 127 107 73 52 75 98 137 147 173 146 115 95 103 118 222 243 238 238 174 165 168 168 153 146 129 114 108 108 105 100 128
65 107 139 161 164 172 172 185 180 183 180 187 184 197 198 179 196 205 201 189 197 201 196 187 170 152 137 116 84 84 98 122 141 151 160 165 157 163 148 150 148 156 151 154 158 152 150 145 148 151 162 164 167 177 173 189 179 159 134 134 89 71 68 81 95 121 143 157 133 97 93 94 129 233 245 240 239 172 172 182 176 155 139 122 106 105 104 96 108 137
59 93 129 148 164 156 163 177 170 177 183 177 182 188 167 185 186 202 207 191 190 197 193 171 162 119 90 68 62 74 85 110 116 142 147 137 130 127 121 121 129 130 133 147 151 144 146 147 147 142 149 150 163 165 166 168 155 140 127 108 105 85 88 101 98 111 134 161 135 112 129 98 109 179 229 237 199 152 157 167 161 148 141 123 103 105 110 103 107 135
47 62 111 142 151 157 160 170 173 171 180 185 180 181 176 180 181 191 197 190 191 190 180 160 135 108 82 44 54 61 66 71 98 130 136 130 128 113 114 115 118 124 122 127 138 145 148 142 139 141 143 147 145 145 150 156 153 144 119 92 107 99 95 110 103 122 144 162 134 108 103 98 123 182 228 222 87 133 162 156 156 152 143 120 105 107 107 101 106 130
42 63 99 120 135 156 158 154 162 171 167 177 179 176 182 176 181 188 193 187 192 193 173 137 101 77 77 43 57 48 45 70 89 112 123 130 131 118 112 111 114 122 116 119 133 138 142 149 142 141 133 137 135 137 136 143 152 143 109 84 108 101 95 99 105 132 139 152 126 112 101 110 183 237 240 219 109 151 158 161 154 160 148 124 114 108 98 98 113 132
30 47 78 98 114 126 154 155 158 167 171 170 177 180 179 183 177 173 186 190 190 190 170 125 89 76 50 51 57 29 43 72 99 120 117 108 115 132 113 102 104 120 128 134 139 132 130 139 139 138 136 123 129 127 130 146 156 157 102 96 102 105 98 111 116 127 145 148 126 103 69 88 169 213 219 195 131 142 145 147 162 155 138 125 122 112 102 112 121 134
36 48 63 77 106 130 133 158 161 155 166 168 170 175 180 177 175 179 184 185 192 178 152 128 96 83 48 70 62 29 38 75 109 116 113 108 99 88 64 98 109 112 121 131 135 135 136 137 141 140 130 116 125 132 134 153 165 149 85 78 108 105 107 113 111 117 136 145 128 104 97 92 132 185 200 168 129 145 144 146 151 142 142 143 131 113 110 126 128 136
30 46 61 62 69 126 123 140 153 155 155 161 171 168 176 173 174 177 192 190 180 177 163 124 85 78 45 46 45 20 50 77 114 117 114 90 59 32 34 105 132 117 117 130 136 137 136 136 148 147 123 115 122 137 141 156 165 144 85 91 105 107 102 105 112 119 138 146 128 100 86 129 207 220 212 164 137 130 139 155 145 140 146 146 132 120 123 136 137 141
25 42 47 52 48 89 118 132 139 151 157 156 164 160 170 175 169 179 189 187 186 174 149 118 68 43 53 40 65 37 65 97 121 117 97 50 32 35 57 112 144 141 137 134 140 148 147 143 152 150 127 112 121 128 146 155 161 139 97 107 103 109 110 114 119 123 137 156 120 98 71 135 202 203 185 148 138 133 142 141 137 146 152 141 128 126 133 144 141 144
31 41 41 43 42 55 95 123 133 137 147 156 155 160 164 174 166 174 177 180 189 176 158 109 58 37 69 35 46 36 62 101 122 111 60 45 24 80 114 119 163 136 146 151 144 149 156 155 154 160 136 117 114 113 134 160 150 117 102 115 106 106 110 111 120 128 137 155 110 84 88 105 122 138 116 131 137 135 145 138 143 151 149 133 125 126 133 145 142 143
39 39 48 37 36 48 55 77 109 130 141 141 139 155 162 160 162 178 182 184 177 167 155 119 70 50 48 37 40 26 69 109 120 92 43 37 70 189 171 131 172 148 133 160 159 154 151 169 167 169 154 139 117 90 89 99 96 108 108 109 108 118 119 117 125 127 128 157 109 83 87 130 191 176 113 134 140 149 138 149 153 151 146 136 132 136 139 140 146 154
39 40 43 29 28 40 46 67 84 106 123 140 142 147 157 162 157 159 170 178 172 167 160 114 44 40 52 43 37 32 73 111 127 65 53 53 182 241 202 118 156 166 132 150 162 163 168 163 170 176 169 154 130 103 81 60 70 95 106 109 110 116 120 130 121 126 129 141 112 91 69 64 93 85 109 131 142 152 143 150 139 141 137 133 140 143 136 137 158 165
38 38 40 31 26 28 34 47 73 90 111 145 152 147 153 160 157 153 162 161 173 155 148 110 51 40 61 36 25 31 83 124 124 70 61 33 81 90 181 130 143 146 138 146 173 165 173 168 171 176 177 170 151 131 114 95 82 80 91 106 107 109 117 129 120 118 133 149 124 88 47 29 32 73 119 125 139 160 131 129 140 138 136 133 135 145 152 159 156 156
29 19 30 31 28 31 27 33 47 69 87 117 137 152 157 149 157 151 163 161 157 135 140 119 45 23 29 36 30 41 109 145 120 82 41 88 127 25 37 121 136 117 131 116 161 180 175 172 163 173 181 178 168 157 141 120 107 97 108 115 110 113 121 123 118 119 127 146 121 85 23 8 48 105 117 135 145 151 134 143 145 146 135 133 153 157 149 157 149 148
25 17 20 29 25 23 33 35 52 55 64 96 122 139 146 144 140 147 150 164 161 142 122 112 51 29 19 41 30 62 124 153 108 83 30 89 108 22 27 65 110 112 131 118 153 183 182 182 173 181 184 178 176 178 165 143 130 116 119 115 114 115 116 112 116 122 127 133 121 75 12 18 73 115 140 149 151 151 158 150 146 147 147 148 154 150 141 142 147 152
21 21 17 28 22 15 32 30 45 54 59 70 92 124 136 132 144 140 135 155 151 142 113 92 53 36 24 28 21 82 136 159 109 98 22 12 14 14 35 56 91 110 127 124 143 177 188 187 180 178 184 188 184 179 173 168 153 125 113 107 120 123 115 108 108 119 132 130 123 63 11 46 98 128 158 166 161 158 152 153 156 155 150 147 150 148 143 151 134 139
20 13 18 22 23 26 25 26 35 48 57 62 77 112 129 133 138 138 137 150 148 132 103 81 55 40 27 23 31 95 147 157 109 102 25 15 51 66 37 54 92 97 133 130 142 178 186 193 189 180 183 188 186 186 182 174 164 140 126 110 119 122 117 109 106 113 121 126 104 49 17 90 127 141 147 153 153 153 155 159 145 142 148 153 151 150 148 148 141 138
21 15 21 26 19 28 24 29 33 38 53 59 63 107 125 134 131 130 135 134 133 126 116 83 47 33 24 30 26 82 149 157 110 109 31 28 93 116 64 69 99 107 139 130 131 169 180 192 189 177 184 188 183 189 191 179 170 167 144 116 119 125 113 96 101 114 110 119 92 51 74 126 137 149 137 141 154 158 160 140 142 150 151 146 148 152 139 138 139 136
11 14 14 27 22 15 26 33 28 32 39 52 57 95 120 127 131 119 131 124 134 123 119 98 38 30 25 24 24 84 153 158 112 125 58 20 63 78 121 120 79 128 144 133 131 159 173 188 193 181 187 191 185 187 189 184 178 178 161 137 101 124 120 100 85 99 96 98 75 82 132 129 133 143 139 151 168 158 148 146 168 161 147 144 147 142 135 136 127 124
15 17 10 22 28 15 25 25 30 31 34 56 56 72 104 122 129 126 127 124 124 115 111 98 49 28 38 33 32 89 151 153 114 112 86 27 118 154 193 110 75 147 152 142 136 156 168 186 191 189 189 189 191 191 188 190 188 180 172 165 123 111 132 110 92 79 67 64 81 107 122 132 139 140 152 160 154 156 163 159 154 162 154 146 138 128 128 128 119 118
12 10 10 13 30 25 24 24 33 32 28 48 56 68 95 113 122 132 121 127 130 121 113 86 55 34 37 33 31 73 143 153 128 93 118 32 111 176 163 82 94 144 153 144 138 155 161 180 186 195 189 181 192 195 186 191 196 186 176 159 141 97 120 127 107 90 70 61 89 115 120 128 130 146 143 141 154 161 158 156 148 155 148 135 130 124 122 114 114 114
14 14 21 18 32 29 24 32 31 34 28 33 49 69 87 101 119 131 122 118 126 117 120 97 46 38 25 43 59 80 144 147 144 94 116 79 30 116 100 70 114 138 149 140 139 152 159 175 187 194 188 179 187 191 187 192 194 177 171 158 159 123 95 127 122 110 90 80 105 119 127 140 161 169 159 153 155 155 156 146 142 140 141 125 118 111 111 113 109 110
11 14 15 19 29 23 22 29 31 32 33 36 52 66 75 93 100 115 123 122 121 119 120 119 55 34 30 42 55 91 140 144 143 117 86 125 32 37 60 68 118 140 146 138 140 149 161 174 180 181 190 193 190 191 193 195 193 185 185 167 151 146 113 105 131 121 106 98 123 131 142 157 164 176 160 147 144 140 139 128 133 129 131 113 111 109 107 103 105 108
19 23 14 22 29 25 21 21 31 26 30 39 57 67 74 84 96 107 113 122 116 122 115 119 105 43 31 44 50 84 117 145 154 140 78 91 98 25 38 82 110 135 138 137 138 149 157 167 181 176 184 186 181 188 201 207 199 187 181 174 157 157 146 109 98 136 135 122 140 135 146 148 151 157 143 130 130 129 128 129 129 124 123 106 107 107 111 101 103 107
15 24 18 23 26 32 27 25 26 32 36 33 43 60 74 74 81 93 102 110 113 110 113 108 123 86 44 35 43 76 108 133 145 150 131 67 91 66 19 76 105 127 133 140 136 155 152 161 176 176 179 177 176 186 196 201 203 200 185 177 170 170 154 135 100 74 105 125 142 151 151 141 133 109 106 124 142 140 127 126 113 108 110 108 110 99 111 110 106 111
15 21 23 17 27 24 26 30 27 27 31 34 35 45 64 75 68 77 87 92 103 109 109 118 116 114 68 31 48 53 91 127 139 151 141 121 81 88 46 66 102 121 133 138 143 147 156 162 170 173 176 179 179 180 191 201 194 196 192 179 165 161 159 155 137 99 84 83 83 88 90 93 94 111 138 145 150 140 121 110 103 103 100 102 107 109 111 113 110 103
21 24 27 23 28 28 30 26 25 27 29 28 28 36 46 50 57 64 66 67 85 101 105 113 116 123 103 55 33 42 77 101 140 142 149 142 114 112 86 76 101 126 133 134 143 147 152 163 170 165 171 179 175 177 191 194 190 189 186 182 175 167 160 157 154 116 122 138 128 114 111 126 143 142 148 148 143 125 114 104 104 103 107 104 101 104 106 111 99 93
21 20 26 24 23 27 31 21 23 26 26 25 25 29 34 38 41 49 52 52 61 76 91 108 121 117 113 92 62 43 48 85 129 136 142 143 133 127 119 109 114 125 131 136 144 149 157 161 168 172 169 168 175 185 186 177 179 181 178 174 169 159 151 152 157 129 124 127 133 143 132 120 134 133 132 131 120 104 108 104 103 101 109 105 107 119 108 96 90 86
20 18 26 27 22 26 32 27 24 24 23 25 25 23 27 37 34 35 43 47 44 50 74 99 110 114 115 119 102 71 39 64 100 123 133 145 142 136 131 133 126 124 125 135 143 148 154 153 158 167 165 166 172 172 172 173 166 174 173 168 167 159 149 146 155 143 136 138 141 135 126 125 124 122 119 113 110 105 107 98 102 101 110 113 112 111 102 96 92 90
20 21 27 31 25 23 27 31 26 25 23 24 23 19 19 26 33 30 30 36 36 36 52 75 93 114 121 129 119 107 66 48 85 98 123 141 140 137 138 133 135 138 132 135 144 146 147 149 155 157 161 166 166 167 173 173 167 171 164 158 162 160 151 150 145 146 138 139 133 118 122 131 129 125 121 109 113 117 114 108 112 120 117 111 104 99 101 98 100 100
21 24 25 31 26 20 18 27 28 27 26 25 26 25 20 16 26 32 28 28 32 25 27 40 68 107 123 131 125 134 121 105 88 82 105 119 136 137 145 138 135 142 140 136 134 137 142 141 149 154 150 151 157 162 164 162 164 169 165 159 155 146 139 142 150 142 135 141 131 115 121 123 131 125 124 113 118 120 115 116 117 113 99 103 106 99 105 107 109 110
28 30 24 29 28 25 17 26 30 27 26 26 28 30 27 20 21 31 29 27 27 22 20 21 36 85 118 134 133 138 138 139 122 108 104 106 127 128 139 141 139 137 141 141 134 137 146 142 145 152 146 148 155 149 148 160 160 167 166 157 148 140 138 143 155 141 136 139 137 133 131 127 130 121 120 120 127 126 122 117 119 116 108 107 108 108 112 110 112 113
33 32 21 25 28 29 21 26 32 24 22 24 23 26 29 26 25 24 23 25 24 28 32 23 24 36 69 113 128 126 123 128 129 122 112 122 126 126 131 134 137 132 129 137 142 140 143 147 138 145 143 143 146 148 149 147 148 156 158 152 153 155 152 147 147 139 141 135 132 132 125 130 127 124 123 124 123 117 120 113 111 106 107 108 106 108 111 112 108 110
28 34 33 25 25 32 34 31 28 32 31 24 20 22 27 31 26 23 22 25 25 29 36 33 28 27 30 47 76 98 107 110 115 121 116 118 123 121 124 130 132 132 131 130 136 144 146 149 149 139 145 140 136 144 142 142 144 145 146 148 151 152 147 140 141 135 137 129 130 135 132 130 130 122 129 129 118 109 111 128 146 159 164 162 164 165 165 166 158 158
32 29 27 28 29 27 27 29 33 30 28 26 23 20 19 20 27 28 28 28 26 27 33 34 33 35 31 27 31 38 45 51 68 84 87 91 99 98 105 120 124 130 120 128 133 133 136 143 138 132 139 140 134 143 150 145 148 147 147 145 140 138 142 145 143 139 129 134 128 128 129 133 137 129 126 118 118 136 168 204 204 206 204 198 197 200 203 204 203 203
30 24 22 25 25 21 23 31 23 18 18 23 25 27 27 25 19 23 23 23 22 21 27 30 35 33 33 37 39 33 28 29 30 35 32 36 44 48 60 77 90 96 104 124 147 133 141 134 138 138 135 140 142 139 144 147 145 138 139 141 137 137 138 133 134 129 125 136 132 128 125 125 118 124 142 167 196 210 201 196 195 194 195 195 195 197 198 193 197 198
23 26 30 30 25 18 18 23 25 25 27 23 17 21 28 29 28 31 29 30 31 30 32 33 34 33 30 29 34 36 33 29 30 30 33 35 31 30 35 37 37 46 58 78 137 139 141 136 138 142 137 130 127 129 132 130 135 136 133 132 134 135 134 135 135 136 129 120 122 129 138 159 177 191 202 201 201 198 194 200 197 195 195 196 196 197 196 194 195 196
32 30 29 32 36 35 28 22 27 27 29 30 28 28 26 19 15 19 18 21 25 25 27 28 29 29 32 35 32 27 31 39 31 29 31 32 29 30 32 32 30 30 27 22 60 104 119 131 132 135 135 130 132 131 128 132 135 139 133 130 132 126 121 128 125 111 122 169 185 202 207 201 201 200 196 194 199 199 195 198 200 200 197 195 196 195 195 199 197 197
31 29 29 31 34 33 33 34 22 18 18 22 24 21 18 16 14 18 19 21 21 20 23 24 31 31 29 28 30 33 32 28 31 34 33 27 30 31 24 22 34 35 36 36 55 97 94 93 103 107 117 116 116 129 132 126 111 106 117 125 117 119 131 134 119 82 84 193 212 197 195 193 197 198 196 197 198 195 194 198 192 196 195 195 197 195 195 200 195 196
29 29 29 30 30 27 24 23 23 20 16 21 29 27 20 19 16 18 19 22 20 20 25 24 24 24 27 29 27 27 28 29 27 27 32 34 29 26 47 89 89 95 88 93 74 77 89 114 114 103 117 135 127 113 90 50 38 56 95 114 105 113 136 140 143 128 81 147 210 200 194 199 196 195 195 197 197 195 197 199 196 197 196 194 195 197 198 201 197 198
38 38 34 31 32 33 29 23 25 30 27 24 26 23 18 19 23 21 20 22 19 19 23 20 24 25 26 25 25 28 28 23 23 26 27 22 33 60 83 100 129 100 87 129 51 36 58 70 102 121 108 108 115 83 53 45 55 96 118 114 110 104 101 108 132 140 104 131 211 197 197 197 199 196 193 194 194 193 194 192 194 193 194 194 194 197 199 198 197 198
35 34 35 38 33 35 32 34 32 28 28 23 18 20 22 21 22 21 19 24 25 29 28 29 26 28 29 28 30 24 27 28 26 29 37 30 65 109 123 136 140 104 70 129 90 62 60 58 67 83 95 99 96 69 67 90 96 124 127 120 103 99 102 118 125 144 112 155 207 199 191 201 200 196 196 195 194 196 195 194 194 195 195 195 197 198 197 197 197 199
22 22 26 30 29 34 33 35 34 30 30 24 19 21 22 21 23 22 20 25 26 30 29 30 29 30 28 25 26 21 25 28 32 30 43 85 116 104 107 123 133 112 87 124 141 93 82 70 60 63 63 65 63 44 65 112 129 143 135 129 117 110 105 115 126 132 121 174 202 196 200 192 199 195 196 195 194 197 196 194 195 196 195 195 198 198 197 197 196 198
