144 139 142 143 143 144 142 142 147 148 149 141 141 148 139 146 144 113 95 98 95 88 83 96 115 136 144 149 147 144 146 134 142 139 145 141 144 143 143 144 144 144 146 146 142 139 147 143 145 143 138 144 148 143 143 146 144 144 143 143 144 142 142 145 145 142 142 143 142 142 143 144 139 143 143 143 146 144 141 145 143 143 144 145 146 145 144 143 144 144
142 141 143 142 145 151 151 152 130 134 87 56 52 51 54 49 40 15 4 11 9 6 8 25 25 44 61 75 104 134 146 147 142 146 140 145 141 143 145 142 146 145 143 144 150 142 148 146 145 147 145 144 145 144 144 144 144 144 144 144 144 142 141 142 143 141 143 144 143 142 141 142 145 144 142 142 144 145 146 147 143 144 144 145 145 144 144 144 144 144
151 154 133 147 144 115 96 43 26 15 3 7 12 6 4 4 7 4 9 14 7 11 11 10 12 2 6 5 9 23 59 121 152 149 142 152 145 134 148 147 148 145 143 150 144 141 145 144 149 144 144 145 146 145 142 143 142 143 144 143 144 144 143 143 142 142 143 145 143 142 141 142 144 142 142 143 143 144 145 144 144 145 145 145 144 144 144 144 144 144
109 80 88 89 53 16 3 16 13 5 12 7 9 10 4 15 14 18 14 10 7 13 10 9 14 7 13 10 14 17 16 35 90 132 131 151 146 146 140 149 144 156 154 148 148 153 149 151 147 148 150 143 140 145 146 146 145 145 144 143 143 144 145 145 144 143 144 145 143 142 144 144 141 142 144 143 143 142 142 142 145 146 146 145 145 144 144 143 144 144
10 11 16 10 5 14 16 6 9 5 10 10 15 25 37 24 20 20 12 15 19 15 9 17 8 7 9 6 8 14 13 17 11 16 17 46 91 130 145 147 139 120 139 154 141 129 125 120 147 144 146 148 148 147 145 148 150 148 147 145 144 144 145 143 144 144 145 145 144 144 145 146 145 148 145 142 145 145 143 145 145 146 145 145 145 145 143 142 144 144
5 10 5 6 13 13 9 4 4 7 5 15 41 37 35 30 37 29 29 36 26 28 29 18 13 12 9 10 10 11 15 15 15 17 9 14 12 33 49 85 124 77 89 130 110 139 124 46 78 118 148 153 144 139 144 149 148 146 147 148 146 146 146 145 143 143 145 146 145 144 144 144 146 148 145 143 149 148 143 143 144 145 145 144 144 144 143 141 144 144
9 6 1 8 15 10 6 8 8 4 12 17 44 56 66 72 71 78 85 78 52 54 58 40 26 25 21 20 19 15 12 13 12 10 17 10 7 9 11 10 25 42 57 70 62 133 148 44 61 93 108 120 133 141 150 147 147 143 145 148 147 146 147 146 144 144 145 145 144 144 144 143 142 145 145 145 148 147 143 141 143 145 146 144 143 143 144 143 144 144
4 9 8 7 5 8 12 4 9 5 19 40 82 95 101 95 100 112 97 89 93 91 74 62 58 59 50 35 36 41 39 40 36 39 36 28 27 19 10 9 8 7 18 19 26 57 136 84 69 119 128 116 110 119 148 159 152 145 145 147 144 142 144 144 147 145 144 143 142 143 144 143 141 144 146 145 142 143 145 145 143 146 147 145 143 143 145 145 144 144
7 1 10 14 6 4 7 8 7 11 36 87 114 114 120 105 115 119 113 115 111 105 97 95 86 81 80 73 82 78 78 87 86 93 97 106 96 90 78 60 55 55 50 50 43 57 95 105 89 117 134 147 151 159 152 151 150 152 144 139 142 144 145 145 143 144 142 141 143 144 144 144 143 143 145 144 141 141 144 145 146 144 144 145 145 144 143 142 145 144
1 7 8 5 10 12 5 5 7 16 32 103 106 127 125 126 131 131 132 125 124 113 117 115 109 105 106 107 106 109 108 111 111 112 115 119 116 114 117 122 117 121 111 108 110 109 111 110 109 112 109 109 114 128 144 161 167 158 145 146 151 144 139 140 145 143 145 147 144 139 140 144 143 142 142 142 142 144 144 139 145 144 145 146 146 145 143 141 146 145
8 5 7 11 15 14 11 15 6 26 64 113 127 130 132 135 135 133 132 136 133 131 130 125 125 123 122 124 114 120 115 114 114 117 103 98 108 110 96 112 114 116 114 108 106 111 117 119 120 117 117 113 111 104 105 107 117 136 146 146 143 142 142 138 137 146 143 138 143 145 143 144 139 143 146 143 139 140 142 141 145 143 142 142 141 141 142 142 144 143
7 4 16 28 24 14 10 16 36 64 97 114 131 133 134 142 132 137 138 145 139 139 136 135 131 131 125 122 117 119 114 114 113 94 57 44 51 62 48 74 86 99 119 119 111 115 122 127 134 130 131 123 126 121 121 113 111 98 100 110 109 118 138 143 133 131 138 143 141 142 145 140 140 142 143 143 143 144 144 144 146 144 143 142 141 142 143 144 145 144
5 11 17 19 21 25 39 61 85 111 125 132 139 147 138 142 142 145 147 144 147 139 141 141 137 132 127 119 119 117 117 108 77 39 30 34 38 47 56 76 86 102 121 122 123 127 128 137 140 137 137 127 129 127 127 117 114 122 111 107 115 108 99 101 110 119 132 143 146 144 142 141 144 141 139 140 141 140 141 142 140 141 142 143 142 142 140 138 143 142
18 15 18 20 23 35 57 81 102 121 140 144 142 143 144 147 147 149 146 145 150 145 143 142 140 130 130 124 122 121 118 89 54 25 45 51 69 76 93 95 91 98 114 119 123 132 136 140 138 138 138 134 134 130 128 126 126 127 125 124 121 116 113 109 100 95 102 110 117 135 148 143 139 140 141 143 144 141 140 142 143 143 144 145 144 144 143 141 145 144
8 5 13 19 28 53 91 121 136 136 137 142 139 143 146 145 145 152 150 156 148 147 144 148 141 138 138 137 134 136 116 67 40 31 54 65 89 97 105 101 101 100 109 118 124 134 140 139 147 147 141 140 138 135 132 137 132 128 127 129 124 118 119 117 122 113 102 96 96 100 116 138 146 147 143 139 141 142 142 142 144 142 141 140 140 142 143 141 142 141
1 9 11 23 69 113 131 142 135 139 146 146 148 141 149 148 153 152 154 153 152 146 148 144 144 150 145 145 141 143 102 42 39 36 63 99 104 105 100 102 95 93 86 95 119 133 138 144 141 145 140 145 145 145 134 136 135 128 122 123 123 122 121 114 114 115 110 106 104 97 92 97 112 130 143 143 141 142 142 142 143 142 141 141 141 143 142 140 141 140
5 7 25 61 119 138 139 143 144 147 150 150 150 151 153 155 152 156 156 156 155 155 156 150 152 156 151 152 148 118 64 48 52 62 88 107 118 107 104 87 62 58 60 94 123 127 127 145 142 141 146 147 143 140 145 133 135 131 122 126 129 124 123 115 106 109 113 111 109 102 101 100 101 96 105 131 145 145 144 140 142 144 142 142 141 139 142 144 141 141
9 13 50 96 128 141 144 151 151 155 155 155 159 158 154 153 156 156 156 160 159 157 158 156 158 155 157 151 133 101 55 43 41 73 111 118 116 108 79 40 45 52 61 94 122 133 133 136 136 144 148 149 154 147 143 136 138 141 135 132 128 124 126 121 114 110 113 113 117 110 105 103 102 105 95 91 107 130 146 149 145 141 140 143 140 138 143 145 142 142
11 30 53 100 132 147 155 149 152 156 152 149 156 159 156 156 157 159 159 160 160 161 162 158 159 157 155 139 121 82 54 38 38 75 111 124 115 91 36 62 65 28 54 102 112 125 134 139 143 152 151 147 155 152 150 146 139 144 139 135 133 131 130 121 125 116 117 115 118 112 106 107 112 110 104 103 98 94 111 134 148 147 140 140 144 145 144 139 144 144
17 36 76 100 130 152 148 153 153 160 161 159 163 166 163 162 162 158 156 162 162 157 159 161 161 160 166 145 110 81 57 34 24 87 136 121 99 54 87 77 15 24 60 94 100 113 130 149 152 146 149 156 159 149 149 151 145 148 143 140 138 134 127 115 124 120 126 121 120 112 104 105 102 104 106 107 102 100 101 95 106 133 147 144 139 140 143 141 141 141
26 28 77 103 138 152 157 160 158 163 167 166 165 168 167 162 163 164 161 161 160 160 162 159 163 159 153 138 116 90 37 21 26 106 139 130 70 74 82 21 25 53 67 98 108 105 127 150 156 153 159 159 159 156 158 154 149 149 146 144 139 133 128 123 128 125 127 118 117 115 111 111 104 105 105 104 101 104 108 103 92 99 123 147 147 141 144 142 139 139
21 38 78 104 140 140 161 159 166 167 170 170 169 174 175 168 171 166 162 165 164 159 162 164 164 154 145 146 124 44 24 36 31 122 147 108 69 110 28 36 91 84 97 124 114 105 124 146 156 159 165 164 167 163 160 160 161 155 149 148 147 143 140 138 133 131 127 120 122 119 116 109 110 112 107 108 111 107 104 103 101 96 87 104 137 146 140 140 141 141
21 38 87 104 137 148 156 164 167 170 176 178 179 180 177 170 172 172 167 165 164 164 167 165 163 155 152 144 109 38 58 38 37 127 140 90 101 95 32 100 123 105 101 121 113 93 106 148 159 168 170 158 162 166 165 166 167 158 152 150 149 145 139 135 138 136 127 121 121 116 118 112 110 106 99 104 110 106 104 106 103 102 98 91 94 123 148 143 142 142
45 38 79 107 130 146 159 166 175 180 182 182 181 180 176 174 174 172 167 167 166 165 168 168 166 167 157 138 89 44 35 25 34 117 130 78 131 47 30 72 108 114 82 107 113 82 112 155 167 171 176 168 169 169 169 173 164 164 165 161 155 148 142 141 130 134 128 126 123 111 118 115 113 109 108 113 113 112 112 106 108 103 98 100 93 86 109 143 144 144
44 48 74 104 131 144 163 172 174 186 186 186 187 182 181 184 182 178 178 171 166 171 171 171 170 166 159 148 82 43 30 14 30 112 118 82 125 40 55 6 32 96 94 110 101 67 117 166 171 171 168 166 169 174 176 176 171 165 162 157 157 153 143 147 132 134 127 121 115 117 115 116 117 117 117 117 115 115 115 109 111 107 102 102 98 86 87 103 148 146
36 69 74 104 119 150 167 176 179 187 190 192 191 188 187 185 185 180 179 173 170 175 177 178 176 166 159 145 80 56 30 11 10 89 93 82 99 61 84 10 13 101 93 111 78 68 142 168 180 170 170 173 171 176 179 172 174 174 169 160 158 152 138 131 130 128 118 114 105 105 109 114 116 120 118 115 116 119 120 118 107 109 107 102 98 93 89 89 105 138
20 65 73 92 118 144 167 169 187 189 191 192 188 188 192 188 186 181 180 175 174 179 182 182 182 163 155 149 96 45 30 7 14 69 80 70 73 14 20 6 32 122 85 100 68 77 151 178 175 169 167 172 177 179 179 177 179 178 169 165 163 150 136 128 124 114 112 102 95 105 102 110 111 119 122 122 125 124 118 113 115 116 109 101 103 104 96 89 86 106
24 51 69 91 133 144 168 175 191 193 195 196 192 190 192 188 184 182 181 175 173 180 183 181 184 175 165 145 98 37 33 7 11 57 69 69 80 9 18 5 50 106 78 83 56 101 161 169 168 168 168 171 176 176 175 176 170 172 157 152 152 138 127 122 93 102 97 87 89 113 124 122 117 117 120 125 130 131 124 119 111 103 111 114 102 102 107 97 93 87
24 56 56 88 125 149 166 177 190 192 189 189 191 189 188 186 183 184 181 174 171 179 185 182 181 175 170 145 91 36 14 8 11 43 57 58 69 12 31 24 77 89 86 70 62 125 159 165 172 169 174 175 171 174 174 166 166 168 148 140 145 133 111 95 83 89 86 71 90 136 137 129 125 113 114 121 125 128 123 118 116 110 108 111 109 103 102 104 98 100
33 60 40 101 127 136 156 183 184 190 188 192 199 194 187 184 185 185 179 173 171 178 187 185 190 183 172 145 98 38 16 16 13 38 61 36 60 26 44 56 94 71 77 58 79 143 163 170 170 170 172 174 175 179 177 167 155 151 138 131 124 104 89 87 102 99 94 112 127 134 132 123 105 96 107 120 125 128 124 120 126 121 117 113 108 105 107 110 105 106
35 56 39 107 121 127 155 178 179 187 186 188 193 189 185 186 187 182 175 174 173 176 185 186 193 176 167 155 117 41 17 17 20 38 59 38 56 37 64 83 84 84 71 57 121 162 163 168 166 168 167 170 178 179 172 167 154 138 126 112 95 91 108 130 130 122 120 130 135 142 133 114 85 90 114 127 130 133 130 130 121 124 118 113 116 115 109 108 110 102
37 51 43 108 106 131 161 174 177 188 190 190 189 183 184 190 187 178 171 175 175 174 181 183 187 176 173 157 113 64 19 14 21 35 60 47 47 45 29 65 82 89 69 82 150 158 165 167 173 167 169 172 170 168 163 154 144 123 116 110 114 138 148 140 133 124 122 139 128 119 119 101 62 84 120 136 139 140 136 139 128 125 125 119 110 112 113 104 106 112
34 48 53 102 109 134 158 179 183 186 185 183 187 185 181 190 188 173 174 163 167 174 174 180 188 186 178 154 124 75 40 15 18 36 59 55 54 63 30 63 98 100 84 115 163 165 168 166 169 164 169 174 171 168 158 140 122 117 130 145 141 150 148 140 133 130 131 129 130 111 107 90 44 75 131 142 145 142 139 142 133 129 124 120 117 115 111 107 113 120
35 41 60 106 118 149 170 176 183 189 191 187 185 184 185 186 182 178 182 169 170 173 171 179 172 183 176 151 135 104 69 36 25 34 50 67 53 76 63 60 120 103 108 146 170 158 160 166 162 164 161 163 171 164 138 116 115 140 158 158 158 157 150 139 136 131 132 132 126 121 112 84 35 70 138 142 151 144 143 133 134 135 125 125 124 121 125 117 117 117
30 45 80 106 136 148 168 180 186 193 192 190 187 185 187 179 185 180 175 162 170 175 168 170 178 186 179 155 141 124 101 71 29 39 51 66 59 78 109 98 135 126 142 155 160 161 161 153 155 157 159 164 163 143 121 114 132 145 167 172 152 153 141 146 136 134 134 137 131 128 104 69 31 59 120 129 143 137 141 141 141 134 122 124 124 119 124 121 117 111
43 50 79 124 142 157 164 169 182 192 193 195 189 182 187 183 183 182 179 166 167 167 169 176 174 172 173 164 135 108 93 76 66 48 53 71 73 85 137 135 130 136 152 152 151 152 155 155 157 146 156 160 137 126 133 134 137 132 127 158 153 146 145 133 136 138 138 141 141 122 83 56 25 60 118 128 121 133 139 131 136 133 132 127 128 134 127 119 119 116
55 63 85 125 139 149 168 180 184 188 186 195 197 186 187 186 183 178 176 172 174 170 171 173 173 178 176 161 135 119 99 71 70 72 69 75 81 102 134 152 139 145 148 151 157 148 151 155 141 148 143 135 134 135 136 142 143 117 90 110 148 138 140 138 141 140 144 144 143 104 73 59 34 82 124 118 108 116 123 134 131 127 131 127 128 131 124 121 118 122
47 66 97 119 150 149 172 180 188 191 190 197 195 183 182 186 182 177 176 177 176 169 172 174 175 187 181 167 144 123 107 106 86 81 89 90 94 115 134 137 143 152 148 145 144 136 146 144 145 140 133 127 127 133 135 130 133 108 71 56 103 141 134 140 146 139 147 147 133 90 79 69 36 75 114 108 112 106 112 126 128 135 132 125 122 129 134 128 121 124
46 66 101 129 140 158 173 174 191 189 189 191 190 186 182 179 182 183 180 177 177 168 174 177 172 190 182 170 153 133 116 123 107 90 95 112 129 127 136 142 145 144 138 140 141 135 144 140 132 129 129 133 137 139 138 136 126 91 22 28 70 136 139 142 142 138 144 147 123 89 85 66 24 60 115 118 104 103 119 119 122 125 127 129 130 131 135 134 125 120
45 73 110 134 142 160 163 175 182 182 187 185 183 189 187 180 179 184 178 174 176 167 170 170 174 190 180 170 154 138 121 122 114 109 105 130 134 138 139 132 135 137 137 138 139 134 138 133 132 134 136 136 139 147 148 140 121 79 14 30 78 143 137 142 133 138 139 145 119 94 84 52 34 68 106 126 120 114 110 123 125 119 125 125 129 136 130 132 136 121
50 75 114 115 141 146 163 176 179 181 178 179 184 183 180 183 184 175 185 180 170 164 171 170 175 189 177 165 151 141 131 125 124 125 140 154 154 151 141 140 147 143 145 144 142 138 139 136 138 140 141 141 143 152 155 146 126 80 21 42 89 146 142 137 144 144 146 144 107 101 89 44 26 62 115 133 136 120 109 115 119 111 112 128 124 130 137 129 130 122
52 75 111 122 153 162 168 175 175 182 187 186 183 181 178 174 182 174 172 170 174 172 170 173 163 171 171 172 147 143 128 125 130 129 154 173 165 160 160 164 163 160 161 154 152 150 152 147 146 151 150 150 154 173 179 148 121 93 65 38 84 138 138 144 147 152 142 125 101 104 82 45 45 61 106 130 148 117 106 104 112 107 113 121 124 116 133 139 136 129
74 92 115 124 146 160 168 178 179 180 182 179 172 174 179 175 173 168 164 166 167 167 167 181 178 165 168 161 130 132 131 124 118 132 159 167 163 163 163 164 162 156 154 149 151 150 152 148 152 151 146 164 182 190 185 154 126 107 98 68 79 138 134 145 134 144 151 125 88 96 77 42 87 81 97 131 166 149 117 106 117 103 103 122 122 114 125 136 137 132
83 101 123 136 147 160 165 171 180 175 176 176 171 171 173 171 167 170 167 163 154 167 170 173 181 172 165 138 129 122 121 114 114 116 144 155 148 146 149 145 133 132 139 144 145 140 142 145 143 142 144 157 173 192 187 145 119 101 96 76 79 135 142 136 125 126 146 135 88 87 75 46 65 63 92 134 161 164 132 105 110 101 93 111 118 125 128 127 137 134
100 110 127 141 146 161 165 164 179 177 176 176 174 170 167 164 169 160 157 164 162 174 174 173 171 162 154 134 126 119 123 107 106 117 135 137 142 136 132 136 134 127 128 131 136 132 132 133 119 136 142 140 157 176 161 133 128 103 86 77 78 110 125 127 114 126 140 128 91 87 75 56 88 95 97 116 160 159 136 105 103 93 84 96 123 119 125 135 143 140
116 126 140 149 147 156 162 161 173 178 176 170 171 170 166 166 163 165 167 166 161 163 163 169 157 158 136 127 115 108 99 93 92 106 134 132 130 126 126 121 126 125 126 125 130 130 130 128 122 122 134 137 137 144 140 136 118 98 88 73 63 87 112 116 108 125 136 125 94 87 70 55 102 113 96 124 161 153 139 104 104 83 78 96 110 121 138 139 139 135
123 135 148 152 151 155 163 165 165 173 173 169 170 169 165 165 164 159 161 163 168 160 155 160 151 141 111 96 80 90 86 84 83 93 118 120 123 110 107 111 116 114 112 108 115 116 117 113 112 117 126 130 131 132 130 131 111 91 92 78 68 67 107 115 121 119 132 126 95 83 58 51 96 110 94 138 169 155 125 99 93 81 66 94 117 125 133 155 150 143
128 138 147 150 160 161 164 163 170 172 170 169 170 166 163 165 160 158 164 160 166 161 158 154 152 142 106 72 70 81 70 72 88 88 108 104 106 102 106 100 108 110 114 113 116 111 111 112 104 107 115 123 123 128 133 123 101 102 81 81 66 63 93 113 123 137 148 112 76 80 59 55 94 83 85 124 156 147 123 99 84 72 76 97 112 116 137 149 146 138
136 142 150 154 161 157 157 160 169 168 167 169 171 169 165 163 161 164 162 164 159 163 153 149 139 127 106 70 49 41 46 51 71 83 97 92 100 89 104 101 104 104 109 115 114 112 112 113 106 103 101 108 117 119 119 114 91 89 73 59 55 62 87 109 121 146 150 87 80 82 66 53 87 58 101 145 149 147 134 110 88 80 75 94 108 127 134 140 136 137
137 142 147 149 159 159 159 158 161 162 165 164 160 161 165 167 161 160 158 162 157 156 146 144 134 113 65 33 29 33 35 49 79 86 87 84 88 96 100 104 103 106 110 112 113 113 113 114 110 106 101 100 102 118 127 105 86 64 74 44 48 74 89 98 121 142 134 74 84 81 51 79 112 97 121 148 147 143 116 103 86 79 75 86 110 124 122 137 130 131
140 145 148 147 155 157 157 154 153 156 156 156 157 159 160 161 158 164 164 161 155 156 141 125 113 90 49 37 31 26 32 63 80 74 66 80 80 89 96 99 108 110 108 108 113 115 112 111 112 103 85 86 94 107 122 112 58 45 72 44 59 75 87 95 116 134 115 80 91 70 57 94 102 106 128 133 132 135 122 110 85 72 82 91 109 122 126 143 123 124
138 144 149 147 153 154 157 158 151 154 150 150 157 156 153 157 156 155 155 159 157 149 135 120 114 67 33 30 21 18 45 77 66 60 61 72 80 89 92 104 111 115 113 112 117 117 115 117 114 103 85 97 106 105 116 113 40 38 65 40 59 78 92 104 119 127 103 81 83 59 79 105 96 105 124 120 130 114 113 101 83 66 85 99 114 120 126 132 117 117
138 143 149 148 152 149 153 155 152 151 149 149 149 148 151 159 160 157 156 158 154 144 137 125 108 52 33 27 22 27 59 68 54 54 47 72 88 88 86 95 112 121 125 125 121 113 112 120 112 103 93 107 113 117 129 114 40 14 42 46 68 86 87 104 114 117 99 79 86 55 58 53 82 115 125 117 131 106 108 97 77 72 87 99 111 113 128 137 123 123
132 134 142 145 151 150 152 152 152 144 146 149 145 147 152 152 154 158 159 153 146 136 132 115 78 40 39 17 17 39 66 52 51 38 52 68 43 84 105 95 111 117 123 127 125 116 111 115 120 114 98 102 112 118 125 113 64 36 33 49 73 89 88 101 114 120 99 82 81 51 67 62 96 113 109 123 124 104 106 98 86 80 91 103 109 115 128 126 121 120
129 132 139 141 147 146 146 142 146 142 142 143 144 147 148 143 150 151 154 154 149 133 128 111 74 22 23 15 21 40 57 53 35 41 58 32 46 122 107 109 112 115 120 126 129 127 123 121 121 122 102 97 110 115 115 115 99 67 43 66 87 86 89 103 115 121 94 90 76 49 68 80 106 107 105 118 104 100 108 96 89 83 92 98 96 115 127 125 125 124
124 130 138 138 142 143 143 136 137 147 143 135 138 141 141 145 147 152 153 145 142 134 127 98 64 20 23 10 11 47 54 36 35 53 33 21 88 125 106 112 125 130 135 135 131 131 132 132 126 127 109 89 91 106 114 110 98 56 52 74 91 98 94 97 117 116 92 88 67 41 30 71 112 101 101 109 106 99 104 96 88 90 92 91 98 121 116 121 119 118
122 126 138 133 139 139 140 140 137 141 138 138 137 135 141 144 148 146 153 147 132 135 124 78 30 13 13 15 29 52 51 29 62 46 36 72 98 117 96 108 124 132 141 139 144 138 138 136 138 131 129 104 80 70 76 72 55 47 69 79 91 94 96 102 116 118 92 86 63 51 45 82 101 93 105 101 98 106 101 100 96 92 100 104 111 123 121 120 118 118
122 124 129 128 133 134 136 142 129 134 135 137 137 136 140 142 144 145 141 138 145 126 123 59 20 18 12 15 37 62 40 46 68 29 94 127 88 102 83 94 115 136 145 146 141 144 142 147 142 144 143 138 111 89 64 50 51 62 89 91 95 95 96 103 114 115 97 74 67 56 55 93 100 95 99 98 100 109 108 103 99 99 107 107 110 119 119 123 114 113
111 120 126 131 130 125 121 133 131 134 135 138 137 135 137 138 142 143 140 141 139 127 113 53 10 15 8 23 52 75 38 77 73 20 40 80 105 92 85 82 114 136 145 147 145 151 147 147 152 151 145 147 141 128 100 84 80 83 92 90 99 100 97 105 105 111 102 68 72 33 38 98 99 97 93 102 113 107 100 103 102 104 108 109 116 121 115 114 121 120
112 121 121 127 124 121 114 125 136 136 135 136 135 134 135 136 140 142 139 140 134 116 115 46 12 9 9 41 70 84 48 103 49 59 20 22 111 99 86 75 108 130 150 148 149 147 151 149 152 158 160 152 152 138 123 105 94 102 103 93 99 103 97 103 113 113 101 70 69 23 43 93 90 80 90 104 102 102 106 100 105 107 108 107 113 118 113 115 112 110
118 123 117 124 128 130 120 124 134 132 132 133 132 133 134 136 139 139 131 135 127 120 101 34 15 6 14 55 84 84 58 104 38 61 11 18 91 86 83 70 100 122 150 153 151 149 156 154 152 158 161 154 152 141 132 113 98 104 107 106 105 96 90 108 112 112 99 67 38 23 73 83 84 89 99 93 88 100 104 99 101 104 105 106 115 118 114 113 105 103
110 116 111 113 119 123 124 128 133 128 131 132 131 132 132 133 135 138 132 136 124 126 80 33 15 10 27 70 99 93 71 100 24 10 0 10 78 94 90 72 99 125 148 160 151 155 155 155 158 159 156 164 157 152 137 116 102 103 101 103 102 100 95 104 98 107 97 65 21 29 78 67 75 101 106 94 102 101 87 98 87 99 109 111 111 110 110 113 110 107
103 112 115 117 121 119 125 128 131 126 130 131 130 130 128 129 130 138 131 133 131 108 81 34 12 6 32 77 101 97 73 89 18 16 24 22 73 71 89 71 95 130 153 160 152 154 153 157 157 163 160 164 153 149 143 128 110 98 92 102 100 97 92 101 101 108 99 54 13 39 78 88 93 101 103 102 100 93 90 97 97 101 105 106 107 109 112 111 112 109
109 109 110 111 120 116 123 121 126 120 125 127 126 128 127 128 131 127 124 128 123 104 75 36 22 9 41 89 102 101 74 85 21 28 55 45 79 81 90 74 95 128 150 148 159 159 156 153 154 162 163 156 154 149 151 135 120 100 86 93 92 96 93 95 100 94 91 39 12 62 88 98 97 103 103 107 105 104 110 105 108 107 106 108 111 114 114 107 104 101
110 109 109 108 117 115 123 124 125 125 126 127 119 125 127 123 124 129 123 126 125 101 75 32 29 6 42 96 107 101 68 84 32 61 95 77 81 98 88 81 96 125 149 150 160 159 160 157 153 150 154 152 158 143 145 140 122 112 87 85 84 93 99 102 101 88 76 21 32 85 99 107 112 114 109 109 111 107 107 114 108 109 110 111 111 106 103 105 100 100
102 106 108 106 114 115 115 117 120 129 125 123 123 120 116 126 125 125 126 125 124 105 69 22 28 16 35 90 104 101 66 84 55 45 99 69 88 107 89 80 96 130 151 148 159 159 158 157 158 146 146 147 150 145 148 136 125 120 101 85 78 88 99 102 108 90 49 34 75 105 107 109 117 116 110 108 113 111 109 111 109 108 107 107 108 108 106 104 101 101
100 106 109 110 112 118 116 117 119 121 121 123 121 124 123 124 120 116 124 119 120 115 79 34 23 22 39 83 105 105 73 68 79 25 56 58 87 102 88 97 99 127 147 147 154 153 153 153 154 149 140 141 149 147 141 134 125 119 111 91 72 67 87 111 109 83 45 67 101 107 110 109 110 120 117 105 103 107 107 104 111 108 105 101 100 104 105 101 99 99
101 106 105 114 110 117 122 120 120 119 125 127 115 124 128 118 117 112 120 111 112 117 93 53 29 23 50 70 95 106 93 58 83 36 12 62 89 95 83 97 106 119 138 148 148 147 150 149 144 150 142 143 148 145 134 132 129 116 115 103 87 63 75 111 104 77 60 91 102 104 109 113 110 113 113 108 108 111 110 110 98 99 103 103 99 100 102 98 95 95
96 105 97 109 108 111 119 119 116 119 117 119 119 127 124 118 118 115 116 109 106 110 97 58 36 21 54 69 87 105 101 65 65 57 11 51 87 95 87 89 112 118 131 144 144 145 146 144 139 144 145 147 142 140 135 128 126 120 121 110 101 73 68 92 99 86 73 91 103 109 106 109 107 111 113 103 101 108 108 106 98 97 100 100 95 95 99 99 99 99
86 102 95 103 110 107 112 115 114 120 117 118 116 114 110 115 114 113 112 111 109 108 101 65 47 25 43 71 82 100 97 87 56 59 37 35 81 93 96 98 111 122 127 134 139 143 138 139 137 141 141 140 138 134 133 129 128 130 117 99 102 95 76 66 86 95 96 105 110 113 116 116 113 109 111 105 96 94 96 104 102 100 101 101 97 95 94 93 98 98
75 92 100 100 107 107 109 111 113 113 111 115 113 112 109 111 107 106 108 109 109 107 105 80 53 32 35 68 85 97 94 93 74 61 61 53 82 91 97 105 113 124 125 131 134 137 131 135 134 137 137 132 138 130 132 131 138 127 110 112 110 97 84 85 83 86 99 109 114 117 122 112 116 110 111 104 100 105 103 102 100 100 98 96 97 98 99 99 98 98
66 77 102 96 98 105 109 105 112 116 111 111 112 113 107 110 108 105 107 104 101 99 101 89 62 42 31 54 83 94 101 92 94 69 64 77 75 91 99 106 119 123 126 135 132 133 129 134 133 129 137 134 135 127 136 128 129 129 117 119 110 107 102 97 100 97 114 114 114 111 114 116 109 103 108 103 97 100 97 97 95 100 99 96 97 100 100 99 98 98
72 68 90 96 89 98 102 102 100 102 106 113 111 108 110 104 106 105 103 103 106 100 97 92 68 47 42 42 60 87 97 94 95 88 74 80 86 96 97 107 114 119 123 125 126 129 131 131 130 132 138 132 131 127 132 130 127 123 120 118 115 110 104 101 100 103 108 115 113 109 112 107 103 106 97 94 96 99 94 97 97 91 97 99 97 96 94 99 101 94
58 63 82 89 89 97 97 96 100 101 100 103 104 106 109 104 105 102 101 99 99 95 97 94 90 66 44 42 46 75 84 94 96 93 83 89 95 103 100 105 112 118 122 124 128 129 129 130 127 124 125 130 127 124 124 127 127 120 115 114 109 102 101 104 103 105 106 108 106 104 107 104 105 106 99 98 99 100 95 97 97 97 99 100 97 95 98 99 87 81
36 57 65 78 86 87 93 87 88 93 93 95 97 98 100 99 98 96 102 102 102 100 100 94 91 90 75 57 44 67 79 91 97 97 92 96 101 108 107 108 114 117 121 126 129 130 127 124 123 130 128 126 114 121 122 124 119 115 114 115 111 104 98 97 101 103 102 102 103 104 107 106 101 99 95 97 95 96 93 95 92 97 94 97 96 96 100 93 81 77
19 35 51 58 70 79 78 83 79 86 89 89 88 86 90 97 91 89 93 93 97 98 99 95 92 98 98 77 60 56 67 85 93 98 99 101 105 111 113 114 113 115 122 125 120 121 127 127 127 124 120 123 119 122 122 123 120 117 111 107 106 107 104 99 98 101 98 96 99 101 101 102 103 99 97 101 96 97 97 100 97 97 93 94 95 93 90 78 81 79
15 26 33 45 60 68 76 80 67 74 82 83 78 70 70 79 82 84 88 86 95 98 98 99 98 100 98 85 75 66 72 85 88 96 106 108 110 112 116 117 113 119 126 122 111 108 118 128 126 120 119 118 121 118 117 112 114 113 111 108 109 109 105 98 96 98 97 96 100 104 103 105 103 100 98 102 94 93 93 95 100 96 98 95 92 89 82 78 84 84
14 12 21 24 39 56 57 67 61 60 63 62 57 51 50 58 53 63 75 78 91 96 94 98 95 102 97 97 87 90 85 90 90 96 107 109 110 110 118 119 111 120 121 120 119 112 112 122 116 116 119 110 114 115 120 113 110 108 107 108 108 104 102 102 106 103 102 100 102 104 103 104 99 98 99 103 99 98 97 99 96 94 99 94 86 85 82 88 84 85
12 18 11 13 23 31 41 45 49 44 47 46 44 44 41 40 38 42 53 56 73 87 92 99 97 99 97 107 97 95 88 92 94 92 102 105 108 107 116 118 107 111 114 120 124 120 115 119 123 116 113 114 115 114 114 113 110 106 105 106 105 102 102 105 104 98 100 101 102 105 104 104 105 104 101 103 98 97 93 94 96 94 94 90 85 84 85 87 87 89
9 22 12 5 9 12 23 28 36 31 35 33 33 40 38 34 33 27 32 31 50 71 82 88 99 99 98 96 99 100 101 93 91 87 97 103 108 105 112 111 110 109 118 121 110 107 114 117 113 119 120 121 112 115 112 110 110 108 105 105 106 106 105 103 102 95 100 104 104 107 104 103 104 103 97 98 97 99 95 96 94 91 84 86 89 91 93 86 87 89
6 15 13 10 10 10 13 12 19 21 25 27 27 26 27 31 28 29 27 24 30 45 62 72 87 93 101 101 98 99 99 97 91 92 94 97 103 106 103 105 110 111 113 113 111 108 112 120 113 113 116 118 113 108 111 114 114 108 106 103 107 103 102 105 106 106 103 103 109 110 106 104 104 104 99 100 97 98 97 95 90 91 92 92 93 93 93 91 90 89
14 11 13 20 14 9 13 12 9 12 12 18 20 17 19 18 22 25 25 25 24 25 37 55 65 77 88 93 94 96 98 93 91 91 93 97 101 103 104 106 107 110 114 116 114 110 109 114 118 116 113 112 111 111 108 106 103 108 110 107 110 110 105 103 107 108 107 106 107 107 105 104 102 101 100 100 99 92 95 93 96 96 94 94 94 94 91 89 91 89
15 16 11 11 17 18 17 16 15 11 15 14 16 19 17 21 20 20 19 21 24 20 23 37 42 52 66 83 90 90 96 98 89 92 92 100 105 105 107 104 110 110 109 110 112 110 109 111 106 110 112 111 110 107 106 108 105 108 107 109 109 110 107 108 107 108 110 110 108 105 102 97 102 97 100 96 100 99 99 101 96 95 93 89 86 86 89 91 90 88
12 23 19 12 12 10 11 20 14 17 11 13 13 10 18 18 18 18 15 16 20 21 22 26 30 40 43 50 55 60 73 75 84 93 88 92 98 98 101 97 102 106 108 108 106 104 104 107 109 108 107 108 111 109 108 111 107 109 105 107 102 105 106 106 109 105 104 103 100 101 101 97 100 92 98 96 100 108 99 98 99 96 93 90 89 89 87 86 82 81
12 12 18 20 12 6 9 18 13 10 14 11 11 14 10 14 13 16 19 16 11 13 18 20 25 26 25 32 31 24 30 37 68 93 95 95 98 96 99 98 97 97 97 100 104 105 102 101 101 103 104 105 106 103 99 99 101 106 105 104 101 104 104 95 101 100 103 107 109 114 117 115 107 100 99 93 59 50 59 68 75 79 84 86 85 82 81 81 78 76
20 15 15 14 12 10 7 7 14 15 9 13 16 15 18 14 13 13 19 20 13 11 16 18 21 24 23 22 22 21 19 21 43 78 94 95 95 96 102 107 105 104 102 103 105 104 103 104 106 105 105 103 103 106 105 102 108 104 99 104 115 112 121 125 128 131 137 140 140 140 138 135 125 128 130 133 68 5 9 10 12 18 29 43 55 62 64 64 60 58
13 17 17 8 7 12 11 12 13 8 8 7 11 15 13 13 14 11 14 19 19 16 16 17 20 17 21 25 30 27 17 20 30 56 78 84 86 92 99 103 109 107 106 109 112 108 104 104 106 99 99 101 96 92 92 90 90 81 76 96 144 141 142 143 139 140 139 137 137 137 136 136 135 135 135 145 112 23 6 4 6 3 1 1 4 10 18 24 27 25
14 7 15 16 8 11 13 11 9 9 9 11 13 13 12 10 10 12 13 15 16 13 12 14 18 12 16 17 27 34 23 26 33 50 77 93 98 102 96 86 65 67 70 76 80 83 89 99 86 61 57 75 87 87 86 83 88 100 96 96 143 139 140 139 141 140 135 133 137 138 137 138 135 137 138 136 136 40 3 13 6 4 2 2 3 3 3 3 10 9
101 66 29 25 28 12 7 18 18 14 12 14 12 13 16 12 13 14 12 10 12 14 13 12 19 20 19 19 19 20 24 32 38 64 89 104 99 95 98 110 65 49 43 41 45 51 66 73 56 50 89 103 100 92 89 91 97 106 103 127 139 139 136 140 138 140 138 136 136 137 137 137 136 131 133 134 137 91 11 12 8 5 4 5 1 4 11 6 0 20
136 137 108 84 89 81 48 19 14 11 8 11 10 10 14 10 13 14 12 10 12 14 13 12 16 17 15 14 13 12 16 24 55 77 95 99 88 88 101 121 102 81 66 53 46 40 46 49 38 42 88 102 100 96 96 98 104 113 110 133 142 140 134 138 137 139 137 135 135 136 136 136 135 135 136 129 142 122 41 13 14 8 8 9 5 15 23 8 36 78
