182 178 180 179 171 161 155 147 160 150 138 156 159 165 174 164 172 167 179 175 171 174 172 163 170 180 176 178 176 179 173 179 174 168 180 168 180 176 179 177 174 174 176 175 178 172 179 177 175 176 177 180 174 176 176 175 173 173 179 177 172 174 174 174 170 177 176 172 168 175 176 174 175 175 171 171 175 173 170 173 173 174 174 173 172 173 174 174 175 175
173 172 181 157 138 121 113 117 132 116 107 120 123 143 136 141 134 133 148 145 146 150 146 143 155 168 164 169 145 156 151 157 168 179 174 172 160 161 164 178 183 178 177 174 173 176 174 178 176 175 173 179 180 179 173 175 175 173 172 174 175 175 175 174 173 171 170 176 174 173 170 173 171 172 172 173 174 171 170 173 169 171 173 174 173 173 173 173 176 176
158 145 143 97 96 90 105 116 104 111 112 133 133 119 107 114 122 122 114 106 113 106 100 104 109 100 95 92 67 89 115 123 133 140 144 159 174 176 104 102 171 172 179 184 174 181 178 179 179 180 175 174 173 177 174 174 177 178 176 172 172 175 176 171 173 173 171 175 173 176 172 170 170 170 172 174 173 171 171 173 170 173 175 175 174 174 174 175 172 172
118 120 89 93 81 100 104 111 118 113 126 121 123 125 134 132 121 134 118 109 109 101 105 86 88 81 60 51 68 62 59 74 58 69 89 129 143 176 171 109 111 146 152 166 175 175 179 174 171 179 183 185 185 191 182 170 170 172 175 174 177 177 171 174 172 176 174 172 169 176 174 171 174 170 171 173 172 172 173 172 172 172 172 172 171 172 173 173 174 175
82 78 101 97 98 105 106 126 136 142 143 123 114 106 124 133 130 121 113 118 111 102 107 75 69 81 86 79 75 66 57 52 61 69 73 77 89 111 144 177 148 113 131 158 177 176 172 188 198 200 196 198 197 200 199 204 168 170 174 166 174 181 169 177 175 175 174 175 169 170 171 175 176 172 172 174 173 172 173 172 173 173 171 171 172 174 173 172 172 174
67 88 102 108 122 138 154 145 135 153 124 111 103 108 119 112 106 99 102 103 108 114 115 101 97 89 92 94 98 76 69 70 82 79 79 83 81 85 96 134 157 167 186 192 195 191 197 184 170 156 138 144 154 157 167 195 187 170 192 191 165 167 174 174 173 176 177 177 171 172 172 174 174 172 173 174 173 171 171 172 173 173 173 173 175 177 175 173 173 175
73 102 118 158 165 157 146 133 142 137 129 120 94 105 103 102 97 98 107 100 100 93 86 97 96 93 95 97 107 93 92 101 99 104 103 105 99 95 93 105 103 113 133 154 169 184 181 149 141 136 142 168 183 177 164 167 179 172 183 198 194 179 173 177 169 172 172 174 172 177 174 172 173 173 172 173 174 172 171 174 171 171 171 172 173 174 173 171 171 174
118 147 156 172 166 151 139 133 134 141 125 118 123 126 120 130 122 120 130 125 126 127 122 117 114 111 106 116 103 122 123 119 118 110 97 99 110 109 112 110 118 120 115 108 92 85 78 88 104 135 186 224 220 205 180 157 185 205 214 210 198 199 202 178 167 159 158 172 175 173 170 174 175 173 168 169 175 175 173 176 173 173 172 171 171 172 172 172 168 172
135 145 159 153 164 160 148 149 164 162 146 136 131 136 146 156 144 146 148 141 136 137 133 131 130 126 125 130 127 137 134 137 135 125 135 139 137 134 122 135 150 148 132 111 108 91 99 87 78 94 164 207 197 200 205 187 194 195 205 218 209 199 190 188 183 177 154 155 176 174 174 171 174 172 173 171 170 170 169 173 171 172 173 173 174 174 174 173 174 174
153 158 171 183 187 173 168 172 179 165 153 159 160 168 165 153 157 161 158 152 142 135 139 140 145 147 150 155 155 166 165 166 172 164 172 166 160 163 178 172 170 166 166 162 156 163 164 146 123 121 116 127 162 183 180 181 201 189 189 207 211 209 199 194 192 196 178 131 168 174 169 175 170 171 173 172 173 175 171 171 174 172 173 172 168 170 174 174 173 173
163 183 184 187 183 181 184 180 176 176 170 174 172 172 172 171 177 174 163 166 167 163 166 160 165 173 180 180 173 177 175 175 177 179 176 176 183 182 187 186 182 180 184 187 177 173 175 177 174 171 169 165 156 155 159 152 159 172 185 192 190 200 207 210 203 197 180 103 164 171 172 176 171 173 174 171 171 175 172 171 175 171 173 176 174 176 176 169 175 175
177 191 182 185 184 186 181 175 177 180 176 180 179 177 175 178 169 173 170 174 175 172 176 174 175 178 179 177 175 177 176 176 181 179 174 179 170 180 180 186 185 185 177 174 180 172 178 173 172 169 159 162 167 163 162 159 160 157 155 160 160 167 172 176 175 170 164 129 172 170 169 164 171 172 173 171 172 173 170 169 175 172 172 174 174 177 177 173 173 173
186 187 183 182 176 181 177 180 180 177 179 184 174 176 181 179 186 182 176 170 170 177 180 180 183 184 185 183 180 174 175 178 176 179 177 179 176 189 186 185 192 191 188 185 183 176 185 182 179 174 170 178 180 178 180 174 173 170 169 175 172 170 166 167 167 170 167 172 167 166 163 164 159 160 166 171 174 174 171 173 171 174 175 172 171 171 172 176 172 172
203 182 183 185 177 179 178 187 186 185 184 188 182 185 190 188 191 191 190 181 178 183 184 186 188 185 182 182 185 177 177 177 174 173 180 176 176 173 191 189 192 191 187 192 189 192 183 197 193 192 187 186 187 190 190 185 186 185 179 174 167 171 176 182 179 172 171 175 172 176 172 167 167 160 158 158 163 167 170 176 171 175 173 171 174 172 170 171 173 173
186 181 188 179 177 181 179 181 183 190 189 193 191 192 190 189 185 189 188 184 181 182 186 188 187 186 182 176 178 170 177 179 174 162 157 154 188 184 187 185 183 194 188 188 192 205 189 195 188 190 193 191 192 193 189 187 191 184 178 182 178 175 173 179 179 174 178 171 171 169 174 170 164 169 173 167 158 153 155 164 171 171 169 169 173 175 174 174 173 173
179 178 179 172 187 184 180 190 192 192 193 197 188 193 199 193 195 196 189 193 194 190 192 187 185 189 190 186 188 178 181 178 157 147 162 152 169 182 182 175 174 180 186 195 198 198 197 191 192 191 192 192 197 195 185 188 186 189 186 186 183 184 179 177 175 177 173 185 177 176 176 172 166 165 165 164 165 165 157 152 156 163 173 176 172 171 174 176 175 175
183 188 183 183 187 185 191 197 199 199 201 199 196 200 204 200 201 203 204 204 202 204 206 198 196 197 189 195 186 191 176 150 121 144 166 174 167 166 173 164 151 175 189 194 191 196 196 194 188 192 191 194 192 198 191 191 198 199 190 184 187 185 180 181 177 177 176 179 178 172 171 171 174 175 170 171 169 163 159 154 142 147 157 162 176 175 169 173 171 173
181 189 190 192 193 193 197 198 195 195 199 203 201 199 203 210 210 205 203 204 204 205 202 196 202 194 202 189 194 178 174 158 117 132 171 179 163 166 162 127 132 169 186 201 199 194 198 194 190 198 198 197 195 202 196 194 198 192 189 190 189 183 180 180 178 180 178 175 177 177 174 175 176 177 171 169 169 169 168 162 153 151 149 142 154 169 176 176 176 174
195 196 195 195 193 192 198 199 198 197 200 209 214 207 201 205 209 205 210 210 205 204 202 207 206 206 196 193 183 163 180 148 112 116 161 168 149 116 99 119 142 177 194 205 200 199 204 198 199 203 201 197 195 202 201 203 193 189 191 196 194 188 184 183 179 183 183 176 181 185 177 177 179 175 171 174 174 169 167 166 163 157 158 150 143 144 160 174 173 173
201 197 195 201 202 199 200 206 203 206 210 213 213 210 207 207 208 204 211 210 207 208 205 211 211 203 206 187 163 167 143 110 116 132 154 140 83 52 113 150 169 189 205 203 195 203 200 191 202 202 203 204 204 204 202 207 203 205 198 190 191 191 189 189 183 182 182 174 178 185 179 180 180 174 169 169 168 166 167 167 168 157 161 162 153 140 145 154 169 176
204 198 192 195 202 201 199 206 205 210 216 216 214 215 214 208 210 207 211 206 205 210 206 209 212 212 197 174 171 161 142 111 116 158 157 56 42 113 144 156 186 198 200 195 194 200 193 192 203 201 204 205 209 208 206 210 204 207 200 190 190 192 190 187 186 182 188 186 187 191 184 183 174 175 173 166 164 169 169 163 175 170 166 161 162 157 151 141 144 151
204 205 201 199 208 214 209 211 217 213 212 211 210 215 218 212 211 211 212 206 206 212 211 213 212 211 193 184 180 151 137 114 139 168 82 76 131 107 113 159 174 196 191 196 207 198 187 194 201 201 203 198 205 209 210 210 204 202 204 205 201 198 194 187 188 181 185 186 184 186 184 183 185 175 171 167 163 163 165 168 167 172 168 161 166 167 168 160 144 143
208 209 206 199 205 214 214 215 215 217 218 214 210 211 214 214 213 211 207 207 214 219 217 212 216 211 191 186 158 138 120 112 136 111 69 152 123 66 145 159 166 189 183 187 200 193 184 197 197 199 203 198 206 209 211 208 213 204 204 206 200 192 189 185 188 186 188 190 188 184 181 179 185 170 170 172 168 163 161 165 166 170 167 164 168 165 168 166 161 159
196 199 206 206 210 217 218 219 214 219 217 211 213 217 217 214 208 212 211 213 215 214 214 212 216 213 176 153 121 114 102 111 126 73 154 133 56 133 160 168 170 186 187 180 187 193 183 194 203 200 202 197 206 208 213 216 220 214 208 208 206 197 190 191 190 193 190 189 187 182 179 177 172 167 169 166 165 170 167 160 167 175 175 169 169 166 171 167 172 174
197 203 208 214 223 221 219 225 223 222 216 214 219 220 214 209 210 211 213 214 214 212 213 215 212 213 182 144 119 110 91 115 90 118 173 58 111 176 169 174 175 182 171 166 181 201 189 188 200 204 196 199 212 213 213 217 216 208 205 210 191 193 188 185 182 184 177 186 170 152 146 149 153 160 172 168 160 158 167 169 173 170 169 171 170 171 174 169 173 179
206 213 206 216 225 221 225 224 220 221 217 214 216 218 217 218 213 214 215 215 215 215 216 217 221 203 193 142 117 101 87 113 72 176 106 49 134 182 195 173 181 182 172 153 180 201 187 193 199 204 202 206 211 213 217 218 211 201 206 197 180 184 181 177 167 154 141 149 148 149 159 158 141 155 166 168 170 169 170 172 176 173 170 172 173 175 177 172 178 184
203 211 208 220 227 222 226 225 222 223 220 219 222 221 217 214 216 218 219 219 219 220 220 217 216 204 170 128 103 78 79 93 96 167 46 34 35 80 180 195 153 176 160 137 184 194 187 187 207 208 208 209 209 214 220 215 204 205 201 177 169 167 159 153 131 111 135 160 175 180 170 164 146 161 173 181 172 175 181 173 179 178 177 183 183 174 171 171 176 181
205 208 214 222 228 227 226 228 227 225 222 220 220 218 216 216 218 221 223 224 224 225 222 216 217 204 148 113 85 57 83 67 118 121 67 161 84 63 81 200 158 160 144 131 186 188 191 185 200 200 204 208 211 217 215 202 204 196 182 169 155 155 154 127 97 120 173 176 171 183 170 127 124 164 172 180 180 179 186 188 180 189 187 181 177 173 174 176 175 178
218 216 218 226 231 231 230 229 228 221 216 218 221 221 217 215 219 221 225 225 224 226 222 214 220 206 151 96 83 50 74 59 127 108 56 85 28 72 50 175 155 156 144 121 183 190 180 194 203 206 209 208 211 216 211 199 192 177 160 160 143 139 127 107 136 173 179 181 190 182 168 110 79 152 179 186 191 189 195 193 197 199 193 192 192 185 181 181 178 179
214 221 222 233 230 223 232 231 226 223 222 223 221 217 216 218 220 221 224 223 221 223 221 213 219 202 156 106 74 46 70 49 106 67 29 13 21 68 43 165 153 144 131 137 187 183 179 196 202 211 217 213 210 209 198 188 176 167 153 145 131 131 124 153 176 185 183 193 190 181 168 101 40 119 186 199 201 199 199 186 171 190 200 201 199 194 190 187 181 180
216 216 214 229 234 228 233 225 237 228 222 220 217 214 216 220 220 220 224 223 220 220 219 212 212 209 156 115 75 53 71 43 107 69 22 81 95 71 85 166 130 139 118 143 172 163 182 198 208 213 217 211 208 208 197 186 168 152 155 153 152 170 171 191 191 192 196 198 189 186 163 122 29 117 215 205 200 206 199 190 183 188 193 200 199 192 192 195 187 185
221 217 222 229 229 229 232 233 235 226 221 220 216 213 214 218 219 220 225 225 221 220 218 211 212 202 162 114 77 61 79 34 84 65 28 65 82 85 132 159 119 117 113 154 161 162 194 209 213 210 211 206 206 207 191 174 155 157 169 165 173 185 183 182 181 192 187 193 196 195 175 159 63 86 197 213 209 208 201 205 206 197 188 191 194 192 194 194 192 189
225 222 220 229 226 225 235 226 228 222 221 220 217 217 218 217 218 218 218 220 218 215 214 211 207 196 168 118 84 69 91 42 60 69 69 99 112 124 152 140 114 94 130 152 156 179 203 210 205 208 205 203 206 193 170 158 155 156 167 179 180 181 185 186 188 190 190 197 201 196 183 165 84 37 150 193 208 206 200 201 201 201 202 198 192 195 189 194 196 195
223 222 227 228 225 230 229 222 223 216 213 216 215 209 210 218 216 221 222 221 218 217 215 208 202 202 174 130 101 82 101 50 42 78 57 101 130 124 147 123 104 110 146 148 174 199 216 203 200 205 206 203 194 179 167 167 171 157 177 187 179 177 179 196 188 185 188 199 199 196 183 147 88 17 105 175 190 201 196 199 198 200 194 198 195 193 196 199 196 194
221 222 228 227 227 230 227 221 215 218 215 211 211 210 210 213 215 220 221 220 218 217 214 204 203 196 167 140 107 92 110 92 39 65 74 59 82 102 125 120 109 126 156 169 199 201 203 200 204 197 201 197 179 173 176 169 166 166 163 182 195 177 183 183 182 193 199 201 193 194 186 142 87 57 94 159 188 198 191 191 201 201 194 199 195 190 190 192 188 187
220 224 222 227 228 225 227 224 213 220 219 212 211 212 211 207 215 215 214 217 218 215 210 202 196 193 179 157 116 118 123 126 69 50 81 70 83 132 134 132 120 156 181 198 206 199 194 202 198 200 191 179 175 172 168 167 172 182 148 130 194 182 186 174 185 194 190 197 203 199 180 136 89 77 93 132 172 189 188 193 204 200 197 194 190 193 189 196 197 197
221 224 222 224 225 222 224 222 216 216 215 217 213 209 210 206 210 212 212 215 216 213 209 201 198 192 191 176 141 134 132 136 134 80 67 87 130 143 165 146 153 181 196 204 204 201 197 195 198 191 170 159 168 175 171 170 180 181 126 58 154 184 179 183 176 193 192 194 201 197 171 125 83 103 139 140 161 170 183 185 194 196 199 195 190 192 185 187 193 193
220 221 226 220 220 225 218 216 215 216 214 214 211 210 212 203 202 211 213 212 211 212 210 200 200 187 191 185 173 145 145 138 156 146 111 129 159 167 186 181 189 190 195 195 198 191 193 189 190 178 174 174 170 173 177 173 174 179 77 25 107 171 179 181 185 189 190 198 201 192 164 125 81 95 154 141 157 183 186 175 184 193 191 193 189 189 190 187 189 190
218 217 225 219 218 225 218 214 212 220 215 211 209 211 212 200 201 208 208 206 205 209 209 201 200 195 191 183 181 169 170 160 163 168 164 157 181 193 187 178 184 188 194 190 190 191 198 200 187 181 176 176 176 172 171 174 172 176 68 30 91 152 180 176 189 190 194 196 198 197 168 129 88 122 208 179 141 178 191 185 182 191 190 194 191 189 188 185 185 187
216 215 218 221 221 222 223 218 212 217 211 213 213 205 204 199 205 204 200 200 202 206 207 202 196 194 191 195 188 186 173 181 183 170 176 184 175 180 183 189 193 194 190 191 186 193 183 183 175 171 172 172 168 170 174 174 163 149 108 36 102 145 173 180 182 186 195 197 200 196 165 134 107 179 208 216 164 154 190 185 179 179 182 184 184 189 185 190 184 186
212 217 210 210 220 220 214 212 211 211 214 213 208 207 209 206 201 201 204 203 202 204 204 204 196 189 194 191 184 187 191 195 191 186 192 189 190 198 193 188 193 192 191 197 193 186 175 172 175 172 170 170 166 172 181 177 163 147 142 66 102 149 164 179 181 183 197 197 199 188 163 142 96 119 199 210 149 157 196 207 175 179 184 179 178 185 188 188 186 191
213 211 209 210 211 214 216 209 208 213 215 212 209 205 203 203 205 203 205 205 202 201 199 197 196 197 193 192 195 193 194 200 197 195 198 202 193 186 192 196 186 189 196 189 187 175 171 165 166 171 174 171 170 191 201 181 168 161 148 110 100 148 168 178 183 172 180 192 186 192 162 120 81 93 193 202 158 149 192 222 180 175 178 177 173 176 177 174 191 198
215 211 210 211 208 211 217 211 201 212 214 210 211 206 201 206 205 204 205 207 206 203 200 197 199 198 192 197 200 199 204 201 205 206 206 205 198 195 197 193 188 189 187 185 180 178 173 170 176 168 168 175 190 221 225 191 168 157 142 125 95 131 166 160 161 158 169 173 176 182 160 116 93 174 216 224 223 164 180 217 183 170 171 167 158 169 181 176 178 189
212 213 208 206 206 207 211 213 200 211 212 209 211 207 202 206 204 204 206 210 209 205 202 198 196 192 188 193 196 199 203 199 204 204 216 210 197 192 192 203 203 200 195 196 185 180 173 173 176 170 173 183 198 222 221 186 161 150 137 118 86 108 149 154 155 153 167 165 167 178 168 117 83 167 214 211 228 174 170 205 200 168 166 171 159 159 166 161 169 184
206 212 212 213 215 211 208 208 205 211 211 208 208 206 203 203 208 209 209 212 208 201 198 192 190 189 185 182 188 191 187 193 193 192 200 194 187 187 184 189 199 188 185 180 184 179 179 173 161 168 170 171 183 204 203 175 162 148 122 106 75 91 101 139 155 166 164 165 167 185 170 128 87 124 210 210 222 162 157 189 191 167 167 167 150 150 156 150 169 189
208 207 206 208 207 206 209 206 208 210 210 208 209 210 209 206 203 207 208 211 209 205 205 198 192 187 187 180 178 181 179 182 187 192 188 178 174 179 185 181 175 175 177 175 173 174 173 166 156 166 167 165 169 178 178 167 153 132 104 96 86 93 79 140 165 168 171 174 171 188 181 129 91 82 170 191 196 153 165 190 196 169 162 161 149 146 151 154 163 187
210 206 206 210 208 209 212 206 205 207 207 207 210 213 212 210 209 214 211 212 209 205 205 195 194 185 188 184 171 171 176 171 168 171 171 173 169 161 162 164 161 160 155 157 152 161 158 152 151 154 152 157 166 168 166 160 137 116 99 86 90 80 74 135 167 176 176 174 186 187 174 124 93 75 146 182 157 124 171 175 177 171 164 149 138 139 142 144 154 182
209 206 205 211 212 211 211 205 202 206 205 204 208 210 208 206 210 214 210 210 208 205 205 193 189 188 184 180 170 164 169 165 157 154 156 148 145 148 146 152 158 149 148 145 146 144 146 141 145 152 146 138 141 153 162 160 131 108 90 76 84 71 71 116 144 172 174 178 177 176 160 126 91 91 190 208 228 180 147 170 174 175 165 144 134 134 132 135 142 172
206 214 208 206 209 209 209 206 199 205 204 200 200 212 211 209 210 209 209 208 206 202 197 192 185 184 176 178 169 169 153 148 148 143 132 113 119 127 132 138 139 138 139 138 133 136 129 127 136 131 127 134 126 138 148 141 130 104 85 74 81 65 78 110 133 151 171 166 165 174 157 129 92 95 177 191 212 180 147 172 176 171 150 133 135 130 120 129 139 171
206 206 207 202 206 210 206 206 202 208 208 202 196 201 202 207 209 208 211 205 200 199 194 189 189 175 172 160 156 147 138 132 125 107 114 116 107 109 111 116 124 121 125 128 123 125 119 116 121 127 124 125 119 126 132 132 132 112 86 60 63 79 87 103 132 144 154 162 163 161 146 118 93 96 179 194 215 185 153 168 166 164 150 137 136 125 114 125 129 159
205 201 203 201 203 207 204 204 203 204 202 200 196 200 199 204 206 204 207 202 197 201 198 193 182 179 164 146 137 120 128 119 112 106 93 62 79 96 95 105 108 116 120 123 123 124 117 120 115 124 125 126 120 119 121 124 126 116 96 47 51 81 90 104 122 140 148 163 161 152 151 131 101 83 161 174 173 128 148 166 166 155 147 137 126 116 113 121 134 161
203 202 199 202 201 200 204 198 203 202 199 197 193 195 191 193 200 200 202 203 198 196 193 182 180 155 144 132 119 121 112 100 98 50 30 51 66 82 91 97 103 105 116 125 119 125 126 117 122 120 119 120 114 113 119 124 122 111 98 41 65 89 87 94 121 137 141 154 155 152 153 131 95 75 120 133 46 66 165 164 157 147 142 136 127 121 120 126 140 161
199 200 198 201 199 196 199 194 194 198 199 197 192 196 196 202 200 200 195 199 193 187 194 187 182 159 133 117 109 111 100 94 33 22 64 68 55 101 110 96 105 115 126 135 127 124 124 125 124 118 114 111 111 114 118 119 119 115 109 50 59 82 87 101 121 131 136 143 149 154 151 128 94 75 155 188 80 67 167 152 150 148 140 132 130 126 125 136 149 164
193 193 199 197 196 198 194 194 194 195 192 189 186 191 189 193 194 197 194 198 192 185 194 195 187 153 124 107 89 96 93 38 36 91 65 54 79 128 124 118 118 117 132 152 140 135 139 137 128 125 116 103 108 114 117 119 118 123 118 70 47 79 94 109 126 130 137 143 150 156 147 126 90 90 170 183 72 96 158 151 148 141 140 133 123 124 132 137 150 161
190 192 197 194 197 200 194 195 198 193 187 188 188 191 185 185 193 194 194 190 186 184 187 195 191 152 125 87 75 97 58 29 87 85 66 112 106 140 123 125 134 131 128 144 150 145 137 134 129 128 128 115 113 108 107 109 111 121 123 97 58 79 96 108 114 125 138 145 148 154 151 136 96 68 121 114 37 124 156 152 141 130 136 137 126 128 137 140 149 156
188 197 194 195 200 200 199 195 190 187 186 191 190 190 185 191 186 187 195 189 190 193 185 192 184 159 123 89 79 89 32 71 96 66 130 172 152 152 138 117 131 139 137 144 146 148 148 149 138 131 141 132 117 101 102 106 110 116 123 107 71 72 95 116 114 126 133 140 148 157 155 133 92 65 107 77 58 135 135 148 145 138 132 130 134 132 134 149 151 156
186 190 188 187 194 199 196 191 187 188 178 184 187 182 189 188 188 189 193 188 194 183 189 196 172 139 130 82 71 72 38 110 67 131 210 209 191 167 159 122 131 135 140 148 151 158 157 151 146 140 140 143 136 118 103 102 99 101 107 88 65 83 104 119 122 126 128 146 147 149 145 134 92 67 131 95 81 121 134 135 138 137 138 129 133 143 141 151 147 150
181 180 181 185 189 193 190 184 187 184 186 184 181 180 180 185 182 186 189 187 187 188 191 188 155 115 94 48 56 47 68 105 80 152 166 213 223 163 150 139 133 142 137 142 155 160 159 163 160 148 143 145 146 140 119 96 85 76 65 64 73 100 114 117 121 128 130 133 141 146 144 127 91 64 50 38 92 120 125 133 136 134 134 134 137 139 139 140 149 152
176 173 176 181 180 184 189 189 183 180 183 176 172 176 176 183 182 185 185 191 189 189 189 187 148 98 75 41 56 37 105 107 56 99 64 78 184 200 152 145 132 149 152 152 159 159 159 166 160 166 162 155 155 147 130 117 107 98 78 78 88 103 111 114 127 127 135 137 147 143 141 133 98 54 19 57 92 118 130 134 135 135 135 140 138 137 144 146 146 149
174 172 174 177 177 180 185 185 178 178 173 168 169 171 171 174 176 186 186 186 187 189 188 180 135 73 59 48 65 48 124 103 72 177 96 85 81 178 149 132 138 141 160 156 151 161 167 167 166 162 162 164 163 162 154 138 116 115 105 102 100 104 111 123 128 128 131 133 143 143 137 129 94 26 14 64 110 136 139 131 136 135 137 141 140 139 146 148 150 152
177 173 166 164 170 176 177 175 178 180 172 166 170 170 165 166 171 174 180 182 187 181 185 169 107 52 57 54 69 56 127 105 41 21 15 97 54 131 152 128 154 132 162 162 156 172 175 167 169 173 167 167 173 168 160 154 143 133 129 127 122 125 121 127 127 126 124 130 127 127 127 132 69 8 34 87 131 138 129 143 150 144 140 137 140 147 149 152 151 153
151 156 158 161 169 174 175 177 173 172 169 159 162 165 158 166 166 171 180 175 181 184 191 157 100 56 62 57 78 71 116 95 32 33 27 72 60 126 146 125 148 119 158 169 163 170 169 161 169 173 174 175 172 172 173 159 156 144 145 140 127 127 118 121 121 118 116 135 130 122 117 116 39 11 72 124 135 135 135 146 144 143 144 140 141 146 148 154 159 160
144 148 154 159 161 162 168 174 173 170 168 163 161 163 165 170 170 172 173 176 180 180 185 164 111 73 67 61 79 89 94 94 34 78 123 88 65 163 140 138 140 117 156 169 164 168 175 169 168 182 180 177 175 173 172 164 171 158 152 151 144 142 127 117 112 120 118 125 122 116 107 77 18 44 110 127 145 150 164 153 145 146 147 148 144 145 157 164 159 160
144 139 145 156 160 161 164 165 166 168 164 168 162 156 164 158 168 176 166 171 175 172 173 171 132 87 64 66 84 120 88 111 45 55 85 95 149 163 130 141 142 122 153 166 163 168 182 164 167 178 179 179 175 173 178 171 170 167 161 162 154 147 136 124 110 116 119 129 132 111 85 27 18 75 125 140 151 149 154 158 154 148 143 153 152 149 161 159 153 153
137 138 143 147 155 160 160 162 164 165 161 161 156 157 159 167 153 157 160 169 169 167 173 166 152 107 94 66 87 123 88 118 76 71 140 167 166 153 135 148 126 119 156 162 168 181 178 165 159 176 182 177 176 177 176 178 174 167 162 162 155 154 141 140 126 117 121 134 139 111 76 41 77 108 142 145 154 147 154 157 156 154 147 160 170 161 155 149 145 139
133 138 145 146 148 153 157 163 161 154 154 163 159 159 160 161 154 156 156 162 161 161 169 166 148 124 107 89 82 118 106 95 111 60 145 177 136 155 139 149 127 115 148 159 174 177 174 176 163 170 176 177 178 179 177 173 173 166 164 159 159 156 146 138 135 126 123 134 129 126 84 106 152 142 151 159 166 151 155 163 165 169 167 169 169 152 138 137 126 122
125 134 145 146 146 149 153 159 160 153 151 158 156 158 156 154 155 155 153 157 157 157 162 158 132 117 119 100 106 121 132 80 117 97 76 106 129 151 137 150 118 130 159 160 169 169 172 183 174 172 176 179 177 178 177 168 169 167 171 161 160 153 150 144 140 136 126 122 122 137 133 147 153 145 152 153 159 162 172 167 172 178 171 153 146 138 123 124 122 123
127 133 142 143 144 147 146 147 152 157 152 152 155 159 154 153 152 151 148 151 152 154 158 155 140 115 113 106 105 131 139 100 76 121 75 75 118 137 137 119 128 150 157 158 162 167 169 168 174 171 173 175 173 177 179 171 167 167 170 163 159 152 152 149 138 150 137 133 126 146 153 137 154 150 163 170 176 179 183 172 171 166 148 131 127 124 120 126 117 122
130 131 136 137 141 148 149 149 150 158 155 154 155 157 149 147 149 148 145 145 145 147 153 154 149 113 104 101 97 137 146 138 74 66 98 88 100 115 125 113 137 148 135 156 161 169 172 171 172 167 167 170 170 171 172 171 169 164 158 161 157 156 150 148 141 150 147 140 137 146 140 143 164 159 169 179 178 168 165 162 156 132 109 117 126 119 119 120 123 129
117 117 123 128 134 143 148 150 148 147 148 154 154 156 153 151 146 148 148 145 140 138 141 144 144 119 110 89 114 133 138 134 123 86 59 85 89 108 116 125 135 148 141 165 163 167 170 169 170 163 161 166 169 165 163 167 166 163 154 161 155 154 149 149 146 146 146 144 149 152 148 163 165 164 165 163 154 145 138 133 127 123 115 122 124 118 126 126 124 127
119 117 123 128 131 138 144 148 148 147 145 151 150 151 148 148 144 146 148 146 141 138 135 135 146 134 112 81 94 125 136 137 125 120 104 78 84 99 112 134 145 149 150 156 159 169 172 171 162 159 157 160 163 162 162 165 158 159 156 158 151 146 147 147 144 145 132 136 134 144 151 156 154 147 142 143 138 133 126 119 115 125 123 119 118 121 127 125 125 124
120 115 118 120 122 130 139 146 140 149 147 148 150 150 142 144 143 141 142 142 144 144 140 139 138 133 126 100 70 119 143 139 130 125 124 121 100 96 103 139 149 143 158 156 165 167 162 164 157 161 159 152 151 157 160 157 152 152 152 149 150 141 144 138 136 138 145 130 142 130 141 141 136 134 134 132 122 123 124 120 123 124 121 117 123 125 122 125 124 120
120 111 115 119 125 127 125 138 143 143 145 144 144 143 140 141 142 138 136 141 136 140 146 143 135 137 128 113 97 127 140 134 133 125 126 123 120 108 123 143 146 153 153 150 161 153 139 156 156 156 155 154 153 151 149 148 149 152 149 144 145 143 140 140 141 142 141 138 138 137 133 128 133 129 132 124 119 121 119 121 124 126 124 124 126 125 126 124 122 122
124 120 117 117 122 127 130 136 139 142 141 141 144 146 143 137 137 142 133 133 135 137 134 135 137 132 128 128 121 130 122 127 134 129 130 128 124 120 133 146 143 154 157 155 152 149 151 152 158 150 147 145 142 145 151 151 148 147 144 141 141 141 138 135 137 137 135 134 134 133 132 133 128 125 130 127 124 124 122 126 125 125 123 123 123 124 126 120 115 116
138 136 127 125 126 126 132 134 138 137 135 137 136 135 138 139 141 140 133 135 134 135 133 131 133 130 131 134 128 122 104 122 127 131 136 136 125 128 138 146 147 153 150 153 147 145 153 139 146 149 144 140 143 144 141 142 143 141 140 138 137 138 138 135 128 132 135 135 133 129 125 123 119 122 129 124 122 126 123 122 123 118 122 130 125 118 121 121 110 108
109 122 131 132 131 129 129 129 135 133 138 137 134 134 129 129 136 134 130 137 137 137 136 135 130 129 127 127 128 129 115 122 124 132 134 137 129 136 138 140 144 148 145 150 145 138 145 140 137 146 143 137 143 146 144 145 144 141 139 137 132 132 133 131 130 134 134 132 131 131 130 129 125 124 128 130 129 126 122 125 121 121 122 126 128 128 121 104 109 109
103 101 113 125 132 131 123 129 130 127 134 125 126 136 126 121 122 133 128 131 138 140 135 139 137 138 135 135 134 136 133 125 129 131 126 133 137 143 135 135 134 134 135 141 141 138 138 140 138 135 139 138 132 137 142 139 139 135 134 134 132 134 136 134 139 137 133 130 129 127 128 130 130 134 134 130 131 133 129 126 124 131 130 125 118 115 116 113 117 118
97 88 94 100 110 115 109 116 120 113 124 124 122 126 121 127 127 138 133 127 126 134 136 134 130 130 131 136 131 127 134 128 129 130 125 130 136 136 131 136 140 132 135 133 133 135 127 124 128 124 129 136 133 130 134 137 140 135 133 134 136 137 136 134 133 129 129 135 135 129 127 131 134 133 130 131 133 130 128 130 129 127 123 125 121 111 112 120 119 117
92 104 107 92 88 100 106 108 126 117 122 129 122 113 114 122 129 134 133 128 116 123 130 125 133 131 133 136 134 131 133 129 129 129 130 131 135 128 128 134 132 131 137 131 129 131 127 129 130 130 127 130 133 129 128 136 132 131 131 134 138 138 137 138 137 136 136 138 138 134 132 135 134 137 133 129 130 130 129 128 122 123 122 124 123 120 117 110 114 115
72 81 89 96 96 90 92 97 100 105 110 126 132 130 129 115 112 121 124 127 118 115 116 120 123 133 143 137 136 136 134 135 136 129 131 132 139 131 129 126 126 128 127 123 127 127 120 125 126 126 126 126 127 129 129 128 125 129 130 132 134 131 130 134 135 141 142 138 137 140 140 136 135 137 133 130 129 125 124 126 129 126 124 120 110 109 117 118 119 119
62 69 82 106 121 118 112 108 96 99 100 99 109 117 112 112 112 113 111 112 114 112 108 101 111 126 128 126 127 130 133 128 129 127 122 138 136 136 136 134 135 128 126 128 126 125 127 124 123 125 130 123 130 130 130 127 131 124 130 129 128 129 132 127 132 135 138 137 137 135 130 131 131 132 126 128 128 122 123 122 119 112 119 110 115 116 123 117 116 107
63 48 52 58 74 97 105 114 106 100 97 93 103 110 100 99 111 115 112 121 108 108 103 104 101 102 106 114 116 120 124 116 111 115 120 113 113 131 127 137 131 128 122 124 141 136 138 133 127 130 134 128 136 136 131 128 130 135 131 134 135 132 134 131 129 129 131 130 130 130 129 133 132 131 129 127 120 115 117 118 118 112 117 117 124 119 117 113 119 121
50 50 50 52 55 61 69 70 89 89 89 94 104 106 96 89 89 94 87 90 103 109 106 106 103 107 108 110 112 113 115 112 97 103 97 105 107 107 110 109 108 100 91 84 108 111 120 124 121 119 130 129 126 126 129 130 132 128 129 130 123 124 116 132 135 129 125 121 119 117 114 116 117 108 108 111 114 119 119 117 121 114 117 115 109 109 114 117 112 119
41 50 43 46 51 50 54 49 50 66 72 83 90 92 100 97 90 94 94 87 81 81 95 101 112 103 106 110 99 91 91 89 97 94 97 102 102 106 100 84 79 77 86 92 116 131 134 130 131 142 136 130 153 158 142 140 137 135 132 131 127 111 83 129 170 159 152 149 147 144 135 132 121 111 110 107 108 111 106 106 106 105 106 108 107 113 112 112 109 111
47 46 45 39 42 50 52 56 58 64 63 62 65 76 84 82 82 89 82 94 95 92 83 92 92 99 98 97 106 103 91 87 89 90 97 94 87 87 85 70 74 91 94 94 83 91 112 130 135 141 135 142 135 89 71 104 120 123 113 118 126 128 108 127 176 168 166 168 171 171 165 162 159 150 142 132 127 120 107 108 108 111 104 100 105 109 102 107 107 112
47 47 46 48 45 45 53 54 49 57 71 62 55 65 69 75 79 81 79 81 75 83 86 82 72 69 73 79 84 85 83 86 76 84 102 91 86 96 108 116 126 99 40 52 63 63 78 99 102 110 104 108 90 73 97 132 137 133 120 119 129 128 114 148 172 167 169 169 168 169 166 164 171 169 163 158 158 152 143 146 155 143 136 123 109 105 104 102 101 110
90 82 54 53 54 44 53 52 48 45 51 56 64 74 71 63 72 84 88 80 83 87 88 74 69 75 80 77 78 74 66 70 79 90 87 85 99 116 135 113 127 135 87 68 65 59 59 67 77 64 38 78 116 126 143 156 148 127 127 118 120 135 142 170 167 165 169 168 167 169 168 167 159 165 166 168 168 164 166 172 168 152 159 154 144 140 141 122 81 68
150 133 91 68 67 51 46 64 58 56 44 54 58 61 80 74 73 75 74 79 67 73 75 72 67 59 62 65 65 65 63 67 66 65 93 107 124 140 137 114 113 141 127 87 69 56 45 54 58 51 38 95 130 130 130 115 107 107 123 132 142 155 168 170 166 164 168 166 164 166 164 160 166 167 164 168 169 164 165 162 157 157 164 151 155 155 159 151 133 84
164 171 150 132 128 118 95 90 94 79 61 58 60 69 55 71 78 71 68 75 73 71 76 71 81 78 68 62 65 76 61 42 67 98 106 99 97 126 128 131 119 124 135 126 95 69 58 50 54 48 74 123 130 106 93 102 136 151 163 171 173 169 169 168 166 169 168 166 165 163 163 165 166 164 166 166 164 165 167 166 164 162 162 160 159 161 160 162 167 154
170 168 168 166 156 160 153 137 147 136 118 113 112 118 95 102 101 91 84 90 91 89 92 83 76 87 89 76 62 67 65 61 98 119 61 36 51 67 63 63 77 82 101 117 117 116 113 105 90 100 114 120 106 110 135 164 170 172 168 167 167 166 168 169 166 169 168 166 165 163 163 165 166 164 166 167 164 165 167 166 165 163 164 161 160 162 162 163 170 164
