134 104 78 40 29 40 36 44 37 58 44 57 41 31 32 29 33 33 27 26 29 25 22 22 19 21 19 7 17 30 39 36 57 80 100 83 91 106 101 92 65 44 46 38 44 45 79 135 154 153 152 160 161 153 163 158 162 149 151 151 137 131 112 91 87 100 98 105 120 120 135 142 140 142 137 135 142 138 139 146 148 148 153 140 146 150 148 145 147 148
119 79 40 43 46 30 31 43 37 43 44 63 40 38 35 34 30 37 32 22 20 25 24 13 22 24 12 24 36 39 30 27 22 43 69 71 71 63 62 61 53 37 35 37 66 103 95 88 137 155 163 157 164 160 160 160 144 154 146 146 106 88 50 57 56 53 57 62 69 66 72 85 105 121 129 138 144 143 133 144 145 142 141 145 147 141 145 147 145 147
67 54 45 37 39 35 27 41 39 40 47 62 26 54 38 30 32 35 34 29 21 17 16 8 21 27 22 33 29 26 27 25 37 35 44 46 39 41 53 43 43 42 24 57 103 120 82 77 128 153 162 158 160 154 155 151 145 151 146 123 75 39 49 60 64 59 49 36 41 38 34 37 40 51 57 78 74 86 102 116 119 134 139 146 147 149 149 145 144 146
57 44 35 33 37 35 30 42 41 57 39 71 43 55 30 37 34 39 35 26 18 16 17 12 26 29 23 17 24 18 23 25 29 34 38 43 51 57 64 64 30 23 36 65 89 100 63 95 128 167 158 159 161 154 147 138 120 122 137 119 57 28 39 52 59 45 36 33 30 30 45 40 48 50 39 36 32 45 49 56 50 72 94 111 121 138 137 140 147 152
48 46 44 39 38 36 30 30 30 35 40 66 37 45 30 38 54 51 35 21 17 18 22 23 36 18 22 19 17 18 32 39 42 40 40 42 51 62 49 30 25 23 42 54 65 73 63 107 125 164 156 162 141 120 77 38 37 58 60 77 52 29 32 50 52 40 27 21 26 31 38 29 30 35 48 39 40 53 44 38 36 35 43 63 84 123 136 130 139 146
39 42 44 34 29 31 30 30 35 30 44 45 32 34 44 52 52 43 25 20 26 29 32 36 27 24 24 26 34 53 46 47 51 51 48 52 53 40 20 28 27 22 20 28 31 36 64 92 137 167 157 146 111 77 31 34 46 71 72 44 39 27 27 50 31 21 27 17 17 34 36 21 35 44 31 38 56 39 32 35 47 40 39 55 60 88 117 104 102 111
27 42 32 28 24 21 34 31 26 32 31 31 35 45 78 54 43 41 33 33 40 45 42 34 41 39 49 69 78 84 71 71 74 65 57 63 52 40 27 21 14 20 21 15 25 32 37 62 104 124 148 146 100 59 35 48 71 79 74 62 54 38 33 38 25 16 18 16 31 36 27 28 45 44 20 48 52 31 49 53 41 33 35 53 50 40 53 47 54 63
28 33 36 27 28 29 22 28 28 22 25 30 53 69 53 48 56 48 49 64 67 57 51 49 52 71 74 57 58 50 44 37 41 44 43 63 57 52 49 37 29 24 25 29 24 25 28 39 61 76 116 143 144 140 138 123 110 111 114 101 96 90 57 24 20 21 15 14 30 32 30 28 41 40 35 56 50 52 51 43 33 34 37 38 44 31 32 37 22 31
21 22 33 35 27 22 21 24 26 36 41 60 68 41 55 69 74 71 85 83 66 71 70 62 72 62 55 44 39 40 34 32 29 24 23 22 30 39 35 34 34 29 23 24 31 31 31 37 46 44 39 75 142 176 176 173 172 167 155 150 151 147 124 92 41 11 15 22 26 24 24 28 32 35 48 43 45 52 38 30 35 42 47 53 36 34 38 33 33 25
33 38 31 24 31 32 31 41 52 51 54 54 31 61 82 95 97 101 105 90 91 81 70 72 69 70 59 50 50 47 42 39 36 37 34 26 26 32 32 32 30 33 36 37 36 41 46 46 55 51 45 35 66 127 149 143 149 164 172 165 157 157 159 156 136 60 13 27 21 20 25 28 33 31 29 34 37 28 25 37 34 41 56 40 32 34 35 35 33 25
49 43 42 43 37 38 45 41 21 24 43 41 71 103 116 126 120 124 115 104 93 95 90 103 94 80 76 89 87 74 67 51 52 46 43 52 55 48 43 41 49 49 48 45 43 46 48 43 53 68 78 85 67 50 84 126 130 136 150 162 176 179 164 154 148 131 60 22 23 16 24 25 24 23 18 25 22 19 31 32 30 34 29 19 29 35 38 30 31 23
67 75 55 38 43 40 27 17 21 41 78 106 133 147 149 147 145 135 131 121 115 115 117 115 110 115 113 112 109 101 101 104 107 110 108 112 112 107 107 103 106 106 105 108 116 118 119 125 128 133 132 130 131 119 111 128 131 129 141 151 161 163 153 159 154 158 131 53 18 18 21 23 22 16 16 27 19 13 24 19 23 26 14 25 36 39 31 21 34 26
74 51 37 42 34 15 22 44 82 110 138 162 158 167 167 162 162 157 153 145 145 140 135 133 132 140 142 134 133 130 125 132 126 131 130 132 129 125 128 125 131 136 138 142 143 138 139 149 148 146 144 140 143 149 142 135 134 129 132 127 126 127 126 138 148 155 158 112 28 10 21 15 17 16 13 15 15 14 14 14 22 19 20 24 24 32 28 40 30 22
41 39 41 38 33 42 73 108 139 156 166 162 171 166 163 169 169 172 165 163 153 155 150 154 147 141 146 141 133 131 128 130 132 124 118 120 117 116 126 133 144 147 152 154 153 155 160 161 160 158 154 160 154 147 153 149 149 147 147 140 135 134 127 125 124 116 124 119 90 62 36 30 14 10 13 12 12 15 16 20 18 12 15 14 24 28 35 38 37 29
46 38 39 41 57 89 122 156 161 165 171 173 175 173 173 178 174 168 169 162 161 157 158 146 143 147 143 135 135 137 133 128 127 108 95 94 108 130 144 148 149 152 154 154 157 165 169 166 164 159 163 159 159 159 153 158 151 147 147 143 137 136 136 131 130 135 127 120 131 123 123 112 91 66 37 9 0 13 20 16 11 16 16 18 23 18 32 33 42 35
36 35 60 78 106 145 157 162 167 172 171 173 173 175 177 169 169 170 165 162 157 158 155 148 151 139 136 143 137 136 138 122 117 99 102 116 129 136 136 141 144 155 159 158 161 164 166 168 170 173 170 165 159 158 160 153 151 143 142 147 140 134 135 130 125 125 126 131 130 131 125 125 126 128 124 113 86 45 16 13 11 9 10 15 16 24 23 34 38 30
33 52 93 131 149 159 167 168 170 177 170 174 180 177 177 171 172 171 162 157 162 158 149 150 151 141 141 139 140 149 148 118 105 100 124 139 137 137 126 121 134 154 152 164 167 168 167 169 169 171 167 167 161 159 157 155 153 145 146 144 137 132 130 132 129 126 127 126 130 135 129 127 129 125 123 122 125 117 91 55 18 4 14 14 11 17 18 30 28 33
72 105 139 156 164 172 175 173 174 176 178 179 178 178 177 170 170 168 165 162 161 157 152 150 141 144 146 149 156 146 129 108 97 137 149 141 139 137 117 111 116 137 137 162 167 172 167 170 173 174 168 166 158 157 156 154 153 145 148 145 137 136 132 122 129 127 127 124 125 129 127 126 127 128 132 127 123 119 120 114 97 59 12 7 17 15 19 24 34 38
110 145 167 167 168 173 173 172 178 179 183 179 174 176 172 168 167 164 165 165 160 157 156 150 148 151 158 158 149 130 115 96 107 145 152 145 144 118 105 84 103 110 142 159 153 169 172 179 171 170 162 162 158 161 163 163 164 148 147 149 143 137 134 134 127 126 125 122 123 125 122 119 123 125 133 130 126 120 121 117 114 118 89 43 15 12 19 24 29 32
148 166 173 170 173 175 174 177 180 185 183 177 178 178 174 174 167 163 162 161 157 157 158 154 156 153 159 156 145 132 122 99 118 136 149 150 131 91 65 59 84 109 150 146 156 160 165 176 167 167 162 166 166 168 165 159 154 151 148 144 143 137 128 130 130 130 130 126 124 127 128 126 119 122 129 126 127 127 126 120 111 109 106 106 70 16 7 25 27 28
171 172 171 172 175 176 175 177 182 187 177 175 177 173 172 167 161 163 166 165 162 158 154 150 148 158 159 152 146 123 103 91 118 158 155 138 110 53 43 51 79 137 156 145 155 144 166 168 165 166 163 168 168 171 169 165 163 158 154 148 144 133 121 122 125 123 121 123 128 135 135 127 129 124 125 118 122 127 127 122 114 117 111 100 108 101 53 18 13 11
173 171 172 174 177 180 181 178 185 184 177 181 180 175 176 165 167 170 167 161 157 155 154 157 158 161 154 148 148 121 98 89 118 149 150 130 72 39 47 42 100 153 158 147 144 148 165 159 163 169 171 177 175 174 170 166 170 153 149 149 138 125 117 116 116 116 116 119 126 137 144 139 139 134 136 128 128 127 125 127 119 121 114 113 104 104 103 63 18 14
165 167 170 170 172 178 182 181 178 176 175 181 182 179 179 173 173 173 167 160 158 157 157 160 158 158 161 158 145 116 94 77 105 143 147 105 46 51 39 71 106 150 165 145 135 145 147 157 163 170 173 181 181 183 182 179 172 158 154 145 128 118 109 99 106 112 112 108 105 118 141 150 152 145 145 135 135 132 125 122 117 122 119 111 108 103 99 104 83 78
166 169 170 168 169 175 181 185 183 182 181 181 184 181 174 178 178 173 165 159 160 162 162 161 165 165 165 155 139 115 94 72 78 135 150 75 42 46 107 149 116 140 167 146 123 131 154 156 168 173 177 187 189 190 185 179 172 155 146 138 122 109 106 110 104 107 105 104 105 118 136 136 148 152 158 143 138 136 130 127 116 109 121 120 109 105 99 102 100 94
167 165 167 170 171 176 181 183 183 184 186 190 188 180 177 178 182 178 161 167 166 166 166 165 169 162 169 153 134 106 94 70 61 135 144 52 37 102 184 189 137 142 171 142 112 133 164 163 171 181 186 185 194 181 184 179 167 143 142 128 114 96 107 97 106 125 121 108 119 129 137 141 144 150 161 148 145 141 137 135 120 118 116 118 115 114 115 106 98 90
164 163 163 166 170 176 182 186 189 187 187 188 186 184 184 184 178 171 159 165 164 164 162 164 167 172 169 166 135 103 84 58 58 131 128 32 52 105 115 152 152 154 173 134 104 143 167 164 181 183 169 183 179 179 168 166 153 137 125 111 88 99 106 120 133 123 122 112 119 127 132 130 137 149 152 150 151 147 146 134 129 123 119 125 126 120 118 116 111 104
157 159 162 167 175 180 184 188 188 197 198 188 184 191 193 187 182 170 162 166 164 164 161 167 169 176 171 149 116 91 83 52 55 121 117 37 35 73 78 77 129 167 155 125 99 150 170 174 178 183 181 189 185 179 168 156 136 126 110 87 90 117 129 137 130 126 129 111 103 99 114 114 127 145 141 144 149 146 143 143 136 132 128 133 133 123 116 116 116 109
153 158 162 169 179 184 185 190 189 190 191 192 195 194 189 189 186 169 167 167 165 166 165 175 177 177 168 144 129 95 69 54 52 108 91 31 63 160 60 75 121 165 146 117 97 172 168 186 184 176 181 182 187 168 160 140 124 102 86 81 121 135 142 126 132 133 127 107 90 80 121 133 141 147 142 148 148 149 142 147 140 141 140 137 133 127 122 118 118 112
155 159 161 167 177 183 186 192 191 194 196 196 198 191 183 189 182 164 167 167 166 169 171 180 180 174 165 151 112 92 70 52 51 98 83 29 40 59 17 45 131 148 129 103 105 186 179 186 183 184 182 178 173 169 152 126 111 92 88 114 143 140 133 129 136 133 134 125 100 82 117 123 141 149 151 157 144 147 151 148 147 146 146 140 136 139 138 130 120 114
155 159 162 168 176 180 184 188 188 194 195 190 197 203 196 196 178 164 170 168 167 169 173 178 178 181 165 147 111 96 85 54 58 84 75 30 27 31 34 70 138 140 120 98 134 180 183 180 179 180 179 181 167 158 135 117 99 99 118 139 145 143 132 142 138 149 141 121 114 97 79 73 122 157 151 152 153 152 159 149 154 148 149 148 147 151 147 137 129 123
155 159 165 172 176 179 182 183 189 187 194 193 192 194 193 201 176 166 173 169 168 170 178 178 185 175 167 151 112 90 93 68 57 78 64 41 33 68 90 80 124 121 116 104 160 180 171 180 183 182 180 171 163 151 133 114 119 125 143 145 155 154 146 146 152 146 140 131 121 118 76 31 85 154 162 156 164 155 161 157 157 151 151 151 153 156 147 137 135 130
159 161 167 173 175 178 183 184 191 188 198 195 188 192 192 194 171 164 171 167 168 172 184 183 190 183 166 148 110 99 84 74 62 83 64 45 53 68 79 92 123 121 108 127 177 179 176 175 175 177 181 174 161 144 134 131 139 145 150 152 158 145 143 146 150 149 133 139 135 117 68 36 40 116 159 161 165 157 163 157 158 155 152 146 151 157 149 143 144 139
159 162 163 173 180 179 185 187 187 190 196 196 196 195 190 188 169 165 167 171 162 175 189 184 189 188 161 139 115 98 79 69 70 80 70 43 58 96 126 129 114 113 117 156 173 173 171 167 169 165 171 165 151 149 149 148 145 157 160 161 154 150 147 148 146 153 143 139 133 108 50 23 29 68 133 158 160 160 159 158 153 157 153 153 158 152 142 139 146 144
159 164 169 177 181 181 188 195 190 192 197 198 195 193 190 184 164 161 159 168 170 178 185 188 183 180 168 138 113 94 90 75 72 80 83 44 55 78 119 131 122 117 137 170 173 162 168 164 160 161 157 147 146 148 144 145 164 163 157 153 155 151 150 148 150 148 141 138 124 101 37 15 15 26 88 144 153 163 162 155 154 156 153 153 154 152 146 142 145 143
163 168 175 178 179 180 184 194 190 192 193 196 192 189 189 178 163 164 160 166 166 170 180 190 189 174 165 149 124 93 87 82 79 78 88 64 69 66 96 128 133 134 161 172 167 158 165 158 157 156 149 141 146 148 144 147 153 173 161 157 152 148 145 143 145 150 148 139 122 106 33 28 57 78 75 128 142 150 155 155 148 149 151 152 155 159 158 153 143 141
166 168 176 177 180 184 186 195 192 196 193 195 193 190 191 180 164 165 164 166 159 166 178 183 180 178 160 145 128 123 106 89 89 83 80 77 79 87 103 151 152 154 167 163 160 158 159 159 163 155 152 152 149 148 149 152 137 131 163 150 149 146 142 149 151 147 148 145 124 102 28 52 85 151 158 124 133 140 144 153 149 150 152 150 153 157 154 149 150 149
166 169 176 176 179 184 184 192 191 198 191 191 193 189 189 181 165 162 157 162 162 170 177 177 180 177 164 150 129 118 104 102 93 97 92 88 87 119 126 151 171 163 159 161 158 155 149 161 155 147 147 149 142 139 144 145 137 93 118 147 147 144 144 142 152 143 151 147 117 99 38 72 105 159 173 137 116 138 139 142 142 144 144 141 148 156 153 151 152 151
164 170 177 176 177 179 181 187 187 194 188 186 189 186 182 176 167 164 155 159 162 166 171 180 182 170 166 153 141 123 113 104 100 104 110 101 102 138 157 162 164 156 152 157 153 158 153 161 147 147 144 142 140 140 144 142 139 106 62 116 126 131 141 135 139 144 149 143 124 91 44 120 185 171 174 149 124 132 141 146 144 143 141 135 141 152 151 154 157 155
160 169 175 178 180 181 186 189 183 189 188 185 187 186 179 172 169 168 161 161 157 160 167 175 177 172 172 158 151 137 125 115 119 117 128 124 128 144 164 165 157 155 153 149 146 150 148 144 141 145 141 140 142 142 144 143 137 121 79 86 124 132 136 141 146 141 152 153 131 97 54 103 172 192 181 153 130 133 148 145 148 142 141 134 136 148 152 157 159 157
159 169 171 176 179 180 185 184 178 181 186 184 183 185 176 168 169 166 164 165 158 165 169 161 168 174 164 152 145 142 124 126 131 134 138 137 142 143 148 147 150 146 145 142 147 140 143 143 141 142 142 146 146 143 147 145 139 128 98 82 118 125 127 139 145 148 148 147 140 100 61 120 139 165 165 91 108 137 146 146 148 140 141 134 133 145 152 157 158 156
165 170 174 174 179 175 185 178 177 181 184 189 181 185 178 169 173 169 168 165 162 163 167 176 186 174 167 153 145 138 126 134 150 154 143 150 156 143 140 142 146 141 144 143 147 150 143 144 140 141 149 148 149 159 159 152 142 132 116 90 88 106 118 131 137 147 160 146 136 114 68 180 221 204 194 173 152 135 149 160 149 136 137 131 126 137 158 160 157 149
169 172 171 173 176 176 182 175 174 174 181 181 183 188 169 174 175 168 165 161 161 165 171 180 179 172 163 146 140 134 132 157 149 162 162 165 162 151 149 143 141 140 146 147 152 157 151 153 148 155 162 158 167 188 180 154 140 128 110 88 79 98 115 129 132 143 158 152 137 105 68 133 192 200 218 121 122 145 159 172 150 132 129 123 122 139 159 157 152 145
170 173 168 172 172 176 180 176 174 181 176 173 176 178 169 170 175 168 164 160 161 167 172 180 184 170 163 148 133 129 136 159 138 153 164 170 162 153 153 142 142 143 151 154 158 162 158 160 159 163 169 165 169 181 173 152 144 130 108 96 81 91 106 121 123 132 152 151 130 94 66 103 148 180 137 69 115 140 163 177 151 129 127 125 127 144 160 153 157 152
166 171 167 173 170 177 180 180 176 179 172 177 176 167 165 167 170 165 162 160 163 170 173 178 185 166 158 145 130 127 132 142 133 138 145 153 146 138 141 136 136 138 144 145 147 149 147 149 152 150 155 163 172 180 171 151 134 136 115 97 74 79 89 100 94 118 140 145 135 91 71 166 213 196 190 187 148 143 159 170 148 124 125 124 125 139 155 153 154 152
163 168 167 174 171 179 181 181 176 176 175 166 168 171 165 169 171 167 164 160 162 169 171 173 166 161 154 145 140 134 125 128 131 130 129 134 132 126 131 134 131 133 135 134 134 136 136 139 136 139 141 145 156 173 168 144 139 132 109 100 86 74 71 84 87 114 138 144 131 105 88 189 203 197 192 185 147 147 162 165 143 115 115 115 117 131 149 157 151 151
163 164 166 172 174 180 179 177 175 176 169 166 175 165 159 165 169 166 163 158 159 167 170 172 165 161 152 137 128 123 120 125 133 135 133 133 128 121 120 120 119 121 121 120 120 123 125 128 130 130 127 126 135 152 153 133 129 126 113 102 96 76 64 72 85 111 127 143 134 110 77 146 198 195 197 181 146 152 156 153 133 110 116 122 128 136 146 153 150 151
162 162 168 170 176 177 177 172 174 183 169 163 168 157 161 156 157 159 160 157 160 168 171 173 172 164 155 139 122 114 116 120 122 127 129 129 124 117 113 110 109 111 110 109 111 113 116 116 113 117 122 127 129 137 146 141 128 118 114 102 103 81 67 72 77 104 133 139 118 100 73 104 167 182 180 162 146 159 155 150 136 115 117 118 126 136 145 155 151 153
159 160 170 169 175 173 175 171 173 173 175 166 163 154 156 155 154 158 163 160 160 165 164 162 158 155 140 126 118 106 100 111 115 115 116 117 112 108 106 104 105 107 105 105 106 107 108 106 109 110 110 114 119 131 142 134 119 115 116 88 87 74 70 70 80 102 133 130 114 97 75 115 165 174 173 144 137 159 163 147 132 115 116 111 118 128 135 146 148 150
158 161 163 165 169 174 173 170 174 169 165 167 159 154 151 154 152 156 152 160 167 161 159 157 156 153 137 114 100 97 102 108 111 116 111 106 106 105 105 104 107 108 104 104 104 101 104 107 106 101 105 106 111 118 133 126 115 115 98 89 101 81 67 72 85 97 130 123 106 80 88 160 191 182 190 161 139 162 149 136 122 110 111 117 119 133 138 142 138 138
158 159 162 166 169 169 169 171 169 168 165 163 155 158 157 153 149 151 149 155 157 158 163 156 154 144 130 112 96 88 94 103 102 109 105 108 105 106 102 110 107 109 106 106 108 107 105 101 106 107 108 103 107 110 122 122 114 114 81 97 94 84 78 73 76 111 123 120 96 68 113 168 179 181 182 142 139 144 141 141 118 115 110 121 125 133 142 141 137 137
155 158 163 169 173 171 168 167 162 163 162 160 151 154 152 145 148 150 150 155 155 155 159 154 148 137 126 113 92 78 82 94 102 103 95 92 95 93 100 100 102 111 112 112 112 110 108 104 105 104 103 101 104 106 116 118 122 83 74 106 86 81 74 82 88 91 115 117 99 74 91 147 177 177 171 141 137 143 139 140 116 118 115 124 127 134 141 141 133 133
155 161 163 165 170 173 170 166 162 157 157 159 149 151 152 151 145 147 145 151 155 150 150 155 148 138 125 108 88 74 80 93 97 85 82 79 82 93 101 100 101 109 111 114 115 114 112 109 106 102 105 107 102 102 115 118 122 77 93 95 82 84 74 82 86 92 112 107 95 76 76 107 131 162 142 118 132 143 144 132 115 116 119 122 127 138 138 143 129 128
150 159 163 165 169 170 164 160 160 156 157 161 150 147 144 143 145 146 144 149 153 151 154 162 150 136 112 89 75 73 81 92 83 76 72 62 85 79 83 112 103 111 115 118 116 111 113 116 113 105 103 111 110 111 118 119 111 87 91 79 86 83 80 80 86 98 105 108 94 72 105 152 178 187 171 126 132 131 126 122 122 118 117 120 126 138 135 137 135 134
150 157 161 163 164 161 158 162 154 155 153 151 144 146 144 141 140 141 144 145 145 148 153 152 147 125 95 73 67 72 80 86 80 74 51 64 71 61 87 124 119 120 119 122 124 120 118 117 116 115 109 113 112 113 116 123 113 79 74 84 88 78 80 84 87 99 107 105 94 84 121 168 173 163 148 125 123 134 130 124 124 120 110 120 128 136 137 131 125 124
144 153 158 161 164 159 155 157 151 157 154 149 145 149 142 134 137 140 145 144 142 146 147 144 145 113 85 71 64 69 79 80 80 57 42 74 48 83 101 117 126 130 131 132 131 126 124 123 120 123 113 112 112 119 121 123 109 79 82 91 84 81 83 84 88 104 107 106 94 81 104 116 125 124 83 120 130 123 128 126 117 113 109 122 128 135 139 133 124 124
139 149 152 152 159 161 155 153 147 153 147 143 143 148 140 133 133 136 137 137 140 141 140 146 144 102 77 69 57 59 73 77 67 43 69 56 89 145 112 133 125 133 135 135 134 131 129 125 123 126 113 101 85 91 93 87 83 82 86 86 88 81 90 91 95 105 112 105 90 85 109 121 134 110 85 116 122 116 123 129 118 112 119 126 124 131 129 129 124 125
137 135 146 152 152 155 152 148 145 148 148 143 139 139 135 128 122 130 137 135 140 146 142 141 142 97 64 69 48 54 68 85 56 52 60 92 159 162 122 139 127 133 141 136 140 134 137 135 134 129 118 93 87 74 70 79 78 81 83 83 86 89 89 95 99 107 110 107 85 99 145 144 149 115 107 115 123 121 128 122 112 113 118 122 125 131 133 127 123 123
128 133 143 146 149 153 149 148 149 145 142 138 133 131 131 127 123 125 133 133 134 142 143 139 139 99 69 60 43 50 72 84 46 69 67 113 122 162 142 153 125 129 141 137 142 141 141 139 145 130 121 116 100 96 88 88 80 79 80 81 86 90 91 97 103 107 110 102 85 71 93 95 81 55 99 122 115 120 124 113 111 117 123 126 127 129 129 128 130 130
121 130 136 138 145 146 141 144 143 139 138 136 130 129 128 120 121 121 127 129 131 138 140 137 127 92 68 55 45 53 82 88 51 75 42 75 71 88 145 158 125 124 141 135 142 147 146 145 140 141 146 137 107 103 98 89 86 81 80 83 90 96 98 104 104 109 112 103 86 67 100 108 68 69 105 112 118 123 111 113 115 119 120 122 125 125 123 123 121 120
117 124 129 135 144 144 139 142 142 142 144 138 130 131 129 118 118 123 127 129 135 138 137 138 120 87 65 57 52 61 87 88 59 60 62 157 67 82 121 145 126 119 139 131 138 150 149 151 153 150 151 137 122 102 97 96 95 88 86 88 93 97 99 105 103 109 110 108 78 53 71 52 48 86 117 116 118 118 110 112 120 122 123 123 123 122 123 126 121 119
104 116 124 131 138 141 140 138 144 142 140 131 121 122 123 117 114 121 124 127 132 133 134 134 117 90 65 59 54 72 95 91 58 52 46 36 4 45 127 133 124 113 137 128 134 151 152 155 159 154 147 139 139 118 105 103 107 100 98 98 98 98 99 104 111 114 110 104 57 23 19 10 67 107 124 120 113 113 118 120 121 118 120 124 126 129 130 128 129 127
95 111 123 127 130 136 138 131 136 136 139 139 130 122 119 117 114 116 120 125 124 128 133 129 116 96 69 60 56 83 106 95 54 49 39 30 37 67 114 126 120 106 132 127 134 151 154 158 150 156 151 151 141 130 114 106 109 105 106 105 103 103 104 109 110 110 107 99 50 13 5 39 105 122 120 116 119 122 115 121 121 122 128 130 126 125 126 123 124 121
94 105 113 120 124 129 135 130 132 131 131 131 127 119 118 122 117 119 121 124 125 129 135 128 118 99 78 67 72 93 114 92 49 43 39 103 116 93 111 134 118 102 126 125 133 150 156 158 158 154 147 152 141 130 119 111 103 101 105 104 100 101 105 109 110 111 112 100 41 4 26 81 121 119 122 127 122 126 120 122 122 121 122 125 129 133 130 123 123 120
89 91 93 107 117 121 129 132 130 133 131 128 125 119 115 117 114 120 118 120 126 129 129 124 112 91 80 76 93 104 121 92 45 57 85 98 98 89 111 136 119 100 122 123 132 149 156 157 158 158 155 146 143 134 129 110 104 103 106 103 97 99 102 106 113 103 97 89 32 10 71 109 118 118 121 128 121 126 128 132 128 125 117 115 123 128 123 116 112 108
71 86 95 94 112 110 123 132 127 127 125 132 127 118 121 117 114 118 116 118 122 125 126 117 111 91 81 85 107 113 121 100 45 45 105 161 143 111 110 140 113 100 118 117 135 150 156 158 155 155 155 142 136 138 126 111 109 92 97 106 100 103 101 107 106 95 89 65 24 51 102 110 116 116 118 126 126 125 131 129 127 126 124 124 123 118 111 108 104 106
53 51 62 71 92 122 109 126 130 130 123 122 120 116 121 122 115 117 115 116 117 118 119 113 105 99 86 92 110 118 123 109 67 58 47 137 129 100 125 143 110 105 111 122 140 151 152 153 152 149 151 147 141 136 126 119 110 97 89 95 101 97 104 113 104 84 71 70 72 95 112 113 117 118 116 118 120 122 127 126 127 130 125 115 110 112 111 106 104 106
46 43 49 52 61 103 120 124 126 129 125 122 123 120 118 119 118 116 114 116 114 115 116 110 106 104 85 100 117 120 122 120 79 75 44 68 87 102 138 139 113 113 100 126 143 149 148 151 153 147 146 143 137 132 125 121 112 99 90 87 94 90 101 108 101 72 62 83 105 113 105 111 107 118 122 124 126 125 125 125 126 120 116 110 103 101 99 96 99 101
37 34 34 44 51 69 110 125 130 127 122 116 118 119 116 119 117 110 109 111 111 112 114 109 100 101 83 100 125 127 128 119 97 67 64 36 69 116 140 132 114 116 94 136 148 147 144 147 147 146 146 143 140 137 130 121 114 96 100 86 85 87 99 102 96 78 80 94 106 117 113 118 113 115 116 118 122 122 121 119 113 108 110 111 102 97 99 100 98 100
21 27 28 32 40 45 67 117 124 120 120 119 120 119 113 112 114 108 108 110 110 111 112 111 105 92 77 96 129 124 130 127 120 74 67 54 61 100 131 123 118 116 96 140 145 142 142 147 146 147 146 141 135 133 128 119 118 97 104 91 84 80 91 93 96 85 96 109 111 121 121 127 125 120 119 117 112 111 113 116 108 106 105 102 98 102 103 96 105 106
19 27 36 30 38 32 44 83 115 116 118 120 120 118 116 112 113 110 111 111 109 109 110 114 110 98 85 89 119 121 130 125 121 101 71 63 62 89 127 117 115 113 111 144 146 140 137 139 141 140 137 135 129 125 127 126 120 106 102 98 89 67 67 68 60 79 102 114 121 138 137 134 133 121 119 119 115 113 110 108 100 99 101 101 99 100 104 103 103 105
37 28 26 28 35 29 47 57 97 113 116 117 117 116 117 115 111 110 110 108 108 107 105 110 110 102 92 93 114 118 121 120 118 121 103 88 82 82 109 117 116 116 129 137 141 137 134 136 139 137 136 139 133 124 122 119 117 112 105 104 95 72 63 67 87 108 124 134 135 135 130 132 124 117 116 112 107 106 105 107 105 99 98 103 104 99 99 103 100 102
36 40 30 29 23 41 45 43 77 107 114 114 115 112 115 111 114 112 109 106 110 110 104 107 109 107 90 84 100 121 122 126 124 118 114 109 94 87 103 115 116 119 143 133 138 136 131 134 137 134 131 135 132 124 121 113 111 110 112 106 97 94 85 96 116 126 125 125 122 120 118 120 116 114 112 105 104 103 98 101 99 100 99 96 96 97 99 102 105 107
41 35 37 37 29 34 45 42 60 90 111 109 114 118 112 114 114 112 112 111 109 109 108 104 104 109 103 86 87 103 130 122 122 117 122 113 113 102 100 112 125 122 134 139 136 137 134 129 129 131 126 129 129 123 120 113 114 112 110 107 102 98 99 101 108 110 112 114 114 113 111 109 109 108 110 103 99 101 99 100 99 98 98 95 98 102 100 103 104 102
40 33 33 38 36 38 43 42 54 79 100 104 109 112 108 112 113 112 111 108 105 106 108 106 105 107 107 98 89 84 111 123 123 121 122 117 120 112 106 117 122 123 133 137 137 141 135 127 125 127 127 130 130 124 118 113 110 109 109 108 103 100 102 105 106 110 112 110 105 102 103 106 107 105 105 101 100 103 101 101 99 100 102 101 104 106 102 103 105 102
31 31 34 39 40 37 41 52 52 71 93 102 104 104 104 109 108 109 112 111 109 108 107 104 108 107 106 106 99 84 97 111 117 120 119 118 120 119 109 120 119 123 131 134 135 136 132 129 126 126 126 125 124 121 115 113 109 107 107 108 106 102 101 100 100 98 97 97 99 101 102 102 102 101 103 102 102 104 102 102 100 100 101 101 104 106 104 105 106 104
33 34 32 34 41 38 35 46 50 64 81 87 86 87 92 99 103 103 104 104 104 107 108 107 103 106 104 105 107 102 101 99 109 115 115 117 115 118 111 120 125 121 122 128 134 132 126 126 126 122 122 117 117 119 113 114 116 109 105 104 105 105 104 102 100 95 91 92 97 101 100 98 99 101 105 106 103 102 102 102 99 99 100 101 103 105 106 107 105 103
31 35 33 30 38 38 31 38 41 52 66 72 72 73 76 77 87 94 103 108 107 105 102 97 97 105 104 103 107 109 106 103 107 111 112 116 111 116 113 117 123 122 122 127 131 127 124 126 121 116 117 114 116 118 113 114 110 106 103 104 104 104 103 101 99 99 98 98 98 99 101 102 102 104 106 107 105 102 102 101 100 101 102 105 106 106 106 105 101 99
26 34 37 30 35 38 31 33 37 44 51 59 64 66 66 62 66 76 89 95 95 95 97 97 103 104 100 103 103 105 103 106 106 106 108 112 109 113 113 111 119 121 119 122 128 129 126 120 122 118 115 112 114 115 112 113 108 107 106 104 101 98 99 99 95 97 100 101 102 102 104 106 108 106 104 106 106 104 104 101 104 104 103 105 105 104 106 105 102 100
38 39 38 31 36 43 31 24 39 39 34 37 45 50 55 56 52 59 69 74 76 82 91 95 96 94 91 98 98 102 98 102 102 101 105 107 109 107 110 108 109 115 117 118 118 119 121 117 121 120 115 114 113 112 112 111 111 107 101 94 89 89 94 97 99 98 99 101 104 105 104 103 109 107 103 107 108 105 106 102 106 105 103 105 103 103 107 106 107 106
42 41 43 34 35 43 35 29 34 33 26 29 36 37 42 47 45 48 53 54 53 56 59 60 71 77 83 91 91 101 99 100 98 100 106 104 109 103 108 108 105 108 109 112 111 109 114 113 111 116 114 118 118 113 114 111 114 110 107 104 102 101 101 100 100 101 103 104 105 105 105 105 105 106 105 110 110 106 107 104 104 105 105 109 107 105 109 106 110 109
42 43 47 29 28 29 40 31 40 24 19 18 30 30 25 36 40 40 39 40 34 30 33 30 25 30 36 44 55 68 82 93 92 93 95 101 107 106 102 103 110 107 103 108 106 106 103 108 113 111 111 112 111 108 108 111 112 109 111 105 111 106 101 103 102 105 104 105 108 106 102 104 106 105 108 108 105 103 102 107 103 106 110 108 108 108 108 114 110 108
33 37 48 41 33 27 38 39 42 34 29 20 22 27 31 28 33 35 36 39 36 31 32 29 29 27 24 22 24 30 38 44 58 64 65 65 71 74 77 83 85 100 106 103 99 107 107 104 101 106 108 109 109 109 109 109 113 107 104 105 106 105 110 105 105 107 107 106 107 105 104 107 105 104 105 104 107 112 112 112 109 111 115 112 111 114 112 110 113 111
50 45 40 38 39 38 37 37 38 38 36 29 22 18 30 32 36 44 43 41 43 46 45 38 37 36 33 32 33 32 31 30 33 36 34 32 37 39 40 45 52 67 91 111 111 116 113 102 106 107 106 104 104 104 104 105 106 107 105 111 107 105 108 105 103 103 106 109 111 111 110 108 111 113 116 114 113 113 106 102 101 95 95 91 88 95 99 99 104 101
41 51 46 41 42 41 34 39 42 43 45 44 43 32 30 31 35 33 29 35 45 46 41 39 36 35 33 32 33 32 29 27 29 31 34 36 35 30 27 29 24 29 36 49 61 86 106 116 112 107 105 108 111 108 106 107 111 99 107 102 111 102 105 105 105 101 96 88 78 73 73 72 73 63 55 48 43 36 25 20 18 12 15 17 15 15 17 22 25 29
37 48 46 44 45 47 41 41 30 31 42 40 45 48 46 45 34 34 27 19 21 25 26 29 25 27 28 27 27 26 23 21 30 24 22 24 28 32 31 24 39 39 27 28 40 57 74 99 106 103 102 105 108 107 107 109 108 105 111 102 111 109 66 48 38 31 25 19 14 13 13 10 16 13 13 11 10 12 13 18 13 12 16 20 21 17 14 18 23 46
50 44 41 39 39 41 41 36 27 18 33 32 27 30 34 38 27 24 26 27 25 21 20 28 33 35 34 30 28 27 26 27 31 32 33 31 35 46 53 50 53 63 81 96 87 81 87 101 104 110 113 111 112 116 118 119 118 120 115 117 123 79 7 13 17 18 19 18 16 17 18 18 15 17 19 18 19 23 18 14 17 17 17 14 18 19 15 15 18 53
33 26 30 32 39 38 43 40 32 16 25 31 28 21 21 18 27 23 24 22 25 30 24 19 21 25 28 27 26 27 28 29 27 33 35 34 38 43 46 51 50 58 81 87 60 64 86 94 101 110 113 108 107 114 120 122 119 114 110 116 130 54 14 20 23 22 17 14 15 16 15 15 14 15 17 14 15 19 17 15 14 15 17 15 16 19 15 11 7 32
28 33 39 32 41 31 35 39 28 26 26 25 26 24 29 22 25 25 31 26 21 25 28 29 24 25 23 19 18 21 26 30 29 35 35 36 41 44 60 87 87 82 92 107 94 79 68 64 59 61 59 57 66 87 112 128 125 120 115 136 86 18 19 19 16 18 15 13 16 16 14 15 22 15 12 10 12 15 12 12 13 11 18 20 17 18 17 16 17 22
35 34 45 37 30 31 36 37 32 29 30 20 21 27 20 29 24 23 29 31 30 25 28 27 26 27 26 23 22 22 24 27 30 32 41 40 52 69 80 84 75 83 105 123 118 84 58 49 41 36 43 72 94 107 123 127 121 126 128 80 20 11 28 16 15 16 13 15 16 21 20 23 21 17 12 13 10 13 13 14 12 12 17 20 18 13 12 22 18 19
46 47 51 38 32 30 32 37 35 28 27 18 22 30 22 27 23 23 29 31 30 25 28 27 20 23 25 24 24 23 23 26 32 36 46 44 55 71 83 89 100 102 117 128 119 84 61 54 47 45 57 89 111 121 132 133 139 135 74 14 21 24 13 17 17 17 14 16 16 19 18 21 20 16 12 14 10 14 13 13 12 12 17 20 18 13 12 22 15 16
