190 189 185 188 182 184 188 183 182 186 184 186 180 185 187 181 183 185 188 191 193 185 191 198 198 191 175 179 189 184 188 186 184 183 189 184 188 184 184 188 183 189 182 188 186 189 189 189 191 192 189 193 189 191 189 185 189 188 185 186 190 187 186 190 187 188 188 189 190 188 188 192 189 186 186 188 188 188 189 189 185 187 188 187 187 187 187 188 184 182
185 184 185 187 185 184 183 190 186 180 184 183 181 194 190 189 196 187 180 172 137 118 146 145 117 101 104 163 177 180 175 185 182 189 192 190 183 186 190 183 189 186 188 190 189 192 186 189 187 193 191 189 189 189 189 193 189 190 187 188 192 190 187 189 187 187 186 187 188 186 186 188 190 187 186 188 188 188 187 185 187 188 187 186 186 187 187 188 185 183
186 185 188 184 180 186 186 181 190 190 185 195 189 180 170 152 137 127 98 64 51 34 23 24 21 19 48 72 58 67 56 121 179 178 171 178 189 198 185 187 183 192 189 188 192 190 196 191 190 189 190 190 195 190 186 189 188 190 188 188 190 189 187 188 189 189 188 187 188 187 186 187 190 188 188 190 189 188 187 186 188 188 187 185 186 187 187 188 185 184
190 183 186 186 192 194 191 192 177 164 146 129 109 94 76 72 57 48 49 37 24 21 29 32 27 30 24 20 14 23 39 44 73 64 67 132 151 141 173 194 196 190 190 186 195 194 193 186 191 189 193 189 193 193 192 188 191 194 193 189 188 189 189 192 189 190 190 189 188 188 188 187 189 189 190 191 189 188 189 190 189 189 187 186 187 188 187 187 188 186
188 192 178 194 192 168 170 125 97 85 69 64 65 66 57 61 55 25 36 34 28 25 13 18 28 22 32 31 36 34 38 35 27 37 42 62 60 63 123 141 170 179 194 191 190 187 195 191 190 190 188 189 194 191 191 192 193 194 192 188 188 189 190 190 186 188 190 189 187 188 188 187 188 188 188 188 187 188 189 190 189 189 188 188 189 188 187 186 187 185
189 191 185 142 99 72 67 48 62 69 61 64 59 51 57 66 61 53 47 40 27 20 41 50 44 44 44 40 48 56 56 63 57 43 46 46 54 50 46 40 53 88 176 185 154 140 130 150 141 178 183 188 193 192 191 197 191 190 188 188 189 190 188 185 187 187 189 190 188 188 189 189 190 188 187 188 189 190 190 189 188 189 189 189 190 188 186 186 186 185
187 144 98 55 58 56 60 77 70 62 62 62 61 64 54 58 55 61 63 58 59 55 52 49 41 38 44 52 48 53 52 43 44 42 44 44 43 51 58 42 46 60 82 123 174 152 69 53 99 178 187 181 176 187 189 189 191 190 190 191 193 193 190 188 191 189 189 191 190 190 190 190 189 189 189 190 190 190 190 189 188 188 189 189 189 187 186 187 190 188
101 59 54 61 69 64 71 58 52 52 53 58 46 39 38 35 31 28 35 47 60 48 29 22 32 42 48 38 30 27 30 27 26 30 33 40 44 51 47 56 63 68 55 87 161 181 98 31 116 173 165 174 171 181 184 185 188 188 190 192 191 190 190 191 194 189 188 190 190 189 190 189 184 187 191 192 189 187 188 189 187 188 188 188 187 185 186 188 189 187
62 60 61 68 69 69 64 46 43 40 39 36 33 36 40 43 49 57 50 49 48 35 23 37 47 51 37 22 20 23 28 31 25 25 26 25 26 32 43 57 54 61 52 36 115 182 148 77 129 193 194 197 199 202 198 192 185 184 180 187 184 192 192 191 188 188 196 188 187 190 194 188 191 188 188 191 187 186 192 188 189 188 188 189 188 187 186 186 186 184
69 71 60 61 70 63 48 36 36 43 37 36 44 49 51 49 62 52 49 61 55 42 41 56 52 41 21 18 23 27 25 26 33 38 39 33 35 44 46 45 42 38 46 38 64 120 162 145 161 201 200 196 188 188 187 198 208 197 170 174 182 173 168 173 178 168 176 191 193 189 191 190 186 186 185 190 190 189 191 188 190 187 187 188 188 188 187 187 188 186
61 69 70 64 54 47 50 52 46 36 35 55 53 34 35 34 26 16 17 31 33 38 42 44 44 41 35 48 55 67 77 88 96 98 102 102 104 104 97 93 92 99 96 89 91 89 107 106 106 131 165 184 171 167 166 178 196 192 180 182 182 174 186 187 184 182 172 170 191 191 188 192 190 191 187 189 192 191 191 190 192 189 189 190 191 191 189 188 188 186
64 81 70 45 46 58 55 46 38 48 57 59 47 41 41 30 22 31 34 35 34 43 48 51 76 82 85 105 115 131 135 137 133 129 130 132 135 134 132 137 147 157 155 152 153 140 140 132 127 124 126 131 130 139 151 179 195 182 163 165 188 192 205 209 206 210 192 155 180 193 188 191 187 189 189 190 192 190 186 184 189 187 188 190 190 188 186 184 189 187
74 59 47 48 51 40 28 29 34 47 46 33 34 37 31 35 49 61 69 76 79 86 94 107 116 125 127 134 131 134 135 134 139 138 137 133 134 140 142 145 149 156 159 154 152 151 152 147 154 144 141 141 129 129 140 149 165 165 166 156 170 187 203 207 210 206 205 163 159 193 190 190 188 187 188 188 187 189 189 189 187 186 187 189 188 187 186 185 187 185
51 42 43 37 23 24 30 27 43 47 51 39 31 27 30 56 78 87 98 111 114 120 123 127 129 131 131 135 137 134 136 137 132 130 133 134 137 139 138 142 148 151 151 150 157 157 150 155 145 148 141 141 145 138 136 136 136 139 164 169 165 176 195 206 205 208 211 168 140 195 188 191 189 188 192 192 190 190 189 187 189 187 187 188 188 188 189 190 186 185
43 30 21 22 37 49 48 48 49 36 34 30 22 24 42 69 86 102 116 123 121 129 130 128 133 131 132 132 139 125 125 126 125 124 130 136 141 144 147 155 157 155 159 163 163 163 157 159 155 154 152 151 149 145 146 144 136 142 142 142 148 162 169 180 192 208 207 156 144 201 188 190 190 189 189 185 186 188 185 187 189 186 186 187 187 187 188 188 189 187
26 36 52 51 45 49 45 36 29 29 25 32 50 67 85 99 112 122 125 129 130 134 130 131 133 132 132 118 122 104 113 120 122 134 144 142 145 154 157 156 158 164 163 163 164 167 165 166 169 163 162 160 162 157 153 153 155 156 145 145 139 146 148 146 157 173 183 140 159 203 194 192 187 188 187 184 189 191 186 190 191 188 188 190 190 189 187 186 186 185
40 40 35 35 30 28 20 15 14 22 33 57 87 104 114 126 127 129 130 127 130 130 126 133 128 131 107 105 105 109 122 140 147 150 151 153 155 153 156 158 158 154 160 155 162 156 161 162 169 173 173 169 169 177 168 167 167 163 160 159 155 151 147 144 141 141 141 133 154 187 200 194 196 188 184 186 188 186 187 189 187 187 190 190 186 186 188 188 187 188
22 14 12 20 15 8 4 14 27 42 77 107 121 134 143 141 144 138 139 140 139 134 129 132 125 117 105 110 119 143 159 166 162 161 164 162 159 159 152 147 125 130 147 156 164 166 174 179 184 181 177 177 177 180 176 180 177 171 167 166 164 160 159 158 162 155 152 146 148 139 142 162 178 194 198 189 187 189 189 189 185 187 187 185 186 186 187 188 189 190
9 11 13 9 4 12 21 38 70 90 114 129 138 144 146 147 151 142 143 144 142 140 137 136 128 113 118 122 130 155 156 162 160 168 165 162 150 153 142 115 88 120 152 171 173 173 174 183 187 188 184 190 187 182 180 185 186 183 178 172 168 165 162 159 162 155 160 159 164 160 150 145 136 142 158 179 193 193 189 188 191 188 190 190 187 186 189 189 187 188
14 9 7 6 11 32 54 85 107 127 134 140 155 153 143 146 152 148 148 147 146 149 148 142 125 124 129 110 121 158 163 180 171 172 163 163 156 145 139 56 80 128 157 173 172 176 174 187 191 201 199 200 193 187 187 189 181 186 185 179 176 177 174 168 162 155 162 160 161 165 165 161 161 148 140 139 146 171 193 195 187 188 190 187 183 188 191 184 187 187
7 8 17 35 59 86 104 125 134 138 142 149 157 159 157 156 154 155 156 158 160 164 164 159 142 139 127 119 141 161 165 179 173 169 164 156 156 132 69 43 109 147 160 175 175 183 182 193 192 207 208 211 204 198 195 192 188 192 191 187 183 179 173 169 171 166 168 166 171 167 162 167 168 163 164 157 140 137 151 160 170 185 191 188 188 187 184 186 190 190
10 32 60 94 116 128 132 142 149 150 158 164 163 162 165 166 161 160 160 166 170 173 178 176 157 139 117 131 146 137 157 175 180 181 159 157 139 78 31 65 119 149 161 177 173 181 188 200 208 212 209 213 211 207 203 204 197 194 190 189 187 178 171 172 170 166 170 165 168 171 171 170 171 171 167 162 159 156 150 145 133 133 163 195 194 186 188 187 189 188
55 94 115 129 136 145 149 146 151 157 164 167 164 161 164 168 170 166 166 171 172 176 182 176 159 124 96 99 117 132 168 186 195 179 162 157 120 20 37 114 137 161 161 168 175 186 191 197 207 207 210 219 223 223 215 217 209 202 193 191 191 184 176 175 172 155 162 168 170 170 173 172 175 178 172 165 168 171 164 158 149 133 122 144 181 193 188 190 186 185
99 123 129 140 144 146 154 157 159 162 170 172 165 165 169 169 168 167 172 179 177 183 188 172 134 95 90 93 122 155 176 191 190 180 159 161 81 38 101 131 129 172 171 164 174 185 192 205 210 210 215 221 222 222 209 210 214 209 198 190 192 190 181 173 165 152 157 167 178 174 172 179 179 175 173 175 174 170 165 161 160 156 137 112 121 166 194 189 187 186
131 140 138 143 151 149 155 163 165 164 168 171 167 166 168 168 172 168 179 182 186 191 196 175 124 82 68 93 143 178 192 189 198 173 168 148 41 145 196 151 135 173 169 162 171 183 195 206 212 211 213 219 225 227 225 224 214 209 202 193 193 182 178 165 168 175 173 174 181 179 175 178 175 175 177 175 174 173 167 166 163 163 154 139 126 114 131 179 190 189
139 145 151 156 161 161 162 170 168 171 171 171 172 170 170 174 173 175 185 188 193 196 193 163 95 61 69 99 153 186 193 200 189 161 177 95 74 208 233 181 143 170 157 153 172 192 194 205 213 215 217 218 219 221 222 222 217 205 196 189 189 181 178 163 168 166 169 171 176 181 178 183 185 181 178 176 177 177 171 169 168 165 162 154 144 129 118 124 160 183
147 148 160 164 167 169 167 175 177 175 177 178 174 177 182 179 181 188 191 194 200 204 197 161 73 57 77 109 160 196 201 206 177 164 183 56 40 92 151 202 168 181 150 146 175 198 189 203 211 215 218 216 215 216 217 216 208 203 199 189 181 174 173 162 167 157 166 171 178 188 185 185 183 182 183 181 180 180 177 177 180 178 171 155 146 141 128 117 113 134
154 155 165 170 170 173 176 182 182 178 180 181 178 182 186 181 181 190 194 200 204 206 193 151 78 60 77 133 173 198 201 203 171 166 164 69 109 29 20 116 174 176 141 152 185 197 183 201 214 218 219 216 216 217 215 210 209 203 192 179 169 164 160 152 155 162 180 185 183 186 188 190 189 187 187 183 177 174 169 167 175 182 175 159 152 148 136 128 120 119
157 160 165 173 173 174 183 185 184 190 184 181 190 190 184 188 190 193 197 208 210 209 191 150 68 59 87 153 169 195 196 197 165 170 143 64 148 43 23 67 178 157 132 165 189 188 187 208 216 218 216 212 212 214 211 205 196 191 178 167 154 142 137 144 158 174 182 182 176 176 185 187 184 179 179 177 175 174 168 164 166 177 177 168 159 152 147 145 136 128
166 173 177 185 187 187 196 194 191 196 190 188 196 194 189 192 202 201 202 211 210 206 182 149 65 53 93 149 154 191 192 190 154 161 130 33 21 19 17 82 181 138 134 175 182 177 193 212 213 214 212 208 208 210 206 199 184 173 156 145 132 119 119 142 160 176 176 179 182 181 186 180 188 184 185 181 176 177 177 178 180 173 166 166 166 164 161 154 140 135
171 180 187 192 195 198 201 200 196 196 195 195 195 193 193 194 197 203 208 215 214 211 184 166 101 55 84 143 157 181 183 179 151 148 129 38 20 27 25 96 154 121 148 177 177 179 199 211 214 214 213 212 212 207 193 179 160 146 123 110 104 113 127 156 171 182 180 178 175 171 173 172 177 180 190 191 182 176 170 166 171 170 167 170 171 166 161 154 147 140
176 183 194 195 200 206 203 204 201 205 202 199 201 197 195 203 199 210 212 208 203 201 175 172 127 74 95 147 160 164 178 170 154 137 132 55 40 43 41 129 133 122 167 173 174 188 205 215 215 214 213 214 212 198 171 147 139 123 101 100 121 159 174 186 186 187 188 186 182 179 178 181 185 181 184 186 182 178 168 158 156 168 164 165 171 168 166 168 161 151
176 187 191 193 197 204 210 209 209 201 201 201 195 202 196 198 205 209 213 216 208 196 186 174 155 94 98 137 153 171 170 165 147 128 130 90 60 98 113 135 136 144 170 164 178 196 211 213 212 208 217 215 207 176 141 155 157 137 133 156 166 186 189 191 194 191 193 188 189 175 171 174 187 176 171 158 155 170 179 179 171 175 167 173 179 175 179 178 174 172
176 186 188 195 204 205 206 210 206 205 205 190 199 199 193 204 203 206 214 223 220 201 178 167 152 117 108 134 148 161 166 161 140 131 129 109 82 134 121 140 150 153 164 169 196 207 208 213 210 220 222 213 179 155 166 169 155 154 163 165 169 178 192 194 193 197 201 183 183 178 167 172 167 129 115 122 147 166 188 196 190 181 170 172 180 179 178 181 179 178
174 183 189 198 205 203 204 207 207 210 211 200 207 205 202 205 199 209 215 208 203 192 174 169 152 141 119 137 153 158 166 161 151 129 121 132 125 116 128 157 159 172 180 189 203 203 204 215 206 216 217 194 171 178 186 171 172 157 169 182 178 173 188 187 190 192 187 184 182 176 180 160 125 74 62 108 158 173 189 194 198 199 192 177 176 181 176 172 172 174
176 184 195 202 200 201 208 206 204 210 200 202 201 206 206 203 197 207 212 203 202 194 169 164 162 152 124 139 154 154 161 158 151 132 132 127 136 138 122 180 169 183 191 201 202 203 205 205 200 209 210 181 173 186 179 181 181 164 160 178 182 188 192 191 185 188 195 190 179 177 160 118 74 25 9 47 135 163 176 177 195 194 191 186 181 175 171 174 173 176
180 186 195 201 196 197 205 204 202 208 202 202 203 208 202 205 205 205 210 208 207 190 167 171 169 154 135 143 150 155 163 165 156 158 143 139 144 171 160 167 180 190 192 199 197 200 201 193 194 195 184 179 178 170 173 185 176 145 111 124 169 185 178 187 191 196 197 190 170 149 122 94 41 33 40 23 104 160 173 179 173 182 187 195 188 172 172 175 173 177
183 190 192 197 200 196 198 204 200 195 209 202 203 203 199 200 197 200 209 211 207 194 180 183 175 164 160 157 150 159 164 170 173 172 157 158 176 183 185 175 179 189 191 193 194 192 195 195 192 188 181 184 174 168 183 186 169 110 68 73 149 180 183 189 191 197 185 175 150 132 112 79 82 112 137 83 72 141 149 154 156 162 166 183 186 174 174 170 177 181
184 193 195 199 203 198 197 203 204 191 203 201 195 193 198 195 202 202 204 202 198 194 187 176 170 164 167 160 152 163 166 177 181 170 163 170 170 170 175 170 175 182 187 186 197 193 194 195 191 183 180 173 165 172 179 172 159 62 29 55 137 176 185 187 194 185 182 161 128 117 93 83 188 220 216 172 95 126 132 137 141 155 162 166 170 177 184 180 171 173
176 189 196 198 197 195 197 196 196 198 188 201 196 187 189 187 195 190 191 194 185 181 184 179 172 165 162 155 153 164 167 184 181 178 170 175 176 172 173 179 179 184 195 188 196 189 188 183 181 178 172 176 182 179 173 163 147 62 38 65 130 180 183 183 190 188 169 153 136 120 82 60 171 221 215 216 162 127 139 153 130 136 153 165 166 164 165 174 174 174
179 179 194 199 192 186 196 200 181 193 196 189 187 191 192 192 194 193 195 194 181 182 175 180 169 161 161 156 160 169 175 188 185 184 177 180 183 183 189 186 182 183 187 186 181 177 177 176 172 173 170 178 181 185 172 170 145 72 48 80 134 177 187 186 182 171 161 141 131 123 76 104 189 219 230 169 141 159 139 166 167 140 135 155 158 151 142 175 172 177
175 176 180 182 188 187 190 191 189 185 183 184 184 186 187 186 186 188 193 199 191 189 181 181 168 163 164 161 161 175 188 187 200 187 179 186 187 185 189 181 189 186 185 183 180 178 176 173 169 175 174 183 203 212 191 174 160 113 60 110 170 184 179 184 176 166 157 147 144 117 89 173 237 229 231 193 156 193 140 173 211 176 134 139 141 141 148 166 166 172
179 180 185 182 182 185 192 191 195 181 178 183 182 184 187 184 187 203 198 194 192 188 180 182 177 174 163 164 173 176 184 193 209 198 195 202 194 186 190 188 196 191 187 185 185 184 181 177 182 177 178 197 222 212 187 174 156 142 82 107 185 200 196 184 179 174 167 162 139 112 92 134 206 234 238 205 98 166 155 161 224 209 143 120 129 135 140 156 168 176
167 176 180 178 187 187 187 188 184 179 181 184 183 189 196 194 192 189 183 191 196 195 191 181 184 170 162 167 172 177 188 197 200 201 202 206 199 187 188 194 198 194 191 189 189 187 184 181 186 184 189 201 217 202 185 173 154 132 97 108 177 200 204 207 193 176 166 176 146 114 99 185 244 235 244 213 81 170 147 142 219 215 155 118 128 131 117 143 160 170
174 172 182 183 181 183 192 189 195 189 183 182 187 193 190 180 190 202 196 190 195 196 196 190 184 173 167 157 157 167 170 174 182 183 186 191 191 186 185 186 192 189 185 183 182 180 177 175 179 178 186 193 199 185 180 170 151 125 105 99 143 196 192 188 185 195 165 180 148 114 106 200 249 245 239 233 133 190 156 141 200 215 175 120 112 125 115 137 163 175
176 179 182 180 180 176 182 187 188 189 185 183 186 187 187 188 184 185 193 200 203 199 196 184 175 169 162 150 153 157 151 164 167 165 171 177 175 178 182 177 177 175 171 169 169 169 167 168 165 170 176 183 188 187 188 174 150 117 103 86 125 172 177 179 177 187 171 183 147 113 87 180 247 242 239 235 181 217 164 150 201 217 170 118 107 112 105 127 160 172
172 171 179 183 187 184 183 177 179 182 181 182 187 188 188 190 194 197 198 193 206 200 184 172 173 162 161 158 152 150 153 160 161 158 164 168 164 167 171 168 163 165 163 160 158 157 157 160 161 162 163 178 180 179 177 168 148 136 122 68 104 157 177 177 169 167 169 184 138 113 97 134 219 233 238 182 136 194 156 152 185 203 155 111 104 105 102 127 167 179
167 175 180 178 184 181 180 182 179 180 179 179 185 188 183 178 192 196 202 195 202 193 180 178 163 169 160 150 147 145 147 152 161 157 157 159 162 160 156 154 157 163 164 159 151 145 146 151 150 166 164 169 170 180 176 160 149 126 98 58 97 156 169 183 171 155 147 149 128 109 94 138 216 245 235 136 112 201 170 153 183 177 138 113 104 102 103 130 161 174
163 170 179 183 183 177 182 178 180 169 176 176 171 176 180 188 192 192 206 209 208 190 176 170 161 159 152 147 147 147 149 150 158 154 154 159 153 152 146 145 149 154 154 155 154 146 141 142 146 155 155 165 175 185 163 146 128 108 83 62 91 131 154 179 166 143 127 129 121 106 87 180 242 235 242 214 190 209 177 154 194 178 141 116 112 100 97 122 161 167
164 164 174 180 177 173 178 167 173 174 174 170 175 181 180 187 190 195 198 207 206 195 167 161 158 154 146 139 137 143 151 151 160 153 150 152 153 150 143 140 137 141 152 157 157 159 153 140 136 143 142 155 173 170 150 147 91 86 81 66 94 134 150 161 160 143 123 130 117 99 96 194 242 244 233 226 186 199 166 162 179 169 138 107 104 103 100 114 151 156
160 162 172 176 174 172 182 179 170 171 163 162 176 182 177 174 186 188 198 211 202 192 174 165 150 145 142 135 130 143 157 157 158 149 158 146 147 145 142 144 149 149 147 141 151 165 161 153 142 133 134 144 156 154 152 149 49 77 84 77 106 135 146 148 149 142 119 122 116 100 105 207 233 235 247 194 106 194 159 165 161 148 129 107 101 100 103 126 129 135
153 156 163 167 173 169 167 164 162 161 159 163 166 169 173 170 178 182 192 198 203 184 166 158 135 128 134 136 135 154 169 163 148 150 142 152 153 153 153 149 152 163 167 155 155 162 160 167 159 131 123 125 138 154 169 154 28 83 99 103 131 141 146 145 144 134 132 132 117 94 103 169 207 230 221 99 94 192 147 159 165 143 124 109 108 108 110 136 120 128
153 156 162 163 168 161 157 158 159 158 160 163 161 165 172 169 174 178 189 186 180 171 170 159 127 115 127 139 143 161 169 156 145 141 139 152 174 176 175 163 160 163 174 170 159 159 164 170 165 147 141 138 147 159 172 155 34 70 101 116 136 147 154 155 148 140 132 125 118 89 124 179 196 219 188 40 91 171 142 148 148 142 129 112 113 117 117 131 132 144
146 148 158 157 154 150 156 162 161 163 161 157 158 165 165 161 166 171 184 181 151 163 174 153 98 91 119 142 145 159 169 164 141 137 142 174 196 179 173 173 172 169 169 172 171 166 166 169 171 150 144 150 151 161 174 156 65 56 101 125 132 148 154 149 150 137 125 127 114 93 167 215 217 219 232 96 57 124 150 143 145 146 135 118 117 122 132 149 145 160
142 139 146 149 154 152 150 152 154 160 164 155 152 156 155 160 165 177 177 175 168 176 164 139 82 68 99 137 153 167 168 159 138 139 153 177 104 117 162 170 175 183 178 178 179 171 173 179 179 155 147 160 154 159 170 159 115 77 104 129 134 145 150 147 150 146 125 123 110 89 145 197 212 224 183 98 119 134 148 148 155 144 129 127 128 128 140 154 164 179
134 134 136 137 149 148 144 151 148 147 156 153 151 155 154 162 166 171 169 166 179 177 164 137 67 54 92 137 156 166 167 161 137 140 159 77 34 147 186 171 169 180 182 187 181 176 183 177 183 159 133 147 156 163 165 164 131 96 98 128 146 145 152 155 148 144 130 122 102 87 107 150 176 181 84 48 110 130 147 148 153 141 128 133 134 135 152 162 171 185
114 120 125 129 138 140 137 141 142 144 148 147 147 155 160 157 160 161 167 171 177 171 152 122 65 43 88 138 159 169 182 152 142 161 67 58 138 167 161 161 170 174 187 189 187 184 186 186 192 182 147 136 154 158 157 161 131 98 116 134 144 152 155 159 155 149 132 125 96 98 166 204 204 193 166 77 103 128 139 145 138 137 146 144 140 153 163 168 179 182
111 109 115 122 127 128 129 138 143 142 141 141 145 151 154 150 158 169 168 172 175 166 151 106 63 41 86 139 162 175 182 150 155 111 74 192 211 159 138 149 166 170 183 190 197 193 192 192 201 198 165 137 134 142 147 138 101 86 118 138 142 150 156 161 154 151 138 129 91 100 174 192 186 171 123 90 132 122 141 150 140 150 151 150 153 158 165 172 177 180
96 94 101 110 114 117 120 125 129 132 134 138 145 149 151 151 151 157 171 168 169 168 144 104 64 42 83 132 157 181 187 159 142 66 93 176 199 156 143 126 152 162 175 186 198 195 194 197 195 206 191 145 119 121 112 97 69 91 126 130 140 154 158 163 154 149 140 126 99 75 78 98 110 57 38 122 128 122 150 143 152 157 148 151 161 161 165 168 163 166
85 89 95 96 100 109 112 110 122 129 132 134 136 137 143 153 152 160 168 172 170 159 146 108 61 39 75 130 161 188 180 147 136 43 41 33 77 136 150 117 138 152 161 169 191 194 192 193 198 200 205 163 127 127 113 98 91 114 138 138 148 153 153 162 162 154 153 129 97 61 51 99 92 40 85 129 133 149 146 149 152 149 149 160 163 160 161 160 162 166
76 85 89 84 88 101 106 108 111 120 128 132 133 131 135 145 152 157 163 170 169 158 147 114 62 44 77 139 166 181 166 142 128 79 127 22 28 110 157 120 130 156 164 166 186 194 199 203 198 189 205 188 145 133 132 120 120 123 137 139 140 149 160 163 157 158 147 129 107 57 20 35 24 39 132 151 148 140 131 144 155 153 163 166 160 161 166 171 189 191
67 75 81 78 81 89 94 101 104 107 113 120 127 132 139 146 150 152 162 161 165 162 141 111 74 54 71 139 168 178 160 147 113 34 44 10 26 96 158 120 124 153 159 159 182 195 202 203 202 198 196 199 174 148 146 138 129 128 136 138 142 152 163 160 159 149 151 139 110 62 16 10 41 132 156 162 150 153 167 167 172 173 175 165 161 170 173 181 177 176
67 68 76 80 82 87 91 96 98 99 105 114 121 128 134 137 140 152 151 158 167 160 149 112 73 61 68 134 163 173 154 143 102 9 17 30 36 96 143 132 118 152 161 161 180 191 202 204 198 198 190 200 203 181 162 148 127 122 125 135 146 146 152 153 153 147 152 144 130 90 49 65 134 170 158 170 185 192 188 179 178 178 174 169 173 176 174 173 170 165
50 45 53 62 70 82 90 91 93 94 100 107 110 117 127 131 139 147 151 152 161 157 138 111 78 72 67 125 159 175 152 130 115 25 55 76 65 108 143 136 116 149 160 162 181 190 199 199 201 196 204 205 199 197 186 175 151 135 126 121 123 135 152 143 144 146 147 148 136 119 131 156 167 174 182 184 181 180 176 177 171 169 165 171 174 170 174 173 162 155
45 39 41 42 44 67 90 92 86 91 97 96 105 117 120 125 134 138 146 151 158 162 134 115 81 74 71 114 151 170 148 120 131 34 48 76 104 120 152 142 129 145 163 163 185 185 197 204 203 199 196 198 202 205 194 191 174 164 147 128 114 126 149 151 154 152 143 148 155 151 153 159 169 174 181 171 168 173 167 166 161 163 164 169 174 170 163 162 154 150
46 49 41 34 40 45 55 74 85 89 92 97 95 98 113 120 128 138 142 144 149 153 130 111 89 78 74 115 144 161 158 118 132 76 85 163 145 111 147 143 131 145 164 170 186 188 197 198 197 195 195 199 201 202 193 193 181 176 172 165 139 120 134 153 152 157 159 167 175 176 177 174 173 165 165 166 161 158 156 154 160 162 167 172 169 160 152 147 152 148
23 40 44 36 32 32 32 37 39 55 72 90 93 89 98 107 123 130 129 135 142 148 132 110 89 81 94 102 139 152 158 139 130 105 61 130 112 119 155 135 141 150 167 180 188 195 198 193 197 194 196 203 200 195 187 192 191 177 170 175 166 144 137 141 148 161 175 180 175 172 175 175 167 161 156 160 157 152 160 168 173 167 167 166 159 155 153 149 144 140
20 19 24 26 22 25 31 31 27 31 34 44 75 96 95 102 114 127 127 135 136 136 128 112 90 81 101 116 130 156 154 146 128 127 58 45 79 133 145 135 151 158 168 184 188 199 197 191 187 194 197 196 191 196 192 188 183 178 170 166 167 167 157 143 132 131 133 137 139 141 144 145 147 161 168 174 181 177 172 176 167 160 155 153 149 146 143 141 136 133
22 23 19 13 11 16 30 43 34 32 26 20 25 32 49 82 107 128 122 122 128 131 129 123 97 94 101 118 129 145 154 151 135 124 104 21 58 128 141 132 154 161 166 182 188 199 192 189 186 188 189 193 188 188 187 188 181 171 170 172 164 156 157 162 154 145 130 117 115 124 138 151 154 175 189 181 177 172 160 162 158 154 148 146 145 140 135 134 135 132
23 33 32 21 18 19 22 26 37 46 39 26 22 31 48 50 83 125 126 121 125 127 124 126 109 95 100 105 142 147 151 147 143 114 115 43 42 107 127 139 152 161 165 180 189 197 189 187 186 189 188 190 185 187 188 185 180 171 171 170 162 158 158 160 153 162 168 167 168 171 168 167 149 156 171 166 160 161 148 143 147 146 142 139 138 134 132 135 131 129
31 33 36 34 26 17 15 18 15 30 36 34 32 44 70 80 89 117 120 118 119 121 117 115 119 95 97 110 121 147 152 152 143 126 128 91 38 98 131 139 151 159 165 177 187 192 185 182 185 184 183 191 188 187 190 190 181 172 171 169 165 161 157 160 159 160 164 161 160 164 162 160 160 160 166 161 152 149 144 140 142 141 140 140 138 134 132 134 126 125
35 37 28 22 27 26 19 18 21 19 26 34 42 51 67 92 99 105 112 119 112 116 117 111 118 108 95 112 118 138 149 149 144 142 132 109 55 88 129 150 151 157 164 173 183 185 180 177 181 186 185 188 183 188 190 183 178 172 168 162 160 157 153 159 161 155 161 161 156 157 157 157 157 157 152 148 146 144 146 145 147 142 140 139 135 132 131 129 126 124
33 36 36 29 18 14 19 25 17 19 21 22 33 45 55 74 89 99 101 111 117 111 113 113 119 105 92 103 120 133 138 147 141 138 139 127 82 84 129 148 152 154 159 165 168 171 175 175 174 182 183 180 182 187 187 178 181 179 169 160 160 154 148 150 152 146 152 156 151 153 156 148 144 151 151 150 150 147 146 144 145 138 137 139 136 131 128 127 123 121
33 31 25 25 27 19 12 17 23 20 22 20 19 25 34 46 62 91 99 103 110 103 100 103 105 107 100 99 112 140 147 140 141 140 130 133 108 97 124 139 146 156 159 155 156 164 168 168 169 172 174 181 184 182 181 177 176 173 168 162 155 150 145 142 149 153 155 154 154 154 150 142 148 152 150 148 146 143 142 139 140 137 136 135 132 129 127 124 121 119
34 36 28 19 21 20 17 18 16 15 20 22 22 22 21 23 43 65 84 101 110 112 112 103 97 98 95 97 107 133 142 134 139 137 129 133 120 109 122 138 138 146 151 153 158 159 160 165 169 166 165 174 180 176 174 172 173 166 160 156 151 148 147 146 149 156 155 147 144 145 147 149 149 151 147 145 143 142 141 138 141 138 134 131 129 130 130 126 122 121
27 29 28 22 16 19 21 18 17 19 19 20 24 21 17 20 27 43 56 80 106 111 107 105 106 100 93 98 105 122 132 138 138 133 138 137 126 129 130 140 137 139 143 151 158 157 156 159 161 165 167 169 168 165 166 165 167 163 156 155 155 148 145 153 146 147 150 154 154 153 152 150 150 149 145 144 143 142 143 140 140 137 133 131 131 131 129 126 116 115
33 22 20 25 23 17 17 18 17 20 19 17 18 15 15 20 21 31 43 66 92 102 106 113 114 113 104 100 100 111 122 133 139 132 137 134 129 141 140 143 142 143 142 142 145 153 155 150 154 158 159 162 164 164 161 153 155 156 152 151 152 150 150 157 152 151 151 152 151 149 149 150 152 150 145 144 143 142 143 139 135 134 133 133 131 126 122 122 121 120
28 23 18 20 23 18 16 21 21 15 11 14 16 18 21 16 20 23 35 52 72 94 110 114 109 116 114 112 103 102 107 121 130 134 129 132 130 135 141 147 147 144 142 142 142 146 150 149 145 149 151 155 157 157 157 153 149 149 151 152 150 145 127 103 139 150 152 148 148 147 147 152 149 146 142 143 142 141 142 137 134 133 132 130 126 120 120 124 124 123
11 17 18 17 18 19 19 19 23 22 19 18 12 13 23 25 23 31 29 33 58 82 95 107 115 111 108 117 117 113 106 108 117 128 128 135 134 133 139 145 146 141 140 144 145 142 143 148 145 145 143 147 152 153 153 149 147 148 151 147 140 140 138 128 145 150 150 148 151 151 148 147 145 142 139 142 140 138 138 134 131 130 126 122 121 121 122 126 123 121
25 17 16 18 14 14 18 17 23 25 21 23 25 23 24 23 25 26 27 26 37 62 84 97 108 112 115 117 109 112 113 114 114 117 120 126 129 138 138 139 143 144 140 137 141 142 139 140 141 146 147 148 148 148 148 143 149 148 146 145 147 147 147 150 151 146 149 152 147 146 148 146 146 142 140 141 138 134 133 127 124 123 119 117 122 126 124 122 124 122
20 19 16 17 18 14 13 17 17 24 30 26 18 19 25 25 22 19 19 22 28 42 65 85 100 106 108 110 113 111 109 115 120 121 125 132 134 132 134 140 142 139 136 138 138 134 134 134 133 144 144 143 146 145 146 148 142 144 143 142 144 140 137 144 145 144 150 143 143 139 142 141 136 136 137 131 135 130 128 123 121 120 123 128 129 125 122 121 117 116
18 17 13 12 18 21 19 17 19 20 23 26 24 19 19 23 23 20 18 18 20 30 50 67 81 92 101 106 111 112 112 113 118 121 126 131 133 133 133 136 138 139 136 135 135 136 138 133 132 140 140 136 135 136 138 135 138 129 136 142 136 137 143 142 142 144 134 137 135 136 141 127 131 136 129 128 126 129 123 127 123 123 120 117 115 112 110 110 112 111
14 16 15 14 16 18 20 20 18 21 24 29 29 20 16 22 23 21 21 24 27 31 37 40 52 67 85 96 100 103 106 110 115 115 116 121 131 138 138 135 135 136 137 137 136 137 139 131 135 138 137 134 133 136 139 132 135 135 131 128 129 130 129 128 129 131 130 133 123 131 129 121 127 125 124 129 123 124 118 112 112 117 117 116 121 126 128 132 130 129
15 14 15 17 16 14 16 21 21 20 17 16 21 23 24 25 19 20 23 26 29 32 32 31 42 46 61 79 89 94 100 105 107 109 111 113 118 123 127 129 129 129 132 137 134 132 135 131 134 135 134 134 134 133 133 127 130 126 127 133 133 127 126 128 127 124 122 122 121 123 120 130 128 117 114 115 130 141 153 152 158 165 167 171 178 179 177 179 179 178
19 14 13 16 17 16 14 15 18 20 21 17 13 16 22 23 30 31 29 24 19 20 26 29 28 30 40 53 61 66 74 82 86 84 83 85 89 97 110 122 124 126 130 135 131 127 131 129 127 130 130 132 131 125 125 125 122 125 124 124 121 121 124 121 123 126 135 141 132 122 121 92 84 109 122 132 169 181 182 187 182 181 176 176 179 177 175 178 176 176
21 21 20 17 14 14 12 9 14 14 21 26 26 28 30 29 29 28 28 28 30 35 40 42 38 34 29 28 32 36 36 35 36 38 41 41 38 43 63 86 99 108 117 123 123 122 124 123 118 121 120 119 117 113 118 125 117 123 124 128 127 126 132 131 127 115 92 67 52 26 43 75 106 159 182 183 180 180 171 179 179 176 175 178 180 177 174 175 175 175
20 21 23 20 14 13 15 14 12 12 15 17 17 18 22 27 27 24 24 26 29 29 26 21 24 31 33 34 37 34 27 22 26 27 31 33 30 25 30 41 61 70 77 84 89 89 92 96 100 104 108 114 116 120 128 130 137 139 141 141 133 134 124 84 39 34 41 50 62 72 101 149 173 182 181 180 179 188 180 172 179 175 175 177 176 176 176 173 174 174
18 13 14 19 20 21 23 23 21 20 16 14 17 18 19 23 24 24 25 24 21 20 21 23 20 24 25 29 36 34 30 32 26 24 25 28 29 26 26 31 41 44 46 59 73 79 92 109 113 118 127 136 138 141 138 124 92 118 122 116 113 113 102 76 71 91 119 155 154 157 173 180 182 179 180 177 181 176 178 179 177 174 176 175 172 175 177 173 173 174
22 18 17 16 20 27 24 19 26 26 28 27 22 20 21 21 20 19 18 12 12 12 18 18 21 22 17 18 19 20 26 24 28 28 30 27 23 24 18 31 53 82 111 129 129 133 108 83 76 94 120 137 145 160 124 51 65 97 112 101 96 111 115 121 176 182 180 179 178 175 178 177 175 178 177 179 175 176 174 176 179 176 173 174 174 174 176 174 173 174
20 19 21 18 19 25 25 23 22 23 27 29 25 22 22 21 23 23 24 20 22 24 30 30 24 24 17 17 17 17 23 21 16 16 21 24 23 24 21 41 98 117 129 138 141 143 92 36 37 46 50 75 109 122 98 73 92 116 122 106 102 119 123 128 175 181 179 178 177 174 177 176 176 179 177 178 175 176 173 175 179 176 173 174 174 174 176 174 173 174
