76 123 201 151 47 104 71 27 24 19 49 88 136 141 163 189 190 188 174 179 179 183 184 180 179 182 178 177 183 183 171 184 179 177 177 181 177 180 181 178 180 175 181 186 181 177 177 181 178 180 182 180 179 182 183 179 180 182 181 179 179 178 179 182 178 179 179 174 176 178 174 179 174 175 175 175 177 177 177 177 174 178 177 180 179 176 179 176 180 176
22 24 48 50 24 23 19 8 19 24 26 23 18 34 48 77 127 161 195 183 182 182 179 183 177 184 184 178 178 181 183 177 180 184 184 179 179 180 178 183 182 196 201 193 191 190 184 182 183 181 181 181 183 181 177 181 180 181 181 180 179 179 179 178 181 179 179 177 178 177 174 180 179 180 179 178 176 176 176 177 176 179 177 177 179 177 176 176 179 176
18 15 18 35 23 25 23 14 17 32 23 24 29 24 14 22 29 44 156 167 182 187 192 182 181 183 179 181 183 181 181 184 180 181 177 174 184 126 132 139 140 156 160 161 177 193 197 197 194 187 190 189 188 192 194 197 192 195 193 190 187 181 178 182 181 179 180 179 179 178 176 178 177 176 176 176 178 179 178 176 178 179 177 175 179 179 175 178 178 176
12 15 18 23 20 21 18 23 23 24 31 32 36 35 25 34 40 48 36 28 55 81 125 151 173 176 191 186 186 190 175 187 183 183 176 184 184 94 74 115 148 156 169 184 194 195 197 200 209 201 200 194 192 200 204 206 204 211 208 204 201 185 174 180 180 180 180 179 179 180 178 175 175 177 180 180 177 177 177 176 178 177 179 176 179 180 176 180 178 176
17 19 10 16 19 19 21 14 37 48 25 22 26 26 21 25 30 26 41 40 30 40 38 43 59 64 75 78 89 87 123 125 117 144 165 151 188 181 130 145 173 184 203 225 228 211 200 196 198 205 209 208 205 200 198 205 209 214 214 212 210 197 179 169 181 182 179 178 179 178 177 175 180 178 178 180 180 181 180 175 179 175 181 180 178 180 177 179 178 176
13 8 10 28 29 20 17 16 42 34 29 23 20 29 36 43 38 27 38 36 44 42 42 42 43 38 39 40 34 39 34 40 42 39 37 56 95 104 136 160 180 199 206 209 208 205 212 218 218 218 204 189 186 204 218 206 212 208 208 207 205 207 192 162 180 183 179 178 179 176 176 179 179 178 179 179 177 179 181 180 181 177 182 183 178 178 178 176 177 176
14 8 13 12 37 35 15 15 26 23 25 46 53 45 45 40 38 41 33 39 30 40 51 40 41 40 50 33 58 52 48 40 49 42 46 51 47 64 81 92 104 115 112 115 132 160 188 193 188 187 174 170 165 176 211 219 224 218 216 212 210 216 206 179 168 183 182 178 179 178 179 180 182 178 178 178 177 179 180 175 181 179 179 181 178 176 178 175 177 177
4 13 12 13 14 45 25 14 29 47 68 102 77 81 79 85 70 52 41 43 38 48 45 41 37 42 59 70 76 64 60 57 53 47 59 74 100 89 77 80 98 95 89 91 95 108 115 95 112 165 174 175 174 169 191 208 223 223 222 218 214 210 201 189 153 183 186 176 179 183 183 178 178 176 179 181 180 182 183 179 181 181 176 179 179 175 178 176 178 177
5 8 9 13 18 29 15 19 61 84 108 97 105 118 126 115 81 62 50 57 55 48 38 44 57 83 99 116 103 103 110 103 110 122 139 131 140 140 153 139 154 147 153 162 170 175 164 151 168 189 189 186 189 185 182 178 183 196 199 204 207 223 210 191 132 175 185 178 180 180 182 182 178 181 177 178 179 179 181 176 179 179 177 178 179 175 173 178 175 175
4 6 9 17 28 31 8 39 102 119 118 131 119 129 158 123 88 92 86 79 70 59 49 61 91 119 158 158 143 161 161 169 180 175 170 171 179 185 172 181 182 181 186 186 182 180 180 187 185 187 185 182 178 179 180 173 172 166 170 171 175 180 185 176 135 169 179 180 184 182 183 183 182 180 177 181 181 177 179 179 175 177 179 178 177 178 178 175 176 176
5 3 14 21 43 27 28 81 120 159 151 149 138 154 153 129 127 119 112 104 86 75 72 85 131 154 178 172 189 175 177 177 177 182 182 180 180 181 177 183 183 185 188 188 188 183 179 184 187 180 181 181 179 182 182 179 180 178 173 179 178 175 167 170 169 174 164 162 168 172 178 179 180 179 179 183 181 176 178 181 179 179 180 177 174 177 179 174 175 175
9 9 22 41 58 29 38 106 163 176 164 162 159 177 159 140 150 139 137 135 118 114 118 131 156 171 180 175 179 175 178 176 180 182 184 173 180 185 187 188 189 192 192 189 192 196 196 196 192 191 193 191 193 193 186 190 184 189 182 188 187 190 178 179 179 180 176 174 172 168 170 169 169 172 175 179 180 180 180 178 177 174 175 177 178 179 178 175 174 174
8 7 59 83 35 26 39 159 178 177 191 180 175 193 170 169 159 167 162 146 129 127 129 141 162 177 175 178 179 177 172 178 167 168 144 156 177 171 182 186 187 192 196 197 199 201 199 192 195 199 199 194 197 197 188 193 196 191 195 191 187 191 195 183 181 180 179 179 176 174 175 173 169 165 163 163 169 176 179 179 178 177 174 174 176 176 175 177 175 175
10 14 66 97 46 20 124 206 177 200 187 174 171 157 152 149 138 133 131 134 142 164 177 184 182 183 181 182 185 182 145 123 157 147 140 158 181 173 190 191 195 201 206 208 202 198 199 198 197 200 202 199 201 203 198 197 194 192 194 194 187 192 195 191 193 187 184 183 183 184 183 178 178 176 174 167 159 156 159 167 177 180 178 175 177 178 174 173 174 174
21 15 45 87 31 70 171 174 167 170 159 158 157 151 162 171 178 170 177 185 178 185 186 181 175 182 186 181 178 155 75 128 166 133 157 159 177 188 185 186 198 204 203 204 204 201 201 198 198 201 202 203 202 201 201 197 199 201 190 194 187 192 188 196 192 191 193 193 187 183 181 179 180 176 177 175 173 169 159 154 153 166 178 182 178 174 174 177 173 173
31 53 57 55 67 165 181 182 200 203 200 201 197 197 197 195 190 192 191 187 183 192 186 178 179 192 186 177 188 121 41 136 159 144 144 172 178 179 176 174 183 200 201 199 201 200 201 201 203 208 205 206 205 201 206 208 206 200 196 195 192 189 187 184 195 192 195 197 195 191 187 187 183 184 184 175 172 175 170 166 157 149 153 167 176 179 176 171 175 175
52 35 34 87 165 197 197 200 195 196 194 197 199 196 193 189 195 198 195 191 187 181 180 187 190 187 185 196 160 72 54 117 154 153 163 172 169 172 163 155 162 188 198 202 197 199 208 210 205 208 209 206 208 210 208 209 205 204 203 196 198 189 188 179 186 185 190 190 185 193 184 189 186 182 189 181 175 176 167 171 169 161 144 144 150 170 181 172 174 177
57 63 123 167 198 197 197 200 196 198 196 197 198 198 198 195 198 195 189 187 190 190 192 196 191 191 201 201 102 54 94 116 155 166 176 171 167 145 115 136 136 186 190 199 195 200 209 212 211 212 216 212 207 212 213 206 202 203 205 203 202 196 192 188 186 180 182 191 186 189 186 188 182 184 181 182 182 178 175 172 170 162 156 155 141 147 168 183 167 172
89 157 201 180 202 201 205 202 195 199 197 197 196 196 197 195 196 192 191 194 198 200 199 197 196 200 194 145 80 68 135 164 168 173 176 169 121 69 117 101 118 173 175 189 193 205 208 212 215 212 216 219 214 214 217 214 211 206 204 201 195 196 190 193 188 187 184 190 188 189 189 185 180 182 179 184 184 178 176 167 166 170 164 164 158 139 132 160 184 176
171 206 181 194 199 199 194 205 198 201 199 198 197 198 200 199 201 199 201 203 202 202 203 202 201 194 168 106 84 91 126 154 177 183 176 145 71 117 96 60 114 154 165 176 188 204 205 214 212 218 217 214 214 216 216 212 217 210 207 206 199 201 188 190 191 189 180 178 178 178 181 183 186 181 182 183 178 179 181 176 169 161 166 163 146 149 142 129 153 184
207 194 176 206 200 200 195 200 198 200 196 195 197 199 203 204 206 206 209 209 205 204 207 208 207 198 170 103 87 86 130 165 176 185 167 86 134 125 54 79 114 144 152 157 187 204 207 211 216 214 212 217 217 214 217 218 214 208 207 208 202 206 193 196 196 187 186 186 184 179 180 189 185 181 179 178 175 174 174 173 173 168 171 169 160 163 153 142 125 145
196 167 200 198 207 201 203 203 205 207 205 206 206 205 206 206 207 207 208 208 207 208 211 213 213 215 163 115 102 60 127 177 188 188 138 110 158 78 38 87 103 149 150 144 180 196 209 212 212 212 213 216 212 216 225 218 214 213 215 213 205 201 190 189 187 181 187 184 180 180 183 183 182 187 176 176 178 171 171 171 175 173 173 171 163 166 159 151 144 111
188 169 204 205 207 211 208 204 208 210 209 212 211 205 205 205 211 210 206 205 208 211 213 216 210 217 175 117 74 81 117 168 192 194 118 146 130 38 85 107 104 153 150 138 169 195 208 208 214 210 211 217 209 206 217 214 215 215 215 209 207 201 199 197 185 182 175 168 172 169 176 178 184 186 182 180 177 169 168 170 182 170 164 170 163 164 168 169 150 136
182 204 212 208 209 209 213 212 211 211 208 211 210 207 210 214 211 214 212 213 218 216 212 212 217 219 156 113 66 80 136 163 196 182 117 164 75 45 143 129 110 153 156 139 157 194 204 207 212 215 214 217 211 208 217 218 212 213 214 209 209 199 197 188 165 160 142 147 161 136 137 152 144 146 172 178 171 171 164 165 166 169 169 176 169 169 171 164 158 156
192 211 213 205 209 217 218 215 215 219 217 214 214 210 209 215 219 212 211 216 217 217 219 216 218 216 175 105 83 46 137 182 202 155 155 174 37 21 59 126 145 152 162 139 146 185 202 212 214 208 210 212 212 217 218 213 212 216 206 214 209 195 191 166 144 161 149 149 139 122 124 119 127 130 156 172 175 145 152 161 168 171 179 173 177 166 168 175 159 150
197 217 220 213 214 219 221 222 220 218 216 218 217 208 205 211 216 218 217 215 215 217 219 217 217 214 166 110 72 45 122 191 198 142 178 167 36 21 15 85 159 140 159 136 144 178 204 210 211 208 213 216 213 213 217 217 215 204 204 206 190 189 170 149 182 165 129 141 100 111 130 138 136 143 156 134 117 146 124 116 113 140 143 175 166 170 163 188 177 168
206 216 216 217 222 222 222 223 222 222 220 217 217 220 222 221 218 214 214 218 218 213 216 226 217 216 163 100 57 40 114 174 192 134 172 146 64 50 12 107 157 126 149 128 136 182 211 208 215 209 210 214 213 213 217 219 214 209 200 191 175 172 158 187 189 138 136 113 112 112 135 148 129 136 153 145 138 151 137 132 144 140 122 130 113 161 179 184 161 157
213 218 216 222 229 225 226 228 230 230 225 215 213 221 224 219 218 214 215 217 217 219 221 226 222 200 160 93 59 43 84 170 183 120 154 130 30 18 7 93 161 127 135 119 130 187 209 216 215 212 212 215 214 212 214 212 206 194 190 191 177 176 184 204 161 146 137 112 118 106 118 137 145 170 169 161 175 164 169 170 172 159 156 140 129 160 164 161 132 140
207 221 222 224 225 224 230 233 230 226 224 223 219 219 221 222 223 216 221 223 220 221 222 222 230 226 169 92 57 51 63 139 169 119 127 105 13 15 13 97 132 125 122 98 131 197 210 212 208 211 211 212 211 213 219 217 210 192 189 184 180 190 207 190 175 139 106 100 117 96 98 108 138 167 179 193 189 187 192 190 187 183 184 168 151 175 169 164 138 150
208 226 228 228 230 233 241 237 234 233 231 226 223 221 221 222 220 210 221 229 224 222 223 226 223 224 207 121 51 50 55 123 144 102 111 114 34 44 39 108 122 121 108 88 150 197 211 218 214 215 210 211 213 214 214 204 195 190 191 182 199 204 206 195 180 138 106 106 104 113 108 79 74 168 198 212 203 197 191 202 192 194 181 174 172 184 180 176 165 166
207 221 222 229 235 234 239 234 235 237 231 223 222 223 223 224 222 219 228 226 220 224 222 219 225 220 215 155 58 49 70 112 133 101 97 110 31 51 79 126 109 113 94 94 169 204 215 215 210 212 209 215 219 214 207 192 192 186 193 196 208 207 203 194 162 125 90 104 119 132 139 70 39 156 190 205 212 202 195 189 193 191 191 188 190 193 181 140 176 154
204 215 221 236 237 227 234 238 237 233 226 227 229 223 222 232 224 218 224 225 225 228 226 229 222 221 213 188 83 74 65 92 126 109 77 104 55 93 137 124 121 117 88 113 181 206 210 212 210 214 211 213 210 202 203 199 189 196 205 212 210 208 206 191 158 126 99 97 125 141 149 98 25 134 165 176 193 202 197 194 186 188 191 190 192 187 176 171 188 148
205 211 212 235 237 222 233 234 236 228 229 229 228 223 218 227 213 209 223 221 228 226 221 226 223 223 205 191 102 80 67 94 119 122 87 97 64 60 91 113 127 107 93 141 203 203 205 208 205 208 207 214 213 207 196 192 198 205 210 208 206 210 202 189 155 123 104 137 156 146 138 100 38 100 149 160 180 192 193 198 192 190 195 189 190 189 171 193 181 169
200 216 220 223 234 234 229 239 234 227 223 221 222 223 222 223 210 218 225 230 232 229 222 227 225 214 204 188 129 79 81 82 116 116 112 91 78 47 69 109 130 104 115 171 198 204 202 205 207 207 206 212 209 201 191 190 199 210 204 213 209 199 195 194 154 122 114 140 150 163 157 93 75 95 133 165 167 175 176 187 196 182 181 187 190 197 192 197 201 194
216 219 230 228 227 235 235 237 229 231 229 226 222 222 221 215 218 225 215 222 225 228 224 227 217 219 197 191 144 91 82 106 113 114 111 101 98 52 68 121 135 111 149 195 198 206 201 201 196 203 206 207 198 191 184 188 188 194 208 208 210 199 202 186 138 123 123 134 164 166 142 84 113 154 148 144 157 169 171 179 197 184 174 184 188 195 198 193 200 198
200 222 227 228 232 236 237 227 226 230 225 222 220 222 225 215 224 227 219 222 226 230 226 225 216 213 199 183 158 106 81 116 117 116 108 108 129 85 78 141 139 137 183 197 193 193 190 193 199 200 192 185 183 191 191 192 183 172 195 218 201 197 173 142 105 114 137 170 179 180 131 82 167 205 189 145 168 170 157 169 187 192 181 185 191 195 197 198 197 200
197 214 216 232 237 228 232 226 224 230 227 225 222 220 223 218 219 220 226 221 222 222 224 224 223 202 200 186 173 140 109 110 121 121 115 115 130 163 124 146 181 183 198 189 189 191 191 195 192 193 189 185 187 197 192 191 189 147 126 191 200 193 169 155 135 114 114 133 159 174 131 82 151 197 182 146 171 171 165 158 172 189 184 179 186 193 192 201 201 205
202 219 219 223 231 228 226 226 229 230 224 222 225 223 219 216 222 217 223 215 218 219 225 225 215 207 195 193 165 161 141 127 123 140 122 128 146 171 198 189 185 190 189 190 187 193 194 200 190 189 190 190 187 190 187 194 192 140 68 144 195 189 159 118 116 136 149 175 181 168 115 115 205 229 218 165 154 170 164 158 168 181 182 174 176 191 195 206 205 208
195 202 216 226 223 223 226 222 209 219 223 221 225 222 213 216 220 216 212 213 217 218 219 215 213 219 204 194 170 165 167 159 158 172 153 149 176 193 191 185 184 184 178 186 185 189 189 189 195 189 187 189 188 189 180 186 180 100 44 140 172 179 154 128 143 154 169 181 199 159 117 132 233 232 225 183 154 163 174 163 163 168 171 165 158 173 191 205 203 204
180 204 211 213 220 222 224 224 205 218 223 217 221 220 211 220 220 225 212 219 217 216 218 216 212 209 199 195 184 177 181 172 183 182 188 179 183 184 185 173 173 175 181 183 188 184 189 187 191 191 194 194 190 187 175 178 162 45 54 147 161 183 162 126 104 116 129 149 198 164 109 104 193 217 208 136 150 182 183 165 166 170 170 162 144 153 178 197 203 201
180 192 207 210 212 217 217 220 220 215 220 222 219 209 203 220 219 223 221 220 215 215 213 217 213 204 198 190 185 181 180 190 196 200 197 195 190 182 179 178 184 191 195 191 187 189 191 191 195 196 194 205 203 196 169 167 164 37 59 159 167 165 165 125 86 98 150 167 197 147 115 114 206 220 222 161 154 183 204 173 160 159 164 156 135 144 156 173 195 191
174 188 205 212 217 218 212 213 221 219 216 213 208 199 199 209 219 218 223 220 224 217 214 205 207 201 202 197 191 193 197 204 211 211 206 204 204 200 198 195 197 200 200 196 194 197 198 197 201 202 209 218 221 211 182 165 168 105 68 163 162 173 150 123 94 99 129 187 198 140 111 175 240 239 234 214 166 178 206 200 167 160 149 141 133 121 126 167 189 198
177 193 206 211 217 217 208 207 216 219 214 210 207 205 211 215 222 219 219 219 214 217 216 209 208 201 199 196 194 194 198 210 215 214 208 206 207 207 206 200 193 198 200 198 198 201 206 209 204 212 225 222 219 208 193 177 168 159 124 139 131 180 164 120 91 93 125 194 187 127 116 179 249 239 244 213 169 184 205 192 171 153 135 121 117 108 118 154 173 189
171 199 213 211 212 211 209 215 215 218 215 210 206 206 210 212 216 215 212 218 216 224 219 212 213 204 192 192 197 186 184 203 210 210 207 205 203 204 203 195 193 197 200 200 201 204 207 208 217 223 224 215 209 206 200 193 172 155 137 134 104 162 156 119 111 109 106 159 183 128 111 171 234 239 235 208 158 176 188 177 164 148 140 119 104 93 107 125 155 159
180 202 210 209 213 209 206 211 207 205 210 207 205 209 210 214 214 215 219 215 221 217 216 211 218 210 194 193 195 179 173 190 198 200 200 200 197 196 195 185 189 188 188 192 198 202 202 200 205 211 204 208 208 207 185 171 157 143 121 120 92 134 153 129 114 96 102 165 173 135 84 112 190 206 214 127 143 174 175 167 146 137 131 116 103 75 73 89 143 158
193 206 208 209 211 204 202 210 214 206 213 208 203 207 206 211 214 211 207 210 221 224 220 217 214 206 193 188 183 172 174 183 188 188 189 191 188 189 189 179 184 183 183 184 185 187 191 195 190 204 199 204 198 195 174 167 156 129 107 94 95 109 140 117 93 80 123 186 169 130 91 150 220 224 226 141 134 167 171 152 144 137 121 99 82 67 82 114 148 181
190 201 200 202 208 207 207 210 208 203 207 206 203 207 211 213 208 209 207 217 218 223 217 216 205 199 187 182 176 169 173 179 179 177 178 178 173 175 181 175 172 172 173 173 172 174 183 193 185 194 188 191 191 188 171 155 148 129 117 109 103 109 123 117 110 113 148 178 168 124 117 183 222 224 233 157 140 168 158 154 145 143 123 98 73 67 83 108 144 187
174 196 202 200 202 204 207 205 211 208 207 206 201 202 208 204 209 204 212 217 220 216 217 213 210 205 190 187 182 165 159 164 163 161 160 157 147 150 161 161 162 156 151 152 154 156 161 166 178 185 184 180 182 178 168 147 148 141 123 126 112 106 109 121 132 144 150 172 164 105 122 189 216 223 227 134 147 156 162 162 147 144 114 88 64 61 83 125 149 181
177 201 197 200 201 201 207 204 205 206 204 202 197 205 210 205 205 204 205 216 219 214 216 212 207 201 190 182 172 157 149 148 142 140 139 134 135 134 136 134 142 150 142 140 146 144 147 155 166 170 178 186 187 171 151 146 156 102 100 127 107 99 106 116 129 140 143 169 164 101 140 187 212 221 225 98 148 166 159 164 155 130 105 90 71 88 104 133 182 186
177 198 198 196 196 200 203 204 202 203 202 200 199 205 204 204 203 201 201 201 206 210 208 205 200 195 190 175 153 129 124 131 129 124 115 117 112 120 128 135 138 140 141 148 146 138 142 145 151 157 163 170 161 143 140 141 67 67 124 112 107 98 93 92 117 140 164 178 147 99 72 111 177 203 182 82 156 163 161 157 143 132 95 88 84 86 99 129 177 179
172 194 202 200 198 202 198 199 202 199 196 192 198 204 199 200 202 202 206 202 206 211 203 201 201 192 185 160 137 111 109 116 118 105 100 100 92 100 104 124 131 134 136 144 146 143 146 141 147 149 153 158 148 146 150 127 25 72 123 110 107 91 81 80 93 127 187 189 136 93 96 141 196 220 122 61 155 166 165 151 134 122 96 94 84 88 115 146 163 163
178 198 204 203 200 204 201 202 199 197 200 194 197 199 196 200 199 201 203 202 203 204 200 203 203 195 178 136 111 97 104 108 97 87 90 91 95 106 101 99 110 127 131 134 140 146 150 143 137 132 137 148 145 147 150 135 56 83 121 114 89 77 66 67 71 118 185 165 120 96 143 184 204 220 153 86 156 163 163 150 138 112 108 99 78 95 126 157 164 162
179 197 200 202 200 200 200 198 202 198 203 199 203 202 199 197 191 197 197 199 200 198 199 199 188 194 175 123 91 87 102 101 93 100 98 106 137 102 118 104 101 123 134 137 137 139 147 147 136 129 129 132 142 148 145 146 81 92 121 107 91 69 61 69 89 110 172 151 96 100 138 174 209 222 91 122 148 154 153 142 132 111 113 100 90 110 127 153 168 165
177 193 195 201 198 195 194 192 201 199 203 197 199 195 201 199 188 196 195 197 199 200 204 195 192 193 156 102 67 75 101 102 107 115 102 126 84 40 116 127 111 119 130 144 145 142 152 156 146 135 139 135 138 153 154 153 95 78 104 103 84 58 55 59 80 103 157 143 101 92 85 119 176 171 56 139 152 155 153 136 123 118 120 113 110 124 142 160 158 156
185 194 197 199 195 195 194 199 200 198 193 187 198 193 200 194 193 193 194 193 192 198 203 197 196 181 122 81 50 63 94 102 126 110 98 99 27 92 171 125 131 135 138 149 153 149 151 150 159 132 132 138 140 151 155 148 123 84 97 94 62 55 42 63 80 114 162 124 92 111 136 165 162 109 86 148 145 140 142 128 130 133 134 131 128 133 153 165 158 157
185 190 200 200 194 195 189 198 193 197 190 186 201 193 198 189 192 187 197 198 193 196 196 196 187 163 95 69 42 58 100 121 124 82 119 72 82 143 182 128 127 151 156 156 163 162 159 157 162 154 140 133 135 142 145 141 116 94 105 111 60 53 59 56 81 115 166 120 98 134 149 171 157 112 127 140 141 135 129 130 138 144 138 135 144 143 151 162 165 165
182 188 200 195 194 196 176 184 198 192 196 189 192 191 191 188 184 187 196 196 196 195 196 191 175 131 74 64 37 68 106 133 94 118 114 68 165 158 186 147 119 159 164 167 173 170 167 166 163 161 154 139 127 127 125 115 91 107 115 113 84 62 64 76 79 118 154 115 79 94 104 110 59 82 133 140 132 124 128 145 154 146 143 146 147 154 159 161 164 147
156 164 167 169 176 185 181 188 190 194 195 191 189 189 184 188 182 188 192 190 193 194 197 188 169 101 57 34 37 72 115 132 100 160 78 152 228 173 185 158 114 151 169 172 178 173 174 177 169 171 162 151 139 114 92 90 97 118 113 107 95 75 64 68 92 129 153 106 79 126 134 107 55 101 129 136 123 130 146 151 147 143 150 146 152 156 152 159 173 143
172 189 189 194 196 195 193 192 184 190 190 192 187 192 184 185 185 188 188 187 187 188 191 168 130 77 52 36 51 85 141 115 142 138 42 105 173 188 179 161 121 141 172 173 185 183 181 178 175 176 170 160 149 131 113 108 115 127 125 109 98 87 69 83 98 123 150 103 41 60 58 33 74 121 122 129 135 140 147 145 152 147 146 153 159 148 150 152 150 142
171 186 181 185 187 190 193 191 192 191 191 191 181 187 189 186 191 188 189 193 188 187 189 156 126 75 45 30 71 124 151 117 182 104 54 32 43 141 174 168 128 128 172 171 183 186 186 175 176 182 183 174 160 143 132 129 139 137 136 130 101 82 79 81 102 124 139 88 30 31 22 34 99 111 130 142 145 136 146 144 149 150 149 155 151 150 155 146 134 138
168 185 189 189 186 188 191 196 190 186 189 188 190 191 194 185 184 183 184 191 189 185 189 164 133 74 42 42 88 138 160 131 180 83 133 52 27 119 158 154 138 119 174 180 185 187 193 187 191 193 189 188 184 158 135 135 148 138 138 137 118 78 55 96 112 128 143 84 15 6 13 60 111 129 151 144 138 141 150 140 151 144 152 152 142 147 136 141 127 105
165 176 182 183 182 186 184 187 183 188 191 187 194 185 186 185 183 187 185 188 192 187 190 181 121 75 36 39 112 148 170 139 177 75 36 19 5 78 145 147 147 108 162 182 188 187 191 190 192 193 194 193 183 165 145 130 139 147 143 145 126 88 62 64 84 120 146 83 12 1 27 76 128 153 154 149 141 145 149 156 151 153 145 138 139 137 114 102 119 103
158 169 174 178 176 179 178 181 181 183 176 177 187 184 185 188 186 185 184 184 188 186 185 177 114 60 44 48 123 166 173 133 137 48 8 27 22 80 125 134 151 105 154 181 195 196 194 193 197 193 200 198 182 176 157 120 121 140 146 141 120 89 63 67 71 119 139 82 25 5 54 115 156 158 149 150 144 151 151 145 141 141 117 115 135 117 118 102 88 94
162 169 168 174 175 178 178 177 176 177 168 179 182 184 180 180 190 181 185 186 187 189 185 166 116 65 43 65 134 163 169 129 140 64 38 92 66 98 135 137 140 104 152 181 196 202 199 202 195 192 198 198 185 179 165 139 106 130 137 138 112 73 61 72 80 117 140 88 25 28 121 157 157 149 146 142 152 149 144 142 124 128 123 113 130 101 113 98 78 77
160 167 167 173 169 172 172 180 176 174 176 177 175 178 181 180 179 176 173 178 182 179 183 165 122 75 45 70 132 165 171 122 137 75 25 62 73 107 128 144 135 108 138 175 187 191 197 200 203 196 194 191 183 181 175 156 122 98 136 134 106 73 59 75 78 113 134 74 21 99 155 154 148 143 152 142 138 139 122 121 112 118 118 118 115 103 99 104 76 59
161 165 163 167 165 167 164 168 169 171 175 175 174 180 182 177 169 172 170 174 179 177 177 157 121 65 54 79 145 155 169 119 139 87 37 97 109 126 128 147 138 112 144 170 183 200 200 194 198 198 195 182 182 186 173 162 149 94 113 123 125 79 55 76 81 109 106 45 61 145 153 138 143 144 140 132 124 137 107 106 119 122 123 109 117 117 92 102 84 67
157 163 163 164 161 163 163 168 167 169 173 173 172 177 179 174 164 168 169 169 171 174 172 142 116 81 61 91 132 148 171 121 116 121 39 108 99 107 140 142 131 108 150 178 183 191 190 192 200 194 195 190 192 189 173 173 157 106 83 135 114 99 63 77 79 94 69 62 115 135 123 123 134 140 130 118 104 118 114 100 113 109 114 104 114 133 119 111 116 102
157 160 159 159 161 164 166 169 170 168 169 171 170 171 173 172 169 168 169 165 163 171 171 135 103 84 75 105 123 156 159 130 92 136 66 36 68 116 145 143 126 110 153 186 193 193 191 197 200 187 191 196 192 183 174 173 158 142 89 98 112 86 72 81 77 81 67 104 127 109 116 110 106 110 121 117 98 101 99 103 122 122 120 134 127 122 136 119 124 116
152 159 163 160 158 157 161 168 168 167 167 168 167 167 169 170 171 167 165 163 162 164 166 147 110 80 66 98 127 144 159 152 88 121 96 38 52 116 146 136 120 130 166 185 190 193 196 196 199 193 191 194 186 182 183 171 163 154 123 56 80 93 71 71 69 78 78 100 106 108 109 113 101 122 115 129 123 127 120 123 125 123 132 125 122 130 124 125 115 112
150 153 158 157 162 158 160 162 160 164 166 165 164 166 168 166 166 164 161 161 164 154 157 163 130 75 69 90 126 142 151 158 120 88 115 55 48 106 135 122 114 138 173 185 187 187 192 192 193 193 186 190 187 178 179 170 163 158 149 97 49 83 78 71 78 85 91 112 114 110 102 129 143 142 143 139 129 121 112 125 120 125 129 128 124 119 117 121 105 106
146 148 154 155 163 158 160 162 157 162 164 162 161 162 163 163 162 162 161 160 161 147 149 160 141 88 73 100 120 133 151 146 144 83 94 92 47 101 122 121 121 134 168 186 193 192 190 190 191 189 185 190 190 181 178 174 162 163 149 136 86 46 75 63 66 75 74 77 79 111 151 172 161 147 145 129 125 117 132 135 130 127 128 124 117 121 122 111 113 117
149 145 148 150 162 158 158 157 159 160 161 161 159 156 157 161 162 162 165 161 154 145 147 145 148 89 83 110 118 123 149 145 145 136 84 101 65 100 117 131 131 139 174 183 186 189 184 184 184 185 185 180 178 183 180 171 172 156 144 143 136 100 67 37 43 39 43 85 143 163 166 169 150 132 132 127 129 123 124 138 134 127 126 129 123 121 125 116 115 121
144 151 149 144 146 158 156 155 158 156 155 160 163 158 162 160 159 158 158 156 155 155 148 138 149 111 72 103 144 133 124 138 147 140 126 111 94 102 125 125 137 149 167 178 182 180 177 181 180 178 185 180 182 175 172 167 166 163 158 155 143 137 140 132 97 105 142 159 156 161 154 136 134 134 131 128 123 127 137 131 115 110 127 127 125 119 121 117 114 114
134 148 150 150 145 149 153 153 154 159 158 144 149 152 145 155 156 155 157 158 153 150 147 142 142 130 89 87 143 140 130 130 146 147 141 131 104 102 121 131 143 157 167 171 178 178 169 169 178 175 176 171 171 170 168 164 157 163 158 150 150 146 138 142 146 138 147 153 153 147 134 131 130 136 134 136 135 129 128 124 130 123 121 122 118 120 116 118 121 121
118 133 143 154 151 151 147 141 140 142 142 144 146 146 145 141 155 152 154 156 150 147 150 151 140 145 120 99 110 124 137 133 135 144 142 142 119 120 130 139 142 154 159 159 167 171 166 166 169 178 173 162 163 171 163 161 157 153 157 150 143 145 141 139 143 135 143 147 140 135 133 136 137 140 138 143 142 132 128 126 125 124 126 121 125 118 118 126 124 125
107 117 130 139 135 138 139 142 132 138 126 126 132 134 137 138 136 138 148 156 154 149 146 143 146 146 144 128 94 106 134 127 134 149 145 147 132 143 142 142 149 149 161 164 157 158 158 153 158 167 167 170 168 170 158 160 154 152 153 147 142 144 143 142 144 139 142 137 131 136 138 136 141 139 138 143 137 130 132 129 130 125 125 119 130 121 122 125 123 123
90 103 110 125 126 127 132 131 124 131 132 122 116 129 127 133 130 134 140 145 149 152 151 148 151 144 150 138 124 118 132 115 139 155 150 149 136 151 148 146 143 154 153 149 155 152 145 154 160 161 166 166 152 160 158 150 151 151 148 146 142 140 143 140 138 142 139 133 136 138 137 142 142 144 143 145 139 133 136 132 129 127 122 126 127 125 122 125 127 127
67 85 83 104 113 115 123 115 112 108 114 122 109 114 115 115 117 123 124 128 143 151 149 146 147 148 149 142 143 143 146 136 145 151 146 148 140 152 150 149 146 149 154 151 148 150 146 138 145 152 154 158 160 155 146 156 149 149 145 147 143 138 143 138 142 137 134 135 135 133 138 147 139 146 141 139 138 131 130 130 122 124 126 128 129 126 130 132 131 131
68 82 77 81 87 98 111 118 115 113 93 104 104 103 104 111 111 111 103 109 137 153 150 148 146 150 149 147 143 151 157 157 152 148 145 149 146 153 150 147 152 151 153 150 148 151 148 142 144 141 151 151 147 148 152 146 140 143 138 139 145 141 138 146 146 137 138 145 144 144 146 142 145 150 141 139 139 132 132 133 130 128 130 125 136 131 139 135 140 140
66 72 77 68 74 90 81 92 108 109 102 99 93 108 101 100 111 101 79 85 125 151 151 152 152 146 148 145 152 146 149 147 145 142 146 148 145 148 149 146 145 144 146 148 149 148 144 147 142 144 145 138 147 142 140 144 137 126 132 134 129 132 133 136 133 142 142 139 141 146 149 146 148 146 140 142 138 132 134 131 126 136 137 140 141 138 138 138 139 139
25 51 55 72 75 82 83 67 73 88 81 97 102 93 99 79 80 86 72 76 94 134 140 156 152 148 147 142 150 148 148 149 146 147 144 140 145 149 144 142 139 141 144 146 151 148 143 147 144 146 145 144 143 139 135 137 138 147 141 139 135 138 133 139 139 140 144 141 149 145 146 145 146 140 138 135 136 135 129 135 140 145 142 138 140 142 142 143 137 136
33 33 48 57 65 63 86 75 49 65 67 64 86 88 77 85 64 59 68 68 83 107 128 134 143 141 148 142 146 146 151 151 146 146 150 146 140 141 140 140 136 135 141 135 143 142 143 137 144 144 146 145 142 141 141 140 138 150 142 143 143 146 142 142 142 143 146 143 150 146 147 146 138 137 136 135 137 138 137 142 146 144 141 140 142 142 141 142 141 140
27 34 32 58 51 63 57 59 55 61 66 58 72 73 64 62 76 67 64 54 63 88 103 102 104 122 128 131 126 140 139 142 142 129 126 130 135 135 134 139 135 136 141 138 141 141 140 141 143 141 140 139 137 137 140 141 138 141 138 140 139 144 146 145 146 147 147 144 146 139 137 136 133 137 136 138 139 138 140 141 141 142 143 143 141 141 141 139 142 141
28 42 36 34 47 52 55 34 41 56 65 54 68 70 63 54 62 72 67 55 52 64 67 81 78 90 97 85 74 79 95 113 113 112 111 95 87 100 108 102 121 129 132 142 136 149 142 141 138 138 139 142 144 142 140 141 138 134 140 144 138 139 137 136 138 137 136 136 141 143 147 152 150 158 158 160 158 151 148 143 139 141 141 135 131 137 139 132 135 134
38 18 51 30 34 34 52 50 28 40 55 43 50 59 54 49 68 65 60 51 48 47 47 63 61 61 68 79 52 56 57 66 82 78 94 95 75 72 75 67 69 82 94 110 113 146 151 147 146 149 152 151 149 151 149 141 144 141 137 135 126 131 156 157 167 167 167 170 171 172 174 177 174 177 172 172 173 172 176 174 172 171 170 165 163 167 163 151 140 140
47 27 24 54 27 29 39 44 45 34 27 44 46 37 43 48 51 49 52 54 40 51 49 50 50 55 59 58 73 75 64 55 64 68 69 64 67 77 80 78 68 52 66 74 72 101 143 153 158 157 145 109 81 95 120 125 131 125 130 130 92 109 186 178 178 176 173 175 171 171 171 174 173 174 171 171 172 173 175 172 169 171 173 172 169 171 176 179 177 177
50 22 34 25 43 34 44 42 31 49 21 32 40 38 48 49 35 43 52 56 39 53 49 46 38 45 65 64 51 65 77 68 71 86 81 77 105 131 131 132 105 90 79 65 70 61 78 107 119 107 82 60 67 102 126 124 120 126 127 131 121 128 179 174 173 173 172 178 173 173 170 173 174 171 172 171 171 174 174 175 172 171 169 171 176 177 174 172 173 173
65 26 27 37 33 61 23 53 28 48 39 39 19 25 34 39 31 33 45 43 45 33 31 42 39 37 57 67 73 61 63 64 66 94 128 145 149 147 146 151 132 104 85 69 55 51 50 44 35 65 85 99 124 139 138 135 127 120 133 140 135 142 176 178 175 174 171 178 171 174 172 176 174 169 173 170 169 172 170 172 168 174 174 170 171 172 172 173 172 172
52 40 18 31 28 29 52 44 46 51 32 35 36 14 21 16 41 45 43 53 68 89 92 83 89 65 42 60 71 65 65 76 96 110 130 144 148 146 147 151 142 122 102 81 64 55 50 49 50 92 119 131 141 131 120 129 121 114 140 138 140 165 175 173 173 171 173 174 171 173 175 173 172 173 172 172 173 172 170 172 168 169 170 170 171 170 170 171 174 168
30 46 18 20 27 19 33 51 53 29 17 14 28 56 96 116 143 152 156 165 174 187 186 176 183 148 89 71 76 83 100 122 135 134 132 127 123 126 138 150 155 142 129 108 85 68 57 53 71 121 147 147 150 142 131 136 126 119 140 137 147 172 176 175 172 171 173 174 171 173 175 172 172 173 172 172 173 172 171 172 169 170 171 171 172 171 171 172 177 172
