104 100 88 74 65 65 63 30 33 65 82 67 71 85 82 88 105 122 110 105 100 94 83 87 98 124 129 136 137 145 154 142 145 140 144 147 145 152 151 151 157 156 154 152 156 153 154 151 152 156 148 153 148 162 155 151 154 152 153 154 152 152 155 151 154 154 153 151 151 152 152 150 151 150 153 153 147 146 150 150 149 149 148 148 149 149 149 150 147 146
80 64 43 40 27 18 12 6 8 11 17 15 22 33 31 29 35 39 31 37 37 36 41 44 37 49 52 71 117 143 129 128 115 92 87 102 120 129 141 146 142 140 142 143 147 144 150 154 156 142 150 154 160 153 149 158 154 155 154 154 154 153 154 153 152 153 153 152 151 151 151 150 150 149 152 152 148 148 151 151 149 150 149 149 150 150 150 150 148 148
45 40 13 11 12 19 3 3 11 9 13 18 17 19 26 31 24 24 24 27 26 21 29 26 27 23 26 32 61 106 117 126 79 34 52 63 75 96 123 139 145 142 146 152 160 153 159 172 167 153 145 133 144 147 156 156 153 152 152 154 155 154 151 150 151 153 154 153 152 152 152 151 150 148 150 152 149 150 152 151 150 152 151 149 149 151 150 149 147 147
26 10 6 17 9 11 6 8 11 15 12 11 10 9 20 34 23 26 31 19 15 11 17 16 15 17 17 18 35 93 133 136 58 26 95 133 148 150 155 148 154 157 154 139 132 120 121 132 132 138 166 156 124 143 147 146 161 156 153 153 156 154 151 156 153 154 155 154 154 154 154 153 151 149 150 151 150 150 150 149 151 153 152 149 149 150 149 147 148 149
22 21 21 18 17 16 11 11 7 14 9 6 6 3 9 21 27 18 26 14 16 19 13 4 8 11 13 13 11 60 123 144 101 94 174 177 179 169 149 159 158 141 136 127 119 110 115 123 118 113 144 178 133 140 151 144 139 153 162 154 151 153 152 158 155 154 153 153 154 155 155 154 152 150 150 151 151 150 149 148 150 152 151 148 148 149 148 147 149 150
37 29 26 21 18 12 11 7 14 8 3 4 7 8 9 12 28 13 27 22 10 12 11 8 15 14 7 11 12 12 60 153 163 121 157 180 199 172 150 157 134 114 120 119 108 111 124 126 130 113 124 151 149 172 167 161 137 116 140 163 151 153 158 149 154 153 151 151 153 154 153 152 151 150 150 151 151 151 150 149 149 150 149 148 149 149 148 148 150 150
36 42 32 32 33 24 22 30 16 9 8 3 0 6 12 19 21 10 20 29 12 6 7 7 12 10 9 10 14 14 28 84 97 98 80 128 193 161 162 165 91 92 106 98 102 129 145 138 143 128 117 153 173 180 173 168 167 125 114 139 162 158 148 158 152 152 152 153 153 153 152 151 152 151 151 152 152 151 150 150 150 150 149 149 150 149 148 149 151 151
36 45 33 39 36 38 32 25 10 10 14 4 2 8 5 7 25 19 14 26 12 5 9 13 14 9 12 12 8 12 12 26 18 38 44 69 117 123 143 150 69 77 92 93 110 134 157 177 169 154 140 157 147 164 171 161 176 164 144 121 131 158 159 150 151 152 154 155 155 154 152 151 153 153 153 153 153 151 150 150 152 151 150 151 151 149 148 149 150 149
48 51 32 51 43 39 32 15 16 15 11 4 5 6 1 7 26 24 11 19 17 15 12 15 13 15 11 10 10 8 15 28 31 35 52 60 51 51 71 91 64 59 76 95 132 152 184 215 192 179 164 135 132 159 169 171 173 163 152 142 120 147 158 155 155 153 152 154 154 152 152 153 153 154 153 152 154 154 151 149 150 151 152 150 150 149 151 153 149 149
41 34 34 41 29 25 13 16 23 19 12 4 5 8 7 15 22 18 13 15 10 7 7 8 8 6 7 9 10 11 17 30 30 31 36 48 49 45 44 33 22 33 39 61 111 204 210 165 168 165 168 136 119 149 172 184 162 157 164 154 128 131 158 156 155 155 154 153 153 154 155 154 152 155 155 153 152 150 149 149 150 152 152 151 150 149 149 151 150 150
27 15 30 33 24 18 13 29 26 18 7 1 5 10 12 18 28 20 17 8 7 10 9 0 4 4 7 3 1 6 8 11 15 21 26 26 17 13 20 21 32 40 39 27 29 76 125 154 157 167 169 159 135 132 159 168 159 159 173 166 152 115 147 157 153 156 155 151 151 155 155 151 150 152 153 153 151 149 148 150 153 153 153 152 151 150 148 149 150 150
18 10 24 29 25 12 19 32 23 16 7 3 7 14 20 27 28 11 12 7 10 6 6 6 5 3 0 3 13 23 30 36 42 40 50 46 42 44 41 50 52 56 70 65 63 49 89 142 143 147 142 161 168 160 165 155 144 156 173 168 159 115 149 157 152 155 155 152 152 154 153 149 151 150 150 150 150 150 152 153 149 149 149 150 151 151 150 150 152 152
10 7 18 23 20 6 19 25 16 8 0 3 13 23 27 25 20 9 11 6 9 4 4 7 5 30 49 76 103 111 113 112 111 109 112 109 110 110 103 107 109 110 110 110 107 108 110 109 108 107 109 110 120 134 135 134 119 127 155 173 160 122 153 155 153 154 154 153 153 153 152 151 149 149 151 153 152 150 149 147 153 152 150 151 152 151 150 151 151 151
4 2 16 17 14 9 20 23 8 9 11 20 30 35 34 25 16 8 11 12 9 4 20 43 75 103 121 128 114 84 74 84 103 120 121 125 129 125 125 121 122 131 130 128 114 119 120 116 119 116 120 116 110 112 113 111 111 112 117 125 121 115 138 136 140 140 142 145 148 149 153 157 153 152 153 151 149 150 153 154 155 153 151 151 152 151 150 151 148 148
5 3 14 15 10 11 19 20 4 16 28 36 36 35 35 25 10 13 15 20 22 47 87 115 125 116 108 88 60 35 38 74 108 132 131 136 135 125 132 131 135 137 133 134 139 135 131 126 130 127 125 133 127 116 120 116 114 112 107 111 117 115 115 115 117 117 118 118 117 116 118 121 127 133 144 152 154 155 153 146 149 147 146 147 149 150 150 152 150 150
4 4 6 12 8 10 20 17 24 27 29 35 41 44 40 22 32 34 41 70 86 109 116 105 100 109 112 66 38 49 59 85 127 139 135 138 141 133 136 143 136 137 135 139 145 142 141 135 130 133 133 131 131 129 127 130 123 122 123 118 115 121 122 122 121 123 125 124 121 119 119 119 114 110 108 111 120 139 153 156 155 153 151 150 150 148 147 148 151 151
5 6 9 13 6 18 23 31 36 37 39 44 51 47 42 49 67 83 81 109 118 106 100 105 116 120 91 42 44 63 65 94 122 124 129 134 133 143 146 141 138 142 141 148 148 145 143 142 138 137 143 139 142 139 141 140 134 136 137 127 124 124 118 123 124 122 121 124 121 112 114 127 122 123 117 112 109 106 110 123 140 152 150 153 150 147 154 147 149 147
6 8 16 11 21 21 33 37 44 51 57 61 69 79 86 92 101 113 112 118 118 108 106 116 135 114 63 24 38 73 66 106 113 120 113 118 123 139 143 147 147 150 148 159 157 152 155 149 151 146 147 143 150 152 150 139 142 143 140 133 131 129 122 121 126 123 121 122 123 120 122 130 128 125 122 122 121 116 109 103 102 119 138 153 151 147 150 145 144 144
10 11 18 23 33 43 46 52 63 68 84 103 114 119 122 124 121 122 121 115 117 116 124 138 134 106 46 36 43 83 89 111 105 100 99 95 106 133 151 161 159 149 158 161 159 159 154 159 155 152 153 151 156 158 161 156 149 149 144 141 137 132 128 121 125 126 126 127 130 127 123 123 126 122 123 124 121 123 123 116 113 103 96 115 146 153 147 148 145 145
15 21 27 40 44 45 62 67 79 103 127 141 143 142 141 137 132 126 127 121 124 124 139 146 116 82 49 53 33 79 110 110 88 67 90 62 97 133 127 147 160 150 163 163 164 161 151 163 154 156 158 161 162 154 153 156 156 157 152 150 143 137 138 131 133 130 126 124 125 125 124 124 125 122 125 125 119 120 123 119 115 110 106 94 99 125 142 146 147 146
20 20 30 44 45 65 66 94 118 140 153 156 153 150 151 149 146 135 132 132 139 140 143 123 100 61 65 53 22 75 109 100 60 93 67 33 95 134 134 136 143 152 158 165 173 158 155 158 165 167 158 162 166 159 154 158 158 158 153 150 143 138 141 136 138 132 126 123 122 121 124 128 126 121 121 125 126 125 124 123 123 115 115 107 97 97 112 141 148 148
24 25 47 39 55 63 82 119 150 157 155 155 153 147 147 147 147 143 138 139 143 145 138 107 86 72 74 41 25 84 113 75 80 107 29 31 89 127 134 135 133 140 155 160 172 163 160 162 163 171 162 166 171 170 165 165 165 162 155 150 147 144 145 142 140 135 132 132 128 122 121 123 130 126 123 126 128 126 124 128 122 122 116 113 117 100 83 99 116 118
18 38 36 51 61 70 117 136 159 171 169 163 157 156 159 150 151 148 142 144 149 148 125 101 89 67 52 42 37 74 107 70 111 90 5 44 83 131 146 139 141 121 152 160 171 171 166 174 168 175 165 167 165 167 168 168 165 161 154 148 148 148 144 145 145 139 135 133 130 126 126 127 127 128 129 128 126 123 122 126 123 121 120 117 115 116 107 95 95 96
18 31 44 58 57 84 128 146 164 166 164 168 165 164 169 160 147 147 147 154 155 145 110 103 84 52 46 45 37 75 104 66 112 55 33 69 84 139 131 143 145 107 139 166 174 167 170 176 178 176 166 174 170 170 170 165 165 162 158 150 151 152 147 151 145 138 133 131 131 133 136 136 136 135 133 129 127 126 126 125 129 125 124 122 116 116 116 106 90 92
20 32 45 58 57 96 124 153 166 159 168 172 174 173 165 167 154 141 154 159 158 130 117 114 65 45 57 38 43 83 99 71 84 26 69 109 73 138 139 131 139 110 120 160 165 173 172 179 177 180 179 176 176 175 169 165 163 161 151 151 155 147 149 142 135 131 120 123 132 135 139 138 146 141 137 133 139 132 127 133 129 124 120 127 127 120 116 110 100 92
26 38 38 65 91 107 147 154 150 158 166 170 177 171 173 165 157 149 161 164 154 135 118 112 55 32 54 50 40 96 105 80 79 10 35 65 82 142 146 125 135 102 103 148 164 171 171 177 184 184 186 183 177 173 170 165 159 156 153 147 145 142 142 131 115 100 114 127 129 135 138 140 140 149 144 133 136 135 135 128 130 127 124 130 131 126 121 111 110 104
27 40 47 62 87 123 154 143 150 149 138 165 169 176 175 172 161 156 159 171 157 142 130 114 51 36 40 45 45 105 101 84 73 22 14 16 82 125 139 123 127 97 105 152 166 163 167 180 187 187 183 177 176 180 172 157 156 150 140 141 140 132 133 113 111 131 140 146 143 132 134 133 137 148 146 143 143 135 142 137 132 131 130 132 132 130 125 115 109 103
24 53 64 50 94 144 145 145 154 142 147 172 163 163 168 169 162 170 158 166 157 146 142 92 44 42 32 40 59 101 93 71 50 69 54 13 80 120 132 116 121 78 100 151 169 166 167 176 179 181 179 177 184 184 168 150 143 133 130 128 132 124 118 122 146 141 140 133 126 120 114 119 142 145 148 152 148 133 139 142 135 135 133 132 130 129 126 120 112 106
26 55 70 56 114 140 141 139 154 178 170 167 173 182 168 162 168 171 160 167 166 147 140 75 54 36 28 35 68 102 99 52 42 42 26 4 67 113 112 112 112 65 111 156 162 160 166 179 176 173 175 180 180 169 155 146 128 108 113 131 127 125 145 134 131 135 133 127 126 109 102 133 140 144 151 148 147 142 141 139 140 136 135 134 133 132 129 126 122 117
34 60 83 82 119 141 152 153 176 183 171 186 177 174 169 169 164 170 171 165 167 156 135 62 59 37 42 40 65 99 100 48 39 8 11 8 43 98 94 102 101 64 128 161 161 162 168 178 178 174 177 179 172 161 143 123 111 104 117 127 140 145 141 137 143 140 134 148 143 93 82 126 138 144 152 147 152 153 148 144 143 138 138 138 140 141 136 132 127 121
31 68 90 95 125 153 163 185 184 176 177 186 185 161 161 165 165 165 169 172 171 158 126 64 50 44 50 54 64 100 99 47 31 9 24 27 45 82 93 106 81 67 136 156 160 165 173 176 177 177 179 181 177 158 126 100 93 114 131 140 150 146 144 140 141 143 144 140 142 107 64 83 136 150 157 153 157 153 152 150 145 143 145 143 143 147 143 138 140 135
42 68 89 107 139 153 180 195 185 181 186 183 183 180 166 166 165 168 165 179 177 168 138 77 39 48 51 68 53 95 106 55 28 16 19 34 62 67 86 104 73 77 143 150 156 162 174 176 175 173 168 174 174 139 104 102 114 137 155 154 158 150 140 140 138 139 150 149 141 132 97 52 122 153 161 153 154 153 160 155 145 147 151 145 142 148 146 143 141 136
48 63 87 113 137 159 181 194 182 187 186 181 188 182 176 161 170 166 174 180 182 172 161 103 46 44 44 77 66 88 108 72 27 19 33 79 64 76 87 99 72 89 153 159 164 165 164 164 174 162 164 179 163 113 110 125 133 137 148 150 155 153 140 139 142 143 148 153 146 135 107 36 87 135 143 152 149 151 156 156 156 154 149 147 149 150 149 151 145 135
49 63 88 116 141 164 183 191 187 194 186 192 190 176 170 161 171 172 174 173 180 177 174 131 87 52 38 43 78 93 104 77 39 22 30 66 56 72 98 100 67 101 154 158 163 165 165 166 160 162 171 171 134 116 127 146 152 147 142 145 157 147 153 148 142 146 151 153 150 135 91 25 59 125 130 137 140 152 158 157 156 155 152 146 140 146 157 161 149 140
41 68 100 120 138 172 191 177 173 181 185 198 184 177 176 176 171 174 176 177 182 180 180 147 96 77 62 45 71 91 100 88 57 35 24 26 39 95 121 93 69 120 155 157 161 163 161 161 156 156 162 155 130 137 145 147 154 151 148 137 146 154 149 148 149 142 153 157 151 137 81 16 53 123 122 118 120 136 146 151 154 154 152 150 142 144 156 157 162 156
49 62 98 134 143 157 181 181 158 177 200 199 186 181 169 177 175 174 178 183 183 182 185 160 90 73 63 66 75 94 98 84 68 52 45 21 29 104 123 90 81 135 152 157 158 159 156 152 153 154 156 142 136 136 147 151 145 150 151 131 109 142 145 147 141 148 158 154 150 126 66 38 64 112 123 124 118 111 123 147 155 157 153 158 157 151 152 149 164 163
41 65 101 136 147 154 170 174 153 179 197 184 188 181 165 176 178 179 179 180 180 186 197 184 119 71 65 59 63 80 102 90 78 63 63 44 30 107 131 86 100 144 149 157 154 154 152 148 148 151 147 142 142 133 142 143 144 153 146 143 95 105 148 150 145 148 155 157 153 124 58 40 63 93 122 130 126 108 108 122 144 156 152 154 161 156 150 150 154 159
37 67 94 127 150 153 161 168 161 176 187 183 188 178 171 163 170 183 180 177 181 189 198 196 152 96 89 72 78 86 95 98 80 69 74 79 50 102 143 97 124 151 150 154 149 145 145 145 151 156 148 152 141 136 136 132 137 143 136 142 108 72 115 140 144 145 155 162 147 119 70 57 103 104 115 130 143 133 112 98 116 141 150 147 154 155 151 155 149 157
43 66 84 114 139 147 160 167 168 173 180 182 178 179 181 166 167 177 175 179 185 189 192 195 169 97 91 98 86 93 95 96 90 75 74 110 106 110 139 119 143 151 146 145 143 140 139 143 147 149 144 147 142 149 151 145 144 144 140 135 126 79 83 125 133 154 147 150 149 121 77 83 137 125 100 123 148 152 122 95 95 120 145 147 148 152 150 157 157 168
42 59 83 115 131 145 162 155 155 170 176 173 169 178 171 170 174 169 165 178 184 187 193 200 183 132 82 79 100 110 99 106 100 89 72 109 151 140 145 143 148 145 138 134 140 142 139 145 143 142 146 141 150 155 155 147 152 152 151 142 135 103 78 104 132 157 144 153 160 127 70 61 119 143 103 111 136 171 146 102 89 102 136 146 142 145 146 154 151 166
32 57 80 100 122 139 151 154 154 164 172 169 156 163 168 168 166 165 159 173 179 181 187 192 184 166 139 114 108 118 115 121 120 115 102 102 131 155 151 142 133 136 134 138 143 141 141 143 148 145 151 147 151 163 160 155 160 155 149 139 140 118 90 83 121 141 146 144 152 126 69 65 138 170 137 106 117 143 173 129 87 82 110 140 147 146 150 162 161 164
32 53 73 94 116 134 151 158 160 164 166 167 157 160 164 164 161 162 157 167 170 173 182 188 188 173 161 144 141 137 131 134 135 134 139 135 134 137 136 140 136 145 149 148 151 153 154 158 160 158 158 158 161 162 162 169 176 168 154 140 138 126 106 85 93 128 132 133 146 115 73 105 157 179 174 126 109 117 164 147 98 74 88 119 138 149 152 149 155 158
32 48 68 92 113 127 142 151 159 158 158 169 166 165 167 165 162 166 161 165 164 170 183 195 190 180 180 165 155 137 131 134 141 139 152 157 154 151 144 147 154 153 154 156 168 177 171 168 180 179 173 178 185 178 175 182 188 172 155 139 136 134 123 96 85 118 118 124 147 109 63 105 151 173 175 132 116 117 134 139 98 67 78 109 125 140 149 148 157 160
32 43 60 87 111 122 133 143 158 154 149 163 164 164 167 164 163 165 160 165 165 169 172 174 192 180 175 166 155 145 142 147 150 152 158 165 166 159 154 157 165 160 163 161 165 168 161 166 172 177 170 175 183 178 179 180 172 161 154 141 135 130 119 105 88 103 109 118 142 121 71 95 159 169 168 134 121 123 129 141 103 66 73 105 124 139 148 149 149 151
34 37 47 75 102 116 130 143 145 146 147 162 166 168 167 162 159 164 163 167 166 170 173 176 173 168 164 171 155 147 141 153 159 158 157 165 163 154 159 161 164 156 155 151 151 153 145 148 152 152 142 149 159 162 168 163 156 149 150 141 141 132 112 104 88 89 112 117 127 127 81 79 142 173 173 120 123 125 129 125 105 69 65 89 112 132 140 144 146 147
37 35 39 63 90 106 123 138 147 149 152 158 159 163 159 157 160 160 156 158 159 166 169 172 175 166 153 165 151 143 131 146 150 139 143 160 156 150 158 153 150 150 152 144 140 142 138 140 139 138 134 140 141 141 151 151 145 143 146 137 138 131 116 111 90 76 101 109 121 138 91 62 123 172 165 113 125 130 129 123 101 74 66 74 92 115 131 143 150 151
40 36 36 54 77 93 112 129 138 142 150 154 152 156 148 148 147 151 153 158 159 164 164 167 162 162 150 154 141 132 123 136 137 127 142 153 145 142 143 139 142 147 148 143 136 134 134 134 136 132 129 134 134 134 141 141 136 141 143 136 126 117 123 119 77 75 92 101 117 129 91 74 146 169 168 143 130 125 130 128 106 79 69 76 92 113 130 146 149 149
41 37 34 47 66 83 107 127 138 140 150 150 147 151 141 146 149 149 150 156 159 164 159 159 152 159 147 140 135 130 126 133 130 124 141 140 137 144 138 138 136 136 135 139 138 133 132 129 129 126 123 124 126 131 140 143 147 143 137 142 132 120 129 109 49 63 75 93 121 122 85 80 134 152 156 126 127 124 135 126 106 77 72 86 99 112 128 148 154 154
21 35 36 36 52 74 98 117 131 135 140 141 142 146 148 146 145 150 146 149 158 155 162 161 150 144 132 132 129 121 121 130 135 128 142 131 136 125 132 132 133 129 133 130 124 125 125 125 120 118 118 120 125 131 132 130 131 142 147 141 136 128 117 76 52 57 72 84 115 114 70 93 142 160 154 121 121 125 132 122 107 80 72 87 107 123 137 149 153 152
20 30 36 41 48 58 82 110 120 129 134 137 142 143 143 146 144 141 151 148 153 158 155 149 146 113 122 120 133 130 119 127 134 127 132 130 129 118 114 114 116 118 120 117 119 123 120 120 122 112 99 112 123 122 127 125 134 135 132 130 132 131 93 71 57 64 68 75 106 102 67 104 157 170 140 118 120 122 123 126 101 80 77 97 114 121 131 149 147 144
17 19 23 32 43 55 76 99 115 128 135 138 143 139 135 142 139 143 153 143 143 150 149 143 143 94 89 96 111 116 122 121 117 123 117 113 103 100 94 98 101 108 116 118 119 120 117 119 115 120 115 120 122 117 121 121 129 133 135 132 128 117 84 87 74 70 67 76 105 103 65 80 124 123 87 106 117 115 112 127 105 87 84 103 121 124 126 141 144 142
17 17 17 17 29 50 71 85 102 125 136 133 137 140 138 136 137 144 143 144 145 145 148 126 116 107 78 76 92 107 114 107 108 118 98 88 82 89 89 91 89 90 99 110 115 115 115 118 113 119 124 120 118 118 114 120 117 122 128 130 126 98 88 88 84 77 71 79 97 92 75 103 124 117 84 108 113 118 121 121 106 93 91 103 118 126 131 143 142 144
12 15 18 13 16 34 58 81 90 103 118 128 134 137 137 137 137 142 141 148 144 138 146 117 86 85 89 90 90 101 103 103 112 102 74 72 87 91 98 95 89 87 87 100 114 115 110 111 116 115 120 119 115 107 100 109 118 122 123 128 121 94 98 94 81 82 76 87 104 89 85 146 153 123 88 104 111 118 124 110 107 96 99 113 127 134 135 136 142 144
14 12 17 17 15 18 36 67 85 92 108 122 128 133 135 130 131 144 146 143 144 137 134 123 92 90 98 80 79 81 94 105 110 79 55 63 73 62 80 76 81 94 95 102 116 113 104 106 112 115 115 115 110 103 102 101 108 122 130 140 119 97 91 93 85 84 82 93 109 98 79 113 132 90 76 102 119 121 124 114 107 100 108 118 121 124 130 137 139 137
13 7 10 14 20 20 24 47 68 88 107 110 113 130 136 121 124 137 143 140 154 150 129 118 100 86 86 80 73 70 99 106 99 66 51 59 46 37 77 72 63 84 96 108 115 110 107 108 110 124 129 113 90 87 100 105 112 122 133 140 116 99 93 94 81 82 96 103 106 99 73 79 99 69 82 106 113 121 122 117 110 110 119 126 129 132 136 141 135 130
14 12 12 11 19 22 15 25 50 66 91 106 109 118 129 131 122 125 142 144 147 151 141 116 88 81 71 66 64 79 98 104 90 62 51 51 21 28 85 72 71 79 96 115 119 117 120 114 112 120 137 119 89 83 92 110 117 119 133 134 111 90 101 96 89 88 101 103 102 100 93 127 114 66 77 103 104 119 119 116 111 120 129 128 130 134 134 137 139 135
20 13 8 15 12 16 20 19 22 49 72 94 114 121 125 131 118 127 146 144 144 141 120 114 87 72 65 58 59 83 110 102 84 56 45 29 12 45 93 76 77 90 103 113 123 124 122 126 121 115 136 129 97 90 99 109 119 131 133 111 94 95 101 104 96 96 102 110 109 105 85 97 64 60 80 101 110 120 121 111 116 126 124 128 132 129 136 140 142 144
18 11 5 10 9 13 17 20 21 27 51 72 93 113 119 127 121 131 143 143 148 142 110 89 75 58 49 51 70 93 104 89 75 49 30 25 19 64 102 86 77 95 109 111 118 130 131 126 123 120 134 136 107 91 99 103 97 101 96 88 97 106 103 105 95 92 105 114 118 113 59 39 39 64 84 99 118 120 113 112 118 125 127 130 127 127 137 137 141 142
17 13 6 11 11 11 15 21 21 18 36 57 80 101 108 116 114 132 140 142 146 131 97 71 58 51 47 49 77 103 108 97 66 25 31 23 28 72 99 93 84 96 112 118 123 135 136 131 128 127 134 142 127 105 98 99 82 72 77 90 98 100 97 98 102 93 104 111 113 113 53 11 21 58 88 112 122 114 115 124 126 124 129 138 132 128 138 136 134 133
12 13 8 13 12 9 9 16 19 22 22 39 68 87 102 116 120 119 131 144 135 126 105 58 42 48 54 52 75 99 100 86 43 29 26 58 56 87 112 106 88 93 114 120 117 126 135 138 132 130 135 140 143 125 99 100 105 86 86 95 98 102 103 100 96 102 108 112 118 109 44 7 22 67 105 127 124 112 118 124 127 129 130 131 130 134 138 129 122 120
9 14 10 15 15 10 8 14 15 20 15 25 52 73 90 107 118 122 127 136 131 127 109 59 45 47 52 53 74 97 98 77 34 29 45 108 79 87 124 112 93 92 114 125 125 135 137 132 138 137 137 141 148 138 116 111 101 103 100 93 96 103 100 96 96 95 110 115 115 109 40 3 38 94 118 120 123 121 124 126 130 130 125 126 131 132 132 132 123 120
9 14 12 16 15 12 11 15 16 12 16 19 37 62 76 92 108 117 125 129 122 124 110 56 43 40 43 47 64 88 96 72 32 23 80 142 112 90 118 126 103 87 106 125 128 132 133 137 143 143 139 144 144 138 136 122 113 107 102 96 93 95 96 100 98 90 110 113 115 107 35 11 67 106 118 117 126 128 128 129 131 137 132 125 128 127 119 116 114 112
7 12 10 14 11 11 10 12 15 6 12 14 23 46 65 82 90 105 109 115 122 121 99 55 36 41 45 48 59 82 95 63 37 19 29 53 83 96 104 122 120 87 99 128 139 139 137 146 145 148 142 145 142 137 141 130 126 112 110 109 97 85 85 92 84 97 106 112 116 81 20 44 98 109 120 128 130 127 124 125 124 119 120 127 128 119 111 112 115 115
8 13 11 15 12 12 11 9 8 7 10 17 19 27 49 63 75 88 103 116 116 111 95 62 32 45 45 42 55 86 105 64 32 30 78 13 41 91 105 123 125 94 101 122 134 142 145 154 152 154 152 148 149 146 139 138 129 123 116 114 115 98 72 64 77 88 93 106 83 38 35 93 115 116 121 122 124 126 128 134 130 114 116 125 122 115 110 107 112 114
14 14 12 12 10 11 12 5 8 5 10 15 21 25 30 43 54 70 94 107 115 95 96 72 35 34 46 36 46 88 101 75 44 39 53 12 25 96 100 121 120 100 107 114 133 142 147 148 153 153 152 149 148 151 151 146 133 123 123 125 121 107 88 55 57 82 92 93 64 47 85 110 110 109 110 120 123 122 127 122 131 129 124 119 117 115 112 110 109 107
10 10 11 13 11 10 14 12 10 11 12 8 13 21 20 22 33 62 84 85 99 91 84 78 38 29 38 38 44 92 110 75 50 19 1 7 21 87 106 118 121 102 99 115 137 138 152 155 155 152 150 150 150 151 149 145 144 138 133 129 130 120 107 87 55 53 73 83 75 77 88 95 105 110 118 120 122 127 127 123 124 124 121 119 117 114 110 108 110 108
11 11 12 14 13 12 14 11 11 9 8 10 18 22 19 21 22 44 59 78 89 80 77 78 33 31 31 29 43 93 116 85 61 18 21 37 40 85 115 120 122 104 96 111 138 138 149 154 154 150 149 150 150 149 148 147 145 142 136 130 131 125 120 108 89 52 52 59 63 75 85 107 112 122 133 126 125 131 126 123 126 124 120 117 115 111 109 110 113 111
6 12 14 14 11 11 14 10 11 9 7 11 19 19 15 19 17 17 37 60 74 80 64 74 44 42 32 20 44 90 117 85 65 22 36 63 53 89 102 124 118 102 96 105 141 148 146 153 150 148 149 149 148 149 150 150 144 140 138 133 129 126 129 119 112 91 79 78 86 97 109 125 123 132 136 127 124 123 117 116 117 115 113 113 112 110 111 115 110 108
7 6 4 9 13 14 15 12 7 14 12 8 13 16 14 12 17 24 15 24 43 66 68 74 54 44 39 26 47 82 120 91 66 33 15 42 62 94 115 127 122 110 98 106 148 150 140 145 145 146 147 148 148 150 150 146 145 142 140 133 131 129 134 128 117 115 108 110 116 120 122 121 125 128 124 123 122 115 113 114 109 108 109 112 113 110 110 114 112 110
11 8 6 12 13 10 15 20 7 14 12 11 15 13 13 17 18 19 21 16 21 49 53 61 55 43 34 29 58 84 114 99 70 58 19 81 68 91 128 122 120 113 93 110 151 145 142 144 147 148 150 153 155 158 153 145 140 144 140 133 136 131 131 129 129 124 122 119 116 120 123 123 128 125 117 121 120 110 111 112 110 109 109 111 111 109 108 111 108 106
15 15 12 13 13 11 14 16 10 13 9 14 16 7 8 16 18 15 17 22 14 22 39 46 48 51 39 36 58 82 102 109 71 78 29 33 54 91 127 127 120 114 99 114 147 140 141 139 143 142 145 150 152 153 149 143 138 145 142 135 138 132 129 128 122 127 128 119 113 119 122 119 116 112 112 116 116 114 114 114 107 106 106 106 108 108 109 112 106 104
7 18 19 12 8 9 13 11 8 16 11 11 15 11 11 14 14 16 17 19 19 20 31 47 44 53 44 44 51 87 107 116 82 78 62 12 42 109 125 125 118 111 110 118 142 144 144 139 142 141 145 150 151 149 149 149 143 144 141 134 132 128 131 128 123 127 120 121 122 114 113 115 115 111 117 115 112 114 110 108 108 109 110 111 111 110 108 109 110 108
3 11 13 9 7 8 10 11 9 10 13 11 17 14 9 10 16 17 17 14 18 20 23 37 54 53 45 43 44 78 107 117 93 68 90 37 28 109 120 123 109 109 119 122 143 141 141 143 140 142 144 143 144 147 145 148 138 140 136 123 123 130 126 123 122 126 121 115 114 112 112 112 117 115 113 112 112 112 112 111 108 107 109 109 111 109 104 109 105 100
6 8 9 10 13 13 10 8 10 10 13 11 18 15 12 14 18 19 18 13 15 15 13 23 43 58 49 35 41 74 100 106 108 77 74 75 29 92 119 115 100 110 125 125 140 140 141 139 138 139 143 142 141 143 143 145 145 141 135 128 130 131 117 107 119 125 123 119 116 115 118 118 113 113 113 113 112 112 111 111 106 106 111 110 109 110 106 106 104 99
9 7 7 11 15 13 8 6 10 8 12 13 21 18 14 16 15 17 17 16 19 19 16 21 40 80 65 33 47 73 99 112 119 103 76 74 75 77 107 117 100 116 133 126 131 135 142 141 135 133 139 142 140 141 141 141 140 136 133 130 129 128 123 122 123 123 121 121 118 117 120 120 115 115 116 115 113 111 111 111 109 107 110 107 105 108 108 104 99 95
10 9 9 11 12 11 9 8 9 7 12 16 23 20 15 16 13 16 17 17 19 20 21 25 56 87 77 44 44 56 91 110 113 110 102 99 108 88 107 106 112 121 133 128 131 134 135 130 131 126 133 138 138 138 137 136 133 131 130 129 128 126 122 121 127 119 115 119 117 113 115 115 113 114 114 113 113 113 114 115 111 109 108 106 104 105 104 100 96 94
9 11 12 11 10 12 12 10 10 7 12 15 22 19 15 15 17 20 21 21 22 28 40 49 60 94 85 41 31 47 86 105 111 118 106 98 110 104 106 105 116 119 128 127 127 127 129 132 126 121 128 132 130 131 133 134 129 130 129 126 122 120 120 119 125 120 117 120 118 115 116 112 114 113 112 111 110 109 109 109 108 110 109 109 107 100 96 96 100 100
8 9 10 10 10 13 13 8 11 9 13 13 18 16 15 16 14 17 18 20 23 37 62 79 77 95 88 49 29 48 88 105 110 122 113 101 107 103 113 111 115 116 122 128 131 128 122 124 123 121 127 128 123 124 129 135 131 135 135 131 125 122 122 119 117 122 122 120 118 119 119 112 109 109 110 111 111 111 110 109 106 110 108 108 104 96 95 99 102 103
13 10 10 12 12 13 12 7 12 10 14 12 15 14 15 15 16 18 20 23 25 40 73 95 97 86 96 87 42 33 65 97 107 125 118 118 118 116 119 118 122 122 120 119 119 119 114 120 120 121 126 124 120 119 122 129 126 121 113 113 115 118 122 116 110 117 116 114 114 114 114 110 111 112 113 112 111 109 109 109 108 108 103 102 100 98 102 104 101 103
21 15 14 16 14 13 12 10 10 10 16 12 14 14 14 13 11 14 16 22 22 36 69 92 94 94 91 91 76 51 36 68 94 116 125 127 129 118 118 116 120 119 110 105 110 118 114 118 115 118 122 120 118 117 115 119 125 120 114 114 112 111 115 112 115 115 110 112 114 110 109 111 110 111 112 111 109 108 110 111 107 105 99 99 100 104 109 103 103 105
16 16 15 14 14 15 13 10 14 11 13 16 13 14 17 17 14 9 13 19 19 22 44 75 93 103 100 92 94 81 54 43 78 102 116 122 123 119 117 114 118 111 104 108 111 108 112 117 114 113 118 119 116 119 119 111 119 108 113 109 113 111 112 115 115 112 111 114 113 110 109 110 110 107 108 110 109 108 107 104 102 99 96 104 108 103 105 104 97 98
13 18 15 10 14 15 12 12 13 12 12 14 14 13 13 14 17 16 10 8 15 15 16 33 71 91 95 95 96 100 96 70 68 90 107 114 114 115 118 115 113 115 111 107 103 104 111 110 103 111 112 118 118 110 109 105 105 106 114 110 114 112 113 114 111 112 112 109 106 109 111 109 107 111 107 102 104 103 98 97 97 103 105 105 105 105 106 102 98 99
16 14 16 16 14 17 17 9 14 16 15 17 20 18 16 17 18 15 12 11 15 17 12 11 28 50 74 92 91 93 103 93 88 94 102 108 108 110 113 110 109 111 108 105 102 105 106 97 99 102 102 108 111 106 105 105 110 114 117 113 115 112 112 110 112 105 106 111 108 104 105 107 101 106 104 99 100 100 98 98 99 104 108 102 99 100 96 93 97 97
16 10 12 16 15 18 21 15 16 17 17 17 18 16 14 15 17 15 18 18 15 16 15 13 8 12 28 43 62 83 92 98 97 100 106 111 107 101 101 103 102 98 97 99 98 100 100 94 95 95 109 111 111 114 111 116 114 111 108 107 110 111 109 104 104 103 105 106 103 105 108 107 107 105 105 106 101 97 95 93 95 89 91 90 91 91 86 88 89 90
16 20 15 10 15 17 16 21 16 16 19 20 18 18 20 18 13 20 20 15 16 15 13 20 10 4 5 8 22 41 58 80 90 95 98 100 102 100 98 101 90 87 89 90 88 90 98 105 104 104 113 111 112 118 111 110 107 109 110 108 105 110 110 107 108 105 103 99 92 85 77 69 64 62 65 67 67 69 76 79 91 96 98 89 97 115 113 104 110 110
14 24 24 17 17 20 20 21 20 17 18 17 14 17 21 19 11 15 17 12 14 19 18 18 18 13 7 9 7 5 16 27 43 60 71 68 67 66 63 65 59 57 57 54 53 56 59 65 100 119 114 110 110 106 107 104 109 109 109 107 109 115 98 86 57 42 31 38 52 54 47 44 54 80 102 109 109 108 113 122 134 132 132 130 132 136 134 132 127 127
12 14 21 24 21 24 28 24 22 23 25 25 24 22 18 12 15 10 14 14 12 17 18 14 18 21 19 14 11 11 9 2 3 8 14 10 11 13 10 9 13 13 15 15 20 23 20 25 83 108 104 107 112 105 108 102 111 108 110 115 117 98 39 11 11 17 25 50 92 121 127 127 133 142 145 143 144 142 139 139 142 142 140 142 141 138 139 139 138 138
20 14 13 20 23 19 19 23 23 22 17 14 18 22 23 23 16 12 13 16 20 18 16 24 18 15 21 20 26 26 11 13 13 6 8 11 12 14 12 13 16 20 24 23 24 21 19 31 93 112 116 117 116 114 121 121 121 115 111 107 102 89 59 78 107 120 129 140 151 146 140 147 144 139 138 141 141 142 143 142 141 145 141 142 141 139 143 140 141 141
13 18 20 19 22 22 17 19 16 15 13 8 9 6 8 10 8 8 9 10 11 12 14 15 18 17 12 11 15 18 19 14 16 19 19 20 23 22 19 18 24 22 23 24 25 19 46 87 118 113 115 108 112 117 111 91 109 116 103 95 101 97 109 146 151 148 146 146 142 144 141 144 140 140 140 141 141 141 141 141 139 140 141 137 142 141 141 140 140 142
13 14 13 10 14 16 11 12 12 13 14 10 13 10 11 12 8 8 9 10 11 12 14 15 13 16 14 12 14 16 20 19 20 21 18 17 19 19 17 17 16 19 20 21 34 45 78 114 113 103 95 109 124 79 42 58 103 110 99 93 101 99 112 150 147 144 142 143 139 141 139 141 140 140 140 140 141 141 141 141 139 140 141 138 142 141 141 140 139 141
