223 218 219 219 220 222 220 221 218 221 218 221 223 221 222 215 220 222 224 223 225 225 222 223 223 223 224 225 225 225 224 224 226 225 227 227 226 226 228 228 226 228 226 228 226 228 227 230 228 228 228 228 228 228 228 228 229 230 230 230 230 230 231 232 230 231 232 232 232 232 231 230 233 233 233 233 233 232 232 233 232 232 233 234 234 234 234 233 234 234
221 228 224 225 223 220 225 220 222 221 221 224 221 215 219 223 221 219 226 220 219 227 222 224 223 224 225 225 224 223 224 226 226 224 224 225 226 226 226 224 224 226 225 228 226 227 225 228 228 228 228 229 228 229 230 230 230 231 230 229 229 229 229 230 230 231 232 232 233 233 233 232 231 232 233 233 232 232 232 234 233 233 234 234 235 235 234 234 234 234
198 202 200 187 196 215 215 217 226 224 221 217 221 228 225 221 221 225 221 226 224 220 229 223 227 224 222 223 225 227 227 227 224 224 226 227 228 228 226 224 225 226 225 228 226 228 226 229 229 229 229 229 229 229 231 230 230 230 229 229 229 229 229 230 231 232 233 233 233 234 233 232 231 232 233 233 233 232 233 234 233 234 234 235 235 235 235 235 235 235
106 106 83 80 106 123 150 192 211 220 224 216 216 221 217 221 228 224 221 225 227 224 224 222 223 221 222 225 227 228 226 224 227 227 226 225 224 226 228 230 226 226 224 226 224 227 227 230 230 230 230 230 229 229 230 229 229 229 229 229 230 231 231 232 233 234 234 234 234 234 233 232 232 232 233 234 234 233 234 234 234 234 235 235 235 235 235 235 235 235
88 91 70 75 103 94 85 107 128 135 137 129 120 115 137 187 214 227 228 222 222 224 225 225 226 227 229 228 225 223 225 227 226 227 226 225 225 226 226 226 229 227 225 229 226 228 229 231 230 230 231 231 230 229 230 229 228 229 229 230 232 232 232 233 234 234 235 234 234 234 234 233 234 233 233 234 235 235 234 234 234 234 234 235 235 235 235 235 235 235
81 71 85 87 83 94 92 79 59 53 44 45 50 40 47 82 162 190 185 175 183 203 226 228 227 227 227 229 230 229 227 226 226 228 226 226 228 228 225 223 229 227 227 231 228 230 229 230 230 229 230 231 230 230 231 231 229 230 230 230 232 232 232 233 233 234 234 234 234 235 235 235 235 234 233 235 236 236 235 234 234 234 234 234 235 235 235 235 236 236
87 87 79 81 80 78 88 90 92 87 69 59 60 53 48 53 74 65 52 34 54 103 139 170 178 178 182 194 208 219 226 228 226 229 226 223 225 227 227 230 228 225 226 231 227 228 228 228 231 230 230 230 230 230 232 232 231 231 230 230 231 232 232 233 233 234 234 234 234 235 235 235 234 233 234 235 235 235 234 234 235 235 235 235 235 235 235 235 236 236
79 71 71 76 83 89 86 83 85 86 72 64 64 61 56 47 43 42 47 49 43 35 42 61 66 67 72 84 107 140 176 200 213 223 229 229 228 226 225 228 233 230 229 234 230 232 232 233 233 232 231 230 229 230 232 232 231 231 229 229 231 233 234 235 234 234 234 234 234 234 234 234 232 233 234 235 235 234 234 235 235 235 235 235 235 235 236 236 237 237
73 76 77 84 87 89 97 95 87 78 66 63 58 59 63 49 45 49 48 50 46 44 40 43 47 41 44 43 42 52 72 103 128 167 199 216 202 172 161 185 211 217 226 225 224 228 227 225 220 226 224 230 224 228 229 232 234 231 230 229 231 234 234 234 234 237 234 234 233 233 237 235 233 235 236 236 235 234 234 234 235 236 235 235 235 236 237 236 237 237
77 79 81 88 85 74 75 76 75 73 66 62 54 52 57 48 40 47 48 50 49 51 48 49 55 45 47 48 50 52 45 44 53 69 102 133 118 88 83 103 126 151 177 198 207 206 206 202 200 204 205 207 208 212 211 214 220 230 236 231 230 233 233 235 233 235 233 235 235 234 236 235 234 235 235 235 236 236 236 236 236 236 235 234 235 236 237 237 237 237
72 84 89 88 85 77 69 62 58 63 63 62 56 52 54 49 43 52 51 49 47 51 49 48 49 43 48 47 44 49 49 48 43 45 48 52 49 62 69 65 71 94 122 163 178 169 179 192 192 197 207 204 206 204 196 191 193 202 215 226 236 235 230 234 235 235 234 236 235 232 233 233 234 234 233 234 235 236 236 236 236 236 235 235 236 237 237 237 237 237
87 103 108 97 87 80 69 60 59 61 55 53 52 53 56 54 48 56 55 52 47 49 46 47 44 41 45 44 40 40 40 43 43 43 42 44 40 44 50 57 62 66 71 92 102 99 118 143 172 175 196 194 199 201 199 195 183 183 190 206 228 238 234 233 235 235 234 235 235 234 235 235 235 234 234 234 235 236 236 236 236 237 237 237 238 237 237 236 238 238
94 96 98 90 85 78 64 59 55 53 45 41 44 47 48 47 44 51 52 51 45 43 42 49 46 52 60 67 74 74 68 67 57 58 59 69 75 81 84 90 87 94 92 84 81 76 72 74 87 107 160 181 184 181 189 197 192 189 185 179 193 224 238 236 234 235 235 233 233 236 235 233 235 235 235 236 236 237 238 238 238 238 238 238 238 237 237 237 238 238
82 83 91 86 82 81 69 63 68 67 62 56 54 50 45 42 45 50 52 57 55 59 67 82 99 116 129 136 146 148 141 137 133 131 132 141 143 150 153 155 155 160 161 153 149 145 132 125 114 113 144 168 172 173 188 203 211 204 196 179 175 199 227 241 232 233 235 233 234 237 235 234 235 235 235 236 236 237 238 239 240 239 237 237 237 237 237 238 238 238
81 85 95 78 62 64 58 57 59 60 64 64 63 63 61 59 60 69 76 87 93 103 116 134 161 168 168 167 172 177 176 173 177 178 178 180 176 182 182 179 182 179 177 181 180 174 171 172 172 162 161 169 164 165 172 182 190 181 181 179 172 176 198 222 240 236 238 239 241 243 241 245 238 236 235 236 236 237 237 238 239 238 237 237 237 237 237 238 238 238
98 78 74 59 46 49 45 48 49 56 72 84 89 94 94 92 101 114 127 142 148 155 162 174 172 174 175 175 173 173 175 175 175 175 172 176 178 182 180 182 184 184 180 186 184 176 180 176 177 181 175 179 175 177 174 174 172 164 166 170 168 161 162 175 187 182 188 199 209 217 223 235 244 241 238 238 238 238 238 238 236 236 237 238 238 237 236 236 237 237
86 61 51 45 47 54 61 80 100 116 122 120 122 124 126 132 146 156 164 170 177 179 178 177 182 177 180 170 178 175 176 174 162 162 168 175 181 175 179 178 185 182 187 191 185 187 182 184 186 187 188 190 190 189 188 188 181 180 173 174 166 164 165 163 160 157 152 163 162 168 164 175 190 214 232 243 242 236 238 238 234 240 240 239 236 236 239 238 239 239
73 61 41 54 83 100 126 148 156 159 153 140 136 141 149 156 167 176 182 182 181 183 183 183 184 184 183 182 174 162 147 138 120 147 169 180 177 167 179 177 189 191 191 189 184 190 187 187 191 194 197 199 201 201 197 192 188 188 184 185 175 171 171 168 169 169 171 168 158 159 161 163 160 158 168 194 220 240 249 242 238 239 235 236 239 239 239 238 240 240
50 55 81 117 144 163 172 174 169 163 155 149 148 156 166 172 183 186 188 185 181 184 188 187 181 180 189 180 141 109 101 111 129 148 170 175 174 164 164 170 180 191 193 189 189 198 194 192 195 200 202 201 202 204 202 198 192 191 188 189 180 176 173 170 164 164 168 170 170 161 163 170 165 158 151 146 157 186 218 241 246 238 238 242 236 236 241 237 238 238
65 119 153 177 186 181 183 167 158 152 152 160 169 175 180 184 186 183 185 187 187 189 188 181 198 183 184 142 97 82 112 145 168 177 181 174 174 162 153 155 171 187 190 187 191 201 198 198 207 205 202 201 205 208 205 200 195 191 187 190 185 185 180 175 170 163 162 164 161 164 168 158 154 165 162 150 147 136 141 183 228 246 247 239 237 237 238 241 239 239
150 174 179 189 189 174 169 155 167 168 170 177 185 186 186 188 190 189 194 195 187 184 189 193 185 187 175 123 90 92 136 164 176 184 179 171 157 127 124 134 167 186 191 194 197 201 196 196 207 206 207 209 209 206 203 203 202 196 191 192 186 184 176 171 156 167 165 170 164 167 166 170 165 158 163 160 153 149 138 128 140 201 239 243 243 240 236 237 239 239
182 176 184 184 173 165 160 164 170 180 184 184 188 191 191 192 196 192 192 197 196 194 193 193 191 192 150 115 95 102 145 175 183 176 176 147 117 102 112 138 173 188 191 195 196 200 201 206 210 206 206 210 213 209 204 203 198 193 192 193 187 185 176 172 170 168 162 176 166 169 170 172 172 166 165 161 156 153 146 139 129 128 169 227 245 239 243 245 237 237
175 190 186 169 163 164 166 172 184 189 194 193 192 193 194 193 199 195 191 191 194 196 196 196 186 174 141 119 99 104 148 182 189 191 158 115 121 107 90 123 170 186 191 197 198 203 209 214 214 213 214 216 215 212 211 212 204 197 196 196 189 187 177 174 168 175 163 165 168 170 168 167 172 172 171 168 161 160 157 145 148 154 136 147 209 246 243 237 238 238
189 170 170 157 161 177 174 185 192 186 190 196 195 195 199 200 199 201 197 193 194 195 194 193 185 158 150 119 104 120 161 178 185 174 131 131 126 80 97 133 169 185 190 195 195 203 213 218 217 218 219 220 219 218 215 213 212 201 197 196 190 188 177 173 169 167 157 162 172 170 178 183 174 172 168 172 167 157 155 151 144 150 154 140 132 174 230 244 240 240
170 163 157 167 179 183 187 190 190 189 191 196 196 193 194 198 199 200 200 197 196 197 194 189 179 170 146 111 96 120 170 190 181 147 142 150 93 89 140 158 173 176 185 191 194 201 217 217 217 219 221 221 221 221 220 217 212 205 196 194 187 181 176 160 155 148 147 165 175 185 182 177 173 174 173 175 180 175 171 159 158 141 150 155 155 131 134 220 243 252
146 170 178 182 191 191 187 189 195 194 195 197 195 193 196 200 202 203 202 201 200 200 198 194 184 182 146 108 94 118 179 196 183 146 153 117 109 166 181 161 168 178 180 186 194 210 215 216 218 219 221 224 226 227 224 218 211 210 202 191 179 176 172 155 148 154 160 168 174 168 170 177 178 181 181 177 178 172 171 163 162 153 147 149 155 150 134 128 193 200
162 177 186 190 192 191 194 195 197 198 200 201 200 200 203 207 204 204 204 203 202 201 200 198 191 181 136 100 99 132 186 191 172 151 151 93 115 174 189 174 165 179 176 180 189 215 213 215 221 221 223 224 224 225 223 219 215 207 197 189 178 168 158 142 136 147 150 145 157 152 155 156 169 176 180 178 179 175 174 167 167 164 158 157 148 149 162 153 115 118
181 185 190 195 194 193 197 196 197 200 203 205 205 206 207 208 207 206 205 205 204 203 202 202 197 179 139 94 86 127 186 203 172 166 146 69 66 110 170 177 169 180 174 172 186 213 211 213 216 219 222 221 218 217 219 220 216 201 189 180 168 154 141 130 127 137 145 158 171 166 172 181 182 181 176 168 171 171 173 170 171 165 163 163 159 159 161 159 142 139
182 197 198 195 199 198 198 199 204 206 208 209 209 210 209 207 211 209 208 208 207 206 206 206 200 189 159 108 79 103 165 192 175 164 135 75 58 64 124 173 172 178 167 164 191 208 207 212 215 220 223 220 215 213 214 213 208 192 178 168 154 139 123 112 123 157 177 191 183 167 163 171 171 170 170 168 176 177 174 170 173 163 163 166 172 171 163 166 159 152
195 199 197 197 198 197 201 205 209 208 208 209 211 211 211 210 212 210 210 210 209 209 209 209 203 194 155 107 72 85 155 185 167 152 121 73 40 43 119 171 170 171 154 161 199 205 201 212 221 222 222 219 217 219 217 211 198 177 164 153 132 113 110 122 171 200 194 184 172 172 167 159 149 159 171 170 178 180 178 175 168 169 163 160 168 181 184 177 173 163
200 193 194 203 202 200 205 206 209 208 208 209 211 211 211 212 213 212 211 211 211 212 212 211 209 203 158 103 64 69 137 174 159 143 92 41 34 52 127 161 166 159 141 166 198 198 199 215 220 220 218 216 220 224 216 202 180 161 146 128 107 106 135 174 199 197 184 182 180 180 165 129 106 143 179 181 182 182 182 183 176 169 162 165 173 182 192 192 186 175
184 195 197 199 203 206 209 211 216 215 215 216 216 214 213 215 214 214 213 213 214 216 216 214 215 209 168 106 66 67 117 157 150 131 99 49 49 70 128 149 164 148 133 175 191 191 201 217 218 220 219 218 219 217 198 176 159 145 126 104 108 143 181 206 202 189 188 186 181 180 167 102 56 120 182 189 185 181 178 178 180 176 173 169 173 184 191 198 194 184
192 192 193 195 204 204 209 215 218 218 219 220 220 219 217 217 217 215 212 213 216 218 220 220 219 215 172 109 70 65 99 148 145 118 97 69 69 92 135 141 152 137 133 173 180 189 210 221 222 219 219 222 222 208 182 160 140 121 110 118 147 188 206 198 196 197 188 186 185 184 160 101 42 87 159 182 184 188 183 180 183 181 176 176 172 179 186 191 197 194
194 198 202 201 205 206 212 217 219 220 222 219 215 217 221 219 217 216 214 213 214 217 221 223 218 219 178 118 87 73 89 134 142 117 98 74 81 117 140 145 144 134 149 169 177 202 223 223 223 218 215 217 213 196 167 143 129 128 140 165 189 203 202 194 192 190 186 187 189 185 152 96 40 59 122 164 176 182 182 185 185 182 177 179 177 180 182 187 196 194
198 201 208 206 207 209 216 217 220 220 224 221 212 214 221 220 217 217 215 213 212 214 220 224 221 219 184 134 111 95 89 118 133 119 103 86 81 110 133 143 128 133 158 170 192 218 227 225 219 210 209 211 197 170 150 143 150 163 176 187 196 199 197 196 190 194 197 188 181 174 137 88 60 69 90 132 170 172 169 182 182 180 175 178 178 180 179 184 189 189
202 200 206 207 209 211 217 215 220 218 222 223 217 212 215 218 217 217 215 212 210 212 217 221 223 219 201 155 122 106 95 107 123 124 110 98 74 78 128 151 126 139 161 189 213 222 219 216 210 202 199 196 180 164 160 165 178 181 185 190 194 193 192 197 193 195 197 195 186 167 128 84 98 133 118 127 161 166 162 163 172 175 172 174 173 176 179 187 189 191
206 200 204 207 211 210 215 215 219 219 220 222 221 215 212 215 217 217 215 212 211 214 217 219 220 214 206 168 132 118 104 102 108 123 118 112 97 88 143 165 147 156 179 210 213 215 208 204 205 200 191 182 177 182 185 180 166 171 182 189 190 192 194 193 195 192 189 200 189 159 132 103 145 187 180 165 159 160 159 153 160 169 171 171 167 170 177 188 193 195
208 203 206 209 212 209 214 217 219 223 220 218 220 219 215 215 217 216 215 214 215 218 220 221 218 209 201 175 150 138 119 108 106 119 122 117 131 137 166 175 168 181 199 211 202 210 200 204 202 195 191 190 189 189 182 171 165 147 154 181 191 188 190 192 190 196 195 197 179 152 136 107 160 197 206 181 155 166 164 157 151 158 163 167 160 162 170 181 190 194
207 206 208 209 214 211 215 219 220 223 221 217 219 220 219 217 217 216 215 214 217 220 222 221 220 212 205 188 164 147 133 124 123 123 126 119 142 174 189 187 183 195 201 203 201 204 198 200 197 190 192 198 194 184 169 155 140 115 118 151 174 185 191 192 189 198 202 195 175 158 137 99 146 192 197 167 143 168 173 157 148 144 150 162 157 158 165 176 187 192
206 207 208 207 215 215 217 219 221 219 220 220 218 219 220 221 217 216 214 214 216 220 221 220 224 208 201 194 173 157 148 137 133 128 136 135 145 189 204 194 195 194 194 203 203 196 200 185 192 191 190 187 187 188 173 147 100 68 67 110 154 181 192 193 195 195 202 195 171 156 142 121 181 217 214 200 164 169 187 177 150 136 140 159 159 159 166 177 186 193
196 209 206 211 211 209 213 217 219 221 220 219 217 219 222 220 217 215 213 211 213 216 218 216 217 214 201 195 184 169 164 157 150 149 152 156 165 184 198 199 200 199 197 196 190 184 186 189 190 190 186 194 201 197 186 165 120 70 62 109 152 174 186 193 198 209 208 196 164 165 151 129 187 220 225 213 165 162 204 200 166 138 131 140 152 148 161 169 183 199
126 171 209 208 208 210 220 218 218 219 218 219 219 219 221 218 217 215 212 209 209 213 216 216 218 216 205 201 190 176 170 163 170 170 174 177 180 188 194 191 195 190 187 188 185 182 186 192 190 190 195 216 223 206 187 171 148 105 95 121 152 174 184 192 198 206 207 203 176 166 139 108 129 205 211 179 148 158 203 216 178 141 122 127 145 145 151 162 189 205
165 131 161 198 213 204 220 212 218 217 214 215 216 216 219 218 214 214 214 211 210 211 213 213 215 214 208 205 199 188 184 178 181 185 193 197 196 194 192 187 186 184 187 194 193 189 190 195 198 202 205 218 220 205 188 171 142 116 117 131 151 171 179 194 204 203 209 212 176 160 148 130 152 207 221 212 177 167 201 213 179 145 123 119 139 144 145 163 198 212
196 182 140 138 197 212 214 212 211 212 211 214 217 215 214 212 211 212 214 212 210 210 212 213 214 212 206 203 198 191 189 185 178 188 206 218 218 211 203 197 193 191 194 194 190 187 188 194 198 203 209 213 208 196 181 162 140 113 114 122 142 161 162 177 194 199 203 201 172 155 145 129 154 210 224 219 186 159 182 207 171 141 121 112 126 138 140 163 205 217
189 187 193 154 153 202 200 208 209 210 208 210 213 212 213 212 213 214 215 213 210 212 217 220 220 214 204 197 189 182 178 175 178 184 197 208 210 205 198 192 190 189 191 186 182 185 186 190 192 192 201 208 199 187 177 162 123 103 109 114 130 148 148 165 182 197 200 203 186 155 134 125 132 202 219 216 194 169 179 198 173 136 117 110 119 132 138 166 204 215
185 186 193 180 153 189 196 200 202 208 208 210 213 211 210 209 208 210 213 213 211 213 217 220 215 208 198 190 185 181 176 172 173 174 179 187 192 191 186 181 179 180 184 178 175 177 173 172 175 178 187 190 184 179 169 152 131 124 135 127 122 128 127 144 169 185 195 195 174 152 137 112 107 172 203 204 171 154 175 188 163 127 114 116 116 123 133 170 205 214
191 184 188 190 155 181 187 185 198 206 206 205 206 207 209 209 207 210 215 217 217 217 219 220 215 206 196 188 182 176 167 160 160 167 176 184 188 186 182 179 173 173 177 170 167 171 171 175 174 178 179 175 176 179 169 154 143 134 142 136 127 129 130 145 163 175 197 197 157 130 131 110 142 205 223 208 173 155 170 179 157 129 119 124 118 121 133 172 199 206
180 184 181 178 156 175 175 185 193 203 204 202 203 204 206 206 202 204 208 210 210 211 213 215 209 200 192 184 180 174 162 153 156 164 172 172 168 164 164 166 163 162 167 158 150 153 157 168 167 167 169 176 184 178 160 152 125 118 134 141 134 130 133 152 165 184 199 191 158 130 130 115 157 206 215 207 185 169 176 181 161 134 116 117 114 121 131 162 198 204
186 182 173 175 175 173 165 183 190 195 198 198 200 204 205 201 201 205 204 205 206 208 212 212 210 201 188 183 172 158 148 135 139 146 155 147 146 143 145 150 146 148 155 157 150 148 152 156 161 164 162 169 176 170 154 134 77 81 134 138 136 136 136 147 163 173 185 188 151 136 127 125 171 195 204 203 162 143 170 178 159 133 118 114 121 125 136 168 197 200
189 182 182 182 181 177 177 186 193 195 195 194 194 197 198 196 198 198 201 204 205 203 203 205 200 190 180 174 163 150 137 123 123 130 136 139 140 137 137 136 140 143 148 153 155 152 149 148 156 162 162 163 166 166 155 133 73 61 109 134 143 140 142 154 154 167 180 177 148 137 119 119 166 195 203 181 142 148 176 175 162 132 112 111 121 127 139 168 191 194
186 181 186 183 187 180 184 190 196 197 196 195 195 195 194 193 193 192 198 199 200 200 196 197 193 185 179 167 152 139 125 114 111 121 120 121 119 130 142 144 150 152 152 151 152 150 150 155 153 156 157 157 159 164 161 145 105 70 94 125 140 136 137 143 160 165 179 174 146 135 115 118 151 180 186 167 150 162 171 171 153 128 109 116 127 128 139 162 186 191
181 183 184 182 189 184 186 194 193 194 194 195 195 193 190 189 189 189 196 192 193 200 195 194 189 184 181 162 140 127 115 114 113 111 100 96 103 134 152 151 155 158 159 157 157 156 156 160 160 156 154 156 160 163 163 158 139 103 104 122 135 134 138 140 153 162 176 173 146 127 118 140 180 207 215 179 132 142 166 166 148 128 112 120 130 127 140 162 183 190
181 186 182 185 187 188 187 195 193 193 191 191 192 190 188 190 188 187 194 190 190 199 195 194 192 189 181 155 128 110 100 106 113 96 89 100 122 155 169 167 162 161 161 163 164 166 165 161 164 158 152 153 161 163 162 165 156 137 131 132 130 128 135 140 154 166 171 171 159 132 123 149 188 204 195 163 130 142 161 157 145 131 119 128 134 132 143 162 179 188
184 184 179 187 183 188 189 190 194 193 189 186 188 187 189 193 189 184 189 191 191 194 193 194 196 194 176 146 120 98 90 101 105 95 105 117 124 133 161 175 179 177 177 173 168 169 170 166 167 163 153 144 149 156 155 159 148 139 134 131 128 128 135 142 155 164 172 174 157 127 119 133 159 181 162 139 140 152 155 156 144 134 127 133 139 139 146 159 178 188
182 178 175 182 183 184 187 184 189 190 186 183 185 185 186 191 188 183 185 190 190 190 193 194 191 189 161 130 110 88 86 104 101 111 122 114 101 101 161 182 178 187 194 191 184 178 173 169 172 172 162 142 136 139 134 132 126 121 122 124 124 132 136 140 158 159 171 175 162 132 119 133 157 179 163 124 118 149 156 154 149 140 137 135 140 146 151 164 177 189
177 175 172 175 188 182 184 182 185 189 189 187 189 188 187 191 187 184 184 187 186 189 196 194 189 187 150 116 95 72 75 98 115 132 124 94 83 95 171 174 164 178 190 196 198 193 182 175 168 172 170 151 135 128 116 108 101 107 121 126 122 133 139 141 151 161 171 169 169 131 110 151 178 185 163 123 128 158 151 151 149 145 149 146 148 154 156 166 176 189
172 174 161 169 178 181 182 184 191 191 189 187 188 188 189 189 184 184 184 187 189 192 196 192 184 177 141 98 80 63 73 104 133 141 114 85 78 121 172 171 160 167 180 190 201 201 198 187 180 177 176 169 152 136 120 105 100 108 117 120 126 134 139 145 150 162 171 164 163 140 109 149 169 154 110 97 135 160 156 151 152 157 156 152 149 157 159 165 176 179
173 173 164 171 175 177 180 181 187 186 183 182 184 187 187 187 187 186 186 188 188 188 188 182 180 172 134 86 69 58 78 125 155 137 103 87 110 143 176 177 163 166 174 179 193 202 204 197 193 186 182 181 175 164 142 119 103 104 112 119 125 135 143 149 154 156 162 165 165 139 111 147 141 105 71 95 140 152 151 154 160 159 156 154 153 160 162 169 174 177
175 175 168 173 172 174 178 179 182 183 183 184 186 188 187 187 185 183 184 188 187 184 183 177 179 168 126 78 64 60 94 154 172 140 100 95 156 178 179 184 160 163 177 178 185 196 206 207 199 193 188 186 184 178 161 140 117 104 106 117 126 136 144 149 147 152 156 164 168 148 105 97 92 56 58 118 153 147 150 157 161 157 152 155 157 164 164 172 177 179
173 176 170 172 169 171 173 174 174 178 180 181 181 181 183 185 182 180 180 185 184 181 182 178 176 165 115 74 67 67 113 174 179 131 88 82 143 179 181 184 170 159 171 175 180 192 205 211 206 203 198 193 190 187 176 162 143 119 109 118 130 140 145 150 147 154 158 164 165 152 98 48 44 43 85 136 150 152 157 150 154 152 150 154 158 165 164 170 174 176
163 172 168 169 168 168 165 167 171 174 176 177 178 179 182 186 183 181 180 183 180 178 181 179 172 162 106 70 66 73 131 183 180 122 90 74 78 128 168 175 173 152 164 179 182 187 202 210 214 211 208 204 204 201 190 175 165 144 125 121 131 145 151 155 153 152 156 166 160 146 100 45 32 60 114 144 148 155 156 157 153 154 154 156 158 165 163 167 168 170
154 167 167 167 168 167 160 162 162 165 169 173 176 177 178 179 182 180 179 181 179 178 182 180 173 161 108 71 67 85 148 189 178 125 94 68 40 86 150 167 165 149 161 182 186 184 199 209 215 215 214 211 209 206 196 185 173 163 144 127 129 144 153 158 156 154 159 168 160 144 96 39 50 102 146 152 153 152 146 156 157 158 157 158 159 166 163 167 172 173
149 161 164 163 162 164 159 161 159 162 166 171 175 176 176 178 178 178 177 179 178 179 181 177 173 158 116 76 72 103 160 186 173 122 71 41 36 79 143 160 168 155 153 170 186 188 202 208 214 217 218 214 208 203 198 194 179 172 161 144 134 138 146 153 158 161 161 161 157 146 97 45 73 134 158 150 154 158 154 152 154 152 152 157 161 168 165 170 173 174
146 155 159 158 153 159 159 161 157 159 161 163 165 167 172 178 177 177 177 179 178 177 176 169 169 149 118 78 74 114 161 177 163 117 61 28 34 71 139 149 163 164 157 168 186 187 201 207 213 215 215 213 209 203 196 191 187 176 172 163 145 134 137 146 155 158 153 150 152 149 118 93 124 149 146 152 160 153 156 153 145 141 142 154 163 170 167 173 164 164
119 146 151 139 152 149 147 148 137 141 155 158 164 174 173 175 179 177 174 177 175 175 178 169 176 162 104 81 75 102 154 178 170 130 77 61 77 98 143 144 159 163 153 166 186 189 197 202 210 209 212 213 210 203 194 186 185 181 173 160 154 147 135 136 148 153 159 147 150 136 134 137 151 149 149 153 158 159 154 149 146 152 161 157 159 171 172 170 160 153
110 128 138 135 145 147 143 126 115 112 134 154 160 164 169 176 172 170 171 176 176 177 178 173 163 150 106 87 79 100 144 167 167 144 90 79 110 139 150 153 166 165 157 167 183 188 194 198 206 205 201 198 198 195 189 186 180 175 175 169 161 156 147 143 134 139 154 148 151 152 160 159 158 153 150 153 159 160 155 148 154 161 165 164 169 169 161 159 152 145
106 113 123 131 138 129 119 104 118 133 150 154 153 164 173 170 178 174 177 178 176 177 175 173 166 138 109 94 77 103 153 176 168 141 115 92 137 163 145 163 172 165 161 169 183 190 191 191 200 201 194 189 192 192 189 189 182 177 176 172 163 155 145 138 142 145 148 138 148 152 159 163 161 161 161 161 161 158 155 152 155 161 160 162 163 156 151 149 150 143
73 100 104 101 108 95 88 101 102 110 107 105 118 139 160 171 171 170 174 170 169 174 171 171 167 135 97 77 82 110 143 175 172 146 137 94 103 133 148 168 173 162 165 173 184 192 189 188 195 198 195 192 193 193 190 188 186 181 173 168 167 159 146 141 151 157 161 155 160 155 156 166 172 172 172 173 171 164 154 147 151 156 158 160 154 148 153 152 144 136
79 76 79 90 90 87 87 85 79 81 78 85 99 112 136 159 166 171 177 171 172 179 176 175 168 140 108 81 87 109 132 163 178 150 134 134 92 77 128 164 169 161 169 174 179 186 185 185 190 193 195 193 191 190 188 183 180 181 177 171 163 154 151 152 147 145 152 155 160 166 173 178 174 170 165 159 154 149 144 141 146 146 144 149 152 153 152 141 143 136
54 76 88 94 92 91 81 70 64 70 80 93 106 120 132 141 163 174 180 175 175 178 174 171 175 140 114 80 76 107 143 164 173 159 131 133 112 76 114 162 173 169 177 180 178 182 185 190 185 186 188 188 187 189 190 186 185 175 170 169 164 159 155 144 142 150 159 159 160 164 165 168 163 164 162 158 151 147 145 146 146 153 151 149 153 153 150 148 142 134
73 82 84 90 84 80 70 62 62 55 56 59 66 81 108 141 158 171 176 177 178 176 174 172 172 161 140 94 83 103 133 158 175 175 152 121 128 104 108 149 169 168 173 176 175 177 182 186 184 184 183 185 188 191 191 190 186 177 172 174 170 165 161 148 142 152 153 153 161 163 155 158 163 160 157 155 155 154 152 151 150 155 154 149 150 151 148 150 140 132
80 83 77 79 69 66 62 64 65 56 53 49 51 52 68 110 155 168 171 176 178 172 173 173 173 168 156 108 88 104 134 149 168 175 166 141 129 120 121 150 169 168 170 176 180 182 185 185 188 188 184 184 190 190 186 186 185 185 179 179 174 165 161 156 151 148 147 151 151 157 158 163 161 161 160 156 152 149 148 148 148 145 150 147 145 148 144 143 137 129
66 51 52 60 59 54 53 58 65 71 67 58 54 51 58 74 124 165 177 169 171 171 171 178 170 176 157 119 96 98 119 142 162 170 172 164 148 132 136 157 167 165 167 167 174 180 178 183 188 186 182 182 187 188 185 186 188 185 180 177 173 166 160 161 157 157 152 153 152 158 158 159 156 158 152 151 151 148 149 147 145 146 145 152 157 151 143 136 128 129
62 58 60 57 53 53 49 44 48 53 61 70 72 63 55 56 88 139 172 167 171 169 169 172 167 167 162 150 129 107 112 136 160 166 171 170 162 151 152 163 161 165 167 164 168 175 176 180 182 183 181 181 185 187 186 187 181 180 176 171 170 167 164 164 164 163 157 158 158 162 156 151 150 153 150 150 150 148 149 147 145 150 149 151 150 140 133 130 134 136
62 53 52 52 48 47 49 54 47 42 47 62 71 70 63 58 62 106 159 165 173 169 170 169 170 169 167 164 150 128 123 137 155 159 167 172 169 163 160 161 160 166 165 165 166 168 174 179 177 182 183 181 183 184 182 182 179 180 176 171 170 170 168 165 167 170 164 160 156 158 156 156 151 153 152 152 152 150 151 149 151 155 151 146 141 135 134 136 137 139
62 63 69 66 58 54 54 58 55 48 45 50 60 69 69 63 60 85 147 166 173 165 172 175 173 173 169 164 160 152 144 144 147 151 160 167 168 168 167 164 163 165 162 167 168 164 171 177 175 183 186 183 181 180 177 175 175 175 174 173 173 174 172 170 171 169 161 159 158 161 159 162 151 151 151 152 152 151 151 150 152 150 145 141 137 137 143 144 139 141
64 60 62 65 68 69 64 59 61 62 55 47 50 63 68 64 67 68 125 156 170 165 171 167 168 168 168 171 173 164 154 150 155 155 160 165 167 171 172 168 166 166 160 166 170 165 168 171 172 181 185 182 179 179 177 174 174 172 171 172 171 169 168 167 167 166 161 164 163 162 159 164 152 150 152 154 155 155 153 151 148 145 144 145 142 146 153 147 140 142
76 61 51 50 58 66 67 67 57 65 64 53 51 60 65 61 67 66 113 147 164 163 170 164 171 170 167 165 166 164 163 165 166 163 162 164 166 171 172 167 169 170 165 166 170 170 169 167 168 175 178 176 175 178 180 177 176 172 170 170 167 163 163 164 163 166 163 166 163 159 156 165 158 155 158 159 158 158 153 150 151 149 150 152 148 152 157 149 140 141
66 70 69 58 55 63 69 73 65 64 62 55 49 56 65 66 72 71 98 132 156 161 166 164 165 170 171 167 166 166 166 166 166 164 163 164 168 172 173 171 170 171 171 168 171 173 169 169 166 170 172 172 172 176 177 175 171 169 169 169 167 167 169 169 168 168 161 163 166 166 159 161 163 159 162 160 157 156 153 152 156 157 154 151 149 151 154 148 139 141
55 58 67 72 69 61 58 63 73 63 63 63 53 53 60 59 67 68 81 112 136 143 152 162 166 166 167 171 170 164 164 170 168 169 169 169 171 172 172 173 170 169 172 170 170 169 166 172 167 168 170 170 170 173 172 168 168 169 171 170 168 170 172 169 167 172 168 168 170 171 165 165 166 161 164 161 158 160 161 163 162 165 159 154 155 154 152 148 134 136
50 52 47 58 60 65 60 54 64 64 67 67 60 52 53 58 66 71 73 85 102 108 131 147 163 166 163 166 168 164 168 169 171 170 167 170 170 170 175 173 174 169 170 168 172 167 169 169 169 169 170 172 169 166 167 169 168 167 169 168 167 169 169 170 169 172 171 173 174 172 181 172 177 172 168 169 164 168 173 162 163 160 152 145 144 141 133 127 116 110
55 56 57 51 50 61 56 55 58 60 62 62 60 58 57 56 71 76 73 73 82 83 98 107 134 154 165 165 164 165 168 168 169 172 169 171 174 173 174 171 174 168 171 168 168 165 172 171 169 173 170 165 167 172 170 163 165 168 171 170 173 174 168 168 171 174 173 173 175 160 147 134 125 130 127 143 134 117 113 107 101 97 90 85 81 77 73 71 67 62
67 60 64 58 57 57 53 55 59 64 62 58 58 57 56 59 71 71 67 70 81 80 83 80 101 126 151 159 165 172 170 167 167 172 170 172 177 176 173 170 167 165 167 164 165 162 167 168 168 170 170 169 167 166 167 169 167 167 171 168 164 168 170 167 169 159 122 100 89 86 77 89 95 101 132 177 122 51 49 47 41 39 38 37 36 34 35 39 42 40
71 65 67 67 72 64 64 57 56 61 60 57 56 52 55 67 74 69 70 78 84 78 77 71 77 90 112 125 137 150 154 158 158 160 158 156 158 160 159 158 154 156 153 150 155 156 157 162 155 159 167 168 164 166 167 161 169 165 169 169 166 167 162 155 147 111 70 88 105 140 137 148 178 193 217 235 155 48 39 39 39 39 38 38 35 32 32 33 38 39
61 64 70 63 68 72 73 61 62 60 63 63 58 58 65 68 63 65 75 77 74 70 78 78 67 69 80 85 90 99 104 114 109 112 118 119 116 116 113 108 108 106 104 107 111 117 119 121 115 108 128 159 167 164 166 167 173 172 168 157 149 144 139 140 140 137 156 199 212 231 227 226 236 240 246 248 188 72 43 42 40 40 40 39 37 37 36 32 33 36
63 62 77 68 65 72 67 66 75 63 66 68 60 70 79 66 60 70 80 73 70 71 78 76 71 67 66 66 67 71 73 74 77 75 83 85 81 85 88 87 88 80 78 83 76 82 86 85 76 95 136 169 172 173 181 182 167 160 161 152 141 147 154 151 140 197 238 237 243 242 245 246 244 245 247 245 209 101 45 43 42 41 40 38 38 41 41 36 34 38
68 58 70 71 63 64 53 60 68 60 63 65 63 72 77 64 65 79 81 69 74 77 76 76 79 70 60 60 63 68 74 72 67 65 73 76 75 79 80 82 80 78 79 84 74 76 80 85 111 149 181 185 184 187 166 126 104 125 157 165 158 163 164 152 164 232 253 235 249 247 243 241 244 249 247 251 239 147 49 51 44 41 41 41 40 42 43 40 38 41
74 66 65 71 66 71 62 59 57 62 66 70 71 67 61 59 68 84 80 63 71 71 70 81 78 72 64 65 61 58 68 71 69 67 73 75 75 74 71 73 79 80 71 72 74 91 113 143 146 132 131 144 144 121 101 97 117 155 173 166 170 174 167 167 212 239 237 245 244 246 243 246 245 245 242 244 244 203 86 45 52 47 48 49 45 43 43 43 44 46
77 73 67 69 63 63 61 54 58 61 59 70 69 64 66 73 78 78 77 68 73 72 77 69 74 78 72 72 72 68 68 64 74 73 72 70 69 73 78 81 74 75 84 106 142 172 163 131 85 76 83 88 81 76 80 116 154 167 168 166 177 162 174 203 245 246 246 243 244 246 243 244 243 246 248 248 249 237 156 61 50 49 51 48 47 50 50 50 51 51
78 74 68 70 64 64 62 55 64 70 69 77 72 65 71 81 78 78 77 68 73 72 77 69 68 73 69 71 74 73 75 73 73 69 68 70 71 72 78 84 95 95 115 156 178 156 107 71 80 81 79 77 78 74 74 117 161 173 176 169 171 166 202 245 244 244 244 242 244 245 243 243 244 246 240 245 248 255 214 132 59 57 58 54 52 55 55 54 54 54
