28 24 23 23 21 22 22 19 22 21 22 23 21 21 21 20 20 20 20 21 21 21 24 27 20 37 78 123 148 157 157 153 155 159 152 158 156 161 160 162 158 155 155 156 157 159 158 159 160 159 157 156 156 155 155 156 154 154 156 156 155 155 156 157 155 156 156 156 156 156 158 159 160 158 157 157 158 157 157 157 158 155 156 155 153 156 158 155 157 157
23 20 21 20 19 20 22 21 23 22 22 23 22 21 20 21 21 21 21 21 20 20 20 21 25 30 35 46 76 118 141 141 160 163 154 148 153 156 155 158 155 157 160 159 161 163 161 158 155 158 157 155 157 160 159 157 158 158 159 158 155 154 155 156 156 156 156 156 156 156 158 159 158 157 157 157 158 157 156 156 158 156 157 157 154 156 158 156 156 156
21 19 20 20 18 18 21 21 26 26 24 23 23 21 20 22 21 20 21 21 21 20 20 20 20 21 23 26 29 36 61 90 118 148 159 131 127 108 87 112 132 143 151 153 156 161 163 161 162 156 155 160 162 156 155 158 155 157 159 159 157 157 158 159 157 157 157 157 157 157 158 159 157 157 158 159 159 157 156 156 159 157 158 158 155 156 158 156 157 157
19 18 19 20 20 21 22 21 26 29 27 22 23 23 22 23 21 21 22 22 21 21 22 22 21 24 25 25 28 32 34 36 35 65 102 115 130 89 22 56 74 94 113 125 130 135 146 154 157 159 161 160 159 158 159 158 158 158 159 159 158 157 157 156 159 159 159 158 158 158 159 159 158 159 160 161 160 159 158 157 159 158 159 159 156 156 157 157 159 159
22 19 19 21 23 22 21 20 21 28 27 22 22 25 25 23 21 22 23 23 21 20 20 21 22 21 21 23 27 34 35 31 22 22 42 89 127 115 34 24 28 40 55 76 95 109 128 143 144 153 161 163 161 161 160 157 162 160 159 158 158 160 159 156 159 160 159 158 158 159 159 159 159 160 161 161 161 160 159 158 159 158 159 159 157 156 156 157 157 157
22 19 18 21 24 24 25 26 20 23 24 21 22 28 29 26 21 23 24 23 22 21 21 21 19 19 22 22 19 20 24 24 25 25 30 64 78 110 84 46 68 84 93 101 103 104 123 140 151 143 142 151 159 163 163 160 161 160 159 159 159 162 162 161 159 160 159 158 158 159 159 159 158 159 160 160 160 160 159 158 160 158 158 159 158 156 156 157 156 156
20 19 18 21 25 28 34 42 31 23 20 21 22 29 35 34 31 29 27 24 22 23 23 22 21 20 20 21 22 20 20 23 25 28 33 47 35 74 94 82 113 141 156 161 156 146 146 144 147 150 153 150 144 146 153 156 157 160 163 162 160 160 160 159 160 160 160 159 159 160 160 159 158 159 159 160 161 161 160 158 162 159 157 159 159 158 156 157 158 158
30 28 25 24 23 25 34 46 45 27 18 20 22 29 40 43 47 42 33 26 22 22 22 22 19 24 21 15 18 18 17 20 21 21 25 26 26 55 54 44 64 101 125 139 148 149 142 125 118 129 155 174 166 149 144 147 144 153 162 165 162 161 161 161 161 162 161 160 160 162 162 160 159 160 160 161 162 163 161 159 163 159 157 159 160 159 157 157 159 159
34 37 37 32 31 30 26 21 27 22 20 22 19 24 45 62 68 55 40 36 34 28 27 29 26 27 25 28 29 27 29 24 9 16 15 18 26 26 33 36 39 22 24 36 46 68 88 95 98 98 123 155 173 182 154 142 157 153 136 152 166 161 166 161 160 161 165 161 160 161 165 161 160 161 161 163 164 162 161 162 163 161 158 158 159 160 160 159 159 159
29 26 31 33 29 31 30 20 21 25 22 22 20 24 47 71 78 67 54 52 50 46 49 53 59 68 79 90 94 94 93 84 68 54 35 26 42 56 50 80 63 52 45 40 31 25 35 54 64 94 126 144 146 181 185 134 153 169 157 148 154 154 158 160 168 161 159 161 162 160 163 164 162 162 162 163 162 160 158 159 163 162 160 160 160 160 160 160 159 159
30 30 31 35 37 33 28 25 23 27 21 21 18 23 57 84 92 84 75 78 80 79 87 94 106 120 121 119 121 122 121 120 120 121 112 108 97 85 62 88 58 108 136 126 117 103 70 48 37 72 122 161 141 149 185 167 159 179 178 165 160 153 142 139 160 166 164 161 161 161 163 163 161 161 162 163 163 160 159 160 162 162 161 161 160 160 160 160 158 158
41 37 30 27 28 23 20 26 25 24 23 24 11 27 80 108 112 109 107 114 117 113 116 121 122 124 122 120 118 115 115 120 117 121 126 145 132 77 42 92 106 65 74 102 106 127 146 135 119 98 109 123 119 115 122 156 170 183 186 176 166 160 146 123 134 162 164 159 161 163 161 162 161 162 162 163 164 162 161 162 162 161 161 161 160 160 159 159 159 159
45 33 27 26 21 20 24 25 27 21 18 19 19 54 109 124 125 124 122 127 130 127 130 133 132 127 126 122 120 127 126 114 115 107 128 107 67 60 79 121 141 105 96 95 74 64 85 112 142 133 126 119 121 114 98 97 99 130 153 164 168 175 166 127 117 159 163 160 163 164 158 163 163 163 162 162 163 162 161 161 162 161 161 161 161 161 159 158 161 160
51 41 31 28 28 27 26 27 23 26 23 20 35 79 120 128 135 136 133 136 137 136 139 141 134 135 131 128 132 125 104 92 92 106 85 41 64 115 122 96 93 112 128 126 126 124 97 67 65 128 148 134 134 128 125 116 104 103 84 78 89 112 129 117 99 160 172 165 161 165 160 160 161 161 160 160 162 163 163 163 162 162 161 162 162 162 161 159 160 160
50 48 34 24 27 25 21 26 27 29 29 33 61 101 122 129 137 142 144 146 144 139 137 135 135 132 134 140 130 83 48 59 83 83 46 68 115 116 112 116 108 106 113 118 124 135 142 146 113 64 104 148 145 135 136 132 131 128 117 107 92 73 60 52 65 121 141 154 158 169 168 166 163 162 160 160 162 164 164 164 162 162 162 162 162 162 161 161 159 159
27 30 32 31 28 28 27 25 30 28 37 51 81 111 126 141 140 147 148 147 144 142 144 144 141 136 143 133 96 59 51 68 84 63 55 95 95 95 112 124 126 122 118 119 126 128 127 136 150 132 79 86 155 155 134 136 145 139 138 133 128 119 98 86 75 75 60 82 101 124 145 164 171 168 164 162 163 163 161 160 160 161 162 162 161 161 161 162 160 160
26 22 24 26 26 27 25 26 33 34 50 81 96 117 135 140 144 149 150 148 149 150 148 146 145 141 143 105 62 50 69 95 84 60 83 79 80 84 100 119 129 129 130 132 137 136 134 139 136 150 152 82 85 152 152 142 148 147 140 143 133 140 129 123 107 98 86 79 63 58 70 92 121 148 161 168 168 160 162 162 162 163 161 161 161 159 161 162 160 160
27 23 24 23 23 26 28 33 48 51 66 94 106 121 136 144 147 152 153 151 152 153 153 152 157 146 125 86 57 49 69 110 78 74 94 72 69 73 84 105 125 139 147 145 143 144 144 146 140 127 143 158 74 98 162 147 143 150 145 149 146 145 135 129 126 123 112 105 95 84 72 73 71 77 97 128 154 166 167 164 161 162 165 159 156 160 161 161 163 163
26 25 25 25 26 24 28 44 64 71 83 106 117 127 138 147 147 152 153 152 153 155 155 156 156 144 115 88 70 56 58 96 72 85 84 60 64 64 69 98 118 139 154 153 152 153 152 151 149 136 141 150 135 61 134 159 145 152 147 147 149 144 138 135 127 132 124 116 105 97 88 92 88 87 77 68 93 128 149 171 166 157 164 167 160 160 160 161 161 161
24 25 22 24 32 24 26 54 78 90 100 117 126 133 138 145 151 155 156 157 159 161 162 163 158 137 106 92 80 66 61 82 63 95 70 45 39 44 60 82 105 120 137 150 159 161 160 157 152 157 152 145 162 115 71 162 153 148 147 146 149 144 142 140 137 134 124 122 118 112 101 98 95 101 98 86 80 73 84 126 158 168 164 156 161 165 160 158 162 162
32 26 25 33 42 34 25 35 68 91 108 125 136 145 149 153 155 158 159 161 165 167 168 170 169 152 124 103 77 53 51 66 70 90 40 42 44 43 62 84 91 101 117 141 158 161 162 159 158 156 162 151 158 151 73 129 159 144 150 152 152 151 148 144 142 140 137 136 126 118 107 100 97 94 92 96 99 93 81 74 101 134 160 171 165 158 162 162 164 164
40 26 31 48 59 62 51 37 60 90 113 131 140 149 152 155 157 159 160 163 167 169 171 174 165 148 115 83 58 35 48 68 83 66 46 71 50 38 67 79 77 88 101 126 145 156 164 163 162 152 163 158 158 170 102 95 160 147 150 153 149 152 150 144 142 139 135 134 127 129 122 113 101 102 101 100 98 95 90 83 76 72 100 154 172 159 159 168 162 162
58 40 47 66 76 83 80 70 72 98 121 141 148 154 156 159 163 164 166 168 171 173 177 183 182 147 102 65 53 34 53 62 78 52 78 68 28 40 90 94 74 78 84 107 131 151 171 174 169 173 163 173 157 168 143 84 152 157 146 148 145 151 153 147 146 142 137 138 135 136 129 124 122 110 108 110 111 105 90 83 96 77 56 62 118 169 168 157 163 163
61 50 63 86 95 93 92 97 102 119 135 153 158 160 160 161 167 169 170 172 174 176 182 190 182 139 99 61 48 29 57 63 75 66 80 33 65 92 99 116 90 82 76 96 123 146 170 176 172 178 175 173 163 170 157 73 139 165 145 148 149 156 161 155 153 150 145 146 139 130 124 129 121 101 117 119 102 99 97 100 100 81 74 43 53 128 167 170 162 162
52 63 81 102 109 104 109 118 134 140 152 166 172 168 168 176 174 173 175 178 180 180 182 186 179 144 93 63 56 37 58 56 65 90 48 56 124 125 107 120 108 76 68 80 112 138 166 177 173 180 176 176 171 171 176 79 131 170 146 149 155 154 158 165 155 155 155 153 146 136 130 129 121 111 119 119 107 103 101 101 103 83 67 66 45 46 101 166 174 156
57 74 102 113 118 123 128 148 151 160 170 177 179 176 176 182 184 182 182 184 187 187 185 186 184 153 95 63 56 37 59 51 75 99 37 67 69 78 116 131 111 71 65 72 102 138 165 172 170 180 181 179 180 181 172 102 136 163 144 144 149 157 162 164 166 161 158 153 149 140 137 136 136 132 121 122 122 109 103 102 98 91 83 81 65 48 31 96 162 171
61 79 106 117 128 141 147 162 166 176 182 183 183 182 182 185 188 188 188 190 193 194 191 189 179 156 99 62 50 33 59 48 83 86 25 38 16 19 63 124 129 73 65 66 95 138 162 172 173 176 182 181 179 183 187 97 141 161 139 140 146 155 165 163 163 164 165 156 157 148 144 138 139 142 136 128 121 122 124 109 97 99 97 85 59 74 58 43 87 140
71 87 108 129 143 154 165 169 179 185 188 188 190 190 189 190 194 197 198 196 196 195 192 188 179 163 111 62 41 28 55 49 66 57 66 97 32 25 16 89 136 67 59 62 95 134 151 168 173 176 181 183 179 190 176 88 148 162 134 137 147 151 163 163 164 163 162 158 167 156 153 156 141 141 147 127 104 110 112 98 90 84 69 67 70 73 68 38 27 58
82 95 119 143 151 157 171 177 188 191 192 193 195 193 192 195 200 204 204 201 200 199 195 190 186 175 136 75 45 30 44 38 62 46 56 72 15 27 23 75 126 60 53 63 100 132 141 161 177 178 181 184 183 185 164 99 165 157 134 134 145 153 159 163 162 167 164 156 165 154 143 140 132 143 131 88 66 79 88 91 79 58 53 49 45 41 44 47 40 40
93 102 133 150 156 165 172 184 191 193 195 196 196 193 192 198 203 206 206 204 205 204 198 191 182 169 132 67 37 28 41 36 56 49 14 20 35 31 21 75 115 61 53 66 104 126 136 157 175 179 190 187 186 191 128 105 177 143 132 131 140 157 158 162 164 166 158 151 144 124 101 92 100 95 71 62 73 80 83 80 71 61 49 38 30 36 30 37 35 38
89 109 138 148 157 170 174 183 194 196 197 198 199 197 197 202 207 210 210 208 207 204 196 189 185 174 137 73 43 31 41 31 45 55 17 52 67 40 26 91 99 54 49 71 105 116 130 154 164 176 186 179 181 185 85 144 167 131 124 128 139 157 162 162 169 160 146 129 81 50 44 61 70 61 52 65 86 100 103 91 75 69 55 58 53 37 28 31 27 26
83 123 148 155 164 174 184 190 193 195 195 196 200 201 201 203 205 211 214 213 210 206 200 195 180 175 138 80 52 35 45 31 37 67 34 41 32 23 62 105 82 43 45 81 113 112 129 156 168 178 180 180 191 119 81 165 148 127 115 126 142 153 167 163 166 159 130 93 39 40 50 57 49 56 84 111 126 128 113 103 94 88 73 57 64 55 52 48 33 39
83 127 144 156 165 169 184 188 195 197 199 198 197 198 200 202 205 208 213 214 212 210 202 190 178 169 143 91 59 46 53 32 28 67 55 74 91 99 97 95 59 41 64 98 109 121 142 160 168 173 178 195 140 65 141 157 132 115 116 127 143 153 170 165 161 133 91 58 35 55 53 56 59 94 137 153 150 138 135 120 112 100 84 82 76 69 74 58 49 42
79 120 144 154 164 174 187 193 195 196 198 201 202 201 202 204 208 204 207 213 212 206 199 193 181 165 146 103 74 54 52 43 27 55 58 68 106 103 88 74 40 62 87 109 134 149 149 155 171 174 187 158 62 107 162 128 119 105 113 130 150 163 172 153 126 104 73 42 38 53 54 46 75 132 157 161 149 144 135 123 114 105 104 114 104 89 74 57 39 32
77 113 144 156 167 181 188 191 198 197 199 202 202 201 202 205 208 201 202 209 209 203 198 195 185 168 155 121 97 72 58 54 31 39 54 46 63 74 80 60 48 77 109 129 142 144 146 159 168 181 145 60 100 148 126 118 101 108 121 141 167 174 160 134 115 81 60 41 48 61 48 41 105 153 159 156 150 145 134 120 122 114 117 128 113 90 61 46 41 34
79 104 131 149 165 182 193 196 197 198 200 202 202 200 200 201 203 202 203 204 203 202 198 194 183 172 162 134 112 88 67 50 40 36 38 40 47 73 82 69 73 106 136 142 139 145 160 174 167 107 51 89 144 136 130 107 104 112 135 157 172 180 160 115 73 41 37 42 54 55 26 66 133 145 149 146 152 142 138 129 123 129 133 123 96 70 64 65 48 41
63 87 114 144 166 182 198 201 192 199 203 203 201 200 198 195 198 202 204 201 198 198 197 193 186 181 168 148 128 107 85 53 41 40 37 44 39 79 105 92 111 147 146 129 146 164 145 117 75 64 112 146 159 163 156 130 113 131 155 172 173 162 125 75 58 39 43 65 81 48 25 107 135 129 136 133 138 136 136 140 129 141 137 116 95 72 73 64 49 42
49 77 108 144 167 180 194 198 198 203 205 200 196 196 194 191 195 199 201 199 196 193 192 192 184 180 167 156 139 120 99 68 38 33 43 58 43 59 94 81 108 112 92 81 89 82 66 61 92 136 151 163 169 157 138 120 100 137 164 179 165 126 80 54 51 45 60 77 70 23 52 127 131 126 125 119 122 139 133 140 134 152 138 111 89 71 69 55 48 41
53 78 107 133 156 173 185 192 200 201 200 195 193 193 192 190 193 195 196 196 194 190 188 189 184 179 170 162 150 137 118 100 65 37 30 67 91 74 67 53 44 42 32 34 50 77 118 148 157 162 177 175 165 149 117 80 65 86 128 158 128 92 74 68 39 38 54 62 43 38 110 138 127 122 111 101 106 130 128 129 142 156 131 106 79 76 69 64 57 50
55 77 106 123 147 170 175 183 190 191 193 195 196 196 193 191 191 193 193 192 192 190 187 185 180 177 171 162 154 148 129 123 113 90 72 84 95 98 109 109 102 109 111 124 144 160 171 172 169 172 176 176 172 145 110 58 32 35 74 119 96 66 58 63 43 55 59 52 31 69 141 137 129 118 110 93 99 115 128 127 147 152 121 110 87 96 68 61 55 48
62 84 109 129 146 162 173 177 182 186 188 189 193 196 193 187 188 191 194 191 193 188 184 178 172 170 167 159 155 151 145 144 148 160 146 145 101 78 116 138 151 162 172 176 176 178 182 183 182 186 184 184 172 147 112 69 19 33 59 75 63 59 58 53 39 44 50 52 37 101 158 138 128 110 98 78 67 98 111 125 146 141 126 105 97 100 77 55 42 34
67 86 109 127 141 156 169 177 174 180 185 185 187 190 191 190 191 192 193 188 189 185 184 181 177 170 163 156 153 154 158 168 178 182 196 191 97 95 167 199 188 190 189 188 188 189 193 194 197 203 202 194 177 156 131 100 48 39 57 64 57 67 75 55 50 58 59 59 55 124 170 156 131 105 91 75 55 68 78 101 122 139 128 118 114 99 76 71 59 51
74 89 108 122 135 149 162 172 173 180 184 184 184 186 187 188 188 190 192 189 189 184 183 181 175 167 161 156 154 156 165 181 193 204 206 213 142 160 188 209 205 202 198 199 201 202 203 206 209 218 222 210 187 166 142 116 81 43 55 69 69 71 78 62 64 67 68 66 54 122 172 170 138 103 84 79 62 60 55 72 97 126 119 114 114 108 95 84 65 55
84 97 109 119 133 146 155 161 172 177 180 181 181 183 183 182 185 188 193 191 191 184 183 182 172 166 161 156 153 154 162 177 196 215 221 192 73 131 202 211 205 203 202 204 206 204 203 208 214 215 216 201 182 166 141 117 93 56 58 69 64 58 52 45 60 63 70 75 53 112 171 165 141 105 78 70 56 53 41 46 96 126 124 115 106 100 88 72 62 54
80 96 109 119 135 150 159 164 171 176 180 182 185 187 187 187 187 189 194 191 191 185 184 184 174 169 163 154 150 153 160 173 192 199 212 178 76 113 197 195 195 193 194 196 200 200 198 206 207 203 200 189 177 167 144 120 106 76 64 72 53 45 35 40 55 90 96 84 53 98 163 158 143 113 80 62 44 44 40 48 94 123 126 113 100 87 75 75 62 56
81 98 112 120 133 145 154 160 167 173 178 180 182 183 184 186 187 192 197 195 195 189 186 183 177 173 166 155 152 156 162 172 179 188 191 194 205 170 182 180 186 184 185 185 190 191 186 191 194 193 192 189 181 170 148 124 115 89 68 73 44 38 34 41 39 113 119 82 59 93 162 167 140 116 82 65 47 43 39 46 74 97 105 103 100 102 89 73 61 56
81 95 109 120 133 142 151 161 170 175 179 180 180 181 183 186 189 195 202 200 201 195 191 185 179 176 169 159 154 155 158 167 173 176 176 174 194 162 179 179 176 176 179 178 185 189 182 186 187 188 188 188 180 168 154 133 124 110 83 71 43 42 43 37 35 104 116 80 72 97 160 166 145 122 87 74 57 47 37 38 66 97 110 106 91 95 95 72 69 63
84 94 105 120 136 144 152 164 170 173 175 177 178 180 183 186 193 198 203 200 202 200 198 193 182 177 170 159 152 149 152 161 165 164 159 147 131 127 166 172 176 178 179 173 177 182 176 180 184 188 188 193 185 172 163 145 132 116 85 73 53 41 46 47 49 89 110 84 73 88 157 167 144 125 88 71 53 46 41 45 71 112 121 121 105 90 87 73 60 53
89 99 111 125 132 147 157 163 169 169 176 180 176 177 182 184 192 200 201 203 206 204 201 196 192 173 169 161 150 144 146 151 147 140 133 134 120 120 132 139 166 183 176 176 170 175 178 177 181 183 191 190 184 167 163 151 131 103 79 63 49 42 49 41 47 88 101 91 67 95 174 179 143 124 90 73 59 49 48 50 78 117 127 132 114 90 83 69 57 46
94 102 113 129 136 147 154 158 168 170 174 178 179 181 184 185 190 198 201 203 206 205 202 197 191 180 165 148 134 133 135 133 114 90 69 67 66 66 67 82 99 137 160 167 173 173 174 177 179 175 184 191 176 168 145 99 121 108 65 50 40 40 49 44 55 79 94 93 76 112 173 171 139 122 91 72 55 47 45 50 83 112 108 116 102 99 85 67 54 44
91 101 115 129 131 139 149 160 165 170 174 178 182 184 186 188 193 200 202 205 208 207 203 196 187 165 144 131 129 124 119 104 70 67 72 96 100 100 98 88 66 59 82 132 163 163 163 174 176 178 174 181 178 174 121 48 98 114 70 50 46 44 36 40 67 83 103 97 76 121 168 167 141 123 93 69 54 52 50 58 94 107 110 102 89 96 98 80 70 61
109 113 119 129 132 141 148 155 160 166 173 179 181 181 185 189 197 203 204 204 206 205 200 189 177 156 130 118 119 127 104 76 64 79 88 88 95 100 103 138 133 96 72 63 107 152 159 148 162 171 173 177 172 168 122 48 80 109 88 56 41 41 34 47 70 85 95 83 69 127 164 163 140 119 91 70 63 67 63 72 90 102 112 98 92 91 88 73 67 60
107 114 122 132 136 149 157 163 164 164 174 183 182 181 187 191 196 201 202 202 203 202 195 182 161 129 93 94 104 116 78 62 69 48 44 72 85 91 98 101 114 150 165 132 85 70 130 139 134 149 161 172 180 174 158 116 104 115 104 68 45 46 49 46 56 82 87 79 83 135 155 147 141 122 96 78 74 78 72 79 102 109 99 89 91 92 68 62 58 53
100 113 125 135 136 147 155 160 169 166 173 182 182 182 188 190 193 199 200 200 202 202 194 178 141 99 78 83 111 91 65 65 50 34 42 59 72 87 86 100 107 130 143 156 145 94 72 125 139 127 141 166 177 180 184 141 109 118 100 70 54 46 51 42 57 86 84 75 95 138 147 142 138 123 98 86 86 93 94 104 115 114 114 102 95 83 66 57 48 45
97 112 127 137 134 142 153 164 167 167 170 174 175 179 184 187 191 197 199 200 202 202 192 173 131 81 61 62 97 73 70 51 29 45 48 58 79 89 83 94 108 119 127 143 156 162 124 73 128 138 133 140 153 153 143 114 112 126 110 85 58 42 42 46 57 90 87 67 94 131 134 134 141 129 104 98 101 107 113 125 126 111 114 101 97 79 70 49 56 54
102 104 111 127 136 149 157 163 167 172 174 172 173 178 185 190 189 195 198 199 200 199 188 167 107 56 34 63 80 66 65 30 33 49 70 79 81 84 77 90 106 123 136 134 154 143 168 128 76 139 137 123 122 121 114 113 124 124 123 110 70 60 49 46 59 103 106 63 76 110 118 131 140 132 109 109 114 117 121 129 123 116 103 89 85 73 62 58 45 43
106 105 108 117 129 144 157 164 170 176 179 176 175 180 186 189 192 197 195 202 202 194 179 149 92 49 33 69 70 65 43 27 50 84 121 118 100 94 70 83 102 121 130 138 144 150 155 167 115 91 137 137 139 130 136 130 133 129 129 123 95 71 50 54 54 96 125 81 51 86 109 131 137 132 125 118 118 128 133 126 136 123 89 78 69 70 68 58 46 41
92 102 104 119 128 135 155 161 170 167 165 168 174 181 185 186 189 195 198 200 196 192 172 126 70 45 38 61 61 57 34 39 66 109 130 152 133 102 76 83 100 117 127 138 144 152 157 163 173 95 118 151 140 138 145 145 146 139 140 137 116 93 78 52 42 63 108 106 57 64 106 132 129 127 135 136 123 123 133 136 141 127 111 95 70 67 59 53 58 52
84 112 116 112 116 137 164 164 170 165 164 172 181 184 183 182 188 194 194 192 190 189 162 110 59 37 42 55 60 57 34 46 42 40 40 99 147 106 77 80 98 115 125 137 144 155 160 161 172 155 89 150 142 147 147 147 149 149 151 150 134 109 100 58 45 47 72 87 50 59 116 138 132 127 139 147 133 128 135 134 130 117 104 89 67 62 58 54 50 44
89 93 113 128 126 133 153 165 173 170 170 173 176 177 180 183 185 192 192 191 192 180 137 89 65 33 50 55 65 54 41 38 53 53 18 37 99 121 82 82 97 117 125 136 144 156 163 165 165 179 102 127 157 147 150 153 151 158 156 156 147 124 110 73 52 48 52 62 39 55 111 129 138 134 142 146 140 140 140 130 122 112 90 83 75 63 57 49 41 34
93 92 96 116 140 144 144 156 169 171 172 172 172 174 178 180 181 186 188 187 187 167 117 72 56 33 59 52 72 50 53 32 45 32 16 28 63 106 82 90 94 121 128 137 148 158 166 171 175 177 129 103 167 148 156 161 164 168 160 162 158 150 123 88 59 45 53 65 40 44 92 128 144 151 156 153 148 148 147 141 130 118 94 85 79 63 56 46 42 36
92 98 102 114 123 142 161 144 157 162 165 166 170 175 176 174 177 179 185 182 176 158 109 65 46 42 66 49 84 58 61 32 20 46 47 24 56 110 101 89 93 124 132 143 154 161 169 176 170 189 147 101 163 158 160 163 172 174 171 171 162 165 139 103 77 53 50 61 51 48 71 116 140 158 164 156 150 144 137 137 126 111 102 88 78 67 62 58 47 41
98 105 107 118 115 116 143 156 151 154 156 157 161 168 172 172 174 176 186 181 172 150 98 56 48 59 75 57 98 69 61 39 34 115 100 35 62 121 111 96 99 129 137 149 158 164 172 178 176 182 168 103 158 171 163 167 171 174 180 178 167 166 153 124 100 74 57 55 57 59 55 74 118 146 159 154 148 136 123 120 121 109 104 90 80 65 56 47 43 37
101 113 112 115 131 131 125 134 147 153 160 162 163 165 169 171 171 173 178 173 169 144 91 61 43 62 81 69 106 77 64 59 62 68 88 85 112 110 113 107 108 133 140 152 159 165 175 178 181 183 169 85 150 182 165 170 174 175 181 181 178 167 163 141 117 88 76 68 55 63 59 53 76 117 142 139 131 120 106 99 107 99 82 74 79 64 58 46 44 39
97 111 113 126 127 128 135 134 148 151 153 162 166 164 166 170 170 170 173 172 161 139 96 70 45 56 75 68 116 84 61 76 127 114 143 163 135 107 113 113 113 135 145 152 158 166 177 175 183 181 172 80 149 181 167 171 175 178 181 179 176 174 168 160 145 114 93 77 82 69 70 64 55 87 116 116 113 108 88 75 91 85 73 68 65 64 60 47 52 44
84 108 120 131 124 123 138 147 145 150 154 160 164 163 164 165 170 168 168 168 158 133 92 76 48 70 70 73 130 81 76 50 124 187 192 158 109 119 123 114 122 136 145 152 160 170 178 178 176 194 169 91 149 183 168 169 170 176 182 181 178 175 171 165 163 152 133 124 100 103 103 100 74 64 73 89 100 104 85 57 63 78 71 62 61 53 46 46 44 43
85 102 109 125 130 136 145 146 145 152 155 159 162 163 164 163 168 168 172 169 148 119 86 80 59 69 72 70 148 106 107 82 75 161 167 119 116 134 135 137 145 145 146 152 160 167 175 180 178 188 162 102 174 182 170 173 175 180 185 183 177 173 169 163 162 156 157 169 131 147 148 130 115 80 62 72 87 106 105 75 53 68 72 65 56 51 48 43 36 38
79 98 108 123 129 136 145 149 148 153 154 157 160 160 162 162 165 160 164 165 146 124 96 86 66 72 82 73 161 148 126 131 111 120 142 123 142 145 152 156 160 154 146 154 162 162 170 174 178 185 153 102 194 171 168 173 172 175 179 179 176 175 171 166 162 159 153 158 148 153 158 153 149 125 94 78 81 104 117 99 63 65 73 72 60 59 56 41 55 48
78 97 108 122 129 137 143 147 148 151 151 155 158 156 158 161 161 157 159 162 151 128 98 93 68 88 90 56 147 165 128 131 131 111 128 139 150 156 160 164 172 166 149 154 162 165 176 174 168 195 127 122 193 168 167 167 166 169 174 177 176 175 173 169 162 162 154 150 152 143 150 154 153 153 136 121 117 123 126 112 89 88 82 73 68 65 59 54 77 61
77 97 109 123 131 139 143 147 147 150 151 156 159 155 157 159 156 160 161 164 158 127 87 84 77 100 118 35 128 176 152 133 131 131 127 140 151 161 166 171 175 173 157 155 161 168 177 171 179 203 99 153 183 175 164 169 167 172 178 180 177 174 171 168 164 161 155 154 150 144 152 146 153 146 136 135 137 134 130 123 112 109 104 92 85 84 82 81 67 56
69 90 105 120 130 139 141 144 147 151 152 155 158 157 158 159 157 158 156 159 163 143 96 75 73 91 137 51 100 175 169 151 139 138 138 154 162 166 173 168 167 168 168 165 164 166 169 175 218 137 101 185 176 170 167 163 166 169 175 177 175 173 172 169 164 167 154 148 153 141 140 136 139 139 140 139 134 122 119 132 117 109 117 113 100 106 102 81 62 73
56 80 97 113 124 133 135 139 146 152 151 151 154 156 159 158 162 160 157 154 157 156 118 83 70 92 132 89 64 160 166 169 166 159 154 168 173 174 169 175 174 167 178 173 166 167 174 203 168 85 161 180 174 169 164 160 164 164 167 169 170 170 170 167 168 164 157 145 146 125 134 128 133 139 140 138 142 131 117 128 129 112 113 105 93 102 91 54 60 91
52 68 87 110 122 123 132 140 142 146 153 151 153 156 153 155 162 159 159 157 155 156 134 90 72 97 125 133 60 116 199 189 180 178 176 177 183 182 182 184 185 179 178 184 164 171 201 174 82 144 188 166 171 168 166 167 168 160 160 165 171 168 158 160 164 149 152 151 135 134 144 145 142 143 144 150 144 132 119 123 120 111 111 105 103 93 68 67 90 95
47 54 68 90 108 118 128 130 131 136 138 140 148 150 149 156 153 158 160 157 153 156 149 125 77 86 121 157 103 62 156 199 194 180 187 190 183 189 188 190 189 189 187 179 186 186 134 74 118 183 166 171 169 166 167 166 167 164 168 168 164 164 161 160 152 140 146 144 138 139 141 147 150 148 152 151 142 141 129 120 121 116 107 100 85 56 57 95 101 98
41 44 53 67 77 91 108 114 116 128 128 125 133 143 147 144 151 155 153 152 153 154 150 139 111 90 114 144 152 93 77 146 185 195 192 195 193 198 200 193 189 196 198 176 146 89 72 144 186 170 167 171 169 164 166 165 167 162 165 167 164 161 157 156 147 134 141 137 136 151 148 143 150 139 147 154 142 141 131 117 120 122 101 80 63 60 91 118 109 101
38 36 37 44 54 66 81 90 90 101 108 112 116 130 145 138 148 154 152 152 154 150 149 151 141 115 104 132 145 140 102 79 130 169 181 190 200 193 191 189 188 167 138 92 61 101 163 182 171 166 172 168 165 172 169 161 165 165 166 164 162 158 149 142 151 139 136 138 146 141 131 144 142 144 151 151 131 133 136 117 106 115 82 59 72 93 118 131 126 121
38 36 33 35 41 44 50 62 65 66 76 93 98 102 120 129 143 154 153 149 148 145 146 148 155 138 126 130 132 138 139 127 89 73 98 115 118 121 119 98 89 78 64 109 162 177 179 165 159 168 163 171 172 169 167 166 162 165 163 159 160 165 157 136 146 137 138 152 152 140 141 150 149 148 137 140 131 138 148 127 105 87 74 85 106 114 117 122 131 134
39 40 37 34 36 33 31 41 48 52 56 66 73 74 85 100 120 139 150 150 150 150 150 147 151 153 143 136 135 126 136 143 143 140 121 106 107 103 107 107 117 150 168 180 176 161 167 174 176 162 168 163 170 164 171 163 169 164 165 166 157 157 158 144 139 141 129 135 148 143 142 149 145 144 134 146 140 130 125 105 83 69 97 127 127 128 132 129 134 139
37 36 33 29 35 38 32 34 37 45 47 44 52 59 63 71 91 112 137 153 152 148 151 150 148 152 148 144 138 126 129 131 188 231 181 163 166 162 164 164 164 169 167 165 169 173 171 170 166 167 167 167 165 162 167 166 164 161 162 165 156 147 153 157 137 131 130 145 155 147 142 146 136 142 141 143 131 116 97 75 83 104 131 137 130 131 135 142 139 138
34 36 37 28 28 35 35 37 36 36 40 39 44 50 49 55 61 67 96 133 145 142 145 146 154 150 153 144 133 123 121 68 127 193 162 164 161 163 157 163 162 157 161 162 161 165 167 171 171 169 170 173 163 168 164 171 165 166 150 146 157 158 150 140 138 143 147 147 147 140 137 152 133 130 131 125 106 101 106 121 137 139 137 134 135 136 135 136 141 133
34 37 36 34 34 32 32 36 47 45 45 41 42 49 51 49 52 49 60 95 130 143 144 148 152 156 154 149 131 114 83 53 118 175 168 161 165 158 159 161 166 161 162 157 164 162 162 162 160 163 169 168 165 164 167 154 144 156 154 135 149 139 142 120 134 155 148 130 127 132 146 140 131 119 105 95 91 102 121 127 126 130 123 126 131 135 138 137 136 138
40 40 37 37 36 33 34 42 44 44 47 46 46 46 44 45 49 54 49 55 85 110 125 139 147 152 157 150 120 70 52 106 167 166 163 163 161 161 157 161 164 163 157 161 161 159 160 160 158 158 158 163 165 159 148 142 131 138 160 147 127 130 142 132 136 145 149 140 130 130 136 119 112 123 123 131 148 148 141 141 138 139 133 133 114 80 88 99 107 113
40 39 37 37 38 36 38 44 42 43 46 47 48 44 38 42 43 51 45 37 43 52 63 78 94 112 110 93 53 34 82 156 161 159 157 158 156 162 162 161 156 158 153 159 153 156 158 162 161 161 155 150 145 148 137 140 136 134 143 143 127 141 143 135 125 129 132 128 124 119 130 144 148 163 173 177 174 168 171 176 176 176 176 179 127 28 21 33 32 39
38 39 36 35 40 45 44 41 43 43 41 41 46 43 36 39 36 38 38 37 36 39 42 45 56 50 48 34 22 45 76 103 119 128 127 136 141 145 147 145 151 155 157 160 157 162 159 157 156 154 151 149 136 143 128 129 127 140 130 127 125 126 117 120 115 117 137 144 147 150 163 175 173 169 171 173 165 165 172 166 169 171 171 179 138 34 29 28 28 28
44 41 36 36 43 50 46 39 42 42 38 35 39 39 33 36 32 39 42 36 32 38 42 39 38 38 30 28 40 53 46 53 67 70 78 80 80 87 82 82 90 99 103 110 128 136 145 136 132 126 120 123 121 130 116 121 110 117 111 105 121 133 142 159 163 165 173 168 177 183 173 162 167 168 167 170 172 171 171 168 171 171 171 182 144 32 29 32 35 27
51 41 35 38 44 45 42 38 39 40 39 34 35 35 30 32 32 35 33 32 33 33 30 30 31 27 25 34 30 39 53 49 50 51 46 47 47 49 47 51 48 45 32 56 102 113 121 101 88 106 109 110 123 141 134 141 127 122 160 165 167 173 176 177 173 178 175 164 173 170 164 173 166 169 167 169 171 168 169 170 167 172 172 179 146 42 31 31 35 28
47 40 36 39 41 40 39 38 39 37 38 38 37 34 30 31 35 34 34 35 33 27 28 36 33 29 32 32 38 53 55 74 73 62 55 65 59 47 40 42 47 54 75 133 180 164 124 95 110 143 151 144 155 167 167 171 160 136 171 177 169 171 174 172 175 164 166 171 175 170 171 173 169 168 170 172 166 165 171 168 169 171 172 180 148 46 24 31 23 26
40 39 40 41 40 40 41 40 41 34 36 40 41 37 32 31 32 33 37 35 29 33 36 30 31 32 28 31 47 80 97 96 103 80 96 85 54 69 74 75 91 97 124 150 147 119 88 115 139 154 160 159 165 161 165 171 168 146 161 173 175 170 170 174 171 172 172 169 174 170 170 170 172 168 167 169 169 168 171 168 170 169 167 177 161 82 58 64 69 83
36 38 39 34 38 42 47 44 41 37 35 34 34 34 34 34 37 33 32 34 35 34 32 30 29 31 30 26 51 91 110 120 146 118 123 105 87 127 143 128 115 110 106 106 97 72 83 134 161 151 162 163 166 168 168 170 165 163 168 173 175 175 172 172 172 173 170 172 169 172 171 172 169 169 169 169 168 169 170 170 169 166 167 172 170 144 117 117 121 122
35 36 38 32 37 41 46 43 40 37 35 34 34 34 35 34 37 33 32 34 35 34 32 30 33 33 31 35 69 115 145 164 187 166 154 141 151 179 156 133 127 114 98 90 84 75 107 172 169 152 157 161 167 168 166 169 167 166 171 174 175 175 171 171 173 173 170 172 169 172 171 171 169 169 169 169 168 169 170 170 170 170 168 167 173 168 157 159 146 148
