208 210 214 211 215 214 208 213 213 210 211 213 215 214 212 217 221 216 217 220 216 216 221 218 221 216 220 217 222 227 221 225 219 223 224 226 226 222 222 225 224 226 226 227 228 227 226 226 226 225 227 229 227 226 227 226 229 226 229 232 229 228 232 233 232 232 232 232 232 232 232 232 232 233 234 234 234 234 234 234 235 235 235 235 236 237 237 238 238 238
214 211 215 208 213 213 208 210 203 197 207 212 211 215 213 210 204 217 218 216 216 218 220 211 215 220 215 221 217 215 224 224 223 224 225 221 222 226 225 226 226 225 224 223 225 226 226 227 227 229 229 226 226 229 230 229 228 228 229 230 230 229 230 232 231 231 231 231 231 232 232 232 233 233 234 234 234 234 234 234 235 235 235 235 236 237 238 238 238 238
212 208 211 212 210 201 200 190 164 164 190 193 180 186 182 172 179 192 190 198 206 204 208 205 220 216 212 218 216 223 223 227 220 224 227 228 224 223 226 225 225 225 225 226 228 228 227 226 226 229 228 226 228 230 228 225 228 229 228 228 231 231 230 231 232 231 231 231 231 232 232 232 233 234 234 234 234 234 234 235 235 235 234 235 236 237 238 239 238 238
213 208 206 216 190 163 156 133 113 92 116 133 123 111 99 104 126 121 120 151 162 147 158 169 197 202 199 214 198 180 188 218 218 222 219 225 228 224 227 224 226 228 229 229 229 228 227 228 227 228 227 228 231 228 225 228 227 229 229 228 230 231 231 231 232 232 232 231 232 232 233 233 233 234 234 234 234 234 235 235 235 235 235 235 237 238 239 240 238 238
213 206 204 200 133 93 86 82 60 52 66 64 58 58 48 51 62 67 67 80 82 82 101 100 128 122 119 133 120 89 96 150 177 185 195 197 202 214 215 207 204 209 213 214 216 219 224 229 233 232 229 228 228 226 227 231 228 228 230 230 228 230 233 231 232 232 232 232 232 233 233 234 233 234 234 234 234 234 235 235 235 235 236 237 238 239 240 240 239 239
155 118 107 105 70 63 56 63 46 46 55 49 45 45 40 51 54 65 67 67 59 57 72 69 70 63 70 69 71 58 46 77 90 112 142 133 139 170 174 178 186 196 207 214 216 213 210 208 209 217 227 231 230 229 229 228 230 228 230 231 228 230 233 232 232 232 232 232 232 232 233 233 233 233 234 234 234 234 235 235 236 236 236 238 239 240 240 240 239 239
100 56 42 48 59 65 61 62 58 47 49 55 54 47 40 47 54 75 76 69 67 65 61 52 52 66 71 61 56 45 55 53 52 72 136 139 101 125 168 182 190 195 199 202 206 207 205 204 202 198 200 209 219 231 235 230 232 230 229 230 230 230 232 233 232 232 233 233 233 233 233 233 232 233 234 235 235 235 234 235 236 236 236 237 238 239 240 240 239 239
49 43 50 58 70 54 65 72 66 55 55 55 49 46 41 36 55 73 63 52 66 70 57 49 62 56 67 60 59 51 63 52 55 67 104 150 168 176 192 201 201 201 199 200 204 208 206 204 201 198 203 206 201 206 221 230 234 232 229 229 231 230 230 233 233 233 233 234 234 234 233 233 232 233 234 235 235 235 234 234 236 236 236 236 237 239 239 240 239 239
41 46 52 59 55 60 68 67 59 62 53 50 46 42 47 45 49 58 62 53 57 70 62 67 70 59 58 61 62 77 57 57 49 52 66 106 152 175 189 207 206 208 201 202 198 191 201 208 218 212 202 196 207 210 201 210 224 227 234 230 228 235 227 232 230 233 230 239 234 231 235 233 234 238 235 232 236 238 237 237 238 238 238 239 240 239 239 241 239 239
57 43 64 60 54 58 70 75 71 58 50 54 52 48 54 60 49 51 55 51 53 67 65 71 71 69 58 59 53 72 81 75 68 66 65 65 85 133 172 180 194 187 169 170 182 185 192 195 197 207 212 202 202 207 202 205 202 210 220 234 234 226 233 235 233 234 231 233 232 237 236 231 231 233 234 235 237 236 235 237 238 238 238 238 239 239 239 241 239 239
58 63 71 67 73 75 76 69 55 63 61 59 68 78 81 80 70 68 63 58 60 67 59 68 75 71 60 67 57 59 63 56 57 54 64 72 73 90 126 151 171 164 148 157 185 199 202 200 204 201 206 207 212 219 215 211 210 202 193 213 238 229 233 229 232 231 234 236 233 237 232 233 234 234 236 237 237 237 238 239 237 238 238 238 239 239 239 241 239 239
88 101 97 108 113 115 91 67 50 60 58 67 88 105 110 103 103 88 84 83 83 97 98 99 85 81 79 82 76 72 61 65 81 90 91 97 119 134 145 160 171 175 169 170 178 179 179 178 176 175 179 180 189 205 208 202 205 202 190 183 225 240 239 235 235 233 231 234 233 237 235 237 234 233 235 236 235 237 237 234 236 237 238 239 240 239 239 239 239 239
101 86 90 95 74 77 66 66 61 60 57 83 116 136 146 132 127 126 123 126 135 140 124 118 106 106 109 97 93 105 105 118 135 151 152 157 177 181 177 183 178 182 181 177 174 171 169 165 163 164 166 163 164 168 169 170 173 173 172 162 195 206 205 215 224 237 237 241 236 236 237 233 236 233 234 236 236 237 238 237 236 237 238 239 239 239 239 239 240 240
57 85 83 64 72 76 58 55 62 62 62 98 137 144 150 157 162 157 156 159 160 165 151 137 130 130 140 144 146 156 163 167 178 183 185 185 187 191 191 187 181 184 187 184 179 179 180 177 179 174 170 173 174 167 163 168 173 173 173 166 174 171 169 167 177 175 172 201 225 237 242 238 236 235 238 240 237 233 236 241 237 238 238 237 238 239 239 240 240 240
91 87 79 89 81 63 59 66 80 84 87 100 128 143 151 168 182 183 174 171 177 179 169 168 168 162 164 172 178 178 182 182 181 181 188 191 187 188 189 185 190 189 188 186 186 188 186 183 188 190 187 183 182 181 180 179 179 177 178 184 181 170 171 173 172 170 163 166 162 170 198 230 244 244 240 236 237 238 236 235 237 238 238 238 238 239 239 239 240 240
102 94 86 88 75 99 98 104 114 100 127 153 163 174 173 177 184 187 183 184 185 184 175 176 176 181 183 177 182 184 182 181 181 185 184 180 178 176 179 184 194 197 196 191 192 195 197 203 202 200 198 198 194 188 186 185 179 182 180 183 185 187 181 178 171 178 176 167 160 162 155 155 173 209 236 239 237 238 238 239 235 238 239 239 240 240 238 237 240 240
96 92 88 93 97 118 101 114 129 146 156 162 166 167 176 186 189 195 195 194 189 186 188 182 173 178 176 182 181 177 181 184 189 186 173 165 164 171 194 195 199 203 205 204 200 198 200 198 201 198 198 201 199 194 193 195 190 187 181 180 181 183 184 184 185 184 182 181 172 165 166 159 148 150 175 213 239 242 237 239 239 242 242 236 239 240 235 241 240 240
106 95 90 104 113 114 129 145 160 169 164 165 176 177 181 196 199 202 200 197 193 191 194 189 188 187 183 183 185 173 187 178 165 156 161 149 167 182 187 197 198 200 204 205 200 200 203 201 202 202 202 203 202 200 198 196 194 188 182 177 172 168 171 180 184 184 183 183 180 175 171 164 162 157 147 144 183 231 241 239 238 236 239 240 235 238 244 239 240 240
95 106 94 103 119 131 153 166 170 174 181 191 193 191 198 205 200 203 202 200 197 195 196 192 192 189 185 181 183 185 163 134 119 134 145 148 178 193 190 191 199 200 206 207 203 204 207 206 204 206 206 204 204 205 201 195 192 185 177 163 154 152 158 175 171 178 191 194 189 185 180 175 169 155 162 149 139 172 213 241 241 241 234 239 241 235 237 239 241 241
104 105 97 107 132 155 164 170 183 191 192 199 206 199 196 201 201 203 203 202 201 200 199 197 192 193 187 190 189 176 122 90 99 136 159 169 177 182 178 188 200 201 206 208 206 207 207 209 209 210 209 207 207 208 203 195 192 187 179 159 147 144 141 151 162 170 193 200 194 196 193 187 177 169 165 158 149 135 149 201 238 241 243 244 240 242 246 238 240 240
124 93 105 130 151 156 178 191 207 213 210 209 209 201 198 202 205 205 203 201 201 202 202 203 196 197 191 202 186 127 91 78 102 149 160 166 150 142 178 192 195 197 204 206 209 209 205 207 213 212 212 211 210 209 205 199 193 188 181 168 162 162 158 161 173 177 190 193 195 200 194 189 188 180 170 165 157 144 138 137 166 180 205 218 222 227 232 241 248 248
114 98 98 134 163 178 204 215 209 211 213 212 204 200 205 206 208 208 208 205 205 206 203 206 208 206 205 203 160 108 82 93 139 159 159 125 109 141 192 201 192 192 200 206 211 213 208 209 213 213 213 213 211 209 205 202 200 189 181 178 176 177 181 184 179 183 181 176 181 184 183 189 185 185 179 172 158 150 150 139 130 151 164 156 156 159 161 178 187 187
81 99 83 123 169 206 219 223 214 214 204 206 215 212 209 214 213 213 215 212 213 212 207 210 211 207 206 179 128 112 82 111 153 157 124 94 79 145 206 203 194 187 197 205 209 216 215 214 214 216 217 216 212 209 206 202 194 186 180 182 177 176 187 186 185 194 195 193 190 182 178 178 176 173 172 175 169 157 151 150 135 137 153 167 166 164 165 165 160 160
68 72 58 111 179 210 212 208 216 210 208 217 221 217 216 215 215 214 215 211 212 212 209 214 212 209 200 157 119 107 93 129 157 147 99 97 65 138 190 203 198 183 193 201 203 215 220 216 217 222 224 220 214 212 208 202 196 192 183 180 169 171 190 186 187 188 191 199 196 193 196 187 179 174 172 170 171 168 159 159 161 147 134 147 162 168 173 170 171 171
61 61 55 90 156 202 204 190 194 208 215 214 212 212 214 218 220 216 214 214 214 213 215 217 217 208 190 149 117 102 108 145 163 120 112 93 84 131 165 195 204 184 179 201 210 211 214 220 224 222 222 224 218 211 206 199 188 183 179 165 166 168 169 175 173 175 179 190 197 200 194 200 191 190 183 174 170 172 170 165 167 167 155 143 146 156 165 173 175 180
73 55 53 67 117 184 211 179 174 192 214 210 209 217 214 217 215 215 214 214 214 216 216 215 211 213 186 135 113 92 90 130 156 113 116 86 113 138 142 187 209 192 175 195 211 210 212 221 220 223 222 219 218 213 204 194 184 172 171 158 148 141 144 157 155 170 184 191 187 191 197 195 194 189 183 181 183 181 176 173 173 176 172 162 150 142 145 155 168 178
68 51 71 67 87 145 188 166 155 163 200 207 206 222 218 216 215 216 214 210 211 217 220 217 215 212 187 135 105 86 88 130 147 128 108 78 130 170 163 188 210 197 169 188 208 205 209 217 218 223 221 217 217 211 198 189 180 169 153 134 113 122 167 177 173 176 192 186 188 183 191 191 190 188 186 188 188 180 178 186 187 182 180 177 169 156 143 135 148 161
55 63 79 80 90 126 169 148 137 130 176 207 209 219 218 213 214 215 212 209 210 216 219 217 221 204 182 139 104 97 87 134 150 132 88 48 78 121 176 164 204 196 161 180 204 204 212 215 216 216 217 215 211 201 187 182 167 158 143 103 109 161 188 180 174 177 188 165 170 182 187 188 190 189 189 195 198 189 183 190 189 189 190 187 181 174 160 142 132 137
76 71 69 57 66 105 121 116 108 104 147 197 213 217 220 219 217 216 216 217 217 219 220 218 215 210 188 144 111 107 72 135 149 123 86 63 40 69 176 182 205 201 155 168 202 206 212 213 217 213 216 214 207 197 181 172 154 132 109 106 157 195 189 178 172 175 159 132 148 172 177 191 199 199 196 195 194 186 182 187 188 194 200 195 187 185 178 163 140 132
88 83 63 53 85 97 67 79 83 101 136 189 217 216 218 219 221 219 219 220 220 220 222 223 214 212 187 136 104 101 52 108 131 116 92 76 38 45 132 180 202 198 143 157 204 210 211 213 216 212 216 211 203 195 174 157 136 116 104 147 188 184 188 181 170 171 133 96 173 191 189 200 206 209 209 202 195 191 191 193 193 195 199 199 197 197 192 181 170 154
105 89 85 113 118 90 93 104 125 129 130 163 201 216 223 222 220 217 216 216 216 218 221 224 219 214 197 141 100 86 47 89 114 91 55 22 36 44 119 163 184 176 132 158 208 216 217 216 211 211 215 207 197 184 157 140 117 122 154 182 191 189 192 184 182 184 140 56 145 197 202 199 194 197 202 204 205 206 202 193 194 196 199 202 201 200 197 193 184 170
87 105 143 132 129 121 105 97 132 143 153 177 202 215 223 221 218 218 219 219 219 221 223 224 220 214 201 146 109 79 46 79 98 85 52 30 44 58 143 165 176 161 133 170 210 216 218 211 212 213 218 211 198 176 145 134 147 164 184 194 198 194 196 190 194 187 157 45 67 160 185 190 193 195 201 202 201 206 207 200 197 198 198 199 200 200 196 191 188 180
91 132 108 103 101 104 126 113 114 122 151 179 211 223 220 224 220 219 219 219 218 221 224 224 223 221 206 167 112 86 43 66 92 77 62 41 67 104 159 151 167 143 136 181 217 216 214 213 212 215 209 206 192 172 152 162 182 187 201 197 196 193 197 196 202 185 158 67 44 127 168 186 189 196 198 197 195 206 202 200 203 205 203 202 198 194 192 191 190 187
95 108 86 97 89 96 113 124 126 128 152 176 203 214 215 218 220 219 219 220 220 223 226 225 224 222 206 169 114 74 55 71 83 76 81 62 109 145 156 153 156 133 151 197 217 212 209 213 212 212 212 207 184 173 173 190 193 195 202 194 194 191 197 202 201 191 159 107 64 111 165 170 175 180 186 194 193 199 196 200 205 205 206 203 201 198 192 190 191 188
85 113 105 97 85 96 135 131 118 133 170 191 201 202 209 219 221 220 220 221 221 223 225 225 222 221 208 180 130 70 66 74 85 75 84 80 100 141 146 168 146 126 165 207 215 215 210 211 212 209 212 208 189 190 195 200 197 198 201 194 194 191 193 198 201 201 158 124 103 144 164 172 171 171 176 187 190 191 187 193 202 201 203 198 199 203 198 197 190 187
87 123 99 83 105 135 126 125 120 150 190 203 210 215 220 222 221 221 221 221 221 222 224 225 224 219 206 181 140 80 70 77 91 84 84 93 90 123 149 176 143 142 187 215 213 216 212 209 210 209 210 205 198 205 203 193 189 189 193 192 191 190 194 202 209 195 165 137 103 154 160 168 169 166 166 175 188 193 187 190 194 196 200 194 197 205 200 200 192 189
106 119 81 91 123 133 131 155 170 174 184 194 211 217 220 224 220 221 222 221 220 220 223 226 223 220 207 180 147 106 70 72 102 100 95 100 106 105 144 172 144 166 203 217 210 208 209 210 206 209 208 199 200 203 200 199 188 171 174 190 192 191 195 206 208 193 164 141 96 169 190 169 173 172 167 166 181 187 179 176 185 193 201 199 199 203 197 193 192 189
117 121 92 110 129 139 175 172 176 177 182 193 212 215 219 224 218 221 221 220 220 220 223 227 225 224 212 181 155 138 91 84 98 105 106 111 128 142 173 187 177 197 210 210 205 197 197 202 205 208 205 198 205 201 201 210 193 138 120 157 181 188 190 202 207 194 161 129 81 156 186 184 168 170 171 166 176 183 180 174 178 189 197 197 199 202 199 193 190 188
144 121 115 141 147 164 159 171 168 184 195 193 202 213 223 220 217 219 219 218 220 220 222 225 221 220 214 195 171 165 133 118 116 122 120 116 133 187 209 196 202 209 207 203 204 201 200 204 206 205 205 198 208 205 203 207 190 109 68 113 158 178 185 203 209 204 184 139 85 167 196 194 170 168 177 173 172 175 180 174 175 184 183 187 193 199 204 198 192 189
134 91 112 137 142 158 155 176 185 180 184 192 202 206 216 219 217 219 218 217 219 220 220 222 223 214 207 199 177 175 171 159 149 142 145 143 155 184 200 195 196 202 204 200 202 205 204 206 203 205 208 197 202 203 204 199 188 111 69 110 154 173 179 202 208 207 179 136 94 180 216 216 181 170 183 179 167 164 174 166 173 180 174 179 188 195 204 197 192 189
104 98 129 132 139 152 170 175 183 179 178 186 200 213 218 217 217 217 216 215 217 215 212 213 216 212 209 206 196 182 184 178 171 169 170 178 184 196 199 205 203 202 204 204 200 200 202 203 203 204 203 199 199 204 205 199 182 125 84 122 137 162 173 195 204 206 185 141 116 175 194 206 189 172 188 184 168 163 168 162 171 178 166 180 191 196 203 193 187 182
83 114 127 131 143 149 161 168 174 171 178 195 207 210 212 216 214 217 216 214 215 215 213 212 217 213 212 208 203 192 190 186 183 183 189 199 201 207 203 202 202 199 198 200 200 199 201 205 201 204 201 197 201 207 206 204 183 140 100 131 135 146 165 174 193 208 183 150 117 150 185 202 198 172 188 186 169 154 164 166 168 169 162 183 196 198 198 189 184 181
84 111 116 132 142 147 154 155 173 171 180 200 213 214 212 215 214 218 218 213 213 215 215 214 223 219 217 208 205 197 191 188 187 187 197 210 211 215 209 204 203 202 199 197 199 199 198 199 201 203 201 201 206 213 213 209 192 161 126 129 139 145 150 162 180 208 180 150 109 140 208 221 214 175 182 178 168 150 164 169 166 159 158 184 197 195 189 182 182 181
81 95 116 126 129 141 149 148 167 173 184 196 206 209 208 208 216 218 217 213 212 213 215 216 220 215 213 200 199 195 188 188 187 187 201 217 218 222 217 211 204 211 208 202 204 208 205 202 203 200 207 213 215 222 223 212 198 182 159 140 147 141 132 139 171 207 181 144 104 129 201 216 208 177 181 173 168 151 165 169 158 148 152 179 191 192 184 180 181 179
78 103 131 116 118 130 142 149 162 178 191 197 199 201 204 207 214 213 214 214 211 210 211 213 215 211 209 195 193 189 184 184 187 188 204 223 223 224 216 209 204 213 213 208 213 219 219 217 212 210 217 223 224 225 219 205 193 179 155 139 143 133 138 125 159 197 179 135 102 114 169 202 204 176 171 161 160 146 155 156 144 141 151 176 189 193 186 184 178 175
80 85 98 91 106 122 152 165 166 176 183 189 195 197 200 205 210 209 212 214 213 210 210 212 215 212 210 199 194 189 185 182 184 184 198 214 214 214 205 201 193 197 197 198 202 206 209 213 213 215 215 217 222 218 205 197 184 172 154 131 131 120 121 116 164 197 188 129 89 102 151 177 191 174 170 163 154 138 143 146 133 138 148 170 183 187 179 175 174 172
89 76 85 103 112 114 137 148 173 176 179 185 195 200 202 205 207 206 209 212 212 212 213 213 213 210 207 201 197 190 191 185 180 180 188 200 200 199 192 192 190 188 188 190 190 191 195 198 197 199 194 196 206 205 197 196 188 170 151 125 133 123 107 111 146 183 177 119 94 117 167 176 193 173 162 159 147 144 150 149 142 150 152 169 182 184 177 173 171 170
74 79 98 117 110 105 120 143 163 174 181 186 192 195 197 202 203 203 205 206 207 212 215 213 214 209 204 199 193 185 189 180 178 177 183 192 190 187 179 180 185 184 184 184 182 184 186 184 189 185 178 178 186 190 189 188 182 168 151 144 150 130 113 101 139 179 156 108 112 131 174 190 195 173 157 152 133 140 147 140 146 153 148 162 176 179 175 172 168 168
75 82 101 102 92 91 121 131 148 166 177 185 189 195 196 199 202 204 204 204 207 210 212 213 214 211 206 199 193 188 184 180 172 170 175 179 184 174 171 168 171 174 175 174 174 175 174 174 174 178 174 177 179 176 181 188 184 170 159 157 147 126 109 109 143 174 148 109 104 132 171 196 184 171 159 147 137 141 146 142 149 162 153 157 172 178 173 173 178 174
82 82 82 84 87 92 107 133 153 166 170 178 181 186 191 196 201 205 207 207 207 208 208 209 211 208 202 197 192 185 178 173 161 159 166 166 167 165 157 155 156 156 158 162 164 162 163 168 166 169 170 175 177 175 180 183 177 168 153 149 137 118 105 116 146 159 139 110 97 117 157 181 171 164 155 147 140 137 142 147 149 158 153 156 164 173 173 173 174 170
85 73 79 94 95 109 117 130 147 160 160 171 176 179 189 196 199 201 202 203 205 208 210 212 206 205 199 193 189 180 171 168 155 154 161 159 159 157 145 149 154 152 151 155 157 156 156 159 161 160 159 164 168 173 183 187 167 144 133 146 129 124 117 119 138 156 134 107 118 146 171 183 170 162 151 144 142 144 146 147 153 159 158 159 158 169 175 172 169 163
87 84 86 99 108 119 123 134 140 154 155 170 176 177 186 194 196 197 196 196 200 204 206 207 204 205 199 190 180 163 148 144 142 145 155 142 128 123 129 132 142 152 159 156 153 157 162 164 163 162 159 160 164 168 173 176 165 138 120 143 137 134 123 128 141 149 132 113 142 187 201 182 161 157 149 142 146 157 158 148 150 157 160 162 160 174 180 177 172 166
83 85 89 100 111 112 131 139 146 156 154 168 176 177 181 187 194 197 199 200 203 205 206 207 206 202 192 177 160 140 124 120 126 133 136 108 87 85 118 127 133 149 160 159 156 160 163 160 167 164 151 142 149 159 167 177 172 133 102 128 129 129 120 126 142 145 132 116 143 170 171 157 142 152 150 144 152 161 157 149 151 158 161 162 163 176 179 178 175 169
78 86 91 105 120 113 136 149 156 160 155 163 173 179 179 184 188 192 196 197 197 199 203 208 208 201 189 171 148 124 109 103 120 133 103 65 70 82 113 132 135 151 167 170 161 156 157 157 166 164 152 141 149 158 163 174 175 141 116 134 125 120 123 132 144 150 133 114 145 146 124 118 137 147 143 144 161 164 153 153 160 165 165 164 165 176 175 174 171 165
91 86 97 116 116 121 147 151 157 161 159 160 170 180 177 185 192 194 194 194 194 196 200 205 204 201 197 179 144 111 92 83 115 110 70 64 74 77 100 157 145 151 165 175 173 167 165 163 164 165 158 149 155 164 166 174 180 160 123 121 123 115 121 143 155 148 133 121 155 152 125 117 136 139 139 150 169 170 162 163 162 164 167 168 169 179 176 174 168 161
83 88 94 113 121 135 144 151 153 162 165 162 167 178 174 184 187 188 190 193 197 199 201 202 198 198 196 174 131 96 84 80 104 84 56 71 75 108 128 163 150 153 164 175 177 175 174 172 173 169 160 146 146 154 157 163 162 148 123 119 120 114 124 139 154 153 133 110 132 107 84 111 134 135 148 163 169 168 167 165 162 162 168 172 171 179 174 170 166 158
92 94 99 112 126 140 154 158 151 157 160 161 167 175 180 183 189 189 190 194 196 196 200 200 199 194 192 173 110 75 68 70 96 58 58 74 101 151 146 177 161 151 169 181 178 187 180 179 178 177 167 149 135 137 144 145 141 129 114 114 113 118 128 146 160 155 131 99 90 66 74 115 140 145 162 165 169 165 163 162 164 164 166 171 174 172 169 167 164 163
91 100 102 114 132 142 150 159 153 156 158 162 169 175 179 184 186 187 188 192 193 193 195 194 195 192 186 161 99 67 62 68 81 56 60 79 143 194 160 169 168 153 163 184 185 187 182 180 183 182 181 167 145 137 139 137 130 125 117 120 118 124 138 148 157 156 111 62 44 37 83 124 151 162 169 165 155 164 164 166 166 163 162 165 168 169 169 169 168 167
75 92 102 117 135 141 145 154 154 157 159 163 169 172 174 178 180 182 183 187 189 191 195 194 190 189 179 146 87 64 61 70 77 55 55 56 79 127 172 159 174 161 156 181 188 186 188 186 187 186 186 177 157 137 123 116 119 127 128 131 123 124 140 155 160 157 101 30 28 54 101 141 158 157 156 161 162 171 168 169 169 167 167 168 167 163 158 155 164 163
73 87 101 117 130 136 143 149 153 159 162 164 168 171 172 175 177 181 183 187 190 193 197 195 193 191 174 135 82 64 58 69 69 60 45 93 66 53 115 167 168 169 152 174 188 185 191 189 191 193 187 181 175 152 124 112 112 129 133 126 122 134 141 148 158 155 99 29 41 94 146 164 153 152 161 165 171 167 167 167 170 168 167 168 166 165 165 164 162 160
70 81 93 112 129 138 144 147 150 154 157 161 164 164 168 176 178 178 175 174 176 181 190 192 189 185 165 125 83 70 59 74 84 71 45 72 43 36 79 152 160 172 149 170 194 190 191 190 192 196 191 187 188 172 144 130 117 119 134 140 135 141 140 152 154 146 100 43 87 143 152 159 154 164 174 170 169 166 169 163 167 165 165 165 162 163 166 167 159 157
73 78 81 98 124 140 149 155 155 153 155 161 162 158 163 176 173 174 173 176 177 178 184 185 187 181 160 120 83 70 55 77 92 80 50 26 32 34 69 142 154 167 141 158 190 189 186 187 191 194 195 191 186 178 162 148 124 112 130 143 134 138 140 144 137 129 106 108 142 148 159 164 170 171 165 169 166 171 169 166 162 162 166 167 163 161 159 156 151 148
76 79 82 98 120 136 147 152 158 159 161 165 166 162 165 175 171 170 169 173 173 173 179 182 180 175 156 118 85 70 57 90 105 101 65 38 54 57 79 142 157 170 147 155 185 195 191 191 190 193 195 192 186 181 172 161 144 115 115 146 152 148 139 131 131 143 147 140 160 161 163 172 176 171 162 168 165 166 166 169 160 159 162 165 164 164 164 160 148 144
71 71 81 97 109 126 145 148 149 157 162 163 165 167 169 171 178 174 170 171 170 169 176 180 179 175 158 120 86 70 58 99 120 121 89 42 85 112 121 149 152 170 154 152 178 196 192 187 187 190 189 188 191 186 176 170 161 132 104 127 148 151 150 140 147 149 161 155 167 170 168 170 166 168 168 164 168 165 172 166 165 161 161 161 158 158 157 151 147 144
73 76 76 92 99 115 132 148 147 151 159 163 164 166 167 169 167 172 173 171 169 173 179 176 174 173 159 117 78 69 61 115 130 131 108 61 123 149 146 148 155 173 156 149 183 191 192 187 188 190 191 190 190 188 180 172 163 147 125 111 121 144 152 144 143 154 164 169 171 173 175 176 172 171 164 161 166 167 164 165 166 159 159 160 155 152 154 154 153 148
76 79 76 88 92 105 119 126 136 147 155 161 159 159 168 168 168 172 173 173 171 173 178 177 174 174 159 108 80 81 67 122 135 125 128 83 124 146 139 155 164 171 154 152 180 187 192 189 191 192 192 191 190 189 183 176 170 163 145 122 111 122 137 142 145 155 165 172 175 175 173 172 167 168 166 164 165 163 159 159 158 158 156 154 155 158 159 157 152 148
74 64 71 102 98 89 105 119 126 139 146 155 157 159 171 170 169 171 171 171 169 167 171 171 178 170 163 111 79 88 77 125 135 121 134 114 75 88 125 156 178 173 157 159 180 184 189 186 187 189 189 189 189 188 183 177 175 170 160 146 138 141 147 149 162 168 175 178 179 176 171 166 167 166 165 163 159 156 156 158 160 161 155 149 156 164 162 156 152 148
65 60 65 91 98 93 103 112 120 131 136 145 152 155 162 165 168 169 167 169 169 167 170 172 168 171 167 113 79 85 80 121 147 134 118 139 75 61 147 168 172 165 153 161 179 183 186 184 188 188 187 186 187 188 187 184 179 173 164 155 149 151 158 164 170 173 174 173 173 173 171 170 171 166 166 164 158 156 160 162 164 162 156 154 162 167 160 152 152 149
56 70 71 78 96 95 94 102 117 126 136 141 149 152 152 166 167 168 165 165 164 161 163 164 164 166 172 137 92 82 86 109 144 150 128 122 124 84 113 165 163 160 151 161 178 184 185 185 182 183 185 187 189 190 187 184 179 176 172 166 160 158 161 166 169 173 176 176 174 171 169 167 165 161 164 165 160 158 161 161 161 158 160 166 169 166 158 152 151 148
83 74 71 76 93 93 92 99 110 121 136 136 138 137 134 152 159 165 165 166 167 166 167 167 167 161 169 170 135 89 78 97 125 149 154 135 121 105 130 140 159 160 153 163 176 184 183 186 178 180 183 187 189 189 185 182 181 175 167 164 166 166 166 166 169 171 170 167 164 161 159 159 162 159 162 164 162 162 164 163 163 161 165 169 165 158 155 155 150 148
88 79 87 79 84 90 92 93 108 120 133 133 130 126 121 127 145 159 165 166 166 165 164 163 162 167 161 171 174 121 81 93 106 138 158 162 154 138 133 145 152 155 153 165 173 181 181 187 184 183 181 182 184 186 187 187 180 178 173 168 169 169 168 167 162 158 150 145 147 153 159 163 168 167 166 166 165 166 168 167 167 169 167 162 158 154 153 156 151 149
81 88 93 69 77 85 80 88 97 107 118 124 125 125 121 111 131 151 163 167 168 167 167 165 164 168 164 163 175 162 126 93 100 122 150 166 172 164 166 153 156 158 158 171 173 178 178 183 180 180 181 183 185 184 182 181 176 178 176 173 172 170 165 162 153 151 148 151 159 166 168 168 170 170 169 167 166 166 165 164 164 172 167 158 158 158 154 153 153 151
94 94 91 64 76 74 74 78 99 107 111 107 110 113 114 126 123 146 163 170 169 169 172 168 169 169 163 167 169 169 164 137 119 116 142 152 159 169 168 161 159 162 162 169 173 176 175 181 179 178 180 180 181 183 183 179 175 177 175 169 173 171 167 163 163 163 163 164 166 172 174 172 173 171 166 164 163 162 161 162 161 159 159 156 151 151 151 148 151 152
81 77 75 67 69 76 81 69 84 104 118 107 94 95 101 111 112 138 161 162 167 176 172 172 173 176 170 171 169 166 171 171 157 143 146 143 147 159 167 167 161 167 169 172 171 175 173 173 180 179 180 181 179 179 184 187 180 175 174 173 170 166 169 172 174 172 174 177 179 178 176 173 171 163 162 177 192 189 182 184 186 185 187 187 183 178 171 163 144 139
72 96 71 62 69 73 81 77 85 84 90 101 105 91 85 102 114 123 142 150 152 156 158 166 160 163 167 168 169 168 171 175 169 165 165 159 157 159 169 172 169 168 167 169 164 167 171 178 173 173 175 177 178 180 181 179 175 178 178 176 176 177 177 177 174 176 179 178 176 175 172 167 161 173 207 238 244 243 246 244 246 244 244 245 244 244 243 239 209 135
78 72 75 67 75 81 62 85 75 67 74 85 82 78 84 91 89 102 106 112 119 123 132 135 134 132 149 161 159 158 163 175 168 169 167 166 168 164 169 167 161 166 170 172 165 169 171 169 168 175 175 168 170 182 184 175 177 183 177 173 178 181 176 178 181 177 176 177 172 169 175 184 214 241 251 243 240 241 242 245 243 243 244 245 243 244 245 245 254 69
75 85 68 61 81 86 76 49 63 69 66 59 61 69 78 82 79 92 86 89 102 101 102 109 115 115 125 125 123 134 143 152 157 162 161 163 169 163 166 163 166 161 163 173 170 170 170 172 174 171 174 178 175 170 171 175 171 174 175 182 178 174 169 175 176 179 182 184 192 209 228 240 247 244 236 237 245 242 237 242 241 242 244 245 244 243 242 242 245 60
69 73 66 70 84 97 94 45 50 52 64 72 67 70 79 72 90 79 81 84 84 83 79 84 92 90 90 88 93 100 106 122 126 135 141 147 154 152 160 163 166 168 166 167 166 172 171 168 170 171 172 172 171 173 173 170 168 167 172 175 161 180 201 208 208 212 224 237 244 243 244 245 239 237 243 245 238 241 246 241 243 242 241 242 244 245 246 247 250 63
67 73 67 64 75 94 89 80 53 55 58 66 70 76 81 73 82 71 78 78 71 78 78 69 70 79 82 75 73 74 80 91 89 94 104 113 125 128 135 137 142 158 167 170 167 171 171 173 168 168 170 169 165 166 170 173 167 168 170 166 153 201 240 239 242 242 240 238 238 241 241 238 238 242 241 239 240 241 241 243 244 243 242 243 245 245 243 244 246 72
67 85 71 67 59 83 93 85 73 63 61 69 71 77 81 66 66 68 67 76 81 73 71 68 69 69 72 73 68 67 74 79 77 77 80 77 82 90 107 120 141 166 171 157 145 156 168 178 183 178 174 162 142 133 150 173 168 167 169 172 166 213 244 237 235 236 237 238 238 239 239 238 240 242 241 239 240 241 241 243 243 244 243 243 243 242 243 247 246 75
72 83 84 79 59 75 97 78 73 66 60 71 75 81 76 55 56 64 71 76 77 75 76 71 66 64 65 66 71 63 69 67 71 74 78 78 71 85 109 145 176 175 142 99 90 109 133 153 159 144 123 98 122 135 167 179 172 163 164 162 187 229 239 236 239 237 237 238 240 240 239 239 239 239 239 239 240 241 242 243 243 243 243 243 243 243 243 243 250 79
86 67 66 81 71 73 85 83 64 77 67 64 71 70 57 56 62 66 66 72 75 68 66 74 74 73 73 65 63 67 78 66 67 69 69 64 86 117 136 154 155 171 166 138 111 91 79 79 75 73 65 74 141 174 181 167 164 154 156 187 227 240 235 236 238 237 237 238 239 239 239 239 239 239 239 239 240 240 242 243 242 243 243 243 243 243 243 243 249 98
86 74 71 82 83 81 78 83 58 74 64 52 59 68 61 67 64 71 72 68 73 75 67 66 71 76 75 71 73 65 67 73 79 70 64 67 122 166 175 170 153 162 178 173 145 119 100 85 77 81 74 109 168 146 113 127 160 200 225 237 238 234 239 235 237 237 237 238 239 239 239 239 239 239 239 239 239 240 241 243 242 243 243 244 244 243 243 243 252 143
83 90 95 91 76 79 78 65 62 68 59 57 71 73 58 71 70 74 81 80 78 80 79 80 77 71 70 70 70 72 75 69 67 74 91 115 150 168 174 166 172 171 169 168 163 147 129 119 117 123 142 157 135 116 141 183 214 238 235 235 239 231 233 238 237 238 238 239 239 239 239 240 239 239 239 239 238 239 241 243 243 243 244 244 243 243 243 243 253 199
80 93 81 77 80 86 81 65 78 74 69 64 65 78 75 74 81 77 79 80 81 82 82 84 90 83 81 77 69 74 79 74 98 108 122 142 125 111 118 118 118 125 145 159 158 158 157 152 153 151 141 137 139 170 209 231 240 238 236 235 233 235 239 237 237 238 239 239 238 239 239 240 239 239 239 239 238 239 241 243 244 244 244 243 243 242 242 242 245 235
96 103 88 85 80 83 86 71 79 85 76 73 80 82 74 83 84 87 82 84 91 91 95 102 98 109 114 112 110 125 139 155 192 178 161 165 136 114 104 86 86 96 101 107 119 124 129 137 143 152 162 188 213 230 236 237 236 232 232 232 236 237 232 235 236 237 238 238 238 238 239 239 239 239 239 239 239 239 240 242 244 244 244 243 242 242 242 242 243 250
175 177 146 124 112 98 88 90 89 93 82 83 91 94 86 83 97 100 99 124 144 139 138 138 134 155 173 178 181 209 220 218 227 221 213 208 192 182 179 173 173 171 171 171 171 178 189 196 207 217 228 238 238 231 232 235 232 229 236 237 233 236 237 236 236 237 238 238 238 239 239 239 239 239 239 239 239 239 240 241 243 243 243 243 243 242 242 243 241 245
211 213 200 193 184 160 141 154 155 145 121 130 150 152 143 143 146 151 148 166 187 199 208 193 180 202 212 216 221 230 223 232 229 229 234 225 231 230 226 228 228 228 231 233 232 230 231 235 234 233 234 231 233 233 238 232 237 235 234 234 234 235 236 236 237 238 238 238 238 239 239 239 240 239 239 239 240 240 240 240 242 242 243 243 243 243 243 243 246 243
216 210 208 214 214 200 198 212 206 201 195 192 196 197 195 200 198 203 203 202 210 221 225 224 218 219 220 224 224 227 224 229 228 230 231 232 231 233 234 232 232 231 231 231 231 232 232 231 232 231 231 232 232 233 233 232 234 234 233 233 235 236 236 237 237 238 238 238 238 238 238 239 239 239 239 239 239 239 240 240 241 243 243 243 244 244 243 243 243 243
219 216 214 218 218 209 208 219 224 220 215 212 216 217 215 219 220 224 221 217 220 226 226 223 221 221 222 225 224 227 224 228 225 226 228 228 228 229 230 229 232 231 231 231 231 232 233 232 233 232 232 233 233 234 235 233 234 234 233 233 235 236 236 237 237 238 238 238 238 238 238 239 239 239 239 239 239 239 240 240 241 243 243 243 244 244 243 243 244 244
