153 147 148 154 155 155 155 153 149 142 143 147 147 146 146 145 154 145 148 146 145 142 143 140 151 147 151 146 145 146 147 150 151 150 151 152 153 149 151 147 146 147 151 147 148 149 144 144 152 152 143 140 151 146 155 145 145 152 151 145 144 148 143 145 143 142 146 140 138 143 150 153 141 142 140 150 151 143 144 136 145 140 148 141 148 146 141 138 140 138
160 158 151 149 150 157 157 164 162 159 156 146 146 150 145 145 144 146 143 150 146 150 145 145 147 149 147 154 146 151 150 143 144 141 156 144 146 150 151 148 144 147 149 148 147 142 148 142 143 142 142 147 141 144 152 147 144 146 151 144 152 144 146 145 150 144 140 148 139 143 139 146 145 147 149 144 142 145 143 146 146 138 143 137 142 140 139 143 148 144
151 149 157 172 191 196 160 138 145 172 187 185 189 186 176 179 160 153 143 142 149 147 145 143 147 150 149 149 151 157 143 144 162 168 180 173 182 171 168 168 166 150 156 156 147 149 166 167 159 155 146 148 144 147 156 160 150 145 152 146 154 144 142 146 152 150 146 148 140 148 140 137 140 139 147 150 152 146 138 149 154 141 142 139 150 145 139 138 142 140
170 170 180 156 110 78 55 28 39 81 79 84 90 81 98 113 153 153 158 161 166 154 157 162 151 151 148 152 154 143 162 159 155 120 109 127 128 126 141 123 138 124 121 155 158 145 143 126 121 141 145 140 137 149 141 147 151 155 151 155 145 139 148 150 146 148 153 147 147 151 148 139 144 143 138 140 145 145 145 148 145 139 144 142 150 143 141 141 140 142
146 105 123 90 61 57 44 33 26 27 20 11 34 42 23 33 79 89 109 139 157 172 168 166 170 171 165 152 157 156 166 148 140 72 13 29 29 33 38 26 27 33 81 144 145 152 156 153 163 170 148 119 104 125 132 150 144 135 135 141 158 158 140 154 153 149 150 145 142 141 146 149 148 145 141 144 144 142 145 143 140 141 145 138 144 140 142 142 143 145
90 81 39 8 21 18 42 65 87 92 69 41 32 24 25 40 30 15 22 34 31 22 19 38 75 84 150 176 158 156 154 146 157 155 37 5 10 17 30 34 71 152 168 153 126 110 98 103 121 131 158 187 166 101 129 140 146 154 162 116 115 149 160 149 147 150 149 151 139 145 140 142 148 143 148 152 147 142 142 148 143 147 147 137 144 142 143 139 135 131
79 61 12 31 65 56 50 43 40 51 62 66 64 49 29 28 24 33 48 26 31 43 34 25 19 12 41 107 165 189 179 131 154 196 153 76 47 97 135 182 182 172 156 125 100 92 87 81 106 110 93 107 165 134 152 154 159 159 166 158 116 102 156 152 145 148 147 148 142 154 148 143 139 148 149 148 145 145 147 145 135 144 149 139 144 140 144 144 149 143
25 95 95 87 78 67 41 37 51 38 48 47 43 39 28 44 62 48 49 41 35 39 39 77 70 48 17 3 43 87 144 138 112 152 200 199 145 141 166 203 183 179 143 77 79 100 103 71 90 88 81 67 118 170 161 164 171 163 148 154 134 93 108 165 159 148 147 149 153 153 149 144 143 151 137 144 147 138 146 141 141 145 145 138 147 143 146 144 145 139
102 101 69 60 57 46 37 42 43 26 27 26 25 26 41 39 36 26 15 23 29 33 33 39 27 28 42 18 8 8 23 36 22 46 95 105 120 151 128 127 158 190 125 31 63 79 67 51 73 103 100 91 88 172 190 200 202 181 154 150 147 108 77 166 153 146 153 148 150 145 153 147 149 144 144 150 146 144 149 146 149 147 144 142 144 147 146 141 142 142
64 57 69 47 42 39 31 37 34 28 25 23 28 21 23 21 25 22 26 25 22 30 25 27 24 30 30 32 25 29 18 16 19 16 11 13 52 108 149 159 116 109 80 16 26 49 38 39 96 148 138 140 132 124 132 180 191 170 160 157 153 134 67 144 168 146 147 148 151 144 153 150 147 141 144 146 144 150 154 147 144 148 146 143 145 143 141 146 147 144
74 64 61 42 38 22 26 26 18 19 23 24 24 21 28 27 24 29 19 31 31 25 31 30 25 29 24 22 24 23 27 29 33 26 35 37 35 24 39 143 191 141 125 92 38 20 57 128 156 164 179 176 180 171 133 128 101 115 146 158 152 127 55 117 178 150 148 150 148 139 148 148 143 148 139 144 147 141 147 145 142 141 141 138 137 145 149 144 140 138
54 41 33 22 27 30 22 18 15 30 28 30 43 38 32 33 26 31 25 25 24 26 25 20 24 27 24 29 29 30 29 31 33 24 24 23 28 21 0 25 65 96 148 155 132 128 156 200 186 184 176 164 172 185 174 127 72 76 129 172 153 119 45 125 171 152 148 148 148 145 152 150 147 147 162 151 144 156 151 151 144 140 145 148 141 140 145 144 145 145
16 15 20 28 26 19 25 37 44 36 31 54 63 42 27 26 27 29 31 32 19 23 29 19 18 10 16 14 23 23 29 28 21 20 32 20 24 18 48 58 76 65 108 126 124 116 105 101 95 95 107 102 90 98 114 115 126 101 109 191 158 118 56 157 158 149 146 148 154 153 149 142 150 143 147 142 149 153 135 137 145 152 148 140 144 147 146 149 146 144
23 28 28 18 24 24 36 61 47 56 75 97 81 68 64 46 58 62 43 50 59 59 67 72 77 68 54 63 52 68 55 55 56 68 93 94 124 135 139 152 145 140 141 136 139 123 116 121 122 106 103 121 116 109 116 107 120 104 111 125 141 92 60 182 152 151 148 147 147 145 143 144 142 147 145 150 148 148 155 139 144 142 138 142 149 148 143 144 144 140
20 24 11 20 29 36 59 76 74 92 97 111 109 104 99 92 96 86 92 89 80 101 113 117 132 134 126 133 124 130 127 129 136 145 142 142 133 131 125 142 132 139 134 135 137 136 134 120 119 116 107 105 106 102 112 116 115 114 106 105 105 97 94 137 139 148 158 163 160 154 145 140 147 143 144 147 147 146 144 144 144 142 143 142 138 142 144 138 144 141
11 0 27 67 70 121 123 116 118 126 115 124 122 115 113 116 123 117 113 124 131 137 137 139 129 134 119 123 120 120 124 124 129 128 120 128 124 121 118 136 125 130 145 141 120 136 130 119 114 97 115 106 114 116 106 112 106 121 114 117 122 127 119 98 111 112 112 120 132 154 163 161 149 140 138 144 142 143 147 140 148 145 142 144 148 148 145 141 145 146
48 93 127 143 149 148 145 138 136 133 134 140 130 125 129 134 135 129 133 125 134 137 135 132 123 124 133 121 123 122 110 113 117 132 127 107 133 135 124 137 134 128 135 137 131 137 130 126 131 130 138 131 127 129 120 122 120 121 119 131 124 117 125 130 132 115 118 101 109 107 104 111 138 150 162 155 146 143 142 145 145 142 133 145 146 134 143 137 143 150
147 167 151 151 162 151 148 145 136 143 158 146 123 133 138 139 139 129 138 140 129 130 126 121 126 120 125 129 121 83 82 129 123 125 121 96 107 141 123 131 128 133 139 140 137 132 152 146 145 147 144 148 144 139 148 147 127 131 122 118 116 114 111 114 113 112 119 110 109 105 102 91 80 87 115 142 157 161 153 143 140 152 142 141 138 145 151 139 140 141
161 152 153 148 136 136 140 137 142 145 133 138 142 141 141 143 139 134 134 135 122 126 122 126 127 122 131 131 93 59 83 104 112 101 101 130 135 116 89 124 113 135 139 153 147 127 157 161 150 156 153 162 154 143 154 143 141 127 125 122 114 118 111 109 102 107 107 100 99 103 102 96 94 89 79 72 95 138 157 152 158 149 139 140 149 136 139 144 145 139
161 149 154 145 138 145 142 144 148 158 137 143 149 141 143 144 137 134 132 131 130 136 129 126 121 122 145 116 57 47 82 101 110 104 105 109 71 99 59 114 139 157 141 150 146 146 163 171 165 154 154 161 153 150 158 158 147 137 132 116 111 121 102 93 101 100 105 104 101 106 100 101 100 94 86 84 84 76 82 104 124 154 162 153 136 138 138 145 148 143
167 164 151 145 149 146 141 144 151 149 147 147 138 138 139 138 140 138 149 146 138 137 142 135 142 156 183 102 34 58 80 92 111 104 76 33 28 93 45 130 144 139 133 144 142 158 167 185 180 166 170 166 162 171 170 164 156 129 120 110 103 105 75 54 78 79 95 108 105 110 109 108 101 101 92 88 92 90 87 91 81 81 124 159 161 144 146 141 142 145
158 152 155 157 155 152 150 153 147 148 152 149 130 141 155 144 142 143 151 145 141 133 142 148 161 172 166 90 39 57 92 110 101 94 26 29 90 48 111 166 143 130 153 146 137 164 175 184 200 185 187 184 178 178 166 152 142 136 127 118 107 92 81 105 128 134 120 113 109 101 107 107 107 101 95 91 84 81 89 94 75 86 75 86 123 158 153 147 140 149
167 161 164 160 160 159 148 153 149 168 149 149 161 151 145 160 150 153 147 147 156 153 150 157 176 175 121 81 68 60 91 105 95 20 42 120 60 35 117 165 157 132 150 141 129 165 178 189 221 193 189 191 185 177 166 165 153 146 127 113 100 105 117 128 123 131 115 105 111 99 103 97 102 99 95 91 86 88 92 84 97 92 98 89 74 95 149 168 146 148
164 170 165 166 168 168 170 164 161 163 169 169 170 175 158 152 149 157 153 154 151 156 158 163 173 145 98 75 64 64 95 93 43 18 131 89 19 81 62 123 135 127 139 137 121 164 172 186 206 194 200 187 184 194 176 165 146 142 126 118 104 109 122 119 96 82 83 82 91 95 109 95 92 98 96 94 92 89 87 80 91 110 93 100 116 81 76 132 170 159
154 156 162 178 168 166 184 170 181 168 163 177 165 170 172 169 169 165 151 152 158 156 163 171 165 126 97 76 66 56 94 84 22 119 126 22 38 106 112 141 126 101 138 143 121 146 167 181 208 197 182 187 183 188 172 160 142 131 116 116 112 109 98 85 69 65 64 66 86 101 117 116 104 105 94 89 89 93 86 83 77 88 99 99 104 109 87 64 98 109
164 169 167 160 162 147 158 155 174 161 160 174 165 165 164 163 165 159 163 153 166 162 171 184 184 148 115 73 46 50 97 74 30 170 69 26 114 122 155 154 123 87 133 135 118 164 181 178 184 185 172 171 176 192 170 164 144 143 124 111 104 86 78 63 51 19 6 14 32 91 127 127 114 107 93 86 87 96 85 84 74 66 94 114 97 110 105 103 77 71
169 172 174 174 165 159 167 164 165 159 159 167 166 160 153 168 156 166 165 161 172 168 183 177 188 129 90 41 19 54 93 50 121 163 12 109 167 119 163 161 137 72 125 125 105 153 163 180 177 172 176 183 172 180 160 161 139 140 126 101 83 84 58 35 10 29 44 68 75 96 115 108 98 97 93 96 100 97 86 81 81 88 86 90 103 109 117 107 102 84
160 168 172 178 177 180 183 185 174 162 169 171 172 158 141 160 164 169 177 185 178 178 173 169 182 147 86 33 8 45 95 41 157 95 12 52 52 52 140 185 159 63 125 102 112 127 177 179 173 168 164 169 165 177 155 150 139 122 117 104 77 59 32 20 37 54 58 52 72 82 90 103 81 92 95 97 105 94 91 74 80 92 91 93 98 113 108 105 108 98
168 171 176 174 187 186 195 192 175 167 181 166 168 173 161 161 171 164 163 170 165 180 177 163 168 128 82 47 8 35 84 35 159 40 50 67 17 25 38 141 157 62 127 88 101 100 199 164 166 165 172 178 161 161 150 137 126 113 99 73 59 41 59 35 45 43 34 35 67 85 97 102 92 98 95 80 92 94 102 84 80 97 99 96 92 102 101 103 109 104
171 174 174 177 187 189 196 188 182 179 189 179 182 165 163 180 180 170 171 186 184 182 192 173 159 151 75 43 17 26 72 42 144 27 54 41 14 56 34 92 133 45 112 87 96 97 180 174 158 168 169 170 173 159 140 133 129 113 83 52 36 14 40 55 44 39 62 60 46 71 81 98 108 99 91 85 93 93 94 88 88 109 105 103 109 88 80 86 104 98
170 186 178 188 202 207 206 204 195 193 187 190 206 175 178 179 201 186 188 184 179 188 186 173 153 134 63 40 19 29 66 53 125 27 9 11 5 32 35 87 158 32 111 87 77 95 175 168 105 143 179 170 170 159 145 129 120 84 58 39 13 37 60 65 65 69 94 92 22 29 93 96 120 128 112 122 101 97 113 130 116 112 109 108 109 126 110 114 103 89
182 188 193 202 214 216 233 217 205 201 189 196 202 177 209 188 193 199 195 206 189 189 179 164 160 132 63 42 12 26 66 41 103 48 7 24 18 40 55 80 124 39 102 78 65 108 179 161 138 166 197 163 152 135 125 115 91 66 29 37 56 77 86 103 116 104 125 119 18 21 141 119 141 174 135 150 112 113 129 124 121 111 121 129 121 117 117 119 112 97
195 198 205 208 217 225 223 229 216 198 195 199 194 173 198 201 197 203 200 204 190 199 188 165 146 121 43 23 21 19 65 44 73 82 20 83 89 46 56 114 92 54 93 68 72 113 166 164 155 170 188 165 156 122 113 101 95 45 43 112 113 124 105 112 138 124 147 103 20 10 115 183 149 150 142 146 150 145 136 125 123 127 140 133 126 127 118 134 123 110
207 205 211 218 220 223 216 194 201 195 193 191 194 206 202 215 208 210 221 198 192 198 193 178 135 126 48 26 32 27 63 45 43 101 20 15 20 41 102 126 66 45 90 63 66 156 158 157 155 189 191 177 147 132 108 133 134 69 98 159 129 135 121 122 140 136 150 101 25 0 35 166 178 132 148 166 173 155 160 162 140 143 124 121 141 138 120 128 124 118
216 214 209 217 228 229 217 191 193 195 188 200 187 188 197 216 213 206 195 188 197 179 165 157 133 117 68 30 30 29 52 40 24 83 45 64 123 108 87 103 61 76 82 60 107 179 172 182 162 188 185 165 145 152 141 154 148 86 134 150 132 146 143 129 137 126 145 118 24 13 18 99 170 140 147 144 154 154 161 155 144 132 141 146 156 140 141 129 116 123
216 210 211 224 228 223 207 180 180 184 178 203 190 184 207 208 214 197 192 184 202 184 182 147 142 97 70 36 25 26 58 48 17 46 74 28 71 76 55 89 69 83 73 66 158 195 167 163 164 171 158 142 140 142 104 107 156 106 117 141 148 128 139 129 129 141 147 109 17 27 2 67 155 151 129 144 148 137 140 147 146 141 149 155 172 148 129 139 136 136
211 209 211 216 224 221 200 186 200 202 214 210 168 190 214 189 203 192 195 197 184 170 163 170 151 116 55 39 34 23 43 56 27 20 63 33 21 38 28 95 85 77 69 137 194 172 169 156 160 178 142 123 134 151 151 121 127 152 121 142 143 128 148 130 121 122 153 116 25 9 15 64 141 149 140 130 124 144 136 146 140 138 153 153 165 143 132 146 134 125
219 207 220 225 220 227 214 187 193 204 198 192 166 186 183 187 180 185 200 191 171 162 162 136 128 115 74 33 40 26 43 52 40 20 27 50 20 16 32 118 74 72 144 198 171 145 150 158 170 160 135 149 154 145 157 127 81 81 140 125 127 125 144 126 130 127 146 101 29 3 49 114 123 144 143 143 142 133 129 124 132 127 122 126 131 138 131 132 127 120
213 212 226 238 240 239 220 190 188 201 196 192 171 190 189 181 194 190 172 182 180 166 150 122 134 99 73 62 32 45 41 42 51 40 25 37 56 16 38 116 93 146 201 168 154 164 137 147 163 151 149 157 159 173 139 122 71 40 94 133 112 113 147 140 130 126 145 107 19 41 88 132 144 141 142 134 145 133 134 145 124 130 114 130 129 164 137 138 130 123
207 202 204 218 223 221 213 189 203 182 199 194 159 172 191 180 178 178 180 181 183 170 155 139 134 125 93 61 40 44 43 45 41 42 42 27 50 57 84 121 137 184 179 155 136 141 147 151 149 144 155 151 155 162 144 100 71 50 23 73 122 126 121 121 131 146 157 104 19 57 159 185 165 127 147 155 155 124 104 124 117 126 133 114 142 154 128 140 122 127
201 199 179 210 226 228 207 190 186 172 188 183 170 177 189 184 178 180 181 182 175 175 154 144 132 111 87 70 49 43 49 45 37 44 43 31 76 127 139 136 154 160 152 142 155 152 149 152 145 150 143 138 137 151 138 86 36 17 15 23 80 113 115 115 127 131 143 108 28 8 66 128 147 125 166 204 183 137 117 96 110 136 121 97 133 157 161 129 125 132
190 193 190 189 203 208 202 176 179 176 183 177 172 172 177 170 178 169 191 174 173 175 150 133 126 114 90 64 62 64 52 53 43 48 60 67 76 111 133 145 148 158 154 157 157 151 154 143 136 149 158 150 109 116 118 46 3 18 19 21 74 106 117 90 104 126 141 109 29 48 179 232 229 141 171 235 247 122 101 80 94 100 98 129 128 150 159 145 123 133
170 169 188 191 173 167 172 164 171 176 173 180 157 168 172 168 175 172 176 171 171 156 141 135 130 117 103 78 64 64 56 52 77 87 87 104 131 133 150 144 152 154 150 150 138 141 142 141 131 168 173 131 109 97 101 49 2 18 38 48 58 84 114 108 79 136 159 96 35 43 150 194 204 145 159 215 243 136 89 75 89 97 124 132 125 156 170 164 149 162
165 171 172 178 176 176 161 150 154 165 162 170 148 173 172 162 168 170 161 163 167 148 141 131 124 123 117 102 81 65 69 83 114 120 126 137 141 148 140 136 144 142 133 143 126 137 143 135 148 200 215 152 125 103 108 99 18 15 41 53 43 95 108 99 67 124 150 94 36 9 146 207 217 87 168 222 235 142 83 84 90 95 102 111 111 140 191 188 172 176
136 156 158 156 156 159 157 149 151 153 155 150 152 157 156 166 158 154 169 145 150 151 148 130 125 110 100 96 85 76 88 111 151 179 183 175 160 158 156 169 166 157 166 156 127 159 157 159 159 219 225 164 111 106 102 98 83 36 49 62 34 80 104 79 47 121 154 85 36 48 226 241 235 98 167 195 201 118 85 81 80 100 90 107 147 152 171 136 147 138
116 144 137 147 154 151 145 162 152 144 147 148 159 162 155 163 162 150 168 167 173 157 128 122 120 102 106 99 86 86 93 117 160 226 232 224 220 207 209 199 192 204 202 178 154 171 157 159 166 191 178 156 122 103 86 84 77 72 65 56 56 59 85 61 52 114 144 93 36 34 203 219 231 118 129 185 191 156 89 75 83 96 98 108 140 146 168 134 142 129
92 115 125 140 132 134 130 145 142 150 148 145 146 167 168 168 162 166 148 151 164 160 131 123 116 108 109 97 93 95 94 117 154 180 179 176 165 191 177 153 155 166 169 152 153 173 147 158 167 166 155 147 128 101 78 69 71 76 54 31 58 47 68 43 65 116 128 117 44 15 162 200 218 122 116 183 176 152 87 76 96 86 63 103 133 131 142 133 137 129
101 111 138 141 142 134 134 140 148 155 146 142 150 147 152 165 162 176 164 153 155 144 132 128 119 106 111 108 93 96 107 110 137 145 151 160 156 164 158 150 153 156 163 155 141 147 142 154 161 160 142 129 117 107 73 78 91 81 70 49 70 55 62 50 64 115 130 123 56 28 120 191 203 74 120 185 170 144 82 87 94 73 75 85 121 131 138 131 138 136
56 86 116 115 139 141 142 132 140 133 146 131 147 153 160 176 166 158 163 169 169 155 143 122 117 105 105 101 89 97 109 124 153 152 153 153 154 148 152 141 137 152 154 152 149 140 138 139 144 163 147 153 134 120 105 120 112 119 103 55 60 60 51 51 60 95 132 123 50 26 137 231 224 67 188 169 167 129 83 86 87 77 73 77 128 127 133 131 138 137
47 43 59 108 127 123 126 134 138 132 157 147 153 167 168 171 170 167 168 176 160 136 148 141 143 134 112 93 88 96 112 135 148 142 135 131 142 140 135 143 136 140 136 121 137 131 115 132 141 135 142 159 145 134 114 123 45 94 115 63 56 66 64 60 63 101 138 104 39 31 156 202 225 86 207 162 149 144 76 79 92 73 84 85 134 151 144 148 143 130
53 62 69 68 94 121 137 143 138 144 142 149 151 159 175 156 166 177 161 159 145 146 131 133 120 112 86 78 84 75 86 124 125 132 122 110 122 128 125 119 114 117 128 125 131 139 126 133 130 142 139 154 136 124 120 71 40 120 119 70 62 74 73 62 58 84 127 96 47 46 165 200 225 70 169 163 140 130 79 74 85 71 89 85 121 150 139 147 144 123
41 44 43 72 88 87 112 129 137 137 151 146 137 155 151 159 160 177 153 144 115 132 137 133 130 124 91 70 72 62 77 109 114 117 120 127 109 122 116 125 135 122 119 131 114 122 128 123 114 122 148 155 136 130 117 71 1 87 132 91 53 82 69 61 86 80 119 99 60 92 197 210 229 73 161 175 155 129 88 79 91 74 84 100 134 147 127 129 138 120
40 34 31 50 84 72 93 123 128 126 127 142 145 157 159 162 154 153 151 140 125 129 138 131 119 98 67 53 62 67 86 97 101 101 104 119 112 100 106 116 119 130 125 131 127 124 133 124 114 127 134 138 130 127 127 76 2 43 121 111 74 87 76 89 92 85 125 113 66 81 179 210 175 65 203 172 131 128 86 79 84 85 97 108 128 141 132 136 134 131
64 46 40 41 32 63 82 130 131 132 131 148 143 143 148 149 153 154 130 126 119 117 143 132 100 77 64 51 52 64 90 88 76 77 78 86 100 77 72 97 110 120 120 121 143 126 126 122 121 121 127 142 145 140 140 112 31 23 94 109 104 95 88 94 78 85 111 109 63 97 98 143 174 102 180 155 143 123 84 83 94 83 96 106 124 136 127 131 123 128
53 50 40 49 40 35 58 102 108 120 133 142 141 141 141 151 146 142 142 137 116 133 142 123 107 67 56 43 42 60 90 86 72 70 62 39 43 67 50 91 104 120 124 121 130 125 131 129 132 114 116 134 141 144 142 130 89 21 72 101 100 94 89 90 95 92 101 95 69 157 225 230 189 141 168 152 151 149 97 93 98 86 107 112 120 133 133 132 135 139
43 53 41 45 50 45 50 58 96 110 117 114 129 138 131 147 140 132 136 112 100 122 133 137 103 69 57 30 34 70 93 65 67 58 40 33 66 72 88 90 102 127 126 135 122 123 128 131 136 126 123 132 131 144 151 135 117 68 79 114 105 96 97 94 92 102 103 108 69 111 114 154 78 106 128 154 144 127 90 98 112 89 112 130 135 129 121 105 120 127
36 34 47 40 44 60 55 45 66 90 104 118 124 132 124 118 116 125 134 96 50 120 135 143 102 78 43 35 28 68 69 63 70 50 23 66 43 19 104 96 96 118 137 141 125 115 121 118 133 123 118 126 125 145 155 139 121 104 103 120 104 117 111 97 97 115 117 116 68 84 93 116 98 100 123 149 145 125 114 100 118 107 106 124 138 125 103 117 118 129
47 47 34 44 46 59 47 47 61 75 81 97 110 116 116 114 120 136 109 69 81 125 134 124 107 50 46 24 21 63 70 74 53 22 38 51 31 60 142 110 103 113 132 143 143 136 126 125 138 137 112 122 137 143 128 142 124 100 117 112 116 114 106 109 104 112 120 112 63 167 193 210 116 91 131 133 131 132 121 123 120 125 112 133 128 123 125 132 119 126
57 34 35 47 48 54 42 33 54 59 76 85 85 89 106 110 114 117 96 48 102 156 129 123 96 57 48 15 20 64 74 61 16 34 53 40 15 73 147 101 106 97 109 144 151 135 135 141 146 158 121 119 122 131 141 121 97 111 114 103 113 119 110 119 104 113 115 116 66 128 122 122 71 103 137 128 128 138 135 137 133 116 113 124 129 131 132 102 116 115
47 61 35 38 47 57 56 44 36 50 66 60 71 83 92 95 107 101 62 64 145 143 116 119 99 52 35 34 14 52 69 41 20 52 43 30 67 104 141 90 111 101 98 129 151 132 123 141 148 164 147 109 104 105 113 90 87 129 112 104 107 124 111 115 110 103 110 121 59 66 134 70 54 116 116 125 127 134 136 133 123 119 117 116 118 128 122 118 118 109
23 50 47 38 41 34 39 48 51 34 40 60 72 64 82 95 101 78 41 114 166 145 136 120 100 35 27 32 10 68 62 8 44 44 34 89 115 122 131 71 113 96 105 116 142 154 129 133 136 138 137 123 125 111 105 101 86 105 103 97 105 115 110 110 112 110 128 130 56 96 156 73 68 114 121 131 133 143 132 125 115 117 110 116 122 121 122 119 115 105
24 20 64 49 42 39 38 31 54 65 40 36 56 72 95 84 58 25 81 152 154 147 133 117 108 31 26 22 18 74 56 14 71 20 52 119 127 119 116 86 112 108 109 113 147 163 140 143 149 143 140 141 122 115 107 99 74 81 92 96 92 94 114 112 102 105 120 130 47 40 18 44 105 119 147 143 135 129 117 113 119 120 123 105 123 114 103 127 112 103
49 29 24 24 26 37 42 38 35 58 57 58 52 58 65 42 43 68 150 148 140 125 126 127 106 31 29 23 34 77 52 40 66 17 31 57 91 158 113 92 117 107 100 114 135 145 144 135 132 137 148 132 103 117 106 110 94 87 82 95 90 95 107 99 118 100 124 136 43 24 42 54 108 134 136 119 139 129 116 124 128 121 102 106 120 117 108 105 105 101
51 52 39 21 25 31 36 40 38 34 34 41 33 40 47 55 91 118 114 124 135 135 121 110 83 39 36 13 42 80 34 78 61 40 24 32 34 102 126 108 112 99 95 108 135 158 155 138 139 137 147 146 120 118 118 109 100 78 79 86 86 92 84 102 122 117 130 133 42 1 20 84 146 128 124 127 120 120 131 131 125 116 136 115 119 119 102 113 104 106
33 49 54 38 11 33 34 40 41 42 25 21 39 38 55 82 90 90 107 119 116 125 122 122 86 45 19 18 60 87 52 92 49 6 10 27 47 42 143 110 86 101 114 102 129 162 160 140 127 141 125 120 135 125 120 118 118 71 57 68 73 84 80 81 104 103 120 135 36 3 61 117 130 122 119 122 133 128 139 123 105 89 111 118 117 110 100 108 109 109
37 32 53 64 40 19 29 34 46 54 47 36 38 42 43 60 74 85 102 103 116 111 114 134 79 29 38 41 75 85 64 104 55 0 4 11 43 47 141 116 89 109 103 106 119 133 160 138 125 138 143 152 138 142 127 118 115 90 66 44 57 84 72 77 74 87 110 117 27 48 98 101 100 104 111 118 117 101 112 100 95 101 108 109 105 109 123 110 106 112
47 48 25 61 76 48 25 26 26 51 59 41 31 63 57 61 62 84 88 84 102 114 106 113 69 30 34 48 85 92 70 125 62 28 71 57 35 72 119 121 94 124 101 114 135 134 159 136 135 136 158 153 154 141 141 121 119 99 90 63 42 68 78 70 69 70 76 82 14 65 70 66 88 101 117 120 123 103 99 105 103 103 102 101 101 105 119 110 105 114
42 61 44 48 53 82 53 28 34 29 61 52 49 50 62 71 70 65 73 90 92 105 109 112 79 43 57 61 82 96 53 115 68 17 76 80 47 94 123 111 86 116 101 110 134 144 163 150 130 147 160 159 160 135 140 129 119 107 98 84 43 34 56 69 59 63 62 55 22 34 55 75 80 93 92 73 68 77 101 109 111 114 108 100 110 116 115 104 118 123
35 40 46 44 36 49 76 68 49 32 41 51 49 58 57 51 64 70 76 78 96 98 102 112 74 52 39 57 106 106 61 86 96 1 75 134 124 85 125 112 103 113 112 117 128 145 154 140 133 151 154 158 155 141 139 131 119 111 98 100 73 34 34 62 46 33 30 20 25 43 47 49 40 64 54 54 66 70 92 97 104 112 108 113 127 126 127 114 114 111
46 41 38 42 60 34 46 66 62 40 39 39 31 46 64 57 48 63 76 81 86 89 96 104 72 67 49 73 122 117 67 63 126 18 158 213 98 71 150 126 107 111 112 126 140 152 149 143 154 149 158 149 153 150 152 132 122 103 94 100 92 65 38 44 57 52 33 48 43 36 21 17 16 33 51 59 71 94 110 111 106 108 119 118 118 116 113 104 108 104
56 55 57 37 45 59 44 49 63 64 42 40 48 59 49 60 73 69 55 69 81 81 84 115 82 64 50 79 109 121 108 53 127 64 90 102 63 113 143 124 111 116 110 123 138 144 142 155 155 148 152 151 143 143 142 129 128 115 106 104 107 96 52 31 31 49 62 56 44 35 31 43 51 49 63 73 88 109 106 112 123 111 126 125 118 113 109 115 115 118
60 54 48 53 31 37 59 49 51 51 68 55 41 43 61 67 78 104 95 80 107 120 122 128 80 57 75 73 100 121 132 65 90 132 36 14 84 131 153 135 120 112 105 119 138 154 154 167 161 158 143 152 149 138 135 132 120 112 105 105 108 117 95 60 29 18 22 40 46 59 67 76 75 77 77 97 106 117 125 106 116 120 118 112 114 116 125 119 119 131
65 56 55 54 54 41 46 77 77 48 51 48 60 38 59 62 75 107 121 107 126 108 120 128 107 62 66 71 98 114 134 101 47 138 68 18 113 147 141 129 116 121 103 128 129 151 155 153 149 155 139 145 142 145 141 137 122 114 107 107 107 115 117 99 79 59 60 80 86 88 88 93 98 100 96 105 111 116 120 102 104 113 120 122 126 123 119 111 118 122
46 60 60 61 57 59 56 54 49 52 59 64 82 53 54 45 61 81 113 139 154 127 128 130 125 58 79 66 95 107 129 129 75 55 125 36 87 137 130 129 121 118 108 127 136 138 145 148 143 143 151 152 141 143 140 133 128 122 115 107 103 110 118 117 115 99 88 94 95 104 110 111 123 110 110 115 119 109 96 109 117 120 108 114 124 120 123 117 113 103
42 43 47 59 56 70 64 64 52 56 62 65 103 91 63 84 82 48 45 97 145 146 146 140 142 80 98 68 84 105 121 120 124 48 79 93 71 108 125 121 118 130 117 118 128 148 154 147 153 150 149 141 143 142 139 138 136 129 121 108 103 111 120 132 139 127 119 113 107 113 110 110 117 110 110 109 105 103 107 118 110 123 114 131 121 113 111 123 110 108
37 43 41 63 56 47 58 75 68 53 61 51 79 128 121 123 130 111 89 61 65 88 116 138 151 132 118 104 66 112 106 109 129 110 73 105 83 93 127 117 110 125 119 119 128 145 150 147 146 150 136 139 148 140 135 135 135 127 130 124 118 114 102 105 117 124 137 131 125 132 117 113 123 122 115 104 106 113 114 117 113 109 109 106 122 119 113 105 109 116
27 34 41 48 64 61 48 57 88 75 60 60 62 89 111 117 130 134 154 123 107 82 66 90 128 123 139 141 71 102 121 123 130 129 126 103 99 78 114 114 113 120 127 119 130 126 137 145 140 139 132 145 137 136 142 145 127 130 135 116 112 127 116 105 104 103 106 116 124 129 120 121 116 101 117 116 112 118 110 120 111 104 115 118 128 119 116 114 117 114
45 39 46 46 45 59 73 52 61 83 59 78 106 90 75 90 95 127 138 128 127 113 116 88 76 130 136 136 94 101 133 119 125 128 133 133 134 87 87 108 115 121 122 114 125 136 142 143 144 139 142 153 136 137 133 136 120 121 134 129 124 127 119 119 126 129 114 114 110 103 108 114 115 124 128 116 124 131 112 111 104 111 107 118 104 109 111 113 123 123
37 35 49 46 42 59 60 65 51 72 77 103 140 139 111 118 117 114 110 119 154 144 119 137 117 101 124 122 122 104 119 147 121 121 132 140 134 119 113 116 117 125 126 124 119 132 130 137 134 137 139 145 144 145 136 137 103 115 133 137 137 133 123 127 119 135 127 119 117 123 123 122 115 121 118 116 119 119 116 114 109 114 117 115 107 101 113 123 122 129
32 25 47 61 46 66 68 69 62 61 80 102 129 156 148 136 144 138 127 124 116 124 131 137 137 115 128 132 133 127 120 128 127 106 129 127 126 131 133 129 128 123 122 117 122 134 133 133 131 141 140 141 147 144 149 144 138 148 146 130 126 125 118 121 132 122 122 122 128 131 117 135 124 122 121 110 114 126 118 116 109 112 117 109 114 122 120 119 124 121
44 38 34 35 46 51 54 65 67 65 65 91 95 122 123 131 122 130 135 137 130 122 121 122 130 131 115 130 125 132 124 125 128 120 138 135 138 130 135 127 127 133 127 132 132 123 133 137 141 136 142 140 134 136 138 146 137 133 140 127 131 129 119 126 128 124 120 121 130 133 126 128 120 126 123 131 121 124 115 116 115 110 110 115 120 127 126 118 125 123
49 55 46 43 41 43 51 58 67 78 67 91 83 100 99 112 99 100 110 106 112 113 129 124 120 133 120 118 137 122 143 123 128 126 131 134 143 137 137 140 137 131 128 132 134 114 123 125 130 131 132 131 137 138 130 138 141 132 140 130 130 127 132 130 127 124 132 128 123 127 125 123 127 122 117 125 119 111 110 114 110 120 122 121 126 121 114 124 123 121
19 42 46 38 37 39 47 53 57 63 78 69 90 82 88 108 95 87 82 84 86 89 106 118 133 130 135 133 128 140 130 130 127 131 127 126 132 135 135 131 128 130 135 124 126 131 123 118 123 124 125 126 130 125 118 133 122 136 134 131 130 136 131 128 123 136 133 123 127 128 124 132 128 117 113 115 112 101 112 120 117 118 119 119 122 116 111 126 124 124
29 24 43 44 49 44 29 35 50 54 51 60 58 67 51 62 71 65 58 61 60 65 71 72 82 105 124 136 128 139 130 133 135 140 131 121 129 133 135 128 124 134 121 129 127 132 125 123 121 121 124 122 125 131 129 128 121 125 128 133 127 135 135 130 126 133 128 126 127 125 125 119 119 112 115 116 116 115 120 124 118 119 117 110 114 121 119 123 120 121
40 36 19 45 53 55 50 34 32 44 29 53 44 49 49 38 44 35 42 41 43 39 50 42 23 31 58 66 88 106 99 125 128 134 134 125 139 128 125 121 136 132 123 131 122 126 117 123 121 119 125 128 126 128 128 125 129 127 137 118 126 129 133 121 130 125 122 120 118 120 119 118 117 114 123 128 133 140 128 126 124 127 123 121 124 118 113 123 113 115
31 33 37 31 55 45 43 58 43 60 35 39 52 55 60 56 52 42 32 31 39 35 42 48 47 45 40 33 35 55 66 74 79 84 104 103 118 115 122 117 117 125 126 130 127 125 135 116 117 127 130 123 118 121 123 118 117 112 115 103 118 112 110 114 115 104 121 121 115 123 121 125 122 123 128 125 122 123 114 122 122 125 122 123 123 117 117 113 117 118
31 50 44 43 45 51 29 33 47 61 46 33 58 59 51 43 58 63 51 49 51 48 34 26 32 24 18 27 29 32 49 46 44 38 55 59 72 78 95 116 119 114 124 118 119 120 125 120 122 123 121 120 121 120 120 121 117 115 114 118 121 127 128 128 118 121 126 121 123 122 115 128 133 134 128 123 133 130 130 134 128 123 116 127 127 122 132 122 119 120
32 27 38 43 40 50 60 35 28 46 42 39 31 41 56 40 27 29 47 45 31 19 32 27 28 31 25 33 33 35 34 54 58 41 32 37 48 26 23 85 109 107 112 114 118 113 108 117 118 120 122 123 118 115 116 115 115 122 119 128 138 124 118 121 124 129 131 139 138 135 141 136 138 154 154 146 156 140 150 150 148 159 141 141 143 138 146 137 136 137
36 17 13 29 26 41 62 61 42 24 47 44 38 41 38 49 45 33 23 30 45 34 29 35 32 34 34 37 33 35 37 43 37 47 37 43 28 39 61 119 109 112 106 103 106 109 112 114 120 117 112 123 127 128 138 129 131 130 126 137 145 144 147 140 150 149 151 146 149 152 151 146 142 144 144 142 140 148 143 141 134 141 137 140 136 131 131 140 135 140
37 36 16 15 20 17 23 43 62 50 36 34 52 54 44 31 35 47 40 22 30 38 37 27 28 27 25 29 29 33 33 35 39 49 67 72 60 60 106 129 120 122 120 123 127 126 127 131 124 129 130 142 144 140 140 121 118 117 96 123 154 146 147 145 145 145 147 141 143 144 142 137 143 146 148 145 139 143 136 135 137 142 138 140 137 133 132 141 135 140
