212 214 214 213 216 217 217 220 216 219 222 216 218 222 221 218 216 217 218 219 220 221 220 219 222 220 218 222 223 224 227 224 220 222 223 223 220 223 221 224 221 225 224 226 221 230 228 225 224 224 227 227 225 226 228 227 227 226 231 229 226 229 229 227 228 228 228 229 229 230 229 228 230 230 230 230 230 230 230 230 229 230 231 232 231 230 230 231 232 232
212 215 215 216 218 217 214 214 218 216 219 217 218 219 220 222 220 219 219 220 220 219 220 221 222 223 221 221 220 221 224 222 226 226 228 233 228 228 227 228 230 226 225 229 226 226 224 225 228 227 226 226 226 227 229 231 230 225 225 225 227 230 229 228 227 227 228 228 229 229 229 228 230 230 230 230 230 230 230 230 229 230 231 232 232 231 230 231 231 231
212 213 213 213 215 217 218 220 220 217 219 221 223 221 217 218 219 220 220 221 220 220 220 220 220 221 221 222 220 220 223 221 223 205 181 180 181 188 195 198 201 209 220 223 225 224 227 228 226 226 225 226 229 228 227 230 230 228 229 229 229 227 224 227 227 228 228 229 229 229 229 229 230 230 230 230 230 230 230 230 229 230 232 233 233 232 232 232 231 231
212 215 217 217 217 217 218 219 222 220 220 221 220 224 221 222 220 222 221 219 219 221 222 221 221 219 220 224 222 225 227 218 193 146 94 89 97 112 133 141 155 165 183 190 205 209 220 225 225 227 228 227 226 226 226 229 227 229 230 228 229 229 225 229 228 229 229 229 229 229 230 230 231 231 231 231 231 231 231 231 230 231 233 234 234 233 233 234 233 233
216 217 217 216 217 221 223 222 219 219 217 216 210 214 213 219 224 222 222 222 222 221 222 223 226 224 226 225 221 226 222 196 178 173 113 76 82 95 110 130 134 140 160 174 186 179 190 207 209 207 205 207 215 224 228 229 229 231 229 226 229 231 227 227 229 229 229 229 229 229 230 231 231 231 231 231 231 231 231 231 231 232 233 233 233 233 234 234 234 234
216 217 219 221 221 219 211 202 194 182 161 145 125 127 137 158 161 153 153 162 171 176 187 200 204 210 218 219 215 222 212 176 160 190 186 151 114 115 140 157 167 173 181 188 195 189 190 199 201 200 192 182 180 185 200 218 223 228 231 228 227 228 227 230 229 229 229 229 229 229 230 231 231 231 231 231 231 231 232 232 232 233 233 232 232 232 233 234 234 234
214 212 208 200 185 166 142 122 114 96 73 68 60 66 60 65 67 58 54 60 69 76 89 103 105 115 127 135 138 145 142 121 105 135 175 196 174 153 160 185 194 206 198 180 169 169 171 179 184 191 191 192 192 177 169 182 192 201 221 233 234 231 227 228 230 229 228 228 229 230 230 231 231 231 232 232 232 232 233 233 233 234 234 233 232 232 233 233 234 234
190 174 151 125 104 94 89 84 76 72 60 58 51 63 60 65 61 62 63 65 65 61 55 50 44 48 54 63 68 71 79 83 82 83 103 143 167 169 165 181 200 210 196 175 157 158 163 178 184 183 173 183 200 187 173 189 186 182 195 214 225 229 229 230 230 230 229 229 229 230 231 231 233 233 233 233 233 234 234 234 234 235 236 234 233 233 233 233 233 234
111 90 86 89 77 79 85 88 71 59 53 55 56 54 56 61 66 66 71 71 70 74 71 63 69 75 72 65 67 70 70 74 79 69 65 76 101 130 145 142 171 204 198 156 143 159 174 184 190 197 192 188 195 193 188 195 196 187 185 187 195 237 232 231 230 230 230 229 229 230 231 233 234 235 234 232 233 235 235 233 235 235 235 234 234 233 233 234 234 235
66 85 97 83 67 86 94 84 64 71 73 72 73 77 83 90 86 80 83 86 82 78 73 71 75 74 78 73 71 64 68 65 70 70 71 73 77 88 97 98 105 133 137 104 97 121 140 160 193 213 220 205 194 202 208 202 209 195 191 180 162 214 233 229 230 231 231 232 232 232 233 233 232 235 237 237 236 236 235 233 232 233 234 234 234 233 234 234 234 235
95 98 86 79 93 113 101 86 90 98 99 96 102 109 110 111 101 98 103 103 92 81 78 82 82 73 74 72 74 64 77 73 80 83 89 91 89 87 85 81 74 93 111 102 106 121 119 125 145 171 199 202 192 199 212 210 212 198 201 188 165 184 238 231 232 231 230 229 230 232 233 234 235 235 234 233 233 233 235 236 233 234 235 235 235 235 235 235 234 234
93 78 73 99 125 129 113 112 134 132 128 127 133 136 134 132 132 129 130 126 120 116 110 106 106 104 101 98 95 88 110 124 118 116 117 121 125 128 127 124 129 139 156 157 158 158 148 147 147 148 151 152 156 165 179 187 195 209 212 198 176 159 236 230 231 231 231 233 233 233 232 231 232 232 234 235 235 234 232 232 235 235 236 236 235 235 235 235 234 234
81 80 103 134 144 149 147 147 153 151 153 153 148 148 152 154 154 152 151 144 142 145 141 136 132 138 141 154 147 145 155 169 168 167 166 165 163 163 165 167 165 165 164 164 161 158 158 158 159 164 162 157 158 159 156 154 155 174 176 195 186 161 226 237 234 232 231 231 232 233 234 235 235 235 234 235 235 235 235 234 234 235 235 234 234 233 234 234 238 237
57 98 140 161 163 167 162 164 168 170 175 172 161 160 166 166 161 160 161 155 152 154 156 160 158 154 152 166 159 167 165 167 165 169 171 170 168 166 167 170 171 171 167 171 172 171 176 175 172 176 178 178 178 178 174 167 166 151 144 156 151 130 184 218 240 239 238 238 236 234 232 233 233 236 238 237 234 234 235 236 234 235 235 235 235 235 236 236 237 237
68 120 162 178 182 181 170 174 175 175 176 173 167 167 167 162 166 161 159 158 161 163 160 161 163 160 161 163 157 166 160 162 160 162 163 164 166 169 172 174 179 185 187 186 182 179 182 185 185 187 190 190 185 180 179 181 180 169 168 161 157 139 147 148 155 168 191 214 230 239 243 246 241 237 232 230 235 239 237 232 235 236 236 237 237 237 238 239 233 234
94 130 170 183 173 174 171 170 172 170 169 170 170 169 168 166 168 168 169 168 169 169 165 163 163 163 164 154 157 161 149 152 151 158 163 167 172 177 181 183 186 188 191 188 191 194 190 189 193 198 196 191 193 191 184 180 175 179 169 166 158 161 154 149 150 142 134 132 139 158 183 202 226 238 247 243 235 232 234 236 234 235 236 237 237 237 237 237 237 238
134 163 177 175 173 172 171 169 168 170 170 172 178 179 178 180 179 178 178 180 174 170 173 172 166 170 162 171 184 179 150 154 136 133 158 179 180 182 184 183 189 191 191 188 198 201 195 196 198 200 199 199 196 194 194 190 186 178 177 169 160 155 151 157 163 159 156 149 141 135 127 124 140 154 183 217 238 243 240 235 237 232 231 237 240 235 235 242 239 234
153 174 182 179 177 175 173 170 168 174 179 181 180 180 181 183 185 185 181 179 177 176 179 176 183 179 180 187 183 186 169 159 137 127 153 176 176 174 171 170 185 200 197 194 193 197 194 197 205 203 200 195 186 185 191 190 186 182 177 171 161 150 148 149 157 158 162 161 157 154 146 142 135 132 126 129 161 207 235 237 240 237 233 233 237 239 240 239 239 237
168 179 179 175 175 175 175 173 175 177 181 181 179 182 185 184 186 187 180 177 181 185 188 185 179 192 196 182 177 170 163 151 122 136 152 166 159 159 173 168 185 195 193 205 196 199 200 205 204 202 203 202 192 189 193 189 187 186 176 173 163 150 151 150 152 157 164 162 160 161 157 153 150 147 146 138 121 122 159 203 229 239 238 234 240 241 238 239 236 237
171 178 176 174 176 176 177 177 178 179 183 182 179 182 187 185 188 188 181 179 185 188 189 188 188 195 194 189 198 157 148 138 124 130 145 129 130 158 164 167 193 196 200 207 192 198 206 210 205 203 203 205 201 198 198 191 189 186 177 172 166 157 159 163 164 166 166 157 153 158 160 161 162 156 154 154 145 129 122 126 164 209 239 238 234 236 238 240 235 238
174 182 183 184 183 180 181 181 184 181 183 186 187 191 190 182 185 185 181 185 191 191 192 194 193 192 196 206 187 150 156 133 130 117 106 101 134 155 146 174 197 201 202 191 192 206 211 205 206 206 204 206 207 202 196 190 193 186 180 172 167 164 164 174 175 175 175 167 161 159 152 146 157 156 156 158 153 143 136 137 123 131 174 225 242 241 240 237 237 240
182 188 188 186 183 179 182 184 184 185 188 189 187 188 190 188 189 189 188 192 193 190 191 194 196 192 189 207 175 172 171 123 116 94 92 123 134 123 141 178 182 193 190 186 203 208 208 212 205 208 206 208 210 203 198 195 194 187 182 173 169 166 165 178 181 178 178 176 176 175 167 161 152 153 152 151 152 150 147 147 140 129 125 155 208 239 241 237 239 238
186 189 186 182 178 177 182 185 188 186 184 186 188 189 188 187 188 190 191 195 194 192 196 197 198 185 181 200 187 184 159 117 95 84 134 141 95 99 140 170 180 181 162 186 215 209 205 210 209 209 206 207 208 205 205 204 192 187 181 174 170 166 169 181 181 177 178 180 181 179 173 170 170 166 157 151 149 146 145 148 154 145 138 129 136 182 229 242 242 237
184 187 186 184 181 180 184 184 187 186 185 188 192 190 185 185 188 191 194 195 192 193 199 197 203 190 194 188 188 179 153 126 72 124 162 116 76 103 142 172 181 178 144 182 209 209 212 209 209 208 209 213 211 207 204 198 188 187 177 174 172 166 175 186 185 180 181 181 179 176 175 178 176 174 168 161 153 144 141 146 144 148 153 151 135 126 160 213 250 242
181 186 187 183 182 185 188 191 191 188 190 194 193 191 189 186 186 194 196 195 197 198 197 199 200 196 192 190 186 165 172 109 83 153 143 88 96 140 145 167 179 172 135 168 209 206 208 212 208 211 211 214 214 209 205 200 188 185 177 180 167 169 187 193 185 178 172 181 178 183 182 180 176 179 174 171 169 166 159 147 142 142 148 156 152 139 134 139 193 243
184 187 186 183 184 188 192 195 195 191 191 195 196 196 194 191 192 197 198 198 203 203 200 200 194 200 192 191 180 177 176 100 105 159 121 71 117 151 155 161 180 171 127 156 205 208 209 213 211 213 212 214 214 210 206 199 192 189 180 175 165 176 190 188 185 177 173 181 181 180 172 178 178 180 180 180 178 172 168 164 149 147 145 149 155 154 146 139 138 159
190 189 187 186 189 193 197 201 200 197 196 196 196 195 194 193 194 197 198 200 203 202 198 198 197 197 196 192 187 197 153 84 111 161 86 40 67 117 151 160 170 167 121 148 205 213 209 211 210 213 213 214 214 209 204 197 186 185 178 171 169 187 191 182 175 175 177 182 175 163 155 172 178 182 183 184 181 176 173 170 167 162 151 141 143 152 159 162 150 140
194 193 191 193 197 199 201 205 202 202 201 199 195 193 194 196 191 196 200 204 207 206 204 207 208 197 193 196 180 194 163 79 103 138 89 75 52 77 153 166 163 162 116 141 200 209 205 209 206 212 214 214 212 206 201 194 182 180 174 173 180 190 179 170 178 179 176 169 151 134 142 170 180 188 188 186 182 180 178 170 173 170 164 159 156 153 150 149 151 143
194 195 196 200 204 205 206 210 206 207 206 202 198 195 196 198 198 201 204 208 209 207 205 206 206 198 194 191 186 199 165 61 101 131 94 100 31 52 147 169 150 148 111 141 199 209 206 211 207 211 211 212 210 204 198 191 185 180 171 179 191 185 164 164 177 180 173 160 134 109 125 154 169 183 191 194 193 191 186 177 175 172 169 168 168 164 161 161 162 157
194 197 201 206 210 210 211 214 214 213 209 204 200 196 194 194 198 199 202 206 209 209 206 203 204 203 199 179 183 182 133 45 97 116 53 25 23 41 128 163 137 130 106 147 199 205 202 204 209 210 207 208 208 202 195 186 174 169 161 175 187 175 158 169 188 187 173 149 115 77 98 148 176 187 195 200 197 194 194 192 193 186 176 170 171 172 170 168 164 166
197 201 205 209 213 214 215 218 219 218 212 206 202 198 194 194 201 202 204 207 210 210 207 202 206 202 192 182 181 177 143 47 82 96 44 23 35 75 131 135 143 128 115 164 203 202 203 205 206 207 205 208 205 197 188 180 172 175 169 182 188 177 171 182 190 187 180 161 139 87 93 169 198 203 203 200 196 195 200 202 195 195 190 182 176 173 169 168 177 176
202 206 208 210 214 216 217 219 218 219 215 210 206 202 200 202 196 200 204 207 209 211 210 207 203 204 198 168 162 172 127 36 75 84 51 55 82 108 133 141 129 115 118 177 208 201 202 204 200 204 206 209 203 191 182 175 178 189 185 191 187 175 174 178 179 175 179 176 174 105 78 157 187 198 204 204 204 205 204 198 198 195 193 192 192 187 179 173 174 178
206 209 212 216 216 215 218 218 219 218 217 213 209 200 204 204 195 197 206 207 208 211 207 204 199 205 195 177 174 173 103 37 66 80 68 74 96 135 153 142 126 120 143 192 204 202 207 208 201 204 207 202 194 189 185 184 188 193 201 192 193 182 184 185 186 179 173 173 167 120 48 111 168 178 188 198 201 200 201 199 200 198 193 195 193 185 185 184 179 174
207 213 216 219 216 214 218 220 217 217 216 213 211 204 206 204 199 201 208 208 207 210 207 204 204 201 193 184 173 153 88 42 46 79 82 96 129 146 150 132 122 141 169 200 204 205 207 204 201 202 204 200 193 190 190 192 194 191 194 191 192 183 189 186 179 173 166 169 172 132 55 74 146 172 170 184 192 198 197 197 193 196 194 194 193 189 189 185 188 184
209 214 218 220 217 213 218 219 217 216 215 212 211 205 208 205 204 206 211 209 206 208 206 204 200 197 191 180 163 137 87 55 38 70 81 72 100 126 138 128 127 163 187 201 201 203 203 196 194 192 193 194 191 188 189 190 197 197 195 187 189 186 184 181 176 175 168 167 171 142 89 93 128 160 170 175 180 184 189 195 191 192 190 190 189 188 191 191 191 189
210 214 217 220 218 215 218 218 218 216 215 210 207 202 208 207 205 209 213 210 208 208 206 204 202 200 191 174 153 128 94 71 45 65 89 63 67 114 138 138 160 186 195 200 197 198 194 186 182 180 182 189 190 187 183 178 181 187 196 191 186 189 181 180 176 175 174 171 168 135 104 125 140 141 164 161 173 177 186 189 193 187 184 185 183 182 187 192 190 189
211 215 218 221 218 216 219 218 220 217 215 210 207 205 211 207 205 210 213 212 210 209 207 204 205 198 187 174 155 128 106 89 61 66 94 87 81 131 159 166 186 196 194 196 192 193 193 186 184 183 185 193 193 188 183 174 162 155 163 187 184 182 178 175 178 170 170 171 170 131 96 133 172 151 162 159 169 170 182 187 193 187 184 183 178 176 180 185 189 190
211 217 221 223 219 216 219 219 220 216 214 211 212 211 215 208 204 211 211 211 212 210 208 204 197 198 190 175 161 143 127 105 92 89 106 133 136 159 175 182 189 194 192 193 187 191 196 192 194 194 192 193 188 181 177 164 161 124 97 156 185 180 176 176 180 170 171 177 174 136 95 140 187 186 172 172 169 164 173 190 193 190 187 176 167 171 176 178 186 189
210 216 220 222 218 216 219 219 217 214 215 213 212 212 216 209 207 212 209 209 211 210 209 206 198 206 200 184 175 162 154 129 121 116 124 157 175 179 188 190 190 195 192 194 188 189 193 190 190 190 186 185 180 175 171 153 147 88 49 119 165 175 172 178 180 174 180 188 171 134 101 150 192 204 169 163 175 178 173 183 190 188 186 170 158 164 172 176 182 186
208 213 216 219 218 217 219 217 214 214 217 213 209 208 215 210 209 213 207 207 209 209 210 207 206 208 204 199 193 178 179 165 155 148 154 166 185 186 188 185 186 189 185 191 188 187 187 184 182 184 180 183 184 184 178 155 137 70 58 120 141 171 177 180 182 177 181 191 162 130 112 167 205 212 168 145 180 194 177 175 184 182 184 170 156 159 166 173 181 186
207 212 214 213 214 215 214 212 209 212 213 210 205 204 208 211 208 211 207 207 211 209 206 204 207 205 203 202 201 199 196 194 188 183 183 186 187 188 188 185 186 189 185 190 181 188 176 190 188 189 194 195 194 193 183 170 145 95 72 115 137 160 170 186 179 180 186 194 169 134 115 157 201 221 155 104 183 196 200 175 176 185 173 167 162 153 161 167 185 186
204 209 211 209 209 209 210 211 210 211 211 208 206 205 205 205 199 205 205 206 207 205 204 203 203 199 200 206 210 209 209 211 208 204 202 202 198 194 192 189 192 191 187 192 186 193 182 192 194 199 205 211 214 206 189 178 160 132 85 105 130 153 165 177 177 184 198 208 181 145 116 141 198 221 157 73 164 198 203 175 171 175 172 160 153 148 153 168 183 191
200 202 204 206 207 208 210 213 216 211 205 202 204 206 204 201 204 204 202 203 202 201 201 198 198 200 200 201 208 216 217 213 212 210 209 207 203 201 200 199 194 192 190 198 193 201 192 199 200 204 204 209 215 204 186 181 168 152 110 105 116 137 146 170 173 178 191 201 181 151 124 140 200 224 226 107 152 196 206 166 162 166 166 158 150 144 147 161 182 197
199 198 200 203 206 207 209 211 205 205 202 199 200 202 203 205 203 203 202 201 196 193 196 195 195 196 195 194 203 215 217 211 208 209 210 209 206 202 199 197 194 194 196 204 199 207 203 208 206 209 206 209 212 199 181 174 164 139 122 103 97 122 126 155 163 168 182 197 185 154 122 130 196 209 236 112 120 201 196 164 159 163 157 156 151 141 147 155 181 193
201 199 201 204 203 203 204 204 208 207 204 204 208 208 204 201 202 199 197 199 199 198 198 193 195 187 183 189 197 201 203 205 208 207 204 201 199 197 196 195 192 192 193 197 193 198 197 200 194 198 196 199 201 194 183 171 150 121 111 105 97 113 116 126 147 156 168 182 182 154 120 123 179 207 229 114 82 185 173 160 162 161 152 148 144 138 146 157 179 183
199 199 202 203 201 200 202 203 203 204 202 200 202 201 198 197 200 200 196 197 195 194 198 197 199 194 189 190 195 199 201 202 203 201 197 193 193 193 192 191 189 187 182 182 179 182 181 183 182 185 185 189 191 192 189 174 147 115 87 103 95 85 108 118 131 149 165 177 181 153 115 107 154 195 208 87 69 169 176 165 161 155 153 142 135 135 139 157 179 181
195 194 196 198 197 199 202 201 198 197 192 191 198 200 198 198 200 199 193 193 195 194 195 195 193 196 194 187 188 196 198 193 190 192 192 190 190 186 179 174 180 182 175 172 171 171 171 174 175 178 177 181 182 182 180 165 150 121 103 123 108 85 106 126 128 147 165 176 179 151 118 109 170 206 208 70 90 181 188 174 157 153 154 143 134 134 136 152 177 184
195 190 189 190 191 196 197 193 193 195 192 190 192 192 190 192 196 201 200 202 204 200 198 199 195 197 196 189 184 183 183 183 180 181 178 175 175 172 167 165 165 172 169 166 165 163 164 169 173 173 166 167 170 173 178 170 146 123 131 132 113 105 106 119 143 151 164 171 167 138 115 111 178 202 222 91 92 189 194 172 157 157 152 144 135 132 139 148 170 184
196 186 188 192 189 190 195 196 196 192 188 185 188 192 189 189 195 196 197 200 203 201 200 203 197 190 201 199 191 181 182 177 168 170 155 156 159 156 162 161 158 158 160 161 156 159 157 160 162 167 166 169 172 176 177 160 136 131 135 118 121 104 99 121 139 145 159 165 154 132 110 121 177 203 213 98 91 188 173 163 152 149 147 143 137 133 139 150 169 180
193 185 184 187 187 185 186 188 192 191 191 188 188 190 189 191 192 191 194 198 199 198 200 201 200 194 196 192 181 167 162 161 150 155 146 136 136 141 144 145 148 150 152 150 147 154 152 151 152 160 162 166 170 173 170 149 134 114 136 125 124 113 104 108 129 142 158 162 146 122 115 149 194 205 211 80 110 178 163 156 152 153 150 146 141 135 137 147 165 176
185 184 182 184 186 185 185 188 190 191 192 189 188 188 187 189 193 190 195 199 198 199 202 200 199 197 189 184 172 160 148 147 136 132 120 112 115 120 129 136 143 147 150 151 151 158 155 152 148 153 152 156 162 168 162 140 127 93 137 134 126 117 115 115 122 135 152 158 140 116 117 152 180 185 132 37 133 176 160 147 149 154 151 144 141 135 136 145 163 173
182 188 188 185 184 184 186 186 190 189 189 187 187 187 185 186 191 189 193 197 196 196 197 196 193 195 183 177 163 155 139 129 118 107 94 97 105 114 127 132 140 141 145 150 151 156 153 156 153 152 147 150 159 166 161 143 134 85 125 132 133 121 121 120 123 129 146 155 132 117 124 147 182 191 80 39 164 171 154 148 150 153 150 143 139 137 140 148 159 169
181 187 187 186 182 180 185 185 188 186 184 182 183 185 183 184 191 192 194 197 198 197 196 197 192 188 177 174 155 141 121 104 87 70 74 91 104 111 118 132 147 150 153 156 156 162 161 167 160 155 149 151 156 159 156 147 142 98 116 125 136 122 122 120 131 133 145 151 126 122 151 183 200 217 101 75 158 152 155 154 155 156 154 148 141 142 149 153 160 169
180 183 182 186 184 179 183 184 183 181 181 179 179 181 181 185 187 191 193 196 198 196 193 194 194 183 175 174 151 125 102 79 51 47 66 75 92 112 113 130 145 155 160 161 159 165 161 163 160 155 151 151 153 155 158 161 156 125 121 121 130 121 121 120 128 134 145 153 126 112 139 172 185 173 67 102 140 137 155 156 161 159 159 154 145 145 152 153 161 170
176 185 182 183 183 178 179 179 180 179 179 177 177 179 178 182 188 190 195 199 199 197 194 192 189 181 175 166 141 107 84 54 36 59 68 63 90 125 128 130 143 155 163 165 162 165 158 159 159 156 153 152 154 158 162 168 160 136 127 125 126 123 121 115 127 132 143 153 126 112 139 164 170 152 73 128 137 143 153 155 165 164 163 157 149 147 151 153 159 167
163 184 182 176 179 179 181 179 181 178 178 177 177 178 176 178 185 186 193 197 194 192 190 184 182 180 174 154 128 92 67 29 52 72 62 77 116 130 139 146 152 160 166 170 168 168 163 169 166 163 159 154 152 151 146 145 132 120 130 137 125 124 125 126 128 130 142 150 120 120 160 181 177 150 102 121 138 156 147 161 169 169 166 159 152 148 150 156 161 169
153 175 181 177 179 178 174 178 179 181 177 174 175 176 176 179 185 188 197 196 194 194 185 182 184 177 171 138 106 89 43 44 78 70 89 119 144 148 151 157 157 165 168 172 169 180 169 172 169 168 162 155 146 140 133 117 109 125 133 131 128 135 126 126 126 138 145 151 124 115 131 141 125 80 107 122 143 145 155 162 163 169 162 151 152 152 151 163 168 176
156 165 175 178 176 178 181 181 179 179 178 176 174 177 181 183 186 187 192 194 195 193 184 178 177 169 174 131 101 81 29 58 91 98 153 171 165 163 155 156 162 170 173 180 172 178 173 173 173 175 169 160 153 148 142 133 124 130 138 130 130 122 121 127 133 136 147 153 129 129 153 154 101 79 116 124 148 145 159 165 162 157 152 151 154 155 156 165 173 180
167 164 169 174 171 174 179 176 173 173 177 177 172 174 179 179 182 186 189 191 188 184 185 183 178 167 161 148 112 61 41 91 82 107 158 184 182 164 155 157 159 165 171 186 177 178 180 179 177 181 172 162 155 150 148 144 145 139 134 127 134 127 126 132 142 141 149 153 136 121 122 103 70 95 130 126 146 159 170 164 161 152 152 153 152 155 161 169 170 176
172 171 171 174 176 175 171 168 173 174 177 176 172 172 175 177 178 184 186 189 185 181 186 186 183 180 153 154 111 62 54 115 62 65 87 115 161 173 160 170 154 151 166 186 178 179 182 181 177 180 174 166 160 155 151 146 146 147 139 142 144 145 132 131 140 150 155 151 130 77 50 38 66 104 128 149 157 161 157 162 158 155 160 160 160 166 167 163 163 166
164 172 171 168 172 172 170 171 175 176 174 171 171 171 172 176 177 181 182 189 190 185 183 176 171 186 171 159 140 58 71 136 71 116 100 73 129 163 157 175 166 150 173 192 186 187 183 183 176 177 177 175 170 164 157 144 138 148 149 152 147 144 136 138 142 153 155 155 129 52 27 47 83 125 135 150 152 155 150 152 153 159 165 161 160 164 164 162 162 163
153 165 171 167 166 169 172 174 172 174 172 172 174 172 169 171 176 181 184 187 186 182 178 172 164 173 182 166 158 64 87 139 66 96 54 25 93 146 156 162 153 132 161 184 183 186 182 183 183 180 178 177 171 165 157 143 136 138 144 144 144 134 141 147 152 152 151 156 118 39 28 70 111 142 152 160 165 161 164 162 159 161 163 163 164 162 154 150 150 150
142 159 171 172 173 172 170 169 171 172 173 175 176 173 170 168 171 177 184 181 177 176 174 173 176 165 171 161 132 99 84 122 54 12 17 33 85 139 148 156 156 135 164 189 189 188 187 187 188 186 180 176 171 164 157 146 148 140 143 150 153 145 153 155 152 153 150 151 106 49 56 103 143 155 157 162 162 157 164 162 157 156 156 152 147 144 143 148 153 153
139 154 159 160 168 169 165 169 172 169 169 170 168 168 169 167 166 169 178 176 176 179 172 168 179 170 167 171 139 107 89 123 60 31 55 75 107 143 148 156 151 135 162 190 192 188 193 192 187 188 183 181 179 171 163 155 152 142 136 147 140 142 148 151 152 152 137 133 99 75 92 129 149 156 153 165 159 164 166 162 156 154 155 149 144 144 149 155 153 152
129 145 155 158 162 166 166 167 167 167 172 173 170 168 167 169 164 165 170 174 175 175 173 170 181 174 169 168 129 116 85 125 74 57 110 126 122 150 156 161 147 134 155 194 187 190 191 194 189 187 187 184 177 174 169 160 152 150 135 137 142 143 144 149 148 139 121 114 107 111 134 146 151 158 161 163 165 166 166 161 157 148 142 141 140 143 149 152 149 146
123 139 150 154 159 163 162 163 165 165 169 170 168 166 164 164 162 163 167 172 173 173 170 165 181 179 162 163 132 108 87 132 92 71 121 131 135 149 158 158 147 132 160 189 191 187 190 192 192 189 189 187 181 175 168 161 154 155 146 136 128 142 157 160 158 146 126 128 138 141 147 151 160 165 163 164 167 167 166 162 153 144 139 138 139 143 147 148 143 141
122 138 150 154 159 162 162 164 165 166 168 169 167 165 164 162 163 164 166 167 170 172 169 164 176 174 160 156 125 116 85 121 119 86 132 142 141 155 160 161 146 133 169 184 194 187 189 187 188 187 187 188 186 179 172 169 157 150 149 145 130 137 152 166 162 160 151 153 154 148 152 159 161 166 163 163 167 163 160 160 153 144 139 139 140 144 147 145 143 142
121 136 147 151 155 158 161 164 164 165 167 168 165 164 165 162 162 164 165 165 168 170 168 164 174 168 166 139 128 122 108 101 139 97 82 104 134 166 165 158 147 137 176 183 191 189 189 181 182 184 184 185 186 182 175 172 162 150 149 155 149 142 141 162 167 165 164 164 157 153 163 169 161 169 168 168 168 159 154 157 151 145 143 143 144 146 146 141 142 139
109 124 136 141 145 148 151 155 158 162 162 164 162 161 165 162 158 162 164 164 166 167 165 162 167 169 151 129 125 120 130 98 132 126 68 82 140 167 168 164 153 144 178 187 187 190 186 179 183 187 186 182 183 181 174 168 161 153 148 150 153 151 142 151 159 161 164 166 163 162 163 159 164 170 167 165 164 154 150 154 144 142 143 144 144 144 142 136 142 137
106 120 131 138 145 147 148 151 152 156 157 162 160 159 165 164 160 164 163 161 162 164 165 166 163 170 144 139 125 130 136 124 105 125 104 95 135 156 156 161 162 152 175 189 185 187 181 180 184 187 186 181 180 180 174 166 163 155 150 155 158 161 155 155 152 159 159 157 161 163 163 164 162 162 155 153 155 150 149 152 143 141 140 138 137 140 142 139 139 133
106 116 124 131 140 144 143 143 147 151 153 160 161 160 167 166 164 165 162 160 161 163 165 169 160 163 157 139 130 130 136 142 120 111 120 111 121 152 154 155 168 164 176 183 183 184 180 180 181 181 182 181 180 181 178 169 162 154 148 157 159 161 162 161 161 163 161 159 164 165 160 160 161 159 151 150 150 148 149 150 143 142 140 136 134 139 142 140 138 133
113 118 122 128 138 143 141 140 143 147 148 158 161 159 166 165 160 163 162 162 164 163 161 163 160 171 164 143 127 128 144 150 152 132 130 135 112 136 155 159 170 174 178 175 181 183 181 179 179 177 180 182 180 181 179 171 162 161 150 153 157 163 167 165 163 160 162 162 161 162 161 159 162 161 156 153 148 144 143 141 139 140 142 140 138 140 140 134 131 127
115 128 127 133 137 136 146 146 143 142 148 152 151 148 159 163 161 165 166 162 162 163 162 160 164 169 166 159 137 137 147 156 162 155 143 138 126 135 165 161 166 176 176 174 173 175 179 177 176 177 177 181 180 178 178 170 164 162 153 141 146 160 160 154 156 158 160 160 159 158 158 160 159 160 145 143 140 141 136 137 141 139 139 144 144 141 140 134 130 127
121 124 128 124 133 147 147 149 146 148 148 151 158 154 157 160 161 161 160 160 161 160 158 159 159 155 167 163 153 144 151 159 155 159 159 153 135 138 164 167 162 164 172 176 168 169 180 177 175 176 175 178 178 176 177 173 161 158 155 151 152 154 153 156 159 161 163 164 161 155 150 148 147 143 141 138 143 148 148 143 142 142 141 142 140 135 135 132 126 128
114 122 130 136 142 146 147 149 150 152 151 150 155 152 157 162 162 159 156 156 160 160 158 157 158 152 165 166 153 137 147 157 163 166 166 157 143 146 163 167 163 160 169 177 169 170 180 178 179 179 176 177 178 174 172 171 166 162 157 151 156 163 162 161 157 154 152 152 149 144 139 139 139 134 143 139 144 150 152 143 149 145 138 138 140 139 138 135 132 131
84 105 125 134 136 137 143 148 149 150 156 158 159 156 160 155 157 162 162 156 155 157 158 158 155 150 146 168 158 144 151 153 163 163 165 161 157 162 167 168 169 166 166 172 175 175 177 178 179 179 176 177 179 174 169 169 163 159 157 155 154 152 151 156 149 143 138 138 139 137 137 140 144 140 153 149 147 150 148 144 138 138 133 135 140 139 139 139 132 128
71 89 114 106 104 118 119 126 133 139 150 153 152 149 158 159 161 164 162 158 159 163 161 158 152 163 154 159 153 160 168 154 159 160 163 159 157 163 166 170 168 170 167 166 172 173 171 176 174 174 172 173 176 174 169 169 161 160 160 155 153 152 150 154 153 149 147 150 153 153 152 154 156 154 157 154 146 147 138 141 144 143 138 141 144 140 133 126 120 125
72 78 90 93 94 97 96 99 110 116 124 133 146 148 154 157 157 159 159 158 159 158 158 159 156 153 155 150 151 149 158 163 162 160 159 154 153 159 163 166 163 167 170 166 165 166 168 174 172 170 169 168 169 169 166 166 164 167 165 156 157 164 162 158 155 154 154 156 158 157 155 155 152 152 147 145 140 144 135 141 143 144 143 142 137 132 131 128 121 122
74 80 83 100 100 89 94 93 98 105 112 121 135 137 148 156 155 157 157 159 162 163 161 160 165 158 160 156 162 156 151 154 159 158 158 158 158 162 165 162 161 163 168 166 163 164 164 169 170 168 170 166 163 165 162 161 161 161 164 162 159 154 152 157 157 157 155 154 154 153 152 153 140 145 142 139 142 147 147 149 153 147 142 140 134 132 133 127 121 120
45 58 72 76 78 85 93 96 96 99 113 126 131 128 133 132 141 150 154 153 153 156 157 155 156 162 155 160 162 165 159 161 155 158 158 157 151 152 160 160 161 161 162 162 166 166 159 164 165 166 172 168 162 164 163 161 161 160 158 153 154 156 154 156 157 158 156 153 152 152 152 152 146 155 156 146 151 151 156 152 147 140 137 137 131 130 131 121 118 122
48 53 62 67 74 86 88 103 95 91 98 109 127 125 140 126 126 132 138 144 142 140 148 150 153 159 157 157 163 158 154 159 153 157 159 158 158 159 156 150 154 166 156 156 159 163 158 165 163 161 163 164 166 166 159 161 162 163 164 160 159 158 163 159 158 159 157 155 155 158 157 155 158 160 157 152 152 152 151 149 144 144 132 130 127 128 130 129 135 132
55 55 52 65 72 72 77 91 95 93 95 105 102 105 124 121 125 123 125 137 138 128 127 129 139 140 138 137 139 140 132 140 141 140 143 146 145 146 149 150 154 153 152 159 154 160 163 160 161 163 166 160 158 164 163 160 162 160 161 162 162 162 162 158 158 159 158 158 159 159 156 152 151 149 146 145 145 142 138 136 133 133 129 132 127 130 133 129 134 130
57 63 56 55 59 67 72 76 88 93 93 106 103 91 101 115 125 126 124 129 132 124 117 112 112 119 119 119 111 108 99 108 107 104 105 110 113 115 124 135 139 150 152 160 163 162 158 163 168 159 158 161 162 158 158 166 162 163 157 161 161 161 162 158 157 155 152 150 149 147 145 144 146 139 135 136 137 133 130 130 137 136 133 138 135 136 137 135 132 129
51 53 60 57 55 65 66 76 82 82 83 95 117 106 101 96 103 119 122 119 122 124 115 104 96 100 92 94 85 84 81 86 78 79 76 76 81 82 88 101 108 119 131 149 161 165 164 162 158 162 161 159 163 160 154 155 163 166 154 160 156 151 155 151 146 144 142 141 140 140 142 145 149 143 141 142 142 140 138 139 139 142 139 141 138 136 133 133 130 129
51 45 53 58 51 55 54 62 68 76 87 91 100 111 118 100 97 106 110 107 107 106 100 98 95 94 90 86 74 74 68 72 65 65 61 60 65 72 75 76 79 91 109 121 127 138 156 161 163 163 161 161 164 165 160 152 154 157 184 211 204 191 176 164 162 160 158 157 154 149 146 146 138 139 143 145 145 145 145 144 141 141 141 142 137 139 136 136 133 132
57 46 42 52 49 50 53 54 62 75 83 95 90 105 107 98 108 99 99 107 107 96 91 102 103 90 91 81 80 87 78 75 62 58 60 63 67 81 88 80 76 84 100 100 95 110 151 171 142 112 113 148 165 160 156 152 158 146 210 242 240 241 233 230 231 227 223 220 216 209 202 198 188 185 178 166 152 146 143 139 139 139 145 146 138 145 144 137 139 138
169 126 71 47 44 55 61 61 65 70 68 84 88 106 112 121 109 97 96 98 96 87 80 84 91 87 91 82 83 81 84 74 71 68 79 104 130 148 149 138 104 78 87 91 83 105 151 153 94 76 89 137 164 161 156 150 156 156 228 244 242 243 242 242 247 245 243 243 243 244 243 242 240 240 240 235 226 222 217 211 185 154 137 147 154 152 142 146 142 141
227 226 198 147 122 121 90 64 53 58 66 71 75 96 115 115 114 108 99 82 79 90 90 83 72 78 72 67 71 62 90 73 68 89 117 144 161 156 149 153 132 96 84 82 83 91 114 109 87 96 112 141 158 153 152 155 147 175 239 240 241 237 245 243 240 242 244 243 242 244 246 248 249 246 246 247 245 246 247 244 247 223 169 124 114 122 120 132 138 139
221 226 232 229 219 215 206 189 148 109 94 90 84 83 87 82 90 101 103 109 107 104 103 109 117 118 122 116 99 110 61 66 80 118 140 160 158 142 142 157 143 112 89 78 73 78 83 84 91 126 149 163 178 176 172 161 150 213 240 241 243 241 244 243 243 242 241 243 245 243 242 244 245 245 245 243 245 243 248 247 246 243 239 192 129 103 110 100 102 99
225 224 224 226 227 228 229 232 231 225 223 215 208 195 185 179 193 204 206 211 207 203 202 208 220 228 232 237 238 102 46 80 122 153 165 174 166 148 148 161 146 114 89 73 64 66 69 68 66 123 169 175 167 153 157 164 204 242 244 236 240 240 242 241 242 242 242 243 244 244 243 244 246 245 245 242 244 241 245 244 246 250 253 252 220 143 102 103 104 100
