187 181 185 182 189 184 183 186 185 188 182 183 185 184 190 193 182 187 185 185 192 182 186 182 185 183 183 182 185 175 182 181 178 179 182 189 183 170 175 178 184 196 193 195 191 186 183 183 183 179 183 181 184 189 185 187 184 184 185 183 181 183 185 186 180 182 182 180 182 186 185 181 185 183 180 181 185 183 181 183 183 181 180 181 183 182 181 182 182 180
185 184 186 179 188 187 183 181 181 178 187 185 184 189 184 186 184 187 188 185 184 174 178 179 183 178 181 179 174 176 187 180 180 181 196 198 134 96 87 113 129 158 171 178 179 187 189 185 185 186 183 183 181 178 183 183 187 184 184 187 189 185 181 180 183 183 183 183 181 179 179 181 178 180 181 182 184 181 180 182 179 181 183 184 184 181 180 181 183 182
185 182 188 185 184 184 186 183 183 185 182 182 185 184 184 184 186 185 189 187 191 193 195 196 190 190 190 190 188 190 183 182 181 196 210 211 108 40 54 75 107 135 147 156 170 196 207 198 187 196 186 181 183 179 181 186 185 181 185 188 183 183 186 184 184 182 183 184 181 177 178 181 179 182 184 184 184 181 178 177 184 186 186 184 181 180 179 180 184 183
178 180 181 180 182 180 181 186 190 188 184 191 192 190 196 191 188 190 200 195 192 192 182 178 177 192 194 185 169 161 154 174 192 227 223 219 148 36 61 118 164 185 190 193 195 209 216 210 206 204 206 202 193 188 182 180 183 185 188 184 177 179 185 185 181 182 182 182 182 182 182 182 179 181 182 183 184 184 181 179 184 185 183 181 182 184 185 184 184 184
181 180 183 187 184 185 192 197 191 177 189 196 190 194 190 182 182 177 171 144 113 91 69 67 77 95 102 88 60 60 75 108 145 208 233 229 207 107 95 156 189 201 205 214 210 206 206 206 211 220 215 204 205 203 189 182 182 187 184 181 183 183 180 181 180 181 182 183 183 183 183 184 180 181 181 181 182 183 183 181 181 183 183 182 183 185 184 184 184 184
186 186 183 191 194 190 170 150 135 128 119 107 98 90 80 74 87 65 44 30 25 28 22 31 34 31 20 21 38 53 39 26 57 124 189 232 237 173 133 172 213 221 216 213 194 173 164 166 184 208 213 209 199 194 204 200 189 182 185 188 181 179 184 184 182 181 182 185 183 179 181 186 184 184 185 184 181 181 184 185 183 184 184 182 180 180 181 183 180 181
185 194 192 202 177 105 41 33 42 50 27 9 8 7 10 9 18 21 21 26 32 43 46 64 55 40 28 31 38 31 39 55 32 42 72 167 234 225 171 160 211 226 216 199 177 159 149 147 174 191 199 224 219 179 187 229 214 187 181 187 182 185 187 175 184 183 183 183 181 179 182 188 183 182 185 185 182 182 186 189 183 183 182 181 181 181 184 187 179 180
192 189 176 143 66 20 16 22 34 37 35 15 10 29 38 33 27 45 46 41 33 35 34 46 42 34 38 37 36 44 69 63 38 37 29 38 79 174 202 173 199 234 228 194 163 156 162 170 187 205 197 195 218 222 213 213 212 200 188 184 187 186 183 181 184 185 183 180 180 185 187 187 185 181 182 184 182 181 182 183 186 185 184 185 187 185 183 183 181 183
141 122 99 50 17 28 37 41 60 70 67 41 25 34 42 40 33 37 42 47 45 41 42 45 38 36 38 32 30 49 61 49 31 25 28 21 22 70 122 136 150 193 207 147 110 125 155 168 190 211 201 191 207 224 226 218 216 216 203 199 193 181 183 185 184 183 184 184 184 183 182 187 186 184 183 185 186 184 182 183 182 181 183 186 185 183 182 183 182 182
41 44 35 26 27 33 34 27 31 70 99 80 40 26 37 48 50 41 38 43 45 43 44 46 36 32 30 33 40 48 43 28 30 31 43 52 47 38 38 42 53 84 137 112 65 102 190 230 218 219 215 216 212 202 211 230 216 221 222 210 197 180 173 190 182 183 185 182 182 185 184 184 187 185 185 187 188 187 186 185 181 179 180 183 183 183 184 185 184 184
26 47 42 34 33 29 29 24 15 28 55 70 54 33 34 48 65 54 49 48 44 39 38 36 36 38 40 46 53 54 54 57 64 68 69 75 88 94 93 93 82 93 145 156 139 168 224 241 227 221 221 227 218 205 211 225 215 216 225 218 209 176 146 184 186 183 183 179 177 182 184 183 183 183 184 185 186 186 186 185 183 181 182 183 182 180 181 182 181 181
46 38 30 29 33 32 30 31 40 34 32 37 45 60 73 72 70 66 66 61 54 55 55 49 50 67 88 108 122 122 125 135 150 161 171 178 183 187 189 188 187 184 188 187 189 194 196 194 195 195 196 197 197 198 197 193 194 203 223 225 214 156 119 182 185 179 182 183 179 179 180 179 183 184 185 183 181 180 180 180 180 179 181 183 183 181 182 182 180 179
39 36 39 36 25 27 37 36 37 36 26 27 53 100 126 115 95 91 91 83 75 77 75 72 86 114 150 176 187 184 183 188 183 196 204 207 205 204 207 204 204 204 199 192 189 189 184 185 180 182 181 179 179 182 181 180 181 190 202 204 192 144 126 184 184 178 181 182 178 180 184 185 183 183 183 181 181 182 181 180 179 179 180 182 181 181 181 182 179 178
41 34 33 40 33 34 51 48 40 32 34 62 101 136 151 138 120 118 120 112 103 103 108 119 136 156 179 193 197 193 189 188 192 198 195 202 207 200 200 203 204 203 196 195 192 190 184 185 186 188 187 182 182 183 179 182 181 182 182 186 184 168 161 174 177 179 184 183 180 185 186 184 185 183 181 181 183 184 183 181 181 180 180 180 178 178 180 181 179 178
37 42 35 28 32 43 48 43 43 48 56 71 82 105 140 152 149 151 156 150 143 138 134 144 167 182 192 192 188 186 187 191 194 205 195 189 193 194 198 199 202 202 194 198 197 196 189 193 195 198 199 193 194 197 191 189 192 193 188 188 188 190 193 187 184 185 185 178 177 181 181 180 186 184 184 184 182 180 178 178 178 177 178 178 178 179 182 184 181 181
31 44 42 26 40 51 32 30 37 43 52 72 93 128 168 177 174 166 157 149 158 168 166 172 188 193 190 185 188 190 190 193 188 183 169 174 184 188 199 205 204 206 204 209 202 202 201 205 202 201 206 204 202 201 198 202 196 200 198 197 195 194 199 198 192 188 185 179 176 173 169 171 177 180 184 186 183 179 181 186 179 179 180 180 179 179 181 182 180 180
41 43 30 33 37 32 23 42 44 30 33 56 83 131 134 134 132 137 147 165 175 184 187 194 191 190 192 182 188 197 191 175 148 141 155 167 176 192 205 206 209 208 212 210 210 210 207 210 203 201 205 207 207 205 201 202 203 198 194 193 197 195 193 200 193 190 187 186 185 178 170 165 163 159 164 171 179 188 186 178 178 180 179 183 182 178 179 177 176 177
30 27 29 23 24 30 45 42 35 34 25 54 77 104 130 152 184 192 191 197 199 198 196 199 193 185 190 186 194 179 133 109 120 144 170 182 186 194 199 210 212 217 219 214 215 215 210 214 212 207 208 209 208 206 206 210 207 203 198 193 192 190 184 184 191 190 184 181 183 182 177 173 170 162 154 144 149 168 181 185 180 182 179 181 182 181 182 178 181 180
27 33 33 27 25 38 47 43 41 65 78 84 82 108 135 153 194 212 206 204 201 197 197 199 192 187 190 197 190 130 87 103 132 162 181 175 172 183 184 199 212 221 222 216 219 218 213 215 213 212 215 214 212 211 210 212 202 203 203 196 189 185 175 168 181 186 189 190 188 184 179 179 175 165 156 146 139 140 154 176 186 182 180 183 181 178 181 182 183 181
39 54 51 35 35 52 54 65 92 103 111 116 111 111 103 102 148 186 191 196 198 197 201 204 201 198 194 207 170 89 88 125 158 171 173 148 137 148 168 199 211 219 221 221 223 222 218 219 213 215 220 217 215 217 214 212 207 202 201 195 187 172 145 121 106 113 135 161 174 176 175 174 174 168 161 152 144 134 128 132 162 189 194 182 181 178 174 179 180 179
42 45 62 45 58 64 66 78 100 126 123 125 131 115 89 72 110 164 185 196 202 201 202 204 206 210 211 198 124 60 101 136 163 180 149 102 97 114 166 207 210 213 217 224 225 224 222 220 219 217 219 217 217 220 218 217 211 202 199 194 185 171 149 132 110 94 92 103 115 134 153 158 169 163 159 155 151 139 123 118 117 146 175 185 187 186 184 184 182 181
37 37 70 79 81 55 49 88 93 98 107 109 118 114 91 87 107 163 189 200 206 206 206 208 205 213 211 178 120 76 99 142 173 171 107 73 87 111 172 208 210 209 214 224 225 224 225 221 222 216 218 220 221 220 217 218 209 204 201 192 180 171 165 166 155 153 153 142 128 136 156 163 170 163 163 163 157 142 127 124 119 115 133 160 176 180 178 179 181 180
41 36 54 86 103 73 66 116 114 88 110 98 92 103 87 101 136 182 203 208 211 213 208 211 217 218 202 160 138 99 90 155 175 120 66 74 78 109 160 197 209 212 215 223 226 226 228 225 221 220 223 225 226 224 218 215 213 208 201 192 185 176 166 165 167 174 179 175 172 178 183 179 181 178 175 166 159 155 136 116 119 127 125 130 159 175 167 167 169 166
48 37 41 65 110 97 103 124 119 107 129 109 96 100 89 101 140 181 203 209 215 221 215 216 219 218 201 154 136 96 73 140 153 73 52 62 25 86 139 172 205 212 213 218 223 225 227 226 223 228 232 228 227 230 223 214 215 210 200 187 181 173 162 161 166 169 168 171 183 194 195 191 190 185 183 174 166 162 150 136 121 130 140 130 131 162 182 181 179 174
60 62 57 74 97 97 90 107 116 126 134 128 99 95 93 114 148 170 186 203 209 213 216 220 219 210 183 139 119 89 69 141 126 38 42 55 62 125 165 168 198 209 214 218 222 231 225 221 222 224 225 227 224 228 224 217 214 205 193 182 182 169 159 160 161 162 178 176 186 178 178 183 187 192 181 178 179 169 158 147 135 138 146 151 140 140 160 169 174 179
54 85 84 69 76 91 95 103 125 140 146 123 98 94 93 134 167 169 173 191 200 210 220 225 225 207 174 117 100 67 73 154 110 29 35 105 158 155 173 172 200 204 206 217 224 227 221 217 211 213 219 230 230 229 223 220 214 203 196 184 179 167 157 156 161 176 178 177 153 119 123 142 169 182 184 178 172 172 168 154 144 144 145 153 158 154 150 143 155 164
49 83 89 74 78 92 98 101 121 134 136 117 101 86 93 147 173 174 178 200 209 214 221 223 222 210 170 127 105 60 60 140 80 17 74 187 210 175 163 182 201 204 200 217 226 222 215 208 211 212 215 225 226 224 218 219 213 199 192 175 164 153 144 146 163 183 166 141 85 63 95 136 162 169 177 177 172 173 171 162 149 151 151 158 166 168 163 153 143 143
68 79 78 72 82 86 88 93 102 116 121 120 118 100 107 132 159 188 203 219 223 220 220 221 223 209 165 136 115 55 45 120 65 15 60 101 115 170 166 183 188 196 189 210 222 214 208 202 207 212 212 216 218 221 216 215 206 193 183 163 155 146 138 147 159 165 145 100 55 82 129 161 170 171 176 178 177 175 172 170 164 163 162 158 155 166 178 177 167 156
90 87 66 57 87 91 80 79 90 110 125 122 118 116 117 107 146 205 223 223 223 221 221 225 222 199 164 131 109 38 47 114 56 14 56 30 30 108 148 165 184 186 176 205 221 206 199 198 202 210 212 215 214 218 214 211 199 186 169 145 140 129 123 137 152 149 131 76 56 103 149 152 164 168 174 179 180 180 180 178 180 175 169 157 151 162 175 178 179 170
84 89 63 48 86 87 75 85 102 107 120 116 118 123 98 78 148 216 231 224 223 223 223 225 216 196 173 138 93 31 54 109 36 19 85 39 8 53 113 160 186 172 164 204 221 201 195 200 211 215 214 213 209 214 213 211 190 171 147 125 120 111 116 132 138 133 113 70 72 115 160 131 128 142 158 177 186 187 190 186 184 186 182 171 168 169 169 172 178 180
84 88 68 53 83 78 70 81 96 114 126 123 119 104 64 74 171 223 231 227 225 224 223 218 214 201 174 125 70 31 58 98 38 18 45 15 7 42 75 143 174 148 147 197 213 199 201 209 217 218 215 213 208 215 207 192 170 143 122 111 101 99 121 133 135 126 112 95 111 152 175 86 71 134 165 178 190 192 196 192 189 193 195 189 187 184 176 178 185 190
84 95 94 79 91 80 73 70 81 130 134 121 107 79 49 91 200 229 227 226 221 220 223 215 211 197 163 91 54 26 58 83 39 6 4 7 18 50 75 123 165 135 143 195 206 199 208 216 216 220 221 218 212 215 190 150 146 116 109 113 104 109 145 151 153 145 146 144 154 196 193 55 27 157 203 185 187 194 199 194 194 188 191 193 195 198 193 189 192 192
88 105 102 89 98 80 83 70 91 126 109 104 90 55 41 106 216 238 226 222 221 219 219 212 214 197 143 69 49 26 55 80 39 18 16 21 41 73 93 128 148 116 142 196 199 203 220 226 219 221 222 217 219 211 175 143 132 115 126 140 142 164 183 175 171 177 176 175 182 208 179 49 6 99 199 207 190 194 193 195 195 193 189 189 193 194 198 202 201 203
106 111 99 74 76 70 84 75 77 90 86 79 64 50 49 127 226 231 223 227 223 221 221 214 207 195 144 48 33 32 48 74 42 24 48 60 78 98 105 146 131 106 151 189 197 215 223 224 224 222 218 212 213 208 180 156 152 149 168 180 190 196 196 196 195 193 191 186 199 209 144 34 3 39 151 200 200 189 205 205 202 201 195 189 186 187 192 194 201 209
107 111 92 55 68 77 77 64 67 71 75 64 48 48 57 135 225 226 226 232 223 217 214 212 204 199 155 53 30 36 50 67 40 20 59 90 111 109 111 148 111 112 168 189 202 223 228 226 219 217 217 216 212 200 179 166 166 159 181 196 202 197 198 199 191 189 194 188 205 202 118 62 32 56 126 182 200 194 191 196 204 205 200 188 180 183 187 188 189 202
105 105 94 51 60 70 58 55 63 61 63 59 47 46 67 149 225 229 230 228 221 217 208 207 202 197 165 83 35 27 61 74 59 29 42 76 94 82 110 141 113 137 178 196 220 225 229 224 215 212 214 215 206 191 185 189 178 168 182 198 207 194 198 201 197 193 196 190 204 183 99 83 111 157 154 164 185 194 168 173 188 197 199 188 181 181 180 180 178 188
102 104 103 53 52 72 59 57 59 48 54 60 48 45 78 167 234 232 226 221 220 222 210 204 201 197 181 124 53 18 55 70 80 50 35 45 48 45 104 136 136 159 184 206 233 223 223 214 211 212 212 209 201 193 198 208 203 197 187 171 194 204 196 202 194 187 182 185 205 178 98 74 147 243 217 175 177 199 177 154 159 176 190 188 184 177 168 169 173 178
91 96 95 61 63 72 57 63 57 51 65 60 46 58 99 178 229 225 224 224 218 218 211 205 198 193 186 143 76 28 49 76 83 69 51 35 28 46 113 149 159 174 198 215 226 214 212 208 208 216 214 206 200 200 204 204 206 194 178 134 152 205 197 193 192 186 177 186 209 180 117 64 104 180 196 191 130 167 212 171 142 152 169 178 180 171 159 161 175 180
108 94 83 77 71 62 69 86 57 65 69 55 47 69 119 180 211 218 221 224 215 210 206 206 197 189 183 157 110 54 49 72 87 86 70 57 63 95 145 173 179 194 209 215 213 208 208 210 213 219 211 200 198 202 207 201 206 208 197 106 52 140 194 195 189 181 176 189 203 167 130 64 96 187 209 209 105 100 191 214 158 138 140 152 161 160 150 150 159 172
98 78 76 90 74 75 93 61 53 70 61 58 59 65 112 165 202 217 215 216 215 209 203 205 201 190 177 168 140 82 65 81 88 93 77 87 116 145 169 178 196 213 209 208 209 211 211 210 213 216 208 202 201 205 210 207 206 203 199 119 6 57 149 180 188 176 175 194 202 157 136 71 150 240 229 226 169 89 142 204 187 137 117 126 139 146 139 135 139 162
88 80 88 81 80 93 71 41 65 69 70 64 61 65 95 141 192 215 215 208 211 206 200 204 200 189 180 170 154 129 114 118 114 106 101 109 136 170 186 185 201 207 207 208 214 212 208 210 208 206 207 204 207 207 200 200 198 190 188 123 19 44 119 152 169 171 171 197 191 133 139 68 104 196 212 211 200 98 114 163 173 149 109 97 115 125 125 125 126 154
81 90 85 78 98 92 60 65 67 64 58 50 48 62 99 142 177 192 202 208 209 204 201 198 194 190 185 179 176 173 169 174 175 168 162 160 167 184 199 202 200 201 199 200 203 201 199 203 205 203 201 199 202 201 197 200 203 191 178 138 61 42 104 129 146 153 160 201 184 115 139 85 97 184 209 218 215 144 124 141 158 149 112 84 89 101 110 116 104 137
85 77 72 99 98 75 79 69 63 42 32 35 48 73 110 144 168 183 198 206 205 201 201 198 192 188 186 183 186 191 193 197 202 204 203 200 198 195 197 202 193 193 195 195 195 194 196 197 199 200 201 204 204 205 211 211 211 192 168 139 94 45 82 102 128 139 156 203 175 113 147 92 143 220 227 221 225 178 121 133 151 150 117 80 74 89 99 98 79 121
93 80 83 99 95 80 68 53 40 36 42 47 57 83 109 121 142 173 193 201 205 201 198 198 193 184 183 185 188 191 195 202 203 211 209 206 210 205 199 205 211 214 217 215 210 211 212 209 210 213 219 225 219 223 236 231 207 184 161 116 89 50 54 71 94 101 141 199 170 115 136 89 123 198 213 204 205 162 95 114 148 145 116 78 66 81 89 77 70 117
62 64 103 123 107 80 53 44 36 39 55 67 72 85 100 109 130 164 187 196 202 198 192 194 190 180 179 182 183 189 197 206 209 218 218 215 219 220 218 220 216 216 222 226 228 233 237 236 231 234 231 226 214 210 213 203 181 161 140 86 68 59 42 52 62 69 117 172 172 144 128 81 55 121 174 191 183 140 89 101 153 152 119 78 64 71 77 72 64 111
54 77 108 122 118 97 68 54 45 51 61 63 68 84 100 109 132 155 178 195 201 197 194 193 184 178 177 174 173 181 190 193 197 204 212 209 201 202 202 195 191 184 182 187 192 199 206 209 205 209 201 192 189 184 178 174 169 150 118 72 57 59 43 43 54 66 105 147 173 162 109 61 30 67 133 189 197 135 78 88 157 159 117 73 65 67 65 66 65 106
65 92 121 117 99 83 65 62 48 40 38 46 62 75 88 106 133 153 178 197 202 195 188 179 177 172 170 160 154 163 169 166 175 180 185 180 170 170 169 162 166 166 165 165 165 166 164 161 158 160 160 159 162 159 155 160 152 133 96 68 58 56 53 49 49 60 96 144 153 114 60 42 60 121 175 201 202 139 63 66 150 164 128 76 60 61 65 72 64 99
72 90 76 61 48 54 72 51 45 36 27 28 39 47 65 96 131 155 177 193 201 199 191 182 170 161 152 136 125 133 139 135 141 148 150 150 155 156 152 150 148 155 150 134 127 132 133 129 128 124 136 140 135 131 130 138 131 112 82 66 61 51 53 50 51 57 85 133 119 67 36 37 66 123 154 162 169 126 59 77 148 155 118 66 50 62 70 66 63 97
80 98 83 71 67 51 42 33 34 27 31 45 52 51 63 85 126 153 178 189 192 195 194 183 177 159 146 121 111 114 114 109 109 111 107 111 126 123 125 136 134 135 125 112 106 104 102 102 96 98 111 116 113 114 115 118 110 89 82 65 46 50 55 53 54 50 74 114 89 44 40 47 69 109 126 137 142 103 41 94 152 146 117 58 43 59 65 65 64 95
83 109 105 85 60 41 41 36 31 38 45 56 70 71 70 78 103 135 165 186 197 197 189 177 165 160 146 119 109 93 81 87 83 81 75 72 81 78 81 87 92 92 89 85 85 88 88 84 82 84 96 102 103 104 101 100 99 87 81 54 31 47 61 57 55 55 67 85 67 49 49 48 53 69 94 114 96 51 26 114 153 134 95 50 47 55 59 65 70 99
84 104 89 70 60 45 39 42 47 61 70 74 78 79 77 79 94 125 154 176 189 187 179 171 163 152 137 112 97 75 61 66 69 67 64 52 50 49 55 57 66 68 72 75 78 83 85 81 81 84 88 88 87 88 89 93 93 89 84 51 25 48 68 61 55 53 62 72 56 48 50 55 63 69 75 102 64 17 42 125 143 124 80 42 45 53 61 69 70 97
34 40 56 70 62 52 55 51 49 44 46 49 46 50 59 62 81 112 146 170 179 176 172 168 163 150 131 96 69 50 48 56 58 54 53 42 40 43 49 47 55 62 70 74 76 79 82 82 79 87 90 82 73 69 72 81 85 87 87 60 37 51 65 59 58 52 60 67 54 44 42 53 76 90 107 100 47 35 68 114 121 101 68 49 55 59 65 64 71 96
31 47 60 57 67 102 104 62 41 28 24 25 21 24 39 51 74 100 135 161 166 165 166 163 152 145 118 73 46 33 38 50 48 37 35 29 34 39 39 34 39 51 61 69 74 75 76 79 79 87 86 74 63 60 68 79 81 89 91 72 54 56 61 57 57 55 62 63 54 47 36 40 60 72 99 76 11 20 69 99 102 70 52 59 68 66 69 64 76 101
59 31 26 47 76 97 79 38 30 34 38 42 42 37 40 52 68 87 120 149 158 161 162 155 143 134 112 69 38 29 39 42 42 32 30 23 24 22 22 28 26 37 48 61 75 78 76 77 76 82 80 73 67 69 80 86 89 94 89 71 58 57 61 62 56 59 64 66 56 47 41 54 59 63 81 64 7 21 79 94 75 56 60 72 78 73 71 63 76 103
33 28 28 37 52 48 33 38 43 47 47 52 61 61 61 69 78 87 104 125 138 145 149 144 139 130 118 80 35 20 35 38 35 26 25 18 16 8 13 38 32 36 45 62 78 84 81 77 78 84 82 75 66 67 79 82 82 76 66 59 54 54 59 61 63 61 60 65 57 45 47 72 88 85 81 41 15 49 75 75 67 67 78 77 76 72 69 70 80 109
65 51 45 34 25 31 37 44 47 50 54 59 62 62 64 69 74 81 91 108 124 133 137 134 133 127 111 77 41 18 28 39 31 19 16 14 21 15 23 57 55 52 59 74 88 95 92 85 81 92 96 87 67 57 61 59 61 47 42 53 58 58 59 58 61 60 56 66 64 50 42 53 68 73 41 18 29 54 67 62 74 76 85 81 81 69 58 70 92 123
89 60 48 49 41 39 43 40 49 48 51 61 65 59 60 70 75 76 81 92 107 120 130 136 133 128 99 69 40 16 29 34 21 21 15 38 71 72 62 89 85 69 82 92 103 113 109 99 97 99 103 105 91 70 59 54 42 38 46 51 58 59 60 58 62 59 58 68 67 48 40 45 60 61 31 18 45 60 62 71 74 83 77 72 71 69 65 74 104 145
44 35 28 29 29 27 30 36 38 40 41 45 52 57 59 62 72 76 80 85 96 111 124 130 130 128 94 51 30 14 26 31 22 22 39 91 116 134 123 115 113 90 96 119 129 136 133 122 120 119 120 122 115 100 85 73 63 49 48 47 51 53 57 58 62 60 59 65 67 46 24 22 23 18 20 38 56 66 72 70 67 73 70 68 64 68 77 94 130 158
30 28 35 43 40 33 28 25 30 33 30 28 35 44 49 50 58 67 73 79 93 111 123 126 132 129 89 30 19 15 27 33 32 18 30 49 49 98 142 139 123 99 97 131 142 153 157 147 134 130 130 133 132 125 109 95 81 60 51 46 49 49 53 54 58 60 61 64 71 50 13 6 4 8 25 52 64 63 63 63 67 69 69 74 75 86 104 123 142 153
36 38 53 72 75 63 46 32 32 32 30 28 29 32 38 44 53 61 68 78 95 112 121 121 125 120 84 21 15 19 34 42 41 18 36 26 3 23 92 127 119 106 97 137 149 162 170 161 148 143 144 146 146 140 128 118 100 80 62 49 51 49 48 49 54 59 62 65 74 51 8 3 12 30 42 54 64 62 63 69 77 80 82 91 96 105 112 121 120 119
25 33 38 48 61 59 46 41 42 42 45 47 47 46 50 56 64 65 68 76 90 104 113 118 121 117 87 29 14 14 29 41 40 13 22 14 7 9 47 92 109 107 96 141 164 171 177 171 165 159 162 164 162 155 143 138 126 108 81 56 54 49 45 47 50 55 59 61 67 44 7 7 25 39 49 53 55 64 75 76 86 93 95 98 97 97 90 89 89 86
19 28 29 26 30 38 41 39 36 39 44 50 55 57 58 59 64 65 69 76 86 96 108 117 120 115 88 39 13 10 28 48 47 23 5 4 10 22 28 67 111 109 91 134 166 167 171 171 170 163 169 174 174 168 155 150 139 126 101 70 62 53 46 46 46 49 52 54 56 39 17 20 33 41 47 53 57 66 76 74 84 93 92 88 81 80 77 78 85 84
15 20 29 29 23 29 37 34 34 34 39 45 50 56 58 57 58 62 68 75 81 90 102 113 124 118 84 46 15 11 25 50 48 29 7 20 21 27 37 76 107 104 84 118 159 163 174 179 170 164 171 175 179 178 165 158 145 133 117 90 74 60 51 48 44 45 46 48 49 41 34 36 38 44 47 55 65 70 74 77 79 82 82 81 75 80 83 86 85 85
17 18 20 22 22 23 31 40 39 36 36 40 43 47 52 54 63 67 70 72 75 82 93 103 117 112 76 49 22 18 26 48 50 30 10 26 33 40 59 71 98 100 82 108 152 162 178 181 174 169 174 175 178 180 167 160 153 140 129 105 82 64 57 52 47 47 43 44 44 43 45 42 41 43 47 56 61 66 74 75 77 75 78 85 81 86 86 82 85 85
16 25 23 26 25 24 26 36 32 32 30 29 33 36 42 51 55 57 64 65 69 79 86 96 114 117 80 39 26 18 24 46 57 44 26 49 64 82 75 69 96 103 81 105 155 167 170 171 168 172 178 185 184 179 173 162 154 141 129 109 85 69 59 52 48 46 43 41 42 45 46 44 50 51 57 62 66 72 76 75 79 81 83 82 82 85 86 84 85 81
15 21 41 63 49 30 22 20 30 37 38 34 32 33 37 43 47 50 59 65 69 74 79 89 103 112 83 39 24 22 27 43 41 67 40 59 93 99 68 62 106 97 80 109 149 160 165 166 165 172 177 180 177 173 170 163 152 140 124 100 78 68 59 52 51 50 45 38 37 46 59 67 66 67 70 73 75 79 80 76 77 78 78 77 78 80 82 81 80 76
20 18 34 75 80 47 18 15 23 32 37 37 37 37 39 43 51 53 63 72 76 75 76 82 91 100 82 40 23 26 26 35 37 55 48 30 61 75 54 70 107 88 81 114 149 160 166 169 169 172 170 171 175 174 169 161 150 135 117 95 77 69 62 56 62 61 57 55 61 74 84 86 85 80 80 82 80 79 79 78 75 73 73 75 77 78 79 77 75 71
23 33 35 50 57 42 21 19 14 15 19 27 32 32 31 34 46 50 59 71 78 78 77 80 85 89 79 44 25 26 23 31 47 38 63 38 27 39 45 73 102 88 88 117 147 156 159 164 165 172 169 167 169 168 164 159 140 123 107 92 78 67 60 59 66 68 68 70 80 88 86 80 78 73 75 82 80 74 73 75 72 71 73 77 80 79 76 73 72 69
20 29 36 41 29 25 23 17 21 17 16 21 27 29 26 24 32 41 52 65 74 77 78 77 81 85 80 49 28 26 25 34 51 46 52 65 30 23 41 71 92 87 96 117 136 148 152 155 163 169 165 162 163 159 153 147 130 115 102 90 77 67 59 59 64 72 76 75 78 80 77 74 74 74 77 80 77 70 67 67 70 72 76 80 79 75 72 71 72 70
16 14 26 43 30 21 20 17 19 19 17 15 20 26 27 22 22 34 47 62 73 77 80 79 77 83 81 56 34 26 27 38 51 59 41 62 59 32 34 65 82 84 99 117 128 142 153 154 161 161 155 154 155 149 140 130 120 111 100 86 76 72 66 63 63 70 71 69 72 76 79 83 84 84 79 69 64 66 67 67 70 74 79 78 74 70 71 72 73 72
16 23 26 31 23 18 18 19 16 19 19 14 15 23 26 22 16 24 34 54 71 79 84 83 77 82 80 68 49 31 28 37 55 63 53 44 64 42 31 56 77 83 96 115 124 130 142 146 144 145 144 144 139 132 128 120 108 102 93 82 77 77 74 71 67 73 75 76 80 77 71 70 72 71 66 59 60 67 72 75 74 75 76 75 73 74 75 75 73 72
17 22 23 26 18 13 12 15 20 21 21 16 12 15 17 15 21 21 25 48 69 78 82 80 83 81 80 82 67 38 28 36 53 66 71 53 57 54 46 54 69 79 86 107 120 117 124 136 131 127 125 129 127 124 120 110 102 95 89 84 84 85 83 84 83 82 74 64 58 50 45 46 51 53 59 69 75 75 74 76 78 76 73 72 76 82 82 77 73 72
24 20 19 21 21 16 10 12 20 21 25 20 14 15 14 17 23 20 23 39 61 78 83 83 82 84 80 81 77 49 28 35 58 73 75 71 69 66 62 56 64 74 85 99 105 108 119 126 121 117 115 116 117 115 108 100 92 93 88 84 84 83 77 72 60 49 43 36 36 39 40 52 64 68 74 76 76 78 80 78 81 81 81 80 83 80 80 75 74 72
25 19 18 22 23 17 12 11 9 14 24 25 24 20 14 16 17 19 21 28 49 73 84 83 83 87 85 86 85 70 48 37 51 64 70 76 80 77 71 66 63 74 83 90 93 97 109 115 109 106 104 104 104 104 101 96 94 93 88 85 83 76 64 55 41 39 46 52 58 66 69 74 74 78 80 76 77 84 84 78 83 83 84 85 81 75 77 73 71 69
18 18 25 31 25 18 16 18 15 12 13 17 28 32 22 14 15 19 20 21 38 66 83 85 88 88 88 87 86 81 65 46 50 57 62 74 82 79 74 71 64 74 81 86 88 92 99 101 102 101 101 101 101 101 102 100 101 99 94 91 87 80 74 71 77 76 78 79 77 78 80 80 83 81 81 85 85 82 79 78 76 77 77 80 75 76 77 75 72 70
22 18 22 30 26 20 20 18 21 18 16 13 16 25 27 22 19 18 18 21 34 55 73 81 88 86 88 89 87 87 83 74 66 66 65 71 77 75 74 75 72 76 80 83 87 91 93 93 96 97 100 101 100 101 102 101 101 96 93 95 96 94 92 93 90 87 85 87 90 89 87 85 85 88 88 85 83 82 80 77 80 81 79 78 77 82 74 75 77 75
32 26 24 27 23 20 26 25 25 23 23 19 11 15 24 23 20 16 16 21 29 43 57 64 77 81 88 92 91 90 90 89 86 85 79 78 79 78 82 84 83 80 80 82 86 88 91 93 92 94 96 97 97 98 99 99 95 97 100 101 96 91 91 95 91 91 92 94 93 89 89 95 84 86 83 77 75 75 75 74 70 72 74 71 74 75 65 73 70 69
37 38 35 36 31 30 39 40 35 25 20 23 19 18 21 18 19 17 18 20 26 37 45 45 58 69 81 88 90 90 88 86 90 91 88 88 87 86 89 90 90 86 88 89 89 89 90 94 94 94 95 95 96 97 99 98 96 95 95 94 92 93 94 95 100 95 97 93 88 86 83 88 91 91 88 88 87 84 82 84 79 78 80 75 77 73 74 75 77 77
35 39 35 38 38 36 39 35 28 27 21 20 18 16 20 21 19 18 20 21 24 34 39 34 37 47 60 71 79 86 89 87 87 88 88 92 92 89 91 91 90 90 94 94 94 95 91 92 94 93 93 93 93 95 96 95 96 96 96 94 94 98 101 99 84 58 51 47 60 92 105 110 132 144 146 141 142 146 143 138 141 137 134 128 126 121 133 93 66 64
24 34 30 28 24 18 21 19 13 26 22 13 11 11 17 20 18 16 18 21 24 32 35 31 27 28 38 49 59 71 82 85 87 86 86 93 94 90 90 90 91 90 94 92 94 98 93 91 92 92 93 93 93 94 94 92 92 93 93 91 89 86 76 61 22 14 45 67 96 145 163 164 170 181 187 186 187 188 189 191 186 186 185 185 190 191 208 123 23 19
10 12 18 24 22 8 0 7 10 10 10 10 12 14 14 13 18 20 18 18 23 29 31 32 28 27 29 31 39 58 78 85 86 91 90 89 91 91 91 95 93 97 97 97 94 98 94 93 91 96 92 92 93 90 94 93 90 89 85 73 62 66 45 14 26 98 167 174 156 161 174 177 170 167 173 177 176 177 177 176 177 178 175 180 177 177 210 135 22 3
12 12 14 17 19 15 10 13 10 13 16 17 16 16 17 19 18 15 17 23 27 29 30 30 25 23 24 22 22 34 51 57 67 71 72 73 75 75 75 76 77 72 78 92 94 93 89 97 87 91 93 89 92 96 91 90 95 83 68 61 65 60 57 101 138 154 170 173 172 172 171 174 177 173 176 176 174 177 179 179 176 180 180 181 176 174 206 149 32 3
33 27 23 19 21 26 23 19 23 20 17 17 17 16 15 15 15 16 24 30 25 24 28 29 22 21 24 22 16 18 26 29 33 35 39 41 42 41 40 37 37 35 37 68 86 85 84 90 90 81 93 95 92 76 50 56 79 75 81 75 81 64 61 163 194 173 164 171 178 176 174 178 181 176 177 174 171 175 177 178 177 181 180 178 176 175 199 164 49 4
40 35 33 30 32 39 37 29 23 19 15 14 13 12 13 16 17 22 29 29 24 22 25 24 23 22 20 19 16 14 17 21 24 24 26 28 27 29 29 27 23 25 24 63 80 68 71 77 85 78 90 81 55 25 10 36 71 85 83 84 96 68 64 161 185 168 172 183 180 178 178 176 180 178 180 177 175 178 178 177 180 179 176 175 179 179 191 177 72 7
24 23 28 30 33 38 35 29 24 24 23 21 17 15 20 26 26 26 25 26 29 28 22 18 22 21 18 19 24 21 17 20 25 22 21 21 21 24 28 27 31 26 34 60 48 29 35 49 56 57 61 46 32 32 38 53 76 91 83 98 95 88 131 181 181 170 175 177 170 174 178 173 177 177 180 179 178 181 178 176 180 178 175 175 179 180 184 188 88 6
19 19 22 22 23 26 27 29 21 20 21 23 23 21 19 18 28 25 24 28 32 26 20 21 27 23 15 14 21 21 20 24 22 21 20 20 19 20 18 16 19 17 49 57 32 33 32 31 33 38 36 23 23 50 77 85 97 93 91 98 97 134 181 187 175 175 179 178 178 180 178 176 176 175 178 177 178 180 178 177 177 179 179 179 177 178 179 196 102 7
27 27 25 19 19 23 26 34 33 25 17 15 19 24 26 26 25 23 25 28 26 21 22 27 24 20 17 17 18 18 18 19 19 21 20 20 21 19 14 12 20 45 89 84 52 53 47 40 41 35 30 21 27 65 97 102 95 87 93 112 145 183 181 175 173 176 179 177 177 179 177 179 179 177 178 178 179 181 179 180 178 179 179 181 175 178 177 196 114 11
30 31 27 19 17 18 18 25 35 34 30 25 21 20 22 24 25 21 22 23 20 22 26 26 26 22 23 23 19 19 23 21 19 21 18 16 21 23 22 25 42 66 83 83 64 54 49 46 37 28 29 28 41 75 79 57 49 59 111 177 189 178 175 175 176 175 178 176 173 177 178 176 178 175 176 176 177 178 175 178 181 178 175 179 175 180 175 192 134 27
27 33 32 27 24 20 20 21 20 19 27 32 28 26 24 26 24 22 18 20 24 25 23 24 23 27 26 23 23 22 21 23 20 23 21 21 18 25 20 31 47 72 81 82 68 53 43 37 31 28 29 42 71 81 61 49 63 110 163 189 179 175 175 174 176 177 177 176 176 176 175 176 174 175 179 179 178 179 178 178 178 176 175 178 176 177 177 185 163 70
28 34 36 37 34 26 25 28 24 18 23 28 30 31 29 29 23 20 17 19 24 25 22 21 23 27 26 23 23 22 21 23 23 26 23 22 23 38 42 59 77 94 97 97 84 67 51 41 35 42 56 69 78 73 67 81 132 174 190 183 174 176 175 176 175 177 177 175 175 175 175 175 173 174 178 178 177 178 176 176 179 177 177 179 176 177 174 182 191 147
