174 172 171 173 174 176 180 176 176 174 176 174 176 178 173 176 170 173 169 170 173 172 173 170 167 172 168 171 167 172 195 147 84 122 170 197 207 205 200 207 202 199 201 209 206 196 189 183 193 204 189 181 205 205 206 209 202 178 173 169 168 169 168 168 167 166 165 166 166 166 166 166 168 168 170 170 168 167 168 168 168 169 169 169 168 168 169 169 166 165
172 170 176 183 175 165 169 171 177 178 181 182 177 175 177 175 172 172 176 177 173 173 176 175 173 174 171 172 169 172 191 184 141 161 191 208 206 202 201 196 192 201 203 195 186 176 170 173 176 193 207 199 206 207 206 210 200 201 188 173 164 163 167 169 167 166 166 167 168 168 169 168 168 168 169 169 167 167 169 169 169 169 169 168 168 168 168 168 164 164
178 176 172 162 128 96 100 122 143 152 144 145 154 156 158 156 148 144 153 153 143 145 149 153 165 159 169 172 161 165 179 202 203 195 193 193 212 226 213 208 203 186 175 168 164 159 158 170 178 185 203 208 213 209 205 208 210 209 204 190 165 158 168 169 166 165 165 167 168 168 168 167 168 168 168 167 167 167 169 170 170 169 168 167 168 168 167 166 164 164
181 174 131 76 44 36 42 50 51 73 70 63 78 94 92 80 71 67 83 84 76 78 78 85 108 118 123 126 130 132 129 174 212 213 208 199 204 218 220 220 194 145 135 145 142 139 152 178 192 195 199 214 223 211 208 215 214 207 213 198 167 148 167 172 166 166 166 167 167 167 166 166 168 168 168 167 166 168 169 169 169 169 169 168 168 167 166 165 165 164
145 103 52 32 38 45 52 54 46 49 58 55 51 57 58 54 45 40 53 57 61 62 46 44 62 65 61 62 66 65 60 95 161 208 218 213 206 194 202 206 159 106 99 120 133 152 181 210 219 213 196 194 209 218 213 206 210 208 208 192 169 135 162 168 169 168 169 170 169 168 168 167 169 168 168 167 167 168 169 168 167 168 169 169 168 167 166 166 165 165
65 42 34 44 43 40 43 38 44 40 54 64 61 54 46 51 47 51 57 48 47 51 47 58 68 54 55 62 55 52 54 62 92 135 189 213 210 209 205 193 169 136 119 127 156 192 213 220 232 233 220 184 175 209 212 204 206 205 204 201 167 119 159 167 169 168 169 170 170 169 170 170 169 168 168 167 167 169 169 167 166 168 169 169 167 167 167 166 167 167
44 37 40 45 40 41 47 40 41 49 52 53 57 51 40 39 37 48 53 42 41 47 47 56 65 56 55 56 60 62 70 79 69 77 106 127 154 185 196 202 194 191 180 176 193 214 218 214 210 224 237 215 190 207 205 199 205 207 210 202 149 122 163 172 168 167 168 169 169 169 169 170 169 169 168 167 168 170 170 168 167 168 168 168 167 167 167 167 168 168
43 41 40 45 44 42 44 44 61 62 62 70 62 41 36 38 47 53 51 38 39 47 45 46 55 51 62 59 59 59 65 62 60 72 73 88 97 116 165 188 185 193 191 189 191 191 193 195 195 196 205 216 204 203 200 201 214 217 203 171 132 153 171 167 169 168 169 169 169 169 170 170 169 168 168 167 168 170 171 169 169 168 167 167 167 167 167 166 166 166
43 45 35 41 60 51 40 60 56 49 68 75 63 46 43 48 55 61 56 54 52 47 48 48 57 60 58 59 55 51 65 77 78 89 94 92 105 138 167 177 180 181 180 177 173 172 172 172 169 164 167 170 174 179 185 199 204 208 181 134 141 173 171 169 170 171 169 168 171 170 169 171 170 168 167 169 168 168 172 171 171 169 167 166 167 167 167 166 166 166
44 41 37 57 75 67 60 61 53 39 39 50 65 57 51 61 59 61 61 67 65 53 51 54 60 68 58 54 66 72 83 102 112 125 130 126 141 176 195 188 184 185 184 182 180 178 177 175 166 162 162 160 161 162 163 170 181 172 150 142 161 173 168 165 168 168 169 170 171 170 168 167 167 167 166 166 168 167 167 167 167 167 166 167 169 169 168 166 166 166
48 45 50 71 69 55 55 47 39 37 39 41 53 57 61 68 65 55 48 51 53 51 53 54 61 69 72 77 98 122 138 154 159 155 161 173 180 185 188 187 188 189 189 188 186 185 183 180 173 171 169 165 164 165 163 164 164 171 163 168 172 165 167 167 169 167 169 169 167 169 173 172 167 170 168 167 169 168 166 168 170 169 167 167 167 167 166 165 166 167
51 45 56 73 63 50 50 42 42 41 42 45 62 71 70 65 70 59 56 61 57 50 55 61 77 91 114 130 148 170 179 186 184 183 187 193 193 188 185 186 187 188 189 188 186 186 184 182 179 177 174 171 170 168 166 166 162 170 165 168 170 166 171 168 165 164 165 164 159 161 167 168 169 171 171 168 167 168 167 170 169 169 169 168 167 166 165 164 166 167
57 50 60 64 54 45 39 38 46 53 60 75 96 87 76 79 76 64 69 81 75 64 71 88 110 132 159 174 185 189 184 190 191 197 194 186 186 187 185 184 185 186 187 185 183 182 182 181 180 178 176 177 176 172 170 171 168 168 170 175 173 166 165 166 164 165 166 164 162 160 158 156 158 158 166 169 169 170 166 165 164 167 170 171 170 168 166 166 166 166
54 49 59 60 58 62 63 71 82 88 97 106 111 101 102 106 98 103 109 102 87 86 103 125 151 162 181 189 188 187 188 190 194 191 187 187 192 191 190 193 187 189 190 187 184 184 184 183 184 184 182 186 186 181 179 178 175 170 170 167 166 167 166 172 169 168 166 166 167 165 160 156 148 144 152 158 161 166 166 167 166 167 168 167 166 166 167 168 168 168
49 49 65 77 86 102 112 116 123 128 142 143 130 125 138 134 135 139 134 114 111 129 150 165 183 183 188 189 182 184 192 188 191 188 187 186 186 188 189 186 191 193 194 193 191 191 190 189 191 191 187 189 189 185 182 178 179 179 178 170 169 172 170 172 168 164 162 160 157 159 161 157 153 144 144 140 140 147 153 166 168 166 164 162 162 163 165 166 166 167
55 71 102 122 122 132 149 149 148 151 162 167 158 147 159 164 158 154 150 146 155 169 177 189 188 195 188 186 189 188 188 185 185 182 184 182 174 180 190 187 191 193 195 195 196 196 194 192 193 194 188 188 191 192 192 186 184 182 178 178 178 173 169 172 166 162 162 157 147 148 155 152 154 150 150 140 132 127 126 141 160 160 159 161 163 164 163 162 162 162
76 101 136 151 145 153 160 167 164 164 170 170 159 158 166 167 164 161 163 170 176 184 190 191 186 187 187 185 187 189 184 182 182 178 188 185 177 174 193 188 191 199 200 199 200 198 196 195 192 194 196 197 197 196 193 189 185 183 179 175 170 168 168 168 165 160 157 157 146 150 145 147 148 149 150 143 138 136 128 122 132 151 166 164 162 163 162 165 166 165
100 129 148 160 164 171 176 178 178 177 179 177 173 178 182 176 171 171 176 181 183 185 187 185 186 181 185 189 189 187 190 186 183 172 189 184 182 172 186 184 193 201 202 200 200 199 196 194 200 201 201 199 198 197 193 189 183 177 169 163 160 161 164 164 158 156 157 157 149 149 149 151 147 146 147 144 143 144 135 128 118 124 138 151 160 164 161 160 163 164
126 149 158 168 178 186 185 182 186 185 184 183 185 190 189 183 182 184 187 188 186 185 186 185 187 191 187 182 190 183 186 182 167 158 176 185 180 162 170 186 198 202 203 201 201 200 197 197 202 203 203 201 200 198 194 189 179 168 159 157 158 160 163 165 157 152 158 155 150 145 144 143 142 143 146 143 142 145 142 139 132 120 114 119 137 160 167 162 161 163
131 143 155 173 185 193 188 183 186 186 186 189 191 189 186 187 186 189 192 192 189 187 185 184 181 189 187 187 195 173 168 167 158 163 167 175 153 149 157 186 201 200 201 202 202 200 198 202 202 204 205 203 201 197 189 183 174 161 155 160 164 162 162 165 153 147 154 152 153 146 145 141 146 144 143 138 138 143 141 139 137 132 128 116 112 126 146 158 156 158
146 151 151 172 182 183 189 189 189 191 192 194 193 188 187 191 191 191 189 187 185 185 187 190 192 183 187 200 189 147 144 154 153 159 167 156 116 126 146 184 200 195 199 205 206 202 200 206 208 210 209 205 199 191 182 174 169 161 158 161 164 162 159 159 153 146 152 148 149 143 143 140 143 142 141 135 132 137 141 144 143 136 136 132 120 109 114 130 139 142
146 162 156 182 191 182 194 195 193 196 198 195 193 192 191 192 189 189 189 190 190 188 187 189 195 192 192 197 174 137 134 151 140 147 166 116 73 109 152 185 197 192 200 208 211 209 205 211 213 213 210 204 198 190 179 171 165 163 160 158 158 160 156 150 144 141 147 144 141 141 143 143 139 135 133 129 131 138 139 138 145 140 141 141 134 120 110 111 116 118
151 171 173 189 190 187 196 197 196 198 200 200 197 196 195 193 194 192 190 191 193 190 190 195 195 208 202 192 162 139 122 129 132 139 128 63 50 118 172 185 192 189 198 203 207 211 209 213 213 211 206 201 197 190 179 170 162 159 156 152 148 143 136 128 125 127 132 133 127 131 130 130 129 131 136 134 131 133 133 134 142 141 145 145 142 139 125 111 106 104
152 167 189 193 186 198 200 200 200 199 204 209 205 199 197 198 196 194 193 195 197 193 193 199 201 206 200 188 149 137 117 112 126 109 57 39 71 136 177 184 186 184 192 192 197 208 208 211 212 209 203 198 196 189 177 165 160 152 147 146 136 120 105 98 90 96 103 112 109 119 115 113 115 124 136 139 137 138 139 141 149 142 147 151 149 149 140 128 110 104
151 172 189 188 191 190 196 202 204 206 206 206 205 204 202 201 198 195 194 196 197 196 197 202 201 196 197 177 140 129 109 102 108 70 33 68 77 136 179 177 180 183 182 188 193 205 207 209 208 210 202 200 194 182 174 166 160 146 142 129 103 87 74 58 52 48 53 76 90 93 96 96 105 120 130 139 144 148 150 144 147 148 149 151 152 154 149 140 128 116
150 171 189 192 191 178 185 205 199 201 201 201 201 201 200 199 199 196 196 198 198 196 197 201 200 190 186 169 153 136 93 98 87 48 72 82 68 130 176 182 176 176 179 183 183 196 200 208 206 205 207 198 189 181 166 159 147 133 116 93 72 57 42 32 27 35 52 69 74 80 93 96 109 126 139 145 147 149 154 152 148 152 154 153 154 156 155 150 144 134
154 178 192 188 192 189 192 201 198 200 200 200 201 202 201 200 201 199 197 197 197 196 198 203 203 189 178 160 148 128 89 101 72 65 121 70 76 133 167 191 172 160 165 180 179 191 192 199 199 200 205 195 183 176 158 144 130 109 88 69 50 34 31 41 64 75 81 71 65 81 97 99 118 135 148 154 155 155 158 156 158 160 160 159 159 157 154 154 148 140
165 182 193 194 203 203 201 201 200 200 200 200 201 201 199 199 201 200 199 199 199 198 200 204 205 189 172 157 143 121 91 85 69 112 110 61 121 158 167 189 174 144 142 178 181 189 192 190 198 203 201 194 180 167 150 124 101 76 58 44 32 35 58 84 102 88 56 45 78 108 115 126 144 155 163 163 159 161 171 178 175 171 168 171 173 167 160 160 153 148
174 188 203 204 207 206 206 201 202 202 201 201 202 201 200 199 198 200 202 203 204 203 203 205 205 192 173 151 137 109 78 68 82 142 57 32 68 125 162 172 175 135 122 177 182 185 196 190 199 202 197 187 172 155 132 99 75 59 43 30 34 62 92 108 102 91 50 27 80 139 151 158 167 167 168 168 169 174 179 184 181 177 175 179 184 182 175 171 165 159
195 201 210 206 206 207 210 203 204 204 203 202 203 202 201 201 200 202 203 203 205 206 207 209 208 197 173 137 128 95 55 64 82 104 47 50 30 92 156 158 161 127 111 178 185 182 194 192 198 195 193 178 162 144 110 81 59 45 35 40 65 98 117 127 129 118 85 24 32 121 178 182 171 171 175 175 175 176 177 182 181 183 184 184 187 191 188 180 180 173
212 207 210 211 213 209 210 209 204 203 202 200 200 199 199 200 204 205 205 204 206 208 210 211 209 194 169 133 124 88 46 52 60 70 55 47 20 72 137 136 138 116 103 172 187 184 188 192 197 194 191 174 154 130 92 66 43 34 45 75 106 128 144 156 151 138 116 43 2 66 149 194 188 181 180 179 180 181 180 183 185 187 192 194 193 196 195 187 185 178
203 212 219 214 217 216 214 208 208 207 204 202 201 199 200 202 202 205 208 209 211 211 209 208 205 193 172 139 115 76 54 50 66 78 22 9 22 62 117 118 124 108 94 160 186 188 184 193 195 198 186 170 145 109 74 46 37 45 87 128 145 156 165 166 164 159 124 46 6 30 89 165 198 191 190 187 185 183 181 185 185 182 191 200 197 195 193 188 187 179
175 213 220 220 228 224 219 218 217 209 203 201 199 199 202 204 206 210 210 210 212 214 212 204 193 195 174 132 97 69 45 45 49 55 32 21 48 72 115 111 103 88 87 153 182 186 194 194 200 197 177 157 125 86 56 33 57 103 137 161 161 165 172 166 162 164 136 49 11 35 84 129 169 185 187 184 189 182 181 180 181 185 188 191 194 194 193 193 182 178
174 200 220 220 223 227 221 217 214 212 208 203 199 198 203 208 207 210 209 210 212 213 210 201 200 193 166 113 87 71 41 44 37 52 37 31 54 70 109 111 103 82 84 154 189 192 194 199 195 203 183 152 108 69 46 65 114 144 164 181 172 171 171 170 164 167 144 49 40 113 136 127 136 168 188 186 186 182 186 184 177 179 182 189 196 194 190 191 189 186
168 197 223 225 223 227 223 216 215 212 206 201 201 202 203 205 208 210 210 212 213 212 209 201 200 187 147 94 84 77 45 41 34 40 41 44 68 85 106 103 101 76 95 168 196 195 195 200 200 191 176 145 86 62 73 133 159 172 171 180 172 172 169 169 173 165 139 64 56 133 173 153 137 149 171 180 182 179 181 176 172 176 178 183 191 192 188 188 189 186
155 203 227 229 226 221 222 216 215 210 202 199 201 200 199 202 207 208 209 212 212 209 207 202 197 189 142 90 72 62 48 49 45 33 44 48 63 84 96 95 93 71 110 182 198 198 198 198 204 192 169 121 82 101 135 170 176 179 171 169 175 175 174 176 169 162 128 65 65 138 186 182 154 135 152 177 189 183 174 171 168 174 177 174 177 185 187 183 186 184
141 200 230 231 224 217 219 215 211 208 203 201 198 194 196 203 205 205 204 208 210 209 206 199 190 181 144 98 70 54 48 54 52 37 40 44 45 56 82 103 93 88 136 193 200 200 198 195 204 199 164 120 132 163 184 187 153 156 178 163 161 168 174 181 173 168 128 65 93 176 194 196 165 139 144 162 190 191 171 165 165 169 174 169 165 176 187 183 185 184
137 185 227 229 220 219 217 216 211 205 201 200 197 194 196 200 204 203 201 206 210 210 206 197 191 171 143 102 73 61 54 63 63 56 42 48 47 41 76 115 94 119 170 202 203 196 193 197 203 190 166 160 189 188 199 208 144 95 146 174 163 166 172 174 178 179 143 80 83 153 177 173 145 150 166 163 183 194 172 163 161 159 166 167 161 173 189 188 187 186
143 175 213 224 219 218 215 211 208 200 197 195 193 195 197 193 199 201 201 204 206 205 202 195 187 171 152 120 90 71 61 68 71 67 49 52 56 56 81 118 114 151 189 199 198 192 192 199 196 186 178 185 195 183 192 199 177 79 77 145 159 163 169 173 172 184 158 87 50 118 182 185 161 161 183 170 171 186 170 154 152 148 153 157 157 173 190 188 186 185
147 173 196 216 220 213 211 204 200 197 198 193 186 190 195 191 191 198 202 202 199 197 196 191 184 172 148 129 108 87 78 73 78 75 70 64 73 95 113 146 164 184 197 192 193 194 194 191 191 191 184 184 186 183 183 180 179 135 66 103 142 165 170 165 162 173 165 101 64 127 181 200 178 152 182 177 159 171 165 146 142 139 140 142 149 171 187 182 177 177
155 192 197 211 218 215 207 205 196 196 190 188 190 186 188 198 196 188 193 197 190 192 193 182 174 162 150 133 112 90 81 91 95 91 92 82 96 137 160 175 194 196 192 185 186 192 191 184 187 187 184 184 182 181 180 174 159 150 98 82 116 144 157 152 146 162 166 108 58 69 154 190 170 140 159 170 140 158 152 136 130 123 128 128 142 167 174 180 176 173
166 185 206 219 215 212 207 204 199 195 190 188 188 186 185 189 185 188 188 185 184 185 183 181 177 169 154 138 120 100 92 97 100 116 126 123 129 151 174 186 193 191 186 182 181 182 182 180 180 183 185 187 186 185 186 181 161 149 119 89 89 111 126 132 125 144 154 105 64 76 155 191 190 157 138 149 129 134 137 125 109 110 119 124 135 155 168 179 171 168
164 172 206 215 210 209 206 203 199 193 187 186 185 184 180 177 178 184 180 176 182 184 178 177 172 170 155 144 134 116 108 106 118 146 159 166 170 176 190 192 190 187 184 183 184 183 182 182 182 182 181 185 192 202 203 191 168 144 130 101 74 76 89 101 100 129 151 113 73 84 154 183 190 159 120 137 126 122 131 127 108 115 125 131 133 144 159 169 162 162
155 167 200 205 208 209 206 200 195 190 185 182 181 180 176 171 174 177 179 179 181 183 181 177 166 171 159 151 139 122 121 124 144 172 182 190 195 192 196 192 187 188 188 188 191 193 191 187 186 188 189 193 203 216 213 191 172 147 136 120 80 54 56 68 78 119 151 114 67 71 138 177 182 149 108 131 125 117 125 120 115 123 135 140 134 139 156 156 156 158
147 166 195 202 207 203 201 194 189 187 182 178 178 176 173 173 172 174 181 183 179 178 181 181 180 179 164 158 150 136 137 138 153 175 188 192 197 198 197 195 188 187 185 186 189 193 192 190 194 198 203 206 204 201 189 168 155 136 123 110 86 59 45 51 74 120 151 121 74 54 93 132 152 127 87 125 132 123 128 114 112 117 124 123 113 130 161 161 155 159
141 163 189 204 203 195 196 191 185 185 180 175 174 172 172 175 176 175 176 179 180 179 179 179 178 175 167 164 155 144 143 141 155 169 183 185 194 202 195 191 183 177 173 174 178 181 185 189 192 189 189 194 192 183 175 166 151 140 122 87 68 54 35 46 72 116 140 116 78 44 63 108 143 130 88 127 131 112 122 109 99 104 113 109 99 121 157 158 157 161
140 164 185 199 196 193 193 191 183 180 175 172 168 167 169 172 176 173 171 174 179 181 177 172 175 168 166 165 159 153 146 135 147 160 174 176 182 191 184 175 171 167 163 162 162 164 168 172 178 174 168 171 173 167 165 165 156 139 108 72 60 47 30 43 66 106 127 99 61 48 87 141 150 127 85 124 124 108 117 100 95 99 106 100 93 116 148 155 157 158
139 168 180 185 185 191 184 185 183 175 171 169 163 163 166 167 167 167 173 174 171 173 175 169 167 160 160 154 144 143 136 124 117 139 159 162 162 168 171 165 163 165 162 155 150 149 149 147 146 156 157 156 154 149 148 150 138 119 84 69 62 37 27 40 57 89 113 87 50 54 94 125 116 94 85 129 118 107 115 103 89 93 99 95 95 117 144 155 155 154
139 168 177 180 185 181 180 177 176 173 167 167 170 167 162 162 164 168 167 166 168 167 166 167 160 154 152 144 132 126 117 102 100 115 128 131 133 139 146 149 146 147 148 143 134 128 126 123 121 127 133 134 129 128 127 124 107 91 69 67 49 32 35 39 49 75 97 78 43 52 86 97 90 66 70 125 110 103 121 103 90 93 96 93 97 116 135 146 151 156
141 164 170 173 176 173 174 171 170 170 164 158 159 160 159 158 164 165 166 165 164 161 158 157 155 150 143 133 124 117 105 90 87 94 100 102 106 112 118 119 120 119 121 122 118 112 106 101 98 103 109 109 107 106 103 97 91 78 67 61 43 40 42 41 48 63 74 63 45 42 51 61 64 53 63 108 101 106 120 99 90 88 92 94 95 110 133 148 152 156
143 158 161 163 164 163 166 163 163 163 157 152 153 155 155 155 161 160 163 165 164 162 161 157 153 148 140 130 118 105 92 84 75 77 78 77 78 79 80 79 80 80 81 83 85 86 84 80 80 85 90 90 90 91 92 89 81 75 67 55 43 48 44 40 42 55 67 57 44 40 53 78 95 80 77 95 88 103 117 101 86 81 85 90 91 108 135 150 148 150
146 154 157 159 159 159 162 159 156 151 147 148 152 151 150 153 160 157 162 166 163 163 163 158 160 147 134 126 114 96 82 76 68 69 67 62 57 54 54 56 60 64 67 67 69 75 78 77 77 81 85 84 79 77 80 84 86 82 62 48 48 56 51 50 52 51 58 50 42 51 65 81 82 66 69 84 83 100 105 90 77 77 80 84 88 107 133 144 145 145
138 144 148 152 152 152 154 151 149 144 142 146 148 147 147 150 153 152 159 164 162 164 166 160 149 143 139 129 108 86 70 60 61 59 54 46 39 36 41 47 49 55 62 67 70 71 72 72 79 81 81 76 67 61 65 74 83 74 48 47 56 59 57 55 54 51 58 51 39 47 61 68 66 48 60 79 84 100 97 80 71 76 78 82 89 105 128 141 147 144
134 140 147 150 151 152 152 150 147 147 147 145 143 143 146 147 147 151 160 165 164 168 170 165 155 147 136 120 99 83 66 49 53 49 43 35 28 26 30 34 42 44 52 67 76 76 76 80 85 82 74 66 61 64 76 89 88 69 44 52 56 57 58 52 54 54 59 55 44 47 65 76 69 49 56 67 76 94 93 79 70 74 71 78 90 105 132 151 148 140
130 138 145 146 148 149 148 149 148 148 148 146 141 139 142 143 148 154 161 162 161 166 169 165 154 149 137 120 100 79 58 42 45 42 36 29 23 21 22 24 35 35 41 56 74 84 90 95 98 93 77 59 55 65 82 95 92 70 48 51 52 55 58 56 57 59 60 58 44 44 65 75 53 40 51 63 76 86 81 71 71 71 67 78 95 115 143 155 152 141
129 138 145 144 147 148 147 150 148 143 144 146 142 135 135 138 141 149 155 154 154 162 168 166 153 145 131 120 104 75 46 34 39 37 31 23 19 19 23 26 32 36 40 50 71 92 102 104 111 108 86 56 43 50 62 69 70 58 47 49 53 57 51 53 56 59 61 61 43 38 56 51 36 29 43 62 79 82 76 73 71 71 69 83 103 127 147 144 142 130
134 138 139 143 146 146 147 146 144 141 141 140 136 134 134 132 141 148 148 150 156 160 163 162 155 145 134 119 96 64 39 35 35 31 20 17 18 20 18 29 46 46 45 60 78 95 106 118 123 123 104 72 43 42 38 43 47 47 47 48 51 53 53 50 54 57 62 67 49 28 31 34 23 28 46 65 73 74 71 67 67 69 76 94 117 133 136 127 123 111
135 138 138 141 144 145 147 146 143 141 141 139 134 132 132 130 138 142 144 148 153 155 154 148 146 137 129 109 85 59 34 29 32 26 18 19 21 26 27 40 70 64 56 73 86 104 115 126 130 130 122 102 70 53 38 38 38 42 45 45 47 50 51 51 53 57 61 65 46 21 18 19 20 34 53 65 68 67 67 66 70 77 90 109 121 123 119 111 102 93
133 136 135 136 139 141 143 142 139 137 136 134 129 126 126 125 132 135 140 149 153 154 153 145 142 129 118 90 65 50 30 25 29 21 19 21 23 35 49 76 94 82 66 78 93 111 125 134 139 136 134 129 107 86 57 41 35 40 43 43 44 46 46 47 48 54 58 61 46 22 16 17 24 41 57 62 63 65 69 72 73 84 98 109 110 103 98 91 81 76
128 132 131 131 133 134 136 134 132 130 129 126 121 119 120 121 129 132 140 149 149 148 150 143 140 124 117 87 62 50 29 23 27 18 19 23 23 29 40 73 107 96 75 72 101 118 135 144 146 142 141 140 131 118 90 60 45 41 41 43 42 43 44 43 48 54 55 54 43 23 18 22 35 47 53 55 61 67 73 78 84 94 97 93 85 82 81 75 73 71
123 128 129 130 130 129 129 127 126 123 121 119 116 114 116 119 122 126 136 144 142 141 143 138 134 120 115 88 61 46 26 23 25 18 28 38 39 36 30 59 107 104 82 60 103 124 143 150 154 153 153 146 138 130 114 89 65 50 44 45 40 38 41 41 44 49 47 44 36 22 18 26 39 43 45 50 61 67 71 76 86 88 82 73 67 69 73 70 72 72
116 125 128 128 126 124 124 122 120 118 115 113 111 111 113 117 116 122 130 137 137 136 136 130 124 113 109 86 59 40 23 26 26 23 38 41 31 25 18 47 102 105 89 54 96 128 149 155 163 161 158 151 146 137 129 112 92 72 60 54 42 35 37 39 41 44 42 38 31 21 19 26 29 31 38 49 61 66 69 73 75 72 66 65 64 65 70 71 69 69
107 117 122 122 119 116 117 116 113 111 108 107 106 105 107 112 116 122 125 127 127 126 124 119 114 109 106 91 70 46 26 25 28 27 44 35 14 18 22 50 98 103 95 59 84 132 154 161 169 166 162 157 158 147 138 122 111 96 79 67 55 44 39 39 45 44 42 37 31 24 21 25 26 29 39 52 60 65 69 70 72 68 64 67 66 65 68 69 66 65
99 110 116 115 111 108 111 111 107 105 102 101 101 100 101 105 107 115 116 115 115 115 116 114 112 108 100 88 73 52 32 27 34 30 50 39 19 34 39 56 93 96 93 62 70 131 155 162 170 172 170 163 164 150 141 125 116 108 91 78 72 60 47 45 44 41 40 37 33 30 29 31 35 37 46 55 59 63 67 66 66 67 64 64 63 64 68 66 66 65
86 96 103 107 105 101 102 103 101 101 98 95 95 98 100 100 100 103 105 106 107 108 109 110 114 110 104 88 75 68 38 27 38 31 50 48 22 43 54 70 90 91 87 62 72 129 162 166 169 171 170 170 162 153 142 123 122 109 97 96 83 74 68 64 53 41 38 46 50 49 51 52 54 56 57 60 62 63 64 67 66 66 63 62 64 67 66 65 63 63
80 86 90 95 97 97 99 99 97 96 96 95 95 95 97 99 99 101 101 100 101 102 104 105 109 111 100 81 67 68 52 30 38 37 44 48 25 44 69 76 89 90 80 59 75 133 166 165 168 172 169 168 163 152 140 129 126 115 98 94 84 78 76 78 73 64 65 72 72 71 72 71 64 65 64 64 64 65 65 66 61 61 60 61 63 66 66 66 64 64
73 79 82 87 91 92 94 93 92 91 92 93 93 92 94 99 99 99 97 94 93 94 96 98 100 108 96 83 67 70 64 33 38 43 35 52 42 35 53 65 74 84 76 58 79 136 170 166 168 170 168 164 157 149 139 127 119 111 93 89 81 75 74 80 80 73 77 82 77 74 74 69 66 66 63 61 61 62 61 60 59 58 58 60 63 64 65 67 66 66
67 76 81 86 87 85 87 86 87 88 89 90 90 90 94 98 100 99 96 91 89 89 91 93 96 102 95 90 74 68 63 41 40 50 33 48 56 33 25 45 66 81 71 60 90 142 169 165 164 162 163 160 150 148 142 123 116 107 91 87 79 73 72 75 71 67 73 78 72 71 73 66 63 63 61 59 61 62 62 60 60 60 60 62 64 64 64 67 67 66
61 71 77 82 83 80 81 80 83 87 90 89 89 92 95 96 99 98 95 91 89 88 90 92 97 98 94 92 77 65 54 48 42 55 44 35 45 42 28 38 71 75 62 67 110 150 164 161 160 153 154 154 149 147 139 122 116 103 87 82 72 68 69 70 62 59 64 67 63 65 67 61 60 61 61 61 63 64 63 61 61 61 62 65 66 66 66 68 67 66
59 65 69 75 79 79 81 80 80 86 90 89 90 94 95 94 94 95 94 91 89 87 88 91 93 93 93 91 79 66 47 46 47 46 50 35 31 43 38 38 62 60 60 83 124 149 154 158 157 149 145 147 148 139 124 118 113 99 84 81 70 68 68 66 63 61 63 63 61 63 64 60 61 62 62 63 63 63 62 62 63 64 65 67 69 69 69 70 69 68
57 62 64 69 74 77 81 81 80 83 86 87 89 92 93 92 91 92 91 89 86 84 84 86 86 87 88 91 85 72 49 43 40 44 60 54 35 28 37 47 48 47 65 93 122 141 144 149 144 140 136 134 136 127 110 107 99 89 77 76 69 66 63 62 60 60 61 62 63 64 65 64 65 66 66 67 66 65 65 67 68 69 70 70 71 71 70 70 70 70
55 60 62 66 70 73 78 79 81 81 82 84 86 88 90 92 89 90 89 87 83 79 79 81 83 82 82 91 89 77 55 45 43 50 54 60 58 41 39 42 51 47 69 91 112 136 140 137 127 127 128 122 121 120 107 99 95 89 75 75 72 69 66 68 63 65 65 65 67 66 65 66 67 66 67 68 67 65 67 71 74 75 75 73 73 72 69 67 69 69
56 57 61 66 70 74 76 77 78 81 84 84 83 83 84 84 81 83 82 82 83 79 76 80 82 80 80 82 85 85 70 49 48 49 60 64 62 56 48 51 50 51 66 91 110 124 129 127 120 114 112 114 110 105 100 93 91 85 81 79 74 71 74 71 69 66 70 68 66 70 69 68 67 68 69 69 72 75 74 73 75 74 74 75 76 75 83 76 77 75
53 60 66 65 66 72 76 76 79 81 83 82 81 81 82 82 82 82 80 80 82 80 78 80 81 80 79 78 82 87 78 59 52 53 57 64 71 68 58 56 52 58 76 95 106 113 117 115 113 101 97 99 98 94 91 87 88 85 84 80 77 77 74 72 73 73 69 69 74 71 68 72 75 72 71 74 74 71 73 79 75 84 90 89 89 73 60 61 63 55
39 52 64 68 69 72 76 76 77 80 82 83 83 83 84 85 86 83 82 83 82 81 80 79 75 77 78 75 76 82 83 77 66 66 58 61 72 73 67 62 60 68 83 94 98 102 105 105 105 93 88 91 90 88 88 88 88 87 89 85 84 84 80 81 75 73 73 77 77 74 74 74 75 79 82 76 67 72 102 135 135 143 145 159 167 85 9 24 12 20
27 36 51 63 66 67 70 72 73 76 79 81 81 81 79 77 80 79 82 83 80 80 80 79 81 79 79 78 75 74 77 80 79 80 69 67 73 76 76 71 67 73 82 90 93 95 97 95 93 87 86 87 85 83 85 87 87 85 85 86 85 81 81 83 82 76 78 79 78 79 79 78 77 76 77 86 109 137 160 173 174 173 171 173 181 139 73 38 34 34
20 22 30 38 44 47 50 51 57 60 63 67 71 72 70 68 68 70 75 76 72 74 78 80 84 80 78 80 80 78 76 77 78 81 78 78 78 78 81 74 71 74 81 87 89 90 89 86 85 85 86 85 83 84 85 84 82 81 78 82 83 80 84 81 83 78 76 73 79 79 72 84 103 118 135 149 162 171 170 165 163 163 168 164 163 169 156 107 62 43
15 16 17 19 24 31 33 30 32 34 37 43 48 53 55 54 56 59 61 58 54 55 60 64 67 74 81 83 83 83 83 83 78 79 81 82 79 78 79 72 77 77 80 82 83 82 83 83 85 86 85 83 83 86 85 82 80 81 77 77 78 77 79 78 71 71 79 82 87 95 110 140 172 175 174 169 165 162 161 162 165 165 161 162 163 158 169 173 123 63
17 18 19 19 22 27 28 25 28 29 31 33 36 39 42 43 51 54 53 47 44 43 44 48 48 62 76 82 82 81 82 84 85 83 85 85 82 81 78 77 82 80 79 79 79 78 80 85 83 84 83 81 81 82 81 79 78 80 82 78 79 76 76 99 112 120 134 154 162 163 170 171 172 169 167 167 167 164 163 164 162 164 164 161 165 163 165 164 170 137
21 19 20 21 20 19 21 23 22 24 27 27 27 29 32 34 38 42 40 35 35 33 31 32 37 46 59 74 83 83 82 83 84 82 86 85 85 83 78 83 82 79 78 80 81 79 80 84 82 83 84 83 82 79 78 80 80 78 83 72 66 53 50 98 159 178 169 169 171 165 173 169 168 165 163 163 165 164 164 165 163 160 167 162 163 162 162 165 165 171
22 26 23 19 20 24 23 22 25 23 24 27 28 27 27 28 30 27 29 32 31 31 33 32 29 30 39 49 57 67 72 74 73 75 79 81 78 84 81 83 82 81 81 89 84 82 83 84 83 81 84 81 79 83 83 83 82 76 76 60 49 56 52 39 93 164 176 166 161 168 171 169 168 165 164 165 166 165 164 164 163 162 163 166 167 164 161 160 162 162
25 23 25 26 23 22 23 23 24 24 23 22 22 25 26 25 25 24 25 26 27 27 28 29 26 28 30 28 30 36 41 44 45 42 47 57 56 56 58 72 83 89 82 81 84 88 86 85 89 84 84 84 85 82 72 67 75 80 71 67 68 70 72 61 53 119 173 172 168 168 167 167 169 167 165 166 165 164 164 165 164 164 164 165 165 163 162 161 160 159
26 23 25 28 26 24 24 26 22 22 23 23 23 24 23 23 23 26 25 24 27 27 26 28 27 31 30 27 26 26 27 28 31 28 26 31 33 37 37 47 67 82 81 82 84 80 70 69 74 80 88 88 82 67 47 37 48 79 80 74 74 73 78 74 60 103 171 166 168 169 169 171 169 167 166 165 164 163 164 166 163 165 165 164 163 163 163 162 161 160
20 23 24 25 27 26 23 23 22 18 19 24 25 21 20 23 22 25 25 24 24 25 25 25 25 26 23 25 28 26 24 25 23 27 24 25 26 30 28 34 53 78 85 77 56 43 38 43 44 57 65 62 56 47 39 37 58 78 83 76 72 67 68 76 72 117 175 167 170 169 164 163 168 166 164 164 164 164 164 165 162 164 165 162 161 162 163 163 158 158
29 27 26 26 25 25 27 28 28 22 19 22 24 23 24 27 24 25 27 26 24 25 26 23 28 29 23 23 26 28 30 28 25 24 20 26 29 33 42 58 76 86 84 66 37 33 39 36 35 39 39 37 36 39 50 62 75 85 86 76 72 73 72 70 80 145 177 168 168 167 167 169 167 165 163 163 164 165 164 163 160 163 164 162 161 163 163 163 157 157
29 22 25 29 24 22 26 26 28 27 24 22 24 26 26 24 26 25 28 29 25 26 27 24 21 29 28 27 26 28 31 24 20 23 22 26 25 36 59 80 87 79 78 78 55 44 45 42 42 38 36 36 33 36 59 82 93 86 73 71 70 65 68 72 104 166 169 165 163 166 165 168 166 164 162 163 164 165 164 162 160 163 164 163 162 163 162 161 160 160
25 21 19 24 28 28 26 25 24 26 25 23 23 25 24 21 24 24 27 29 27 25 25 24 20 23 23 25 20 19 27 22 26 28 30 39 40 54 76 90 99 78 70 85 79 66 59 55 46 40 36 36 30 37 67 89 87 83 69 63 68 67 69 85 151 176 165 166 165 170 166 166 165 163 162 162 163 164 163 162 161 161 162 162 162 161 160 158 158 158
81 71 41 21 28 29 22 25 29 28 27 26 25 25 27 29 25 27 29 31 31 28 26 28 41 35 34 47 52 63 89 100 106 69 43 61 75 83 85 82 81 78 73 83 86 83 71 63 50 44 37 36 36 49 74 80 71 73 74 61 66 71 86 142 172 168 162 167 165 169 162 164 164 163 162 161 161 162 162 161 161 160 160 160 160 159 157 156 155 155
154 152 123 101 93 100 103 91 68 53 55 62 61 59 56 53 45 55 74 75 85 88 89 87 112 117 116 127 147 152 152 162 167 116 56 61 72 76 77 77 69 65 64 65 71 75 73 75 65 60 55 51 58 63 64 57 46 65 76 90 101 118 149 165 167 167 164 164 165 165 164 165 164 162 161 160 160 161 160 158 159 160 159 159 159 159 158 158 157 157
166 171 162 165 165 168 173 169 152 135 136 147 149 145 137 130 120 130 149 149 160 162 164 161 151 163 164 161 163 165 163 161 169 149 93 60 39 42 52 53 51 49 48 46 47 49 50 57 63 58 58 57 60 53 54 59 76 100 122 146 157 159 167 164 163 164 163 163 164 164 163 163 163 161 160 159 159 160 159 157 157 158 158 158 158 158 157 157 156 156
