54 61 71 66 45 47 61 51 43 59 58 54 50 47 57 63 79 112 161 177 176 181 181 181 180 179 176 179 178 174 176 174 174 174 176 175 174 174 171 170 172 177 172 169 171 172 172 169 169 168 170 171 169 170 172 171 169 170 171 172 174 174 174 174 172 173 175 174 174 176 175 172 171 171 171 169 167 166 165 163 166 162 162 164 164 161 159 160 162 162
52 58 60 52 40 49 57 41 43 57 51 46 48 47 50 49 46 62 90 106 126 154 167 173 177 186 183 178 176 172 174 177 178 174 174 174 173 173 173 174 173 174 172 173 173 172 172 170 170 169 170 170 169 170 171 170 170 170 170 171 172 173 173 174 172 173 174 175 174 175 175 172 172 171 169 167 166 166 167 166 167 165 164 163 162 162 162 161 161 161
44 49 46 40 41 50 52 39 46 52 44 41 47 44 41 39 45 40 39 42 67 98 113 121 153 166 173 176 178 177 177 175 176 178 178 176 173 172 173 173 175 176 176 175 172 169 172 172 171 170 170 170 170 170 171 170 171 170 170 171 171 173 173 174 173 173 173 174 174 173 173 172 172 170 169 167 166 167 168 168 166 168 167 162 161 164 165 162 164 165
45 45 42 42 46 46 41 38 47 48 40 43 48 38 34 40 40 43 44 43 50 56 58 69 91 96 118 148 168 182 186 177 177 183 178 172 174 176 176 174 173 174 173 174 174 174 175 169 171 171 171 171 171 171 171 171 172 171 171 172 172 173 174 174 174 173 173 173 172 171 170 171 170 170 170 169 167 167 167 167 165 168 168 163 161 163 164 160 166 167
48 45 42 45 49 43 37 40 45 44 39 43 45 36 33 41 42 45 45 48 55 51 49 60 54 46 56 77 94 118 150 170 178 184 177 174 178 178 176 174 176 177 175 174 173 173 174 170 171 171 171 171 172 172 171 171 171 170 171 173 172 174 175 173 174 174 172 172 172 171 170 172 170 170 172 171 167 166 167 168 167 166 166 164 161 160 161 160 167 167
49 44 43 44 47 44 40 43 42 42 40 40 41 38 36 38 41 43 44 49 55 48 45 55 42 36 35 35 35 43 70 105 141 157 171 184 186 179 179 181 180 182 178 177 177 175 174 173 171 172 172 171 172 171 170 171 170 169 172 174 172 173 175 172 173 174 172 171 173 173 172 173 171 170 171 170 167 166 168 169 169 166 165 163 161 159 160 162 165 166
52 46 48 47 44 43 41 42 43 42 44 43 40 38 37 35 43 44 41 45 51 45 38 39 35 31 29 29 31 30 31 45 61 80 111 143 156 164 175 169 171 184 181 173 173 174 174 172 174 175 173 172 172 171 170 172 171 170 172 174 172 173 174 171 172 174 172 171 174 174 171 170 171 169 168 168 167 168 170 171 169 167 166 164 162 161 162 162 160 161
50 42 49 51 45 43 44 48 46 43 48 49 41 37 36 37 45 51 48 44 44 39 36 38 30 28 30 27 27 30 27 30 29 28 42 68 86 112 123 96 102 159 193 188 178 176 178 178 177 178 175 173 172 171 171 173 173 171 173 175 173 173 175 171 172 175 173 171 174 174 169 166 169 167 166 168 169 170 171 170 168 168 168 166 164 164 164 162 160 160
48 46 48 49 48 47 50 53 50 52 58 57 50 46 43 44 52 54 50 47 45 41 40 39 37 35 33 34 35 36 33 29 29 30 34 39 49 75 74 56 46 82 135 177 185 179 177 173 171 173 173 174 175 171 168 171 172 173 174 175 171 168 171 173 171 175 172 169 173 173 168 169 167 169 169 170 172 172 171 169 168 167 167 167 166 165 165 164 161 162
46 47 54 59 57 59 65 66 69 71 77 75 69 65 60 60 65 65 60 58 55 49 48 49 44 53 59 62 63 62 60 61 49 41 35 38 42 55 57 58 45 42 77 133 163 171 177 176 180 187 175 161 167 174 174 174 167 175 173 172 175 174 173 176 174 174 175 173 169 170 172 171 170 171 173 173 174 172 169 168 169 167 167 166 165 166 166 166 161 162
51 50 56 62 65 78 91 93 94 95 98 94 89 86 83 82 86 85 79 77 75 71 71 73 87 94 97 101 111 115 112 110 109 100 91 88 83 80 73 76 77 73 93 113 117 130 157 179 200 207 202 181 170 178 180 170 162 170 175 172 168 169 172 172 171 171 175 176 171 172 175 173 171 172 172 173 172 169 167 167 167 165 164 164 163 164 164 163 161 162
50 56 68 82 98 114 123 123 120 120 122 117 112 111 108 107 109 106 101 101 103 101 103 106 111 122 127 127 129 133 138 143 140 142 140 139 139 143 133 128 132 135 140 137 133 137 141 148 157 170 186 187 182 186 187 177 175 168 168 172 175 174 171 173 171 172 172 172 173 172 170 171 171 170 170 171 170 167 166 168 169 168 167 166 165 165 164 161 161 161
52 70 91 111 132 143 141 139 139 138 139 134 130 128 124 123 127 126 121 125 129 128 129 130 126 129 134 135 135 140 143 141 137 139 140 142 145 156 152 148 164 164 167 168 167 159 147 143 131 136 134 137 150 156 158 165 183 188 172 154 166 177 171 171 171 172 171 171 172 171 170 171 170 169 169 171 171 169 167 169 170 168 167 165 164 164 163 161 161 161
71 98 122 140 157 160 157 159 158 153 150 146 142 142 139 140 139 140 138 141 145 143 143 141 136 134 136 136 134 137 141 137 137 136 140 149 149 150 148 155 162 167 175 181 178 170 164 153 147 147 143 140 141 134 127 126 126 144 145 131 148 175 177 174 168 171 175 175 172 171 171 169 168 169 169 171 171 168 166 167 168 166 164 162 161 163 163 162 162 161
87 115 141 156 164 164 164 170 164 155 150 149 149 149 147 147 147 150 147 148 150 149 150 148 147 142 140 137 134 134 136 135 136 138 143 152 150 142 137 150 156 170 173 177 175 174 175 162 159 153 155 154 145 142 141 135 122 105 100 98 108 131 144 152 161 168 172 173 175 176 174 173 168 170 171 170 168 167 167 168 167 167 166 164 163 165 166 164 161 161
112 133 153 161 161 159 162 169 163 154 152 157 160 159 152 149 151 155 151 149 150 151 154 155 149 143 136 133 132 129 125 123 130 137 136 136 133 127 121 135 158 175 171 177 178 169 172 168 167 160 156 157 158 156 152 149 138 129 123 113 112 117 112 111 126 138 137 139 156 166 167 174 171 174 173 170 167 167 170 174 164 166 167 166 165 165 164 162 160 160
120 149 168 171 175 176 169 162 155 152 152 155 159 164 164 158 157 155 157 159 157 154 153 153 151 144 141 134 125 116 108 106 111 125 121 118 112 104 103 119 155 177 176 179 177 177 180 174 170 169 164 145 157 164 157 151 149 144 137 136 121 100 105 115 116 117 120 115 119 127 132 148 149 158 170 174 169 167 169 169 163 168 166 164 167 165 160 159 160 159
137 163 180 184 192 194 178 160 158 157 156 158 165 168 164 159 163 159 158 161 161 158 154 153 154 149 150 141 124 111 101 96 102 115 116 106 100 97 92 95 133 169 179 182 184 186 185 183 181 180 172 145 150 161 163 161 166 156 146 145 135 117 109 110 118 120 117 106 105 104 98 111 112 119 129 144 162 175 173 163 166 164 167 167 163 164 165 160 159 158
153 173 186 191 202 205 190 173 175 171 164 164 171 172 163 156 161 160 157 159 161 156 152 154 151 149 153 144 123 108 99 93 109 119 115 97 95 86 71 61 108 164 186 189 192 189 181 180 182 182 177 154 154 166 174 175 176 164 155 155 158 148 130 123 127 127 119 108 109 105 92 97 109 105 96 93 110 137 162 176 165 170 170 168 166 165 163 162 160 160
162 179 194 202 208 205 195 187 184 175 166 167 175 178 172 163 161 163 162 162 163 157 156 164 160 156 152 137 116 101 92 90 104 114 102 92 98 76 53 43 92 167 190 194 197 187 179 180 185 184 184 174 169 174 177 177 173 170 167 160 158 149 132 129 126 121 110 103 109 110 99 97 102 109 108 98 90 91 108 131 159 171 171 164 164 167 164 162 162 162
173 187 198 199 196 192 188 188 182 171 166 169 173 178 178 171 164 167 166 165 166 162 163 172 167 159 143 121 102 87 78 83 100 109 97 100 97 56 35 33 97 176 192 195 196 181 181 186 190 189 189 185 181 184 182 178 173 175 175 167 163 157 142 139 131 119 106 97 99 103 98 92 95 101 103 102 98 88 80 80 94 127 165 176 165 164 169 165 163 163
188 199 202 193 188 189 191 190 181 173 173 173 168 169 173 169 167 169 167 166 169 169 170 174 165 155 135 113 97 79 69 77 93 105 105 116 88 43 31 41 110 178 186 188 188 173 176 185 189 191 186 183 181 193 194 188 175 180 181 171 163 157 148 142 134 123 109 95 86 87 87 82 81 91 95 92 91 91 88 86 80 82 110 152 170 165 162 165 165 164
190 198 198 191 189 193 192 186 181 177 177 175 168 166 170 171 171 172 171 171 175 180 181 181 171 157 134 109 89 70 62 72 91 111 121 121 73 38 31 56 122 168 171 169 171 163 166 183 192 198 191 187 185 198 199 195 187 185 176 168 163 160 152 135 128 124 111 95 83 81 83 80 78 88 95 91 88 90 92 88 85 78 74 94 134 163 169 165 165 165
196 196 194 190 191 195 194 191 186 183 180 176 170 167 170 173 172 173 175 176 179 186 189 186 176 154 125 95 71 55 55 71 98 125 135 121 64 41 31 67 141 165 161 151 152 151 154 179 196 203 199 200 196 203 201 201 198 190 174 165 159 156 150 129 114 115 105 89 80 77 78 77 82 86 91 91 88 88 88 83 78 76 75 73 83 120 159 173 164 163
195 191 194 200 199 198 196 189 188 188 182 178 169 168 168 172 170 174 175 181 188 192 194 192 174 140 109 72 52 49 48 68 109 137 148 119 67 33 28 83 155 172 143 118 128 138 143 169 197 206 207 204 207 207 202 201 198 189 180 164 155 155 145 130 114 105 90 85 76 74 71 83 87 89 94 93 85 79 76 75 72 75 68 74 69 76 109 158 173 163
194 200 202 201 203 206 199 188 188 185 177 173 166 165 166 172 175 180 185 192 196 196 195 188 171 141 104 65 50 44 41 67 117 150 154 118 63 32 39 93 166 165 127 97 111 128 128 156 198 208 210 209 214 215 209 204 197 189 179 167 159 154 140 126 113 100 89 85 72 79 86 91 98 98 101 99 96 93 83 72 77 74 75 78 77 75 74 112 157 173
207 211 210 211 214 206 195 193 190 183 172 170 165 168 171 179 189 192 196 200 198 197 197 188 171 141 94 52 43 38 37 72 120 156 157 114 54 28 45 102 166 164 118 78 104 121 108 150 201 211 213 212 216 216 207 199 195 184 169 161 154 144 131 117 104 90 79 88 96 107 108 107 104 106 114 116 114 109 95 82 76 82 80 79 79 81 79 86 118 158
209 217 217 214 216 210 200 197 195 183 169 167 167 172 177 187 199 200 203 204 198 197 199 190 169 137 86 44 38 34 37 75 125 158 160 109 46 23 35 92 162 153 105 67 99 111 89 142 209 215 216 216 219 215 204 195 190 178 163 153 142 129 117 101 92 88 91 110 122 121 115 112 98 94 106 114 114 111 101 97 87 88 81 88 96 92 86 82 81 115
220 225 228 228 225 217 210 208 205 190 171 167 166 172 178 188 197 202 210 212 205 202 199 187 163 130 82 45 39 35 38 68 110 140 148 91 31 18 18 70 153 126 82 64 98 101 82 142 212 215 216 218 219 214 204 198 187 177 166 152 132 118 108 94 91 96 116 134 131 120 116 104 87 80 91 101 104 107 103 103 103 93 88 85 102 107 89 87 75 81
225 224 230 235 228 216 210 210 208 192 171 163 159 164 169 179 195 204 213 218 213 207 198 183 158 122 77 46 37 35 39 60 88 115 128 73 24 23 17 60 132 103 70 73 102 88 81 160 216 216 216 217 217 210 201 195 186 171 157 135 113 102 96 90 103 122 140 143 137 123 117 104 86 79 89 91 91 101 106 112 110 101 99 87 88 103 111 104 86 75
220 228 234 231 226 224 219 210 210 197 176 166 159 164 172 183 199 207 214 218 217 208 194 176 152 115 73 45 37 36 39 53 72 93 102 59 21 24 19 61 110 84 67 84 93 77 97 179 217 219 217 214 212 208 197 187 177 152 130 108 101 102 97 104 132 158 164 153 149 130 118 105 79 67 74 78 84 102 114 124 117 110 108 96 81 86 114 112 85 76
225 230 232 229 226 223 216 210 201 191 174 163 156 161 172 185 202 210 214 218 218 208 188 167 144 110 72 47 41 39 38 47 66 78 83 54 27 27 30 75 100 59 61 91 79 83 138 198 211 214 212 207 205 204 192 178 158 128 107 97 115 132 129 144 165 172 169 162 163 145 126 95 58 39 51 74 98 119 122 124 121 123 114 78 75 87 98 107 94 90
227 231 234 229 226 227 219 205 195 189 173 169 163 157 174 189 202 209 215 215 210 202 182 160 136 107 76 52 39 38 40 46 61 67 68 51 30 31 48 82 84 54 75 79 83 115 175 206 207 207 201 205 208 196 177 154 132 123 117 129 151 162 158 154 170 178 178 171 170 165 129 81 45 31 46 75 118 142 137 130 120 117 101 80 86 90 101 110 109 110
228 235 236 228 223 225 217 202 199 191 178 178 172 162 170 181 202 212 219 215 207 195 174 154 134 109 81 57 43 38 38 43 53 64 65 56 42 29 33 74 66 58 73 75 110 157 193 204 204 208 207 203 205 192 156 126 125 141 155 156 153 156 161 164 171 181 185 183 178 172 142 93 45 28 52 94 133 155 158 156 145 134 120 103 102 100 111 119 124 126
229 231 230 225 224 225 213 196 193 191 192 188 163 146 164 181 197 208 211 204 197 187 167 150 132 110 85 61 45 39 38 43 49 58 55 53 53 41 35 69 82 73 87 109 155 182 194 204 206 204 204 197 186 163 139 141 161 173 165 145 126 106 116 152 177 192 193 184 175 170 153 114 60 28 51 109 145 159 164 168 154 146 134 114 109 116 128 127 135 141
228 226 225 226 225 218 204 192 191 193 202 189 144 129 160 183 192 201 200 193 190 183 165 147 125 108 86 62 46 38 36 41 49 55 53 53 56 57 53 67 76 81 116 150 181 191 192 194 197 192 193 189 170 145 145 172 189 189 170 150 127 82 64 91 132 171 185 182 178 175 157 118 66 27 48 124 164 166 161 164 158 147 135 122 115 120 131 135 145 152
225 226 227 225 219 207 196 191 191 189 190 178 149 143 166 182 191 199 200 194 191 183 164 146 126 112 92 70 53 43 37 40 46 56 60 57 55 63 65 70 81 99 141 166 177 184 189 188 188 186 182 178 167 160 170 180 182 176 164 148 118 77 46 37 67 121 163 179 185 188 162 107 57 23 40 117 159 160 151 152 154 149 138 129 124 128 135 140 153 160
224 225 223 219 216 210 198 189 186 184 175 168 167 166 169 177 188 194 197 191 184 177 164 149 135 121 99 75 59 49 42 44 46 55 60 67 74 87 94 103 119 133 157 170 172 177 185 194 191 188 180 180 178 179 186 181 175 168 154 132 98 61 35 24 32 76 131 163 179 192 160 92 51 30 50 123 155 155 146 140 139 146 139 131 128 135 135 137 142 149
225 224 220 217 218 214 200 189 185 183 174 169 172 169 166 173 183 186 190 185 175 169 162 151 138 123 101 79 65 56 47 47 53 57 64 82 95 106 115 125 138 158 171 174 178 188 191 192 188 187 187 190 189 186 184 181 176 162 140 113 76 38 21 26 21 50 104 147 176 188 146 82 53 31 59 139 157 153 146 130 127 132 129 131 127 127 123 130 137 145
226 227 226 224 220 207 195 190 183 177 174 172 170 169 172 181 184 185 189 186 174 167 160 148 135 124 107 89 79 68 54 51 53 60 80 107 115 124 137 147 157 175 182 181 182 192 190 185 182 185 189 185 186 188 182 183 172 148 124 97 56 28 23 25 30 50 97 144 182 186 134 81 52 24 65 161 170 154 137 109 109 120 121 123 120 127 126 128 138 148
222 219 224 220 209 200 190 187 180 174 168 160 161 163 173 180 183 188 183 177 176 170 156 140 136 130 111 98 99 85 59 54 62 65 98 133 142 135 138 158 172 184 186 188 192 189 186 186 193 197 193 187 191 201 200 183 169 156 124 89 58 30 19 26 25 53 100 140 176 182 123 81 47 24 80 179 177 149 133 100 93 103 122 118 117 123 125 127 134 147
217 213 212 208 201 198 194 188 180 170 156 143 153 165 172 167 179 190 179 167 168 161 147 138 129 123 110 103 102 80 55 56 66 82 117 144 154 158 159 164 179 190 196 203 206 198 199 206 211 215 212 206 208 223 219 190 165 150 119 88 61 35 23 27 34 61 101 146 178 169 113 81 42 24 86 190 186 152 132 96 77 86 107 108 111 117 123 129 137 145
217 216 208 200 191 192 195 180 165 154 146 146 159 164 166 164 181 185 179 169 162 160 155 142 130 121 110 104 96 69 48 56 77 97 132 156 173 193 199 192 194 211 221 225 228 226 226 228 222 223 227 229 232 239 220 175 160 139 107 81 64 44 28 23 36 70 113 164 191 167 108 76 41 26 93 201 197 159 131 92 65 70 91 99 106 112 123 135 138 139
208 214 208 200 187 184 185 162 142 143 145 143 149 155 167 174 177 176 175 171 163 162 159 144 132 121 108 98 87 67 55 66 79 96 128 157 183 208 217 208 206 219 224 226 227 225 223 221 212 205 205 210 209 208 191 158 150 128 98 75 63 52 35 26 37 72 113 155 182 169 108 67 42 30 97 209 212 168 129 87 62 61 77 88 98 105 120 135 136 133
197 204 201 202 190 179 176 153 139 132 129 131 143 150 161 169 172 174 170 170 171 165 156 147 133 122 105 87 74 63 57 64 70 79 101 126 149 173 187 185 187 186 186 194 194 185 187 195 194 188 181 176 168 162 158 149 133 113 88 66 57 52 38 29 38 65 102 129 162 175 113 57 41 31 97 213 224 175 123 77 58 53 64 77 90 97 113 128 131 133
201 200 193 196 188 174 170 156 141 131 131 136 143 140 151 166 166 166 165 169 171 165 155 143 128 116 98 77 65 60 55 57 59 71 87 105 120 136 149 149 163 165 165 169 166 158 160 168 168 168 160 155 153 149 143 136 124 95 70 56 56 55 38 26 33 55 91 119 158 180 117 56 42 31 95 209 220 169 116 71 55 49 57 69 84 93 111 123 124 134
205 205 193 187 179 168 164 154 143 141 137 131 136 143 158 166 171 172 176 179 175 170 159 140 125 107 88 70 58 52 49 49 56 68 75 83 95 108 122 125 131 141 143 140 138 138 143 144 147 148 143 145 154 155 146 134 119 83 61 55 57 51 34 27 29 47 82 121 156 159 101 56 41 28 92 203 204 153 108 67 53 49 53 62 77 89 109 120 117 130
202 213 204 188 178 172 164 150 142 137 134 129 135 142 159 172 177 189 188 183 181 171 151 134 111 89 70 58 49 45 45 50 55 64 65 72 83 93 104 108 119 121 120 119 117 117 124 129 133 135 133 137 143 142 134 124 106 74 61 57 48 34 23 28 28 46 82 132 156 131 75 47 37 24 93 201 193 140 102 62 51 48 49 54 67 82 105 115 112 122
205 212 210 203 186 172 161 137 131 137 135 137 135 140 158 163 179 193 194 187 190 172 144 123 98 73 61 49 40 43 43 47 50 57 59 69 81 89 90 98 113 121 119 115 114 109 120 122 115 115 125 127 127 126 124 111 90 70 59 51 34 25 27 28 29 42 69 118 129 82 57 47 34 27 100 193 173 131 87 62 51 46 47 53 65 83 100 105 102 118
213 211 199 194 184 170 157 137 131 131 130 136 136 137 156 172 185 193 191 191 187 161 138 114 86 62 52 44 38 37 37 43 47 55 58 64 75 86 84 94 119 126 126 125 125 119 121 114 98 94 101 109 112 115 118 100 90 76 66 54 33 24 28 30 30 40 59 94 98 64 58 54 34 36 107 175 148 114 81 59 47 46 46 51 61 75 90 99 105 118
198 197 186 178 164 146 138 132 125 127 127 126 131 148 170 185 195 200 196 191 177 154 137 99 73 56 48 41 38 39 39 46 55 55 60 63 70 87 91 101 116 129 136 136 134 124 120 110 97 86 87 88 94 102 110 105 98 89 78 57 31 22 27 30 33 39 61 98 101 70 62 48 31 40 112 154 127 97 72 52 46 47 47 51 59 69 83 97 107 116
180 179 173 166 149 131 126 124 126 123 122 119 129 158 183 194 207 196 189 183 170 153 130 81 59 50 43 36 36 39 41 48 52 58 59 59 74 105 115 119 126 135 141 139 136 128 125 114 104 91 92 88 100 113 115 120 118 111 94 64 35 25 29 32 35 42 63 99 97 63 56 48 29 39 107 134 114 86 65 49 48 47 46 51 58 67 83 98 106 113
170 170 169 163 147 135 132 126 126 106 108 125 141 162 186 201 199 175 179 181 168 144 114 77 50 42 37 35 36 38 43 52 57 63 69 82 92 106 115 123 134 136 140 143 149 145 137 122 111 95 80 71 88 115 137 139 133 122 99 67 40 29 30 32 38 47 64 95 98 63 53 45 29 41 101 115 98 75 61 53 49 44 45 51 56 67 82 93 99 104
161 159 160 154 142 138 134 124 114 96 102 130 151 167 184 194 172 154 163 167 159 138 100 62 45 36 34 38 40 42 53 65 69 65 80 88 74 89 112 125 132 135 146 152 157 152 144 131 115 107 87 74 76 105 147 143 128 115 91 65 44 33 30 31 38 49 59 87 96 66 52 40 24 45 96 101 83 67 59 54 50 44 46 53 58 67 80 86 94 96
156 149 144 139 136 136 126 112 110 109 111 130 149 163 175 174 158 158 165 158 149 129 95 59 39 32 31 36 39 51 71 83 79 70 67 46 50 93 109 120 130 138 156 163 163 155 150 143 125 123 113 96 86 93 119 120 112 98 79 64 51 38 33 35 34 49 64 91 97 64 51 42 22 46 85 91 76 66 58 52 51 49 50 55 60 67 77 83 92 91
152 151 147 139 133 128 119 113 113 120 117 129 147 157 167 167 160 160 156 149 141 114 84 53 35 34 33 32 37 62 90 98 76 58 30 20 84 127 99 125 118 131 161 179 184 174 163 152 143 135 135 120 111 98 87 95 95 82 69 61 53 40 32 35 38 46 59 91 99 63 49 41 26 44 71 82 74 68 60 53 51 52 52 54 59 66 74 83 85 81
146 141 137 129 127 121 109 110 118 123 130 132 147 158 174 174 164 161 154 148 136 113 83 53 34 31 36 38 40 80 107 78 47 26 14 38 125 112 77 118 116 107 149 185 189 176 175 171 172 165 152 129 123 129 120 108 99 76 56 48 40 34 34 29 34 48 56 84 91 65 50 40 31 39 63 79 73 63 59 55 56 57 55 54 59 67 74 80 77 74
139 137 126 115 119 121 115 115 113 118 126 132 147 153 163 161 162 165 158 150 138 109 73 48 35 30 31 34 52 95 104 63 38 22 47 93 146 100 60 98 116 93 116 157 180 180 183 177 182 178 160 147 146 154 158 145 132 107 79 61 42 32 35 37 38 47 54 77 86 68 52 39 33 42 62 74 66 59 58 56 57 56 55 55 59 66 73 79 76 73
140 141 128 124 130 126 118 114 121 126 131 134 142 146 153 150 151 155 150 142 128 101 73 54 36 33 33 41 77 118 103 54 35 20 41 94 153 106 60 96 125 89 95 151 191 189 186 179 181 179 167 160 160 166 168 154 152 136 117 101 78 58 52 49 50 54 60 72 77 68 52 36 31 41 60 70 65 60 60 59 61 59 57 57 60 65 73 80 78 75
125 129 122 128 130 108 90 87 111 124 131 127 123 125 135 139 137 137 137 132 114 93 75 57 37 35 38 55 103 135 108 68 29 21 18 57 136 112 65 90 125 95 93 151 195 193 186 175 180 178 175 167 170 177 170 165 158 147 133 121 104 87 76 65 63 64 68 67 66 63 47 31 29 40 56 65 64 63 63 60 64 60 58 59 61 65 73 79 79 76
124 125 118 121 118 96 86 90 106 114 119 124 123 123 127 130 135 135 135 128 107 84 65 45 39 34 35 58 104 122 92 68 26 24 17 43 108 100 62 72 104 92 88 134 177 188 188 176 181 180 179 175 182 186 174 171 162 150 131 117 106 98 91 80 72 71 70 61 57 55 41 27 30 39 50 57 61 64 64 62 63 59 58 60 62 66 74 79 77 73
123 129 128 128 125 113 107 110 115 111 110 123 124 122 122 127 130 135 131 122 106 83 62 47 42 37 38 65 105 105 74 60 29 24 17 45 103 95 60 63 93 88 91 141 181 190 192 191 186 189 183 187 194 189 180 171 163 151 132 118 109 103 98 90 85 81 72 58 51 48 34 22 29 38 49 59 66 70 68 65 61 58 60 63 66 72 78 80 77 74
127 132 136 131 130 131 127 125 121 120 116 123 117 115 118 127 128 132 126 114 98 79 62 47 35 36 39 68 100 92 65 53 28 26 22 56 109 95 57 58 81 82 96 151 184 188 186 192 185 185 182 187 188 184 182 176 164 150 131 120 110 100 97 95 94 90 74 58 49 39 30 23 32 44 57 66 73 72 67 64 61 60 63 68 71 76 79 78 76 72
130 131 134 127 126 132 127 124 123 121 110 114 112 118 115 114 116 117 117 109 92 80 69 51 40 44 44 67 91 80 59 47 31 36 41 69 99 81 52 53 72 84 103 147 174 187 187 188 179 176 189 191 184 181 177 175 167 151 132 125 113 98 93 94 92 91 73 57 46 34 29 28 43 54 64 69 71 66 60 59 60 59 64 68 71 76 77 73 70 66
125 131 131 127 127 125 121 121 121 117 114 110 111 117 114 108 106 113 115 107 95 83 69 55 47 43 47 65 82 71 49 46 38 47 52 69 91 75 51 60 81 92 113 144 171 186 190 184 181 185 180 176 183 177 170 162 156 148 135 122 112 101 88 79 81 80 69 54 44 37 36 41 54 61 66 64 61 59 60 62 62 60 62 68 73 72 70 68 62 65
117 125 126 123 124 123 119 116 112 111 110 106 105 107 102 97 102 103 105 106 100 83 66 57 49 46 48 61 75 64 44 41 34 38 45 66 85 69 52 67 86 100 121 149 172 181 181 178 178 181 179 174 171 161 157 152 147 143 130 113 102 94 82 70 69 71 64 55 49 43 42 47 58 62 64 62 62 63 65 66 66 63 62 65 68 67 64 62 63 66
101 110 113 110 114 118 115 112 111 107 105 100 99 99 94 92 94 93 95 104 106 88 66 58 53 51 52 60 68 60 42 39 32 30 38 62 76 61 55 77 101 109 123 150 175 179 174 169 170 173 173 164 154 142 141 135 135 136 124 104 92 88 78 65 60 61 58 53 50 46 45 51 56 62 65 64 64 66 66 65 60 58 58 61 63 63 62 60 67 68
96 101 101 97 100 104 104 104 102 98 97 96 97 94 85 81 86 89 91 100 108 94 68 54 54 54 56 59 64 58 43 40 34 27 36 59 69 59 63 88 108 115 126 152 174 174 167 165 164 167 163 152 145 136 133 126 122 126 117 98 86 81 74 65 57 56 53 52 51 49 52 58 63 69 71 67 63 62 60 58 53 55 58 61 62 63 63 62 71 70
97 98 96 93 94 95 98 101 99 95 93 92 93 91 83 82 85 89 90 97 105 93 65 48 52 53 57 59 61 56 44 40 35 28 37 56 67 68 79 101 112 116 127 150 168 164 156 153 159 158 151 141 138 124 119 117 111 114 109 93 79 71 66 62 58 55 53 54 56 58 63 70 76 77 73 64 57 55 54 54 55 59 62 63 63 64 64 64 70 68
98 97 95 95 95 95 98 101 102 98 95 89 88 87 84 88 86 85 85 92 97 84 60 46 52 54 58 60 60 56 46 42 36 30 38 57 73 84 98 114 120 127 137 151 153 146 148 153 155 150 140 132 126 103 96 100 102 103 99 86 73 63 59 60 59 57 56 57 60 63 67 71 72 70 63 57 55 54 54 54 58 62 63 62 62 64 66 66 65 60
99 97 94 92 92 93 93 93 91 91 91 87 85 82 77 79 80 77 77 83 86 77 62 52 54 55 59 61 60 56 49 45 38 32 40 59 81 99 111 121 131 130 134 143 143 138 140 142 142 138 131 124 115 93 88 90 91 91 87 77 67 59 57 59 58 57 56 56 58 60 62 63 61 59 56 56 57 56 55 56 59 61 62 61 63 68 69 67 58 52
91 90 87 85 86 91 92 88 84 85 84 80 80 78 71 72 72 70 71 75 78 75 67 60 54 54 58 60 58 56 50 47 42 35 42 62 87 106 115 123 122 116 119 130 131 127 124 118 121 121 119 112 106 95 93 88 80 80 76 68 61 57 57 59 56 55 54 54 56 59 61 60 60 59 59 59 59 56 56 59 61 63 63 64 67 71 70 66 53 47
82 84 82 77 77 81 81 77 73 74 74 73 71 70 68 67 68 67 70 74 75 70 68 70 57 55 55 56 58 58 55 51 44 41 48 71 96 112 115 112 113 109 112 117 116 115 114 109 110 115 114 106 99 94 87 80 76 73 70 66 62 59 58 58 55 56 56 55 54 55 57 59 60 59 59 57 55 57 60 61 61 64 67 67 70 72 66 56 47 46
73 70 67 66 66 67 67 65 64 64 62 61 62 65 66 65 67 68 68 69 69 67 66 67 61 59 59 59 59 58 55 51 44 45 55 74 93 104 105 102 100 101 104 105 103 103 102 98 104 106 102 95 91 88 81 74 71 68 66 64 62 61 59 59 58 57 56 56 57 58 59 59 58 58 59 58 57 59 61 62 63 66 68 68 68 67 59 50 43 42
64 58 55 56 57 55 54 55 56 55 53 51 53 58 61 61 63 65 64 63 64 65 64 64 65 63 62 62 61 60 57 53 49 53 63 77 88 94 94 93 92 95 96 94 92 91 91 91 93 93 90 85 82 80 75 71 67 65 63 63 64 63 61 60 57 55 53 54 56 58 58 57 57 58 60 60 60 61 64 65 66 67 68 67 64 60 52 45 44 43
51 46 44 46 45 43 42 44 46 48 48 47 49 55 58 59 60 62 63 64 65 66 65 65 64 63 63 64 63 62 60 58 57 60 67 75 81 84 86 87 89 90 90 91 89 83 81 86 80 82 81 78 75 72 69 67 66 65 64 65 65 64 61 59 55 53 51 52 55 57 57 57 58 60 62 63 63 64 66 67 68 67 66 64 60 54 49 45 48 47
39 38 37 37 36 34 35 36 36 39 42 42 45 51 57 60 59 60 61 63 64 62 62 64 62 61 62 64 64 63 62 62 62 63 67 71 75 79 81 81 82 84 84 84 83 77 74 77 73 73 72 70 68 65 63 62 63 64 65 65 64 62 59 57 57 55 53 54 56 57 59 60 62 63 65 66 65 66 68 69 70 66 63 60 56 52 50 49 49 48
34 34 34 32 31 31 32 33 34 36 38 39 40 44 51 57 59 59 60 62 61 58 58 62 60 59 61 63 64 63 63 63 65 66 68 70 73 77 78 76 79 81 78 70 68 71 72 71 71 69 65 63 64 63 61 60 60 62 64 64 63 61 59 57 59 58 57 58 58 59 61 64 65 65 67 68 67 67 69 69 69 65 60 57 53 51 51 52 50 49
31 30 29 28 27 27 29 30 33 34 34 35 35 36 42 48 57 60 63 64 63 61 61 63 60 59 60 63 63 63 63 63 65 67 69 70 71 74 74 72 76 77 73 64 60 66 71 67 67 66 62 61 62 64 63 61 61 63 65 65 64 63 61 60 61 61 62 63 63 63 65 68 66 66 67 68 68 68 68 68 66 61 58 55 53 52 52 52 52 51
33 29 27 27 27 26 27 30 28 27 28 31 31 32 36 42 47 55 61 62 62 63 62 62 59 58 60 63 64 63 64 64 64 66 68 68 67 68 69 68 70 70 72 68 63 64 66 61 58 61 61 60 61 63 63 63 64 66 67 66 66 66 65 64 65 65 66 68 68 67 69 71 66 65 66 68 68 67 67 67 61 58 56 54 53 53 53 52 52 51
29 28 28 28 26 26 27 28 24 25 26 28 28 29 31 35 41 46 53 57 61 63 64 64 62 62 61 61 62 63 62 62 63 64 64 65 66 65 63 63 65 65 65 66 67 64 63 63 60 63 61 63 60 61 67 59 60 63 67 64 65 67 64 65 66 64 68 69 67 70 76 76 72 68 67 71 73 72 68 65 60 59 59 57 55 53 54 55 52 52
30 29 28 27 25 25 26 27 25 25 26 27 28 28 30 33 34 38 43 48 52 56 58 59 59 60 59 59 60 62 63 64 63 64 64 63 64 64 65 66 65 65 64 64 66 66 65 66 69 67 64 67 67 62 64 64 64 62 63 61 62 67 66 63 69 70 73 73 69 67 68 67 69 69 69 68 65 63 61 59 62 62 60 60 61 59 56 55 54 52
31 29 27 26 24 24 26 27 26 26 26 27 27 27 28 30 30 33 35 38 40 43 45 46 48 48 48 48 50 52 55 57 63 67 68 66 65 66 66 65 67 67 66 65 65 66 67 69 70 69 68 70 70 68 68 70 68 64 66 66 66 72 72 68 70 70 68 66 66 69 75 80 79 80 81 78 72 69 69 68 63 59 62 65 63 60 59 57 55 53
30 28 26 25 24 24 26 28 27 26 26 26 26 26 26 27 29 30 31 32 33 34 35 35 35 36 36 36 38 39 41 44 54 60 64 64 65 67 67 66 69 71 71 69 68 68 69 71 73 72 70 67 69 73 71 67 69 65 66 65 61 62 65 69 68 77 88 100 114 124 133 142 143 141 139 138 135 133 133 134 106 69 49 49 45 44 50 50 46 44
30 28 27 26 25 25 26 27 28 27 26 26 26 26 25 25 26 27 28 30 31 31 31 32 30 31 31 31 31 30 32 34 44 52 59 62 64 67 68 67 67 70 71 71 71 70 70 70 71 72 68 69 74 69 61 61 65 66 70 75 82 87 97 114 134 144 157 169 177 178 177 179 182 176 175 177 176 174 176 180 165 104 52 36 31 25 23 24 25 25
30 28 28 28 26 25 25 25 26 26 26 26 26 25 25 25 25 26 27 29 30 29 29 29 28 29 29 28 28 27 28 32 32 44 55 61 64 65 65 66 71 72 73 74 76 75 74 73 69 73 68 71 70 64 80 102 105 114 128 143 157 160 161 174 182 183 184 184 182 177 175 176 175 171 171 174 172 170 173 178 171 154 111 67 50 46 40 34 32 33
28 27 28 29 27 25 24 24 24 25 25 25 25 25 25 25 27 26 26 27 27 27 26 26 27 27 28 29 30 31 35 41 41 51 60 63 62 62 66 72 72 72 73 72 70 67 68 72 71 69 61 60 59 86 144 167 170 173 176 176 180 181 178 183 177 174 174 174 171 171 174 175 170 170 171 173 171 170 171 172 170 170 155 129 104 80 71 78 76 76
25 26 28 29 28 26 25 24 23 23 24 24 24 25 25 25 26 25 24 25 26 26 27 28 29 29 31 33 36 40 48 55 62 64 61 52 42 41 50 61 61 63 63 59 50 44 48 58 59 51 46 50 56 118 193 185 177 178 176 168 167 173 174 174 176 172 173 175 171 170 172 171 170 172 174 173 173 175 173 169 166 167 170 170 158 140 122 109 110 109
28 28 27 26 26 26 24 24 23 24 24 25 26 26 25 24 26 24 25 27 26 25 26 26 27 30 32 38 38 49 56 58 62 61 51 34 26 30 33 39 45 47 44 35 28 34 47 57 56 46 52 53 71 139 183 172 173 172 172 172 172 172 173 174 173 173 174 176 170 173 174 172 171 172 171 170 169 168 167 167 164 163 164 165 161 160 154 135 125 120
28 28 27 25 25 25 25 24 24 24 24 24 26 26 25 25 26 24 25 27 26 25 26 26 22 26 38 48 43 51 56 52 47 53 54 43 36 34 29 29 31 30 28 30 40 54 64 67 55 56 54 61 107 163 180 173 173 172 172 172 172 172 173 174 173 173 174 176 170 173 174 172 171 171 169 168 168 167 166 166 165 163 163 163 160 164 165 152 143 136
