178 178 180 178 181 175 174 176 177 177 177 178 177 175 177 177 175 174 174 174 177 178 173 172 175 171 176 185 183 188 184 176 175 181 180 179 171 171 171 174 174 172 172 171 168 169 174 177 173 169 176 174 171 171 171 174 173 168 172 170 170 171 166 170 170 170 168 171 171 169 173 171 169 169 169 170 169 168 166 164 166 171 170 166 164 163 164 167 168 167
183 181 179 182 184 175 178 180 175 174 173 175 175 174 175 174 176 177 180 176 170 172 174 176 179 180 176 167 139 137 150 146 147 147 140 143 147 159 165 167 163 163 162 160 159 157 160 167 175 175 176 174 173 172 174 170 175 174 175 174 174 173 170 171 172 173 171 172 171 171 174 169 170 170 170 169 168 168 167 165 166 167 169 166 162 162 163 163 166 166
177 184 180 179 181 177 185 179 173 175 177 176 170 167 171 176 180 180 182 179 176 176 174 173 183 172 160 141 71 30 49 59 61 64 64 78 97 130 157 165 167 165 156 153 163 164 148 136 155 169 168 181 180 174 168 172 173 174 173 172 171 169 172 172 174 175 173 173 173 174 174 168 170 170 170 169 168 169 169 168 166 165 168 168 163 163 165 162 164 164
181 176 173 177 181 174 177 176 176 175 178 179 177 174 172 173 179 181 180 176 177 178 177 180 181 157 140 173 162 77 17 20 28 46 64 103 136 148 148 151 158 154 144 151 182 196 171 138 128 145 153 159 167 174 178 176 172 170 173 174 171 171 173 174 171 171 171 173 172 173 172 168 169 169 170 169 169 169 169 168 165 165 167 168 165 165 166 163 161 162
175 175 184 185 189 187 190 199 193 189 190 191 192 194 192 194 195 190 192 194 197 201 197 192 192 161 127 168 226 196 114 82 99 133 148 162 163 145 126 122 118 117 116 127 152 172 177 174 163 147 154 147 153 156 173 176 177 169 174 176 174 175 172 171 169 166 168 172 171 169 168 169 169 169 169 169 168 168 167 165 165 166 166 166 166 165 163 162 160 161
191 197 205 190 186 179 163 162 154 150 153 152 151 153 154 161 152 137 143 153 153 156 150 132 127 111 83 89 139 187 180 157 150 166 184 179 124 91 93 88 88 87 97 117 130 139 164 193 198 176 163 165 157 141 135 162 182 177 173 171 174 176 173 172 174 167 170 174 173 169 167 171 171 169 168 167 167 167 165 162 166 168 167 166 168 166 163 163 161 163
178 154 130 115 115 93 69 69 69 64 68 67 65 63 57 59 59 47 54 62 57 59 60 53 55 65 59 60 68 87 115 141 136 131 165 180 97 41 60 71 68 78 103 138 157 154 159 178 196 202 182 184 181 163 124 129 170 187 175 170 176 173 176 175 178 171 173 175 173 171 169 171 174 170 167 166 168 169 168 164 167 167 166 167 167 167 166 165 161 163
90 73 52 53 69 58 53 66 67 62 63 53 42 38 35 43 41 35 39 48 54 56 56 59 70 72 74 98 95 77 79 86 91 98 130 152 97 47 51 57 64 100 139 166 176 164 158 169 179 182 177 181 209 189 150 110 144 187 175 172 179 167 173 172 177 171 172 171 171 171 168 169 176 171 166 166 169 172 172 168 165 162 164 166 165 167 169 166 161 163
67 67 68 79 86 92 97 85 90 99 98 84 68 67 72 62 61 65 62 56 68 78 70 68 69 69 72 91 92 86 76 83 79 72 85 108 89 79 71 81 77 92 109 114 120 108 92 111 113 94 81 100 151 163 160 93 100 178 184 175 173 175 169 174 174 169 169 169 170 172 170 172 174 169 170 166 165 169 168 168 163 168 168 164 165 164 163 164 162 163
88 89 89 102 110 109 109 101 111 119 118 111 100 94 87 70 71 78 66 55 58 65 70 66 58 59 57 63 64 72 71 74 70 67 71 86 80 93 106 122 115 119 118 108 110 110 100 103 94 66 59 53 55 79 133 108 95 175 191 178 174 185 181 177 177 174 175 173 171 171 169 170 170 168 168 165 166 168 165 167 165 165 165 165 164 164 164 163 163 164
96 99 103 119 129 123 119 115 129 134 130 121 114 110 106 99 98 100 92 92 94 92 90 82 84 85 75 65 62 72 71 64 72 93 101 116 126 139 145 156 151 148 145 144 145 142 136 131 131 133 131 113 102 93 116 116 117 146 148 151 153 162 165 178 183 182 183 180 177 176 172 170 172 170 168 166 171 173 169 169 166 161 163 166 165 166 166 164 164 164
102 111 119 128 129 124 128 135 135 137 132 130 133 130 121 114 117 100 100 107 108 101 93 98 108 118 119 111 108 112 113 114 125 138 142 147 143 148 152 150 153 147 141 144 141 137 144 145 145 149 150 141 139 128 127 125 126 122 116 120 123 129 127 135 138 144 157 167 175 181 177 174 178 175 170 166 167 168 167 167 168 165 165 167 167 167 166 163 163 163
126 130 136 139 137 135 137 136 139 139 135 133 139 137 129 127 122 117 117 110 108 116 119 122 132 138 141 142 149 147 147 153 160 161 150 145 145 144 144 149 144 147 143 142 137 136 145 144 150 147 149 148 147 149 146 141 136 134 136 133 126 128 123 119 118 116 115 116 127 148 165 175 180 178 177 173 165 163 167 165 169 172 169 166 166 166 163 160 164 163
139 141 144 142 139 140 139 135 133 135 135 134 136 135 130 133 130 125 120 128 130 127 135 140 141 141 143 144 150 146 150 160 162 149 147 148 144 145 145 144 146 146 143 146 144 143 151 155 155 159 156 154 154 156 147 149 145 139 140 137 129 127 127 128 127 124 121 113 108 111 115 119 137 150 171 184 178 172 171 164 164 170 168 163 165 167 165 164 168 167
144 142 137 133 136 142 143 142 143 139 138 138 142 144 138 138 145 140 133 139 142 139 141 141 145 140 141 138 144 146 150 146 129 130 144 149 156 155 145 149 159 154 154 157 153 150 158 166 163 163 157 160 155 159 154 156 157 152 147 141 139 136 135 128 123 123 126 122 115 110 103 100 92 98 115 145 169 182 182 168 163 166 165 163 164 167 169 169 169 169
137 143 144 142 144 145 144 150 153 151 153 150 148 148 145 146 144 146 147 141 140 143 139 142 140 140 147 140 141 146 150 134 98 106 133 138 145 151 147 155 166 169 173 164 152 157 168 171 166 170 161 168 165 163 154 162 160 156 152 152 152 143 138 128 130 125 123 119 117 117 112 110 110 98 83 87 109 139 169 180 169 166 165 165 162 164 168 167 165 166
141 144 147 151 154 154 156 162 165 158 157 163 153 155 155 154 151 148 146 144 140 140 141 139 142 145 146 143 144 148 152 111 85 87 111 126 140 141 150 158 166 174 179 167 160 166 171 178 174 170 172 176 175 169 167 166 160 152 152 151 144 137 133 135 132 129 128 124 115 114 117 115 112 104 95 87 83 91 113 134 168 180 173 168 164 164 165 166 165 165
146 151 156 160 164 164 163 166 168 164 158 156 161 159 159 164 157 155 152 151 149 145 145 148 148 147 147 156 163 156 131 75 64 81 99 123 139 158 153 155 164 179 170 165 175 180 182 180 178 177 175 174 174 173 172 170 162 159 159 154 145 142 137 132 132 129 126 121 115 116 118 115 109 102 93 90 89 82 77 80 112 157 176 175 169 171 168 163 162 157
148 154 159 163 168 169 166 164 169 163 162 159 167 164 167 164 155 156 156 159 161 155 152 157 160 152 155 167 171 159 105 52 50 65 101 140 157 159 140 132 167 180 166 163 178 182 184 184 181 181 180 180 182 179 173 171 172 164 159 148 137 135 132 128 125 116 113 116 116 113 111 109 114 107 102 99 94 86 80 78 77 84 116 165 182 177 169 167 175 169
152 158 160 162 168 170 165 161 162 162 166 166 170 169 168 161 158 159 160 163 165 162 161 165 166 163 178 181 162 140 81 49 45 59 115 153 141 118 95 104 179 184 171 157 168 185 191 194 189 185 181 184 186 180 175 176 178 166 157 148 137 125 116 116 117 115 114 113 110 109 110 109 105 100 101 100 90 83 82 79 78 72 71 103 149 182 182 174 168 171
163 166 166 167 173 175 170 165 158 170 168 167 170 171 164 166 170 167 165 163 162 165 170 171 177 175 182 177 142 111 67 43 31 60 101 113 70 48 43 106 194 189 163 146 164 192 203 203 195 192 189 192 193 188 181 179 173 162 154 147 137 119 105 108 107 109 114 119 122 118 113 110 107 102 99 98 94 89 83 79 81 83 80 72 79 123 155 158 149 156
172 173 173 176 180 180 176 174 170 177 172 172 166 171 169 175 171 169 168 165 163 169 176 177 184 187 180 175 132 91 73 43 26 50 61 49 23 10 41 142 209 189 143 145 176 189 203 208 201 203 204 204 204 202 194 183 177 170 159 144 130 112 98 99 101 113 118 116 120 124 119 111 112 111 99 92 94 91 87 90 87 77 75 82 78 76 91 124 141 147
177 178 179 182 185 182 182 187 190 181 181 182 172 170 176 179 166 168 170 169 169 171 177 182 181 194 199 192 139 90 82 47 32 40 38 25 22 21 84 166 202 182 145 155 178 181 198 211 211 211 211 208 205 209 205 193 187 177 164 141 116 100 92 91 103 126 129 115 115 125 120 107 117 116 107 98 94 89 84 85 80 69 73 86 83 79 77 87 128 144
182 182 184 188 189 186 190 200 200 189 189 188 187 171 172 179 169 173 173 172 172 171 176 187 191 192 205 192 142 98 82 39 27 37 35 31 15 40 116 155 173 173 162 156 161 176 197 207 210 207 210 211 207 208 205 193 183 165 149 122 93 87 96 102 127 113 103 112 127 124 115 116 128 120 116 111 101 95 87 74 70 77 81 84 89 95 82 77 73 102
184 188 185 189 197 198 198 194 193 194 189 187 187 181 177 182 177 179 175 172 174 175 176 179 186 191 195 187 134 96 59 37 31 34 30 28 30 75 119 138 137 156 170 143 146 178 205 202 212 210 213 213 212 200 192 186 176 156 125 111 87 81 105 104 94 71 75 104 96 90 97 112 114 116 117 109 113 102 91 78 79 76 79 85 92 99 99 93 79 70
188 192 191 197 205 202 196 188 195 197 193 188 188 186 182 184 183 181 177 174 176 177 178 180 183 187 192 191 140 91 52 32 24 34 26 23 63 103 119 129 121 149 171 137 140 178 200 201 204 206 213 214 210 197 184 169 162 133 109 97 78 89 111 90 70 67 73 74 51 57 74 81 77 100 105 95 111 112 102 94 85 78 77 82 87 97 104 104 91 83
191 197 198 202 204 200 196 194 190 198 196 190 188 188 186 187 186 186 186 183 178 175 178 182 189 188 182 177 126 77 50 38 36 24 25 28 43 65 109 134 118 144 161 125 140 185 199 198 204 208 213 207 202 188 173 158 143 115 94 80 70 84 98 83 89 80 65 67 73 77 63 52 46 64 84 90 97 103 112 115 100 87 82 85 89 99 110 111 106 101
190 196 201 204 203 197 193 192 190 200 201 192 187 189 193 198 193 190 189 186 180 177 179 184 186 188 179 166 112 66 50 38 28 21 23 29 16 8 66 126 114 128 136 113 146 192 202 201 203 210 210 201 195 174 152 139 118 94 74 58 58 74 80 74 75 68 74 94 105 98 70 41 48 49 69 84 85 93 114 123 118 107 103 100 93 96 107 111 108 107
196 196 199 200 199 195 191 190 194 200 197 187 183 186 195 202 201 193 185 182 181 182 183 185 183 185 180 165 109 61 47 34 23 28 26 29 21 11 39 106 109 109 109 109 154 190 200 201 205 204 201 191 180 157 134 117 90 68 56 48 56 70 61 49 62 89 100 90 82 68 54 48 79 84 84 87 98 111 120 127 123 119 119 112 97 97 110 117 114 116
196 198 202 200 194 191 193 199 194 197 192 185 185 190 193 192 195 194 190 186 185 183 183 187 184 182 181 169 117 59 39 29 28 21 23 22 18 19 30 96 107 86 84 108 166 198 207 208 206 195 191 182 167 145 125 101 76 55 43 47 60 52 39 54 114 137 106 56 49 36 38 72 107 119 112 107 113 122 122 129 133 128 124 117 111 114 120 120 117 119
194 199 211 210 201 194 192 198 197 198 194 188 193 201 197 186 189 197 197 192 189 183 181 188 190 180 174 161 118 58 32 31 28 23 22 20 23 17 33 102 105 71 77 115 176 205 205 203 198 193 189 174 156 130 104 77 57 45 36 51 72 61 67 122 155 137 87 40 34 25 50 103 134 145 146 144 135 136 134 139 148 146 139 132 132 135 131 121 126 127
208 205 211 211 206 199 191 190 199 201 194 186 193 206 203 188 195 200 194 188 191 187 181 185 184 176 170 157 123 61 25 24 27 24 19 19 26 18 51 98 87 56 81 124 179 204 197 195 197 200 187 159 138 107 76 57 55 55 60 79 96 94 112 161 163 131 73 33 33 22 57 125 152 166 166 163 157 159 149 145 148 158 159 151 149 149 143 136 139 137
215 213 206 202 206 202 192 186 192 188 175 182 195 201 198 199 200 198 195 196 192 192 192 173 168 166 169 157 122 66 24 26 27 24 19 27 31 37 68 93 66 61 102 138 183 214 202 190 196 196 177 153 118 87 76 80 86 89 101 113 124 140 159 172 172 145 109 100 82 20 68 156 162 176 184 169 166 169 168 162 152 151 160 163 162 158 151 156 156 141
212 209 203 199 201 201 196 189 188 174 162 179 196 196 191 196 194 199 201 205 201 190 182 168 153 149 161 159 125 66 24 25 28 27 21 30 42 50 67 75 59 77 115 149 190 209 204 203 203 196 173 131 93 86 97 113 121 136 141 145 159 172 180 181 179 157 146 166 113 15 46 159 175 167 178 174 175 178 176 162 151 163 161 164 167 165 166 163 161 154
206 202 198 193 189 190 188 181 182 177 168 178 187 186 182 185 185 191 196 202 197 190 185 172 158 153 157 154 123 68 26 25 29 31 25 28 33 38 55 68 76 91 115 164 212 208 198 204 204 199 165 106 88 112 130 140 147 166 166 157 167 181 182 182 184 161 151 173 104 12 18 115 197 176 171 167 172 177 174 158 162 164 160 167 172 170 172 168 173 173
200 193 186 184 186 190 184 172 172 176 171 174 177 178 176 178 184 184 189 191 182 185 186 165 158 158 156 148 127 83 39 28 30 33 28 27 23 25 53 87 88 102 140 190 211 195 199 208 208 196 145 103 129 162 166 162 155 154 176 182 174 180 184 183 186 177 172 173 93 19 1 54 182 187 166 156 158 167 168 167 166 154 159 152 144 148 141 140 147 144
200 195 187 185 188 190 183 175 177 175 169 177 180 179 176 179 178 177 183 184 176 177 174 153 151 150 148 141 124 93 55 33 35 35 31 28 24 27 58 95 95 119 178 211 206 202 207 192 203 187 147 144 182 186 182 184 157 117 135 180 178 175 188 182 183 179 184 169 82 17 4 40 151 195 172 165 156 161 164 175 167 163 170 137 122 134 125 126 118 106
200 196 189 185 186 185 179 174 176 178 171 174 173 173 172 173 168 170 175 178 175 168 160 152 152 144 146 145 126 100 71 44 36 37 35 28 25 38 70 101 132 163 201 204 201 198 191 181 187 176 161 174 196 183 192 198 170 106 65 120 172 176 182 177 175 173 186 161 72 23 29 60 136 190 176 175 160 158 154 157 164 162 157 136 138 151 143 144 134 118
195 188 185 184 182 179 175 169 172 177 172 172 169 172 173 173 169 169 171 171 168 160 152 150 141 134 136 141 129 105 75 47 33 38 40 33 34 61 102 130 157 182 194 188 197 191 180 182 179 166 163 171 183 180 201 206 192 131 35 39 121 161 171 179 177 185 197 158 57 22 41 66 111 166 174 171 160 154 146 140 145 145 147 145 147 147 143 143 124 115
184 190 200 195 172 160 166 172 176 167 159 170 173 169 167 171 171 169 169 166 160 158 152 146 144 139 131 130 129 110 78 55 38 40 43 40 47 82 127 153 171 181 186 180 181 180 182 175 174 163 175 179 178 168 190 203 196 154 58 5 64 139 164 178 181 191 199 158 49 17 31 44 82 149 184 172 162 153 148 144 126 121 135 149 158 168 157 136 113 112
182 181 204 198 166 158 165 171 168 163 161 169 171 168 167 166 168 166 163 160 165 154 145 143 142 141 133 131 129 115 90 67 52 39 55 61 61 89 128 159 178 186 188 183 179 176 175 176 176 173 181 183 173 172 178 179 178 162 76 6 31 98 143 165 177 194 198 147 43 20 44 82 127 163 189 188 171 157 149 138 123 119 135 147 163 171 175 161 134 112
179 178 176 171 165 161 159 162 161 160 157 163 172 173 170 167 163 162 163 157 154 144 142 140 139 138 135 130 123 109 90 78 66 58 80 102 110 129 155 178 183 185 182 179 180 178 174 175 177 177 175 173 171 165 164 169 171 158 87 13 22 73 113 146 178 197 198 143 40 18 61 131 178 173 177 192 188 164 143 128 120 115 119 120 146 165 165 161 144 128
173 170 162 160 159 156 156 152 152 156 152 154 165 168 165 161 156 154 161 156 146 139 141 136 130 128 131 126 118 107 93 92 89 102 136 168 181 187 190 185 177 176 172 170 172 170 168 171 174 169 161 169 188 188 170 156 153 138 89 24 14 50 91 135 170 197 196 137 44 15 35 91 150 157 156 177 200 178 138 115 123 102 93 92 116 146 156 143 132 130
162 161 160 160 158 156 156 155 155 159 154 152 157 160 162 161 157 150 154 152 145 139 140 133 124 117 123 122 118 113 102 105 121 141 170 198 207 204 201 191 181 183 182 179 174 170 170 171 166 169 178 194 211 215 194 168 156 131 97 48 17 29 68 107 138 164 170 124 45 14 37 104 156 169 149 148 177 174 136 104 96 86 62 62 83 105 126 121 111 116
163 160 158 156 162 160 149 153 157 156 152 151 152 156 163 166 161 150 150 149 148 142 142 137 131 119 121 120 119 118 112 117 131 147 174 211 220 204 201 205 203 206 210 208 200 196 192 186 177 190 210 222 220 211 192 171 162 137 105 69 31 22 51 83 104 136 157 117 45 27 72 157 218 209 173 158 169 166 132 83 67 66 51 52 54 65 92 103 118 124
164 158 163 161 161 159 144 143 145 144 145 150 153 156 162 163 154 150 154 157 161 155 151 147 143 130 126 120 115 114 114 119 126 140 162 195 208 191 183 189 193 196 205 214 219 221 217 209 205 217 227 229 219 196 171 158 146 137 111 86 58 31 34 55 72 112 148 114 47 32 75 148 202 207 181 161 156 147 123 84 56 48 52 56 48 58 77 97 126 129
150 151 160 160 155 154 148 141 142 145 145 151 156 157 158 157 149 152 162 167 170 166 161 152 145 137 130 122 111 105 105 106 100 110 123 151 175 171 158 158 165 165 168 178 187 187 184 185 190 202 203 193 181 165 150 145 132 129 103 76 61 41 30 43 54 88 134 117 58 32 61 127 189 205 179 153 146 138 117 82 40 43 43 48 55 58 61 96 123 116
141 153 150 146 150 149 144 140 149 154 149 147 151 151 152 154 153 157 167 167 168 167 163 149 139 135 129 122 109 98 95 89 77 72 76 108 145 145 132 137 138 137 132 135 141 135 134 147 157 167 162 144 138 143 146 144 134 123 94 57 49 44 29 35 48 81 128 113 61 30 32 72 125 155 160 156 147 135 116 76 36 44 42 48 46 42 48 81 111 100
124 140 145 137 138 146 150 152 159 145 137 142 148 148 146 148 156 159 168 160 164 167 162 161 155 144 131 119 105 90 79 72 62 60 66 88 112 120 120 122 121 115 109 110 114 114 113 116 131 137 133 130 133 134 135 136 125 105 72 53 53 41 27 35 43 82 115 94 52 33 29 54 107 157 159 160 159 145 125 73 34 36 43 44 39 37 42 55 94 118
116 131 143 145 146 151 154 153 147 137 134 141 143 141 147 159 166 156 154 162 171 171 173 162 151 138 120 105 92 81 69 61 58 59 61 70 80 84 87 93 91 89 86 84 86 89 90 90 105 115 122 125 123 122 122 116 105 79 56 53 58 47 32 33 44 73 93 75 44 35 46 85 148 181 167 161 169 155 118 67 35 36 39 38 38 36 34 38 78 112
112 126 142 147 144 146 146 141 142 132 129 135 141 143 148 157 158 157 158 160 163 163 164 145 128 122 112 100 86 70 57 48 45 49 51 51 50 49 52 59 59 60 61 60 60 61 62 62 72 86 102 107 101 100 102 93 85 61 54 58 51 35 24 25 33 58 71 61 38 29 49 92 140 155 140 145 168 149 95 47 34 37 37 34 36 34 29 32 73 92
109 123 137 139 135 135 133 129 138 130 125 129 139 147 150 150 147 155 166 159 157 154 143 127 122 112 102 91 75 57 45 40 36 43 47 44 41 37 35 37 44 46 50 55 58 54 53 56 58 65 76 83 83 85 85 73 62 48 51 54 41 30 27 29 26 45 54 54 40 39 68 109 132 126 116 140 158 125 73 35 30 37 40 39 42 39 37 48 79 75
111 123 133 136 132 125 122 126 129 127 125 127 134 144 152 155 151 150 159 162 164 156 145 130 121 102 86 79 69 52 39 34 29 38 43 43 43 42 39 38 42 46 49 56 62 60 58 65 57 57 57 66 77 82 80 70 59 50 49 45 38 35 31 28 31 40 44 48 38 43 70 98 110 95 103 150 152 103 68 43 40 40 37 34 37 37 42 60 109 107
112 119 129 137 136 123 119 128 132 127 124 127 133 139 149 158 156 150 148 152 147 141 144 119 108 93 82 78 67 47 35 32 32 40 41 38 36 35 35 37 42 49 53 54 57 57 57 61 57 57 52 57 64 65 66 69 61 55 48 40 39 41 35 30 32 36 41 46 35 36 46 56 64 54 86 145 134 84 64 47 41 37 35 37 42 40 41 54 103 109
100 107 120 133 134 125 121 125 131 125 122 124 129 134 142 150 150 148 145 142 132 131 142 118 100 92 85 75 57 38 30 31 30 36 35 29 26 27 32 37 42 50 62 65 59 57 58 58 60 58 54 62 69 62 59 63 65 55 45 38 39 40 34 33 31 34 39 44 37 40 49 61 79 71 100 133 108 68 53 41 40 35 35 38 44 49 54 66 77 72
92 102 117 125 125 123 118 112 118 120 120 120 120 126 135 143 150 141 140 136 128 119 120 110 91 86 79 69 53 37 29 26 32 35 33 26 23 24 29 35 43 51 74 86 74 66 68 67 62 54 55 81 103 98 83 74 69 50 35 33 40 41 33 32 34 36 40 41 36 43 58 82 75 70 95 107 84 62 53 45 42 38 38 35 37 46 58 72 68 50
95 101 112 121 125 120 110 109 115 117 120 119 122 123 130 135 142 134 129 129 126 118 108 100 90 86 81 76 54 37 28 24 31 31 29 23 21 23 30 43 55 63 79 99 97 87 87 85 80 63 49 66 100 110 94 81 66 50 32 31 38 39 36 34 35 36 46 46 38 39 42 43 32 47 77 82 66 59 56 55 47 44 41 39 40 45 53 60 62 60
95 103 113 117 122 123 118 116 114 116 118 117 123 127 133 134 136 128 123 123 120 113 104 97 97 92 84 75 52 37 29 27 28 29 25 22 25 21 29 58 67 68 79 100 108 104 106 109 103 72 45 51 81 98 91 78 69 52 37 37 42 40 36 34 36 40 46 46 34 31 34 24 20 42 68 69 60 61 57 47 45 45 46 47 48 51 55 58 60 63
102 107 111 111 113 116 114 115 116 111 108 106 117 122 124 119 123 119 117 116 113 107 100 96 101 94 83 71 47 35 28 28 28 26 21 20 25 24 36 69 78 73 85 106 118 119 117 123 119 97 72 59 61 71 74 70 61 47 37 39 43 41 40 42 39 45 47 48 37 38 52 44 25 44 60 59 61 68 57 39 41 46 52 56 59 62 62 61 58 61
99 101 108 110 110 105 100 103 111 108 106 105 113 113 113 109 111 110 110 109 107 102 98 97 97 90 80 66 43 32 26 28 27 20 21 23 27 38 58 79 73 68 85 105 117 123 124 129 123 119 104 83 71 69 63 51 39 34 36 42 43 40 38 38 42 46 48 50 42 38 43 33 25 41 55 60 63 61 50 40 41 47 54 58 61 64 64 62 57 57
91 93 99 101 102 100 98 102 101 97 99 104 114 112 107 101 104 103 101 99 99 98 96 96 92 86 77 62 41 32 24 26 28 19 21 23 24 38 58 72 70 63 78 94 106 121 128 131 125 133 127 108 100 97 80 58 42 37 41 42 41 42 39 36 39 44 53 52 40 25 18 18 31 43 53 60 60 50 39 36 47 50 52 52 53 56 58 57 58 56
81 87 95 96 99 101 98 98 92 92 96 97 103 99 99 98 99 96 89 87 91 92 91 91 90 85 76 59 39 32 23 25 29 22 21 20 19 22 36 56 68 61 69 84 99 119 131 134 137 150 146 127 118 115 100 81 63 48 44 40 38 44 44 42 42 42 48 49 42 27 17 25 31 46 54 53 47 40 44 53 51 50 48 46 48 52 55 56 57 57
81 85 89 88 91 95 94 95 96 94 93 88 93 93 92 88 88 87 82 79 83 85 85 87 89 83 72 54 35 31 21 24 27 23 20 20 20 18 28 53 61 58 58 75 97 116 133 142 141 146 143 132 128 129 119 102 73 51 46 42 39 42 41 40 41 44 48 50 38 20 18 27 38 47 45 41 40 42 50 54 50 46 43 43 47 52 55 55 54 53
79 79 83 86 90 89 87 90 92 94 94 86 88 89 87 78 76 81 80 77 78 79 81 85 88 80 68 48 30 28 20 24 27 23 20 19 19 19 28 49 62 61 53 67 92 108 128 145 146 146 147 142 135 134 126 110 83 58 51 46 39 38 38 43 42 45 44 48 35 19 26 32 38 44 40 40 45 50 56 53 49 43 39 41 47 50 50 48 49 46
78 77 79 84 88 87 86 86 86 87 87 85 87 88 84 76 74 73 73 73 74 76 78 80 81 80 75 54 31 22 22 26 29 22 19 22 23 19 26 46 63 57 53 66 80 104 128 147 151 158 153 146 143 138 130 119 91 68 60 59 42 32 36 38 41 36 39 33 24 22 26 35 32 36 40 43 50 56 53 46 42 43 45 44 43 48 55 54 50 51
73 74 77 81 83 83 82 82 81 84 84 82 81 83 81 76 73 71 69 69 71 74 76 77 79 81 77 58 39 28 23 26 33 25 22 22 24 24 30 50 57 51 50 59 73 100 126 153 157 160 153 144 141 139 136 130 109 83 71 66 47 35 39 42 38 28 27 24 19 21 23 25 30 38 43 44 49 54 54 51 51 49 50 51 50 54 57 54 50 51
73 74 75 76 77 79 82 84 79 82 83 80 76 78 79 79 75 72 68 67 69 72 74 75 78 80 74 56 41 30 24 27 31 26 21 24 42 45 37 51 57 50 51 55 66 96 122 151 161 160 149 140 138 138 138 133 119 93 68 59 58 53 47 44 41 32 28 23 18 19 22 28 36 44 49 48 52 61 67 67 63 58 54 53 52 52 50 46 48 49
68 71 73 74 75 79 82 84 77 80 82 79 74 74 76 77 75 72 68 67 67 69 71 73 76 75 70 55 40 32 26 26 34 31 22 26 61 66 43 52 56 48 52 53 64 101 125 147 159 156 144 137 136 134 130 124 110 93 60 46 61 67 53 43 51 40 30 29 30 26 25 33 31 43 52 56 62 69 70 68 65 59 54 53 51 50 50 48 49 50
59 63 68 72 74 75 75 73 72 75 77 75 70 68 69 69 69 67 66 65 64 64 67 70 73 71 71 59 42 34 29 24 29 36 31 24 40 43 36 55 55 49 56 54 62 106 131 142 153 153 144 137 134 129 123 115 100 88 61 45 53 60 52 44 43 41 49 60 55 40 35 39 39 48 55 60 67 70 67 60 58 54 52 51 49 48 49 51 50 51
56 59 63 66 68 68 67 65 68 68 70 69 67 64 62 61 61 62 63 63 61 61 65 69 72 68 69 58 40 33 30 24 34 38 35 25 22 26 35 53 56 54 60 58 66 111 136 142 147 151 145 137 131 124 119 113 100 80 61 49 45 49 51 45 35 42 67 86 71 54 55 56 62 64 64 64 67 68 62 56 49 50 50 50 49 47 48 50 50 51
59 58 59 61 62 62 62 64 64 63 64 65 64 61 59 57 57 58 60 61 60 60 63 67 70 67 67 54 37 31 28 26 30 39 37 30 20 18 31 44 52 53 55 60 76 117 140 143 141 146 140 131 124 119 115 108 98 76 58 49 43 45 48 44 46 51 66 82 78 70 73 69 70 70 68 66 64 58 52 48 47 49 51 51 52 52 52 54 51 52
57 57 58 61 60 59 59 62 61 59 59 61 61 59 57 55 56 56 58 58 57 57 60 64 66 68 68 56 41 32 26 25 32 47 41 35 29 19 26 38 50 53 50 59 83 118 133 135 138 141 133 123 119 116 110 101 90 78 60 46 40 39 40 41 50 64 74 86 92 85 78 73 71 69 64 59 53 48 46 47 51 52 51 49 49 49 48 49 49 50
55 56 57 58 58 57 58 60 59 58 56 56 56 56 56 55 56 56 56 56 54 55 58 61 57 59 62 57 45 35 28 24 29 44 50 44 37 29 27 33 45 52 54 55 83 113 120 128 128 126 122 115 108 108 105 96 85 73 61 51 43 41 43 45 52 62 75 83 81 73 64 60 56 54 52 50 49 49 51 53 49 50 50 46 41 42 46 48 48 48
53 54 55 56 57 57 57 59 59 57 55 54 55 56 57 58 56 55 53 53 53 53 54 55 56 56 58 56 49 41 33 26 29 44 52 53 51 44 38 38 46 51 53 54 76 101 105 109 117 119 114 106 102 99 93 86 82 71 61 53 46 42 43 44 47 51 57 61 62 58 55 54 51 50 48 49 49 48 46 45 44 43 44 45 46 49 50 49 48 48
51 51 51 52 53 52 51 52 54 54 55 56 57 57 56 55 58 55 53 54 55 55 54 54 53 52 53 54 51 46 37 27 26 41 52 57 60 56 47 42 44 48 53 53 68 83 80 77 100 108 106 101 101 94 84 80 75 67 60 54 48 44 43 42 46 45 45 46 49 51 52 53 53 52 50 48 46 43 41 40 43 41 41 44 48 51 51 49 47 47
53 53 52 52 53 53 53 53 52 54 55 56 57 56 54 52 54 53 53 53 54 54 54 54 53 52 52 53 52 49 40 31 28 41 50 53 58 57 51 45 44 47 53 56 67 79 77 72 92 97 92 85 86 82 77 77 68 63 58 54 48 44 43 41 43 42 41 42 45 48 49 49 45 44 43 40 37 36 38 41 43 41 41 43 46 47 48 50 48 48
52 53 52 53 55 57 57 58 57 56 55 54 54 54 54 53 55 56 57 57 56 56 57 58 56 56 56 56 54 52 48 41 39 46 49 50 55 57 52 47 51 50 52 55 64 77 82 81 88 87 83 78 74 71 69 67 64 60 56 53 48 45 45 43 42 42 43 45 45 45 44 43 40 40 39 38 36 36 39 43 43 45 47 50 52 52 52 53 50 50
54 54 54 54 55 56 56 56 58 58 57 55 55 55 55 54 53 55 57 56 54 54 55 56 57 58 58 57 54 54 54 51 50 51 50 50 55 58 53 47 52 52 52 53 59 69 76 78 79 77 78 78 73 70 67 61 62 59 57 53 49 48 47 46 44 45 47 46 45 43 40 38 37 37 37 38 39 39 40 41 45 50 53 55 58 56 51 50 50 50
55 56 56 56 57 58 56 56 56 57 58 57 57 58 57 56 56 57 58 57 57 57 58 58 57 57 57 55 53 55 57 56 56 55 53 54 57 58 54 49 49 52 52 54 60 65 71 75 74 68 67 68 65 66 66 62 61 59 58 55 51 50 50 48 44 45 45 43 41 40 38 37 38 38 39 41 44 47 49 51 56 61 62 60 61 59 55 54 52 53
48 51 53 55 57 58 57 56 56 57 56 55 56 58 60 60 57 57 57 57 58 60 59 58 59 58 57 54 53 56 59 58 58 58 58 58 58 58 56 54 53 57 54 54 56 58 63 70 71 66 64 64 63 63 63 59 60 59 59 56 53 52 51 48 45 45 44 41 40 40 40 39 41 41 40 40 40 44 49 54 54 60 58 52 51 52 53 55 57 57
44 46 44 44 50 56 57 57 57 56 55 54 54 55 57 58 54 53 53 55 54 53 55 57 58 60 59 59 60 58 56 58 60 58 58 61 62 60 59 59 57 55 54 56 59 59 60 64 65 61 64 63 61 63 62 58 63 61 56 52 54 53 48 52 50 46 44 46 43 42 47 45 44 43 40 38 40 45 48 49 47 43 45 37 43 52 55 60 62 60
35 37 37 39 44 48 49 49 52 54 55 55 54 54 55 56 53 51 50 50 50 50 49 49 49 51 51 52 55 55 52 50 51 54 57 59 58 57 59 63 59 59 58 57 58 58 58 60 60 61 65 64 59 58 60 61 58 61 60 57 53 53 54 47 52 49 52 51 47 52 52 40 36 36 54 91 116 117 111 113 113 108 108 105 106 112 68 40 37 38
34 33 33 35 37 41 44 44 44 47 50 51 50 49 50 52 54 52 49 48 48 49 47 43 40 41 40 38 40 41 38 35 36 38 41 45 48 52 56 58 58 58 57 54 54 55 56 58 59 58 59 61 60 59 59 59 58 63 63 62 59 60 64 55 56 55 55 50 47 39 31 39 47 96 155 190 203 203 199 195 202 200 194 194 201 203 90 0 11 15
35 31 32 34 32 33 36 35 38 39 42 43 43 43 46 49 50 47 43 41 41 42 41 38 35 35 34 34 36 36 34 32 31 32 33 34 37 42 46 49 52 53 55 56 54 54 55 58 57 56 55 59 62 62 62 61 61 59 57 59 60 57 53 52 45 43 43 38 46 58 80 122 163 185 199 194 183 178 177 175 181 181 174 179 186 189 90 4 8 14
29 27 31 35 33 32 33 32 35 35 36 37 38 39 42 44 42 39 37 34 34 35 36 34 35 33 35 37 38 35 33 31 30 31 31 29 27 28 33 37 42 43 47 50 48 44 44 46 43 45 46 48 47 50 60 62 57 47 45 44 45 41 35 45 52 63 89 103 124 159 179 188 196 186 176 172 172 172 172 173 170 173 171 171 175 185 120 16 9 19
31 29 29 31 30 29 29 29 33 32 32 34 34 34 35 36 37 35 34 34 33 33 35 36 38 35 34 34 33 32 31 30 29 28 29 32 35 37 38 39 36 34 36 38 35 32 32 33 33 33 29 28 28 41 59 57 57 74 89 92 99 109 118 132 135 154 181 186 186 194 187 174 173 176 177 177 176 174 172 171 167 173 177 170 174 197 157 20 6 19
31 31 30 30 31 31 30 31 30 30 30 32 33 32 31 32 31 30 32 34 34 32 33 34 36 35 34 32 32 37 38 34 34 34 40 48 53 50 46 43 45 45 47 49 48 49 46 39 31 33 34 36 35 50 63 48 50 136 178 179 187 191 191 190 176 183 185 182 180 176 172 173 172 172 171 172 172 171 170 170 175 170 169 169 169 188 165 44 7 22
0 6 12 19 28 31 30 30 31 30 31 33 33 32 33 35 29 28 31 36 36 33 32 33 33 36 37 35 35 41 38 28 32 40 52 57 49 36 30 31 34 40 49 54 57 59 50 34 22 37 53 61 54 59 64 39 44 178 212 187 188 183 179 173 168 167 168 170 166 167 173 171 168 171 170 165 165 169 171 170 170 171 169 167 165 181 169 77 4 18
67 42 24 10 9 8 10 8 13 14 17 18 23 21 24 27 25 24 25 28 28 26 25 25 21 28 32 39 34 31 30 33 40 50 53 52 37 20 23 27 31 30 32 34 36 36 31 29 26 41 58 60 58 66 54 42 97 192 185 169 171 175 172 172 172 171 172 172 168 173 170 169 168 172 169 166 167 168 169 164 157 161 174 170 164 172 176 156 63 16
178 151 127 102 86 72 63 56 42 32 22 14 16 11 10 9 10 8 7 9 9 8 9 11 22 32 31 30 25 27 32 37 47 52 52 52 42 28 27 28 27 26 27 24 24 27 29 35 43 51 55 66 75 57 39 70 165 201 172 173 179 173 169 169 173 172 172 171 168 173 169 168 167 171 167 164 164 165 164 159 163 162 168 163 158 162 176 177 146 62
