198 199 208 200 200 198 196 201 206 185 185 197 203 193 199 197 195 194 194 191 191 191 188 194 188 190 193 193 187 199 192 192 192 191 195 193 193 192 193 191 186 192 191 190 188 190 194 190 191 190 190 190 191 191 190 190 189 190 189 187 187 187 187 190 187 186 187 188 187 185 185 187 188 189 189 189 188 188 189 191 188 188 188 189 189 189 188 188 190 190
177 164 159 128 128 131 130 136 137 141 157 153 160 163 168 184 187 189 186 197 198 199 210 196 199 194 191 190 194 193 193 194 193 193 193 193 188 196 195 190 198 191 188 193 194 189 188 190 189 191 193 192 190 188 189 191 191 190 187 187 190 191 189 187 188 187 187 188 188 186 186 188 189 188 188 188 189 189 189 188 190 189 187 187 187 187 188 189 188 187
95 91 55 77 66 46 68 82 80 63 37 35 39 40 57 43 48 59 65 84 92 112 155 158 170 207 215 216 200 188 197 195 203 195 194 199 196 191 194 192 190 191 195 193 192 193 192 194 193 191 190 189 189 190 191 191 190 191 190 188 188 189 189 189 189 188 187 187 187 187 187 188 189 188 188 188 189 189 188 187 190 189 187 186 186 187 188 189 187 187
136 102 64 72 60 59 79 62 36 42 66 48 29 38 33 30 33 33 30 24 14 10 14 15 25 54 118 144 194 209 194 186 193 201 201 191 192 195 197 201 198 195 196 195 196 195 192 195 193 191 191 191 192 194 194 192 193 193 192 189 187 188 190 190 189 188 187 186 187 187 188 188 187 188 189 189 188 187 188 189 189 188 188 188 188 188 187 187 187 187
91 79 77 63 43 41 36 49 79 68 52 29 29 47 49 62 52 42 38 33 33 31 20 22 26 24 12 22 63 137 200 205 167 145 170 192 199 201 197 190 192 195 195 191 192 195 192 191 191 192 195 195 192 193 195 194 195 192 190 189 189 191 191 189 189 188 187 186 186 187 188 188 187 188 189 189 188 188 189 190 189 189 189 189 189 189 188 187 186 186
128 98 59 43 35 33 23 52 46 16 39 67 74 87 66 42 37 27 27 30 27 22 19 19 20 29 20 12 10 22 134 235 233 167 75 104 149 178 198 209 211 218 209 194 190 194 197 194 196 193 193 191 189 190 191 188 189 189 191 192 188 186 188 190 189 189 188 187 187 188 189 189 189 188 187 188 189 189 189 189 190 189 189 189 189 188 188 188 187 187
127 88 76 44 36 36 31 30 48 67 78 58 34 33 22 32 32 24 24 32 29 25 25 19 15 13 27 16 19 16 27 162 247 241 185 92 119 155 173 192 217 219 216 231 237 224 218 214 217 218 222 222 216 212 207 199 191 189 191 193 188 185 188 191 188 189 189 187 186 188 189 189 189 188 188 188 189 190 189 188 190 189 189 188 188 188 188 188 188 189
70 44 44 42 43 34 35 63 57 72 44 28 41 54 40 34 35 26 23 22 23 28 33 35 41 45 37 43 46 47 37 29 74 174 231 213 182 128 57 80 138 140 135 156 174 175 190 198 181 184 187 183 178 192 216 232 206 193 188 192 195 194 192 189 187 188 188 186 186 187 188 188 187 189 190 190 189 188 188 189 188 188 189 189 189 188 188 187 188 189
84 65 62 52 39 54 97 70 63 76 46 67 104 73 61 49 36 38 32 40 39 52 72 68 91 97 88 100 99 91 72 32 15 63 113 137 122 144 142 150 158 167 165 153 161 170 181 175 165 164 160 127 119 147 129 146 145 142 143 151 172 178 171 185 193 195 191 197 191 183 184 187 188 187 189 189 186 190 187 190 189 190 186 191 186 189 188 187 188 188
71 56 87 63 55 92 101 96 86 71 83 138 137 111 114 92 70 75 77 72 79 103 127 157 172 184 186 192 191 192 188 175 139 87 60 63 50 142 228 200 195 195 187 197 193 186 180 183 181 185 190 176 166 174 142 105 115 119 118 113 123 120 152 144 164 166 151 173 186 202 197 186 185 186 188 194 187 186 191 187 188 189 192 188 188 184 191 185 188 188
94 99 73 65 86 99 121 145 137 127 133 163 166 163 143 119 130 126 136 134 141 168 182 196 198 201 196 193 196 205 206 212 210 216 143 104 166 145 199 208 206 199 202 198 184 190 187 187 178 182 178 165 183 178 183 163 157 155 127 116 129 142 115 109 116 107 126 127 128 148 171 192 197 198 186 189 188 189 190 185 187 189 188 184 189 185 189 190 188 188
111 85 74 73 84 138 175 171 178 165 176 166 157 163 148 169 171 177 173 167 180 192 197 192 195 198 200 200 192 193 190 191 207 211 218 173 137 90 138 144 153 180 182 201 223 209 194 201 194 197 191 192 183 178 185 183 165 171 157 142 143 117 128 121 113 106 99 101 82 65 75 104 148 168 186 189 191 192 186 190 186 190 185 191 189 189 186 189 190 190
95 91 92 90 97 133 155 159 179 180 179 177 176 179 198 193 184 190 184 182 195 203 211 197 199 198 195 200 198 195 180 164 191 205 216 137 100 149 162 156 162 159 132 118 115 211 222 202 204 200 203 201 195 198 195 190 188 187 189 171 156 163 156 136 126 107 117 124 92 102 115 66 52 58 122 141 185 197 192 186 198 188 185 195 185 187 190 185 188 189
113 98 87 71 92 143 175 197 205 187 200 203 204 202 202 196 194 191 198 196 195 192 198 187 191 192 188 179 160 157 155 145 166 200 107 138 143 156 190 207 208 213 202 206 162 98 189 224 208 194 204 196 210 203 197 191 186 181 187 184 185 181 167 157 133 108 121 139 150 144 148 129 111 61 60 49 72 164 196 190 176 190 190 182 190 186 188 191 187 187
111 97 95 72 90 157 212 220 220 201 215 221 208 203 207 209 209 205 205 195 206 197 190 190 187 197 163 127 136 149 145 171 167 124 161 225 187 130 144 162 183 201 200 210 216 197 130 180 218 210 205 210 204 202 198 196 191 191 197 194 188 177 182 173 155 159 142 131 126 133 129 93 94 85 105 85 56 40 87 167 211 195 186 183 189 186 190 185 190 190
152 103 71 73 128 159 190 226 213 221 221 224 221 221 214 218 207 207 210 199 205 200 204 203 201 194 172 129 119 147 158 177 151 145 192 192 193 152 132 145 162 174 199 206 204 216 211 105 192 223 207 209 214 212 201 204 197 199 195 193 193 194 197 182 172 157 149 132 127 97 90 113 113 100 92 110 83 68 45 42 113 184 209 196 186 190 186 187 188 189
173 157 139 112 128 142 147 216 229 225 229 226 218 219 221 217 215 217 212 216 213 206 211 210 212 199 178 100 82 154 166 181 132 177 160 166 180 168 158 159 166 175 185 200 210 208 222 186 81 214 219 219 212 210 208 209 200 204 206 191 189 196 187 182 174 160 144 125 134 143 103 151 133 116 110 127 86 102 101 53 16 49 125 197 187 183 183 191 188 186
136 131 128 133 152 171 152 184 222 224 228 225 220 222 223 219 224 221 216 220 220 214 213 209 211 192 143 121 95 136 167 173 137 175 153 138 135 152 168 163 169 184 190 187 202 208 210 225 170 137 222 206 212 202 211 203 207 200 195 190 192 194 191 196 190 167 159 141 164 176 117 146 142 129 139 109 98 103 84 84 74 42 23 70 168 193 187 190 189 191
135 133 146 153 169 170 168 195 218 221 222 221 223 225 224 221 219 222 220 217 221 226 221 211 215 211 123 93 101 117 173 166 148 162 117 81 70 132 188 171 166 167 193 202 203 217 209 213 227 136 193 213 203 209 206 203 192 194 194 194 197 194 185 179 173 175 170 160 142 135 142 146 131 106 119 99 107 92 74 87 89 70 54 17 55 148 213 197 192 193
115 144 160 152 138 155 177 207 224 226 222 221 226 225 220 218 220 217 219 221 223 221 216 218 211 193 138 117 92 97 185 153 152 152 77 32 33 148 212 189 160 167 189 200 206 218 215 207 211 181 155 231 201 206 199 200 191 195 194 193 192 190 186 175 170 182 175 175 178 146 136 142 121 115 123 112 112 116 105 83 76 78 85 48 12 46 145 193 186 190
156 183 159 138 152 164 162 186 211 225 225 225 229 228 226 224 220 219 221 222 224 222 219 224 203 176 148 117 82 66 165 135 169 115 37 23 65 159 191 194 164 172 178 189 216 220 223 217 205 195 127 230 200 199 199 196 201 194 193 196 190 185 183 173 174 170 173 160 161 154 152 152 148 153 152 126 100 99 90 91 90 95 88 41 50 23 26 133 157 158
134 155 164 162 172 175 183 194 197 223 230 227 226 226 227 224 218 224 223 218 222 227 226 222 194 174 142 98 78 58 149 121 169 83 37 39 73 160 190 196 178 168 171 190 221 217 223 218 203 205 128 203 190 181 189 198 200 191 189 187 182 183 182 173 169 166 163 163 161 157 180 176 173 168 150 128 119 107 95 90 97 78 85 59 54 50 20 51 110 174
137 141 148 177 186 190 184 193 200 219 223 223 224 224 228 225 227 226 219 224 228 223 221 221 218 194 124 95 58 64 132 135 152 66 39 39 129 166 202 200 198 172 147 177 219 215 218 217 205 220 140 164 192 179 191 195 191 189 191 184 180 184 180 176 168 166 164 166 166 170 181 168 163 172 158 154 132 96 95 91 133 66 58 63 65 73 39 53 29 88
117 134 143 152 172 194 205 212 222 224 216 220 225 222 225 224 225 228 220 226 231 225 225 224 222 183 109 95 53 73 119 115 150 56 26 114 194 195 203 190 197 171 136 179 213 209 219 215 204 211 126 131 163 177 191 193 196 191 194 190 183 171 161 171 167 169 174 179 160 148 158 153 158 169 160 166 133 97 106 127 91 102 89 72 92 79 54 52 35 29
122 132 138 153 179 207 213 224 224 226 223 221 222 223 224 221 226 226 221 226 227 228 226 223 215 188 128 115 81 56 91 111 147 40 17 88 116 187 217 170 190 155 132 182 210 209 216 204 206 205 121 135 138 163 191 199 194 189 194 187 187 163 155 173 172 186 178 178 178 164 164 151 159 149 157 161 135 122 147 147 101 115 110 114 94 72 58 78 53 46
104 131 146 154 176 211 230 223 223 224 219 217 220 223 225 224 226 226 223 231 232 232 228 226 220 202 138 89 74 33 75 107 139 32 39 51 19 53 179 204 187 149 133 175 209 209 207 208 201 206 120 142 140 153 198 183 190 201 190 187 173 143 161 177 175 190 191 192 173 169 165 159 131 152 207 139 120 148 139 129 122 140 151 143 105 104 66 79 50 66
98 113 157 158 172 189 214 224 228 230 223 219 221 223 225 224 230 229 227 234 233 231 227 224 214 219 171 92 101 35 54 99 117 29 68 107 9 32 140 197 174 133 135 175 207 212 207 198 195 203 122 126 137 158 192 194 183 185 181 171 156 174 177 186 180 192 186 194 145 160 141 106 125 154 135 117 147 149 148 151 135 144 125 163 128 89 85 83 81 51
82 108 147 146 166 181 198 218 228 233 229 225 224 224 225 225 228 230 227 233 233 234 232 230 220 219 182 94 99 39 44 93 97 29 26 20 5 19 146 158 141 132 134 169 212 212 203 194 183 198 117 113 119 159 189 178 180 165 156 161 157 177 186 180 173 161 162 124 106 133 79 96 106 97 117 133 162 151 155 142 147 130 122 154 126 92 116 135 114 64
85 116 130 140 144 167 205 216 217 228 228 225 223 221 224 228 229 233 230 233 233 238 237 233 211 210 183 108 74 30 42 85 77 35 19 22 27 33 146 155 114 128 123 165 210 204 201 192 176 187 116 118 103 146 171 170 160 158 147 153 164 170 193 178 157 145 120 116 157 97 81 84 91 98 118 130 129 114 146 134 128 140 140 151 128 121 148 143 94 115
96 127 132 130 153 150 180 211 211 225 227 224 221 218 223 229 229 234 231 233 232 236 235 230 219 227 178 101 49 20 36 74 69 19 17 32 85 73 135 136 108 115 111 174 211 201 198 180 173 178 117 119 92 138 153 157 133 148 149 166 186 198 184 178 169 152 175 176 131 121 103 51 58 77 138 148 128 144 140 111 124 138 144 169 146 138 147 145 115 166
107 114 123 115 143 157 181 201 213 227 228 224 221 218 221 227 227 230 228 233 232 234 233 232 220 226 159 68 37 33 38 63 56 36 21 32 45 67 132 111 107 111 119 191 215 199 185 178 172 171 109 108 79 133 152 124 100 143 159 191 208 200 166 150 158 166 159 120 108 83 32 25 32 81 116 120 147 164 168 171 185 185 173 180 168 172 169 165 161 166
103 102 103 120 120 164 197 202 213 226 227 224 224 221 222 227 233 232 228 234 232 231 230 232 212 216 172 68 36 44 39 47 50 28 30 45 51 67 122 107 108 107 144 215 202 189 183 186 175 158 107 91 75 125 133 148 157 174 194 208 211 154 152 167 162 156 145 167 143 55 5 22 49 121 164 184 192 202 194 197 200 196 198 183 180 184 176 180 188 166
114 125 126 132 103 144 188 201 214 219 230 221 224 219 221 229 230 233 234 233 234 232 228 225 215 214 181 103 48 34 43 36 43 39 25 17 30 56 107 102 99 117 192 219 202 193 179 177 187 125 127 60 71 120 153 168 192 198 204 205 193 189 169 141 161 182 184 171 123 53 1 18 112 195 206 201 213 217 206 199 202 194 198 190 198 196 167 176 171 163
119 106 110 118 101 106 157 199 220 223 223 217 224 225 223 226 230 233 234 231 231 233 231 227 217 209 199 132 68 45 39 33 38 44 19 30 20 67 111 103 112 172 213 198 201 189 182 183 121 133 111 46 95 156 174 196 209 218 216 195 191 186 163 166 152 159 150 139 114 70 7 15 110 195 214 216 213 209 207 205 211 201 190 194 205 184 185 184 177 172
104 93 96 120 109 105 138 187 216 232 228 223 225 227 224 227 226 230 232 230 227 231 230 222 219 189 169 167 111 70 38 35 38 56 32 22 20 64 124 107 157 212 214 202 195 190 196 131 126 138 66 63 147 180 194 209 226 220 220 198 169 142 160 129 136 167 163 164 154 70 3 15 104 195 216 213 214 212 196 200 200 195 186 189 199 205 200 192 188 180
66 64 75 84 106 114 123 168 198 227 223 219 217 221 218 223 225 225 228 228 225 227 226 217 208 209 141 116 87 84 67 49 33 54 51 39 69 97 134 151 205 212 202 199 194 200 140 122 153 51 97 208 228 223 209 181 210 235 221 182 134 132 129 145 170 165 149 134 122 53 63 91 118 190 199 210 212 206 203 198 187 199 189 201 201 194 186 188 193 186
96 56 54 58 71 104 118 155 193 221 216 214 218 225 221 223 226 221 222 223 221 222 222 217 204 207 162 132 118 80 52 41 28 36 65 62 98 142 174 194 181 195 210 201 193 128 99 105 91 163 226 229 219 217 199 157 133 224 223 175 141 136 141 146 143 125 145 145 115 61 105 161 142 169 182 204 210 215 217 201 185 195 202 195 175 182 201 181 194 189
92 77 61 73 56 77 116 143 186 213 216 213 218 221 214 215 216 214 218 224 222 219 215 209 202 190 184 138 94 74 51 41 41 30 42 68 123 147 124 51 33 111 177 134 121 114 122 182 217 229 222 214 220 212 189 117 76 123 194 163 161 164 145 145 166 158 158 153 101 69 112 156 119 171 185 194 217 209 202 187 190 193 190 188 175 176 184 194 207 200
70 77 57 63 79 55 89 144 172 200 217 212 217 214 208 210 216 215 215 214 213 213 213 213 207 194 190 156 110 111 88 60 46 48 30 11 47 33 41 38 29 45 65 123 142 150 227 230 213 206 211 211 199 191 153 48 51 42 133 154 177 145 162 149 116 140 153 152 68 29 73 109 62 181 207 185 206 200 208 179 172 199 184 171 142 154 177 202 195 188
92 93 85 55 75 76 74 132 161 185 208 204 215 214 210 213 213 218 220 217 215 214 211 210 206 201 174 158 144 108 83 64 57 45 102 69 161 114 92 81 77 90 124 146 165 219 233 212 209 210 210 199 190 174 108 17 27 43 121 151 141 130 136 131 144 150 132 104 62 64 109 161 90 149 220 196 196 197 199 192 203 197 185 154 148 175 177 203 192 184
77 96 100 92 69 86 80 128 152 178 200 210 215 212 209 212 209 215 220 216 210 211 209 201 199 188 164 153 127 96 74 70 61 56 129 88 179 157 124 129 155 175 193 209 221 215 207 210 212 216 215 198 179 164 97 8 36 98 144 146 143 140 146 154 151 160 163 135 65 95 134 173 86 120 220 212 188 189 190 203 203 172 130 136 141 150 156 176 179 185
72 88 106 92 85 77 97 123 145 177 200 210 214 209 205 206 219 216 212 214 217 210 204 208 198 185 174 163 124 107 71 60 73 72 113 132 189 133 136 213 240 233 222 217 216 207 202 207 222 234 236 199 174 161 118 17 43 136 158 145 148 146 137 87 88 117 125 109 66 65 113 169 80 119 221 212 171 174 181 184 177 128 123 142 103 106 132 156 173 178
74 92 100 95 90 85 112 121 137 174 195 203 209 206 204 209 210 210 218 220 214 214 214 206 198 200 180 166 137 103 99 67 74 106 87 179 186 185 225 232 221 221 220 217 212 206 209 218 221 234 230 214 183 170 172 78 41 127 171 148 143 127 111 134 140 118 111 84 68 51 109 166 72 113 200 211 185 171 171 160 150 134 122 86 97 131 151 141 156 165
60 109 81 87 91 87 112 121 143 180 196 200 206 205 206 212 208 214 219 223 225 224 223 225 220 214 200 179 160 143 120 96 86 85 72 182 135 178 221 226 223 219 215 209 205 207 212 211 214 231 220 207 197 186 162 128 72 106 162 152 123 123 129 133 116 95 95 88 73 100 146 190 84 93 194 208 183 158 147 146 128 115 98 100 121 131 145 139 136 141
95 96 75 86 94 87 106 130 141 178 191 195 204 206 208 211 215 217 219 224 231 232 229 228 222 214 195 185 186 157 134 89 84 70 55 171 147 165 204 209 212 205 204 205 207 212 210 202 210 215 214 205 189 179 152 119 88 95 141 143 104 81 82 88 87 97 101 88 75 122 161 181 56 104 204 199 184 147 128 117 117 148 126 117 110 82 110 120 139 155
89 76 78 77 77 84 106 122 152 184 192 196 205 207 211 211 219 217 224 228 226 229 229 221 221 214 189 194 171 152 113 75 64 49 49 166 156 153 188 201 196 187 185 188 187 191 201 207 208 211 204 197 189 160 147 114 95 80 118 122 122 124 90 73 79 100 138 127 84 135 139 144 41 121 212 187 182 137 112 143 166 141 122 124 81 99 117 138 143 139
49 63 60 74 83 81 108 114 148 177 185 192 203 208 214 211 221 222 222 226 230 225 223 231 220 211 203 189 171 141 106 78 60 41 34 138 133 130 165 189 182 173 172 178 181 184 191 197 199 196 198 184 181 159 144 136 133 102 104 112 123 121 102 87 76 109 163 148 69 54 147 158 37 143 207 196 179 134 135 154 155 162 136 119 113 114 137 142 130 128
47 39 73 73 70 80 108 116 141 170 182 193 204 208 212 206 211 215 221 224 227 234 232 220 217 211 204 178 171 121 83 50 44 48 29 111 136 112 126 139 160 153 153 160 169 176 179 179 189 191 195 188 165 160 158 143 143 120 105 106 105 96 103 105 109 131 169 118 77 100 209 164 35 160 203 192 167 130 151 178 159 129 115 99 122 104 121 140 135 114
35 35 55 64 56 71 99 121 129 161 176 195 199 207 204 201 208 218 221 222 228 229 224 223 221 211 193 171 137 92 63 45 56 50 20 122 154 118 101 76 90 122 137 132 139 162 167 175 181 186 194 173 148 155 141 105 137 146 99 72 96 85 99 139 111 113 170 96 110 136 192 155 47 161 176 166 156 132 126 150 163 136 129 99 88 100 122 116 116 109
36 33 47 29 71 80 73 103 122 148 175 188 189 197 203 208 212 213 220 224 221 222 223 220 215 206 187 162 126 82 58 42 57 45 21 65 65 89 74 85 85 87 111 127 133 127 154 162 160 173 178 162 148 156 65 110 153 141 92 63 73 105 92 87 121 108 124 98 146 182 228 126 51 179 183 175 155 138 179 157 165 143 105 84 88 115 122 129 126 107
40 44 45 56 94 52 59 98 109 130 174 191 194 195 198 200 206 209 212 217 222 220 218 220 208 201 190 157 117 56 35 40 35 48 96 124 85 56 45 58 93 114 91 107 130 132 131 145 161 170 183 168 151 146 24 85 166 133 78 63 90 102 113 126 117 111 118 83 122 171 190 70 60 179 192 170 163 143 155 145 124 142 132 132 107 110 137 149 136 118
51 43 55 65 51 46 73 82 105 120 156 182 192 195 193 190 201 210 215 216 217 213 211 217 208 186 179 165 75 54 21 36 47 88 108 109 120 72 39 16 100 164 134 93 92 143 146 134 139 158 176 175 168 141 23 77 153 93 68 59 72 86 100 111 97 113 139 95 76 102 139 54 77 150 170 171 157 152 177 161 149 139 150 132 149 154 158 153 144 156
24 28 42 53 53 70 69 73 97 122 150 182 186 190 194 202 205 208 215 216 211 213 214 207 202 182 180 145 77 40 37 61 50 94 93 105 101 105 91 87 111 119 127 142 90 77 126 141 129 136 150 176 176 154 30 64 131 81 70 71 58 62 77 103 111 126 125 96 160 192 231 83 94 156 156 166 155 158 182 159 146 135 126 111 105 138 126 127 124 125
36 61 38 41 76 72 60 76 88 118 139 176 186 192 192 199 202 211 217 213 209 212 212 206 195 182 183 137 73 20 102 60 50 83 82 82 82 81 87 104 108 111 109 112 140 100 77 127 120 128 138 161 169 179 84 42 106 103 76 71 60 75 75 87 105 95 93 91 179 227 228 81 116 164 164 167 164 173 173 165 153 134 109 119 118 125 132 136 133 116
41 45 40 45 70 69 64 77 91 118 144 171 184 190 191 199 202 211 212 207 211 212 204 195 184 190 156 127 33 42 117 37 83 70 44 51 41 59 69 100 118 119 124 112 113 156 94 96 119 139 152 161 177 181 163 129 102 99 98 66 95 75 81 120 134 109 109 87 74 118 113 41 111 142 153 165 172 168 157 155 168 171 144 140 142 148 135 142 160 164
42 48 60 65 63 68 73 87 92 117 153 170 182 184 183 191 196 199 206 209 208 211 205 189 185 180 143 93 31 54 73 52 89 23 36 35 21 50 73 92 125 139 139 133 136 132 147 83 117 124 143 145 170 176 184 148 114 97 77 78 57 63 71 80 106 107 115 98 150 162 160 80 100 111 150 167 177 179 162 156 152 156 137 141 134 132 143 150 148 146
45 37 57 64 59 69 67 83 106 124 158 170 176 186 183 187 194 202 202 200 206 199 201 193 181 180 120 78 46 41 60 70 43 24 36 26 26 51 71 93 127 145 152 154 149 148 161 122 80 123 122 131 137 142 132 117 127 105 88 95 76 76 71 72 76 98 105 100 179 209 197 91 107 124 157 175 178 183 174 155 152 156 139 139 139 147 158 153 151 144
42 42 54 62 63 72 67 73 129 142 160 169 173 177 179 183 191 197 199 207 203 198 195 183 177 180 103 63 37 25 55 83 22 28 33 26 25 56 90 98 120 147 163 162 170 170 159 169 71 113 135 133 124 124 121 131 130 114 90 95 99 79 79 80 108 115 123 111 145 146 73 85 118 152 170 170 168 164 155 144 126 148 156 135 136 142 149 160 160 175
41 52 55 58 62 73 80 90 131 147 158 168 174 174 179 183 180 188 193 207 200 196 190 181 175 143 86 55 20 31 78 57 18 39 48 51 39 65 98 101 121 154 163 170 173 168 162 183 110 94 133 147 133 127 127 141 134 133 107 75 85 87 93 100 115 121 131 128 175 98 34 93 131 158 162 161 161 157 152 139 138 143 138 140 143 136 143 158 152 138
38 52 56 58 64 72 80 98 137 153 162 168 172 171 171 174 175 187 191 200 197 189 182 181 166 122 81 37 17 41 91 44 19 40 38 46 60 89 98 106 124 160 166 177 177 169 174 175 145 75 120 151 139 127 123 128 136 134 130 103 79 80 92 104 106 117 136 96 42 40 87 132 151 150 152 158 155 154 155 137 147 150 148 152 165 165 160 153 160 149
42 53 55 53 52 63 85 126 147 156 161 161 168 174 173 176 177 184 190 192 195 185 181 178 163 90 55 30 36 37 90 34 26 35 34 39 53 93 102 110 117 153 178 174 182 178 168 169 146 69 111 152 152 137 126 117 127 139 127 108 99 100 104 94 119 119 141 64 4 50 127 147 151 142 143 145 139 144 153 153 158 161 164 148 136 151 148 183 156 136
52 52 50 49 52 70 101 145 155 157 158 157 165 175 174 175 178 178 188 187 190 184 182 170 119 99 64 31 57 44 99 39 18 9 10 18 40 90 110 123 114 145 180 172 176 172 162 168 144 63 109 165 168 152 137 116 110 129 135 114 109 96 98 106 97 114 118 32 15 80 130 124 117 123 129 132 142 151 156 169 159 158 145 155 147 153 177 155 157 142
50 54 49 49 50 72 113 150 154 155 155 160 165 168 172 172 177 179 186 183 181 181 174 159 105 94 58 40 73 59 107 36 11 10 23 10 45 104 110 129 117 145 172 173 170 169 169 175 146 71 123 182 175 162 151 132 117 101 119 121 112 105 103 113 111 93 78 17 28 66 71 75 94 111 125 141 156 160 157 156 154 153 158 134 139 125 138 139 125 132
43 53 45 49 52 78 127 153 153 157 155 165 164 158 170 172 167 179 181 179 175 180 168 160 121 73 55 71 80 60 108 32 19 53 128 78 55 117 124 131 117 144 164 166 165 170 159 171 134 79 127 173 174 176 163 149 125 108 96 125 130 122 103 109 119 105 74 31 16 41 59 86 102 110 124 144 146 145 151 139 149 130 138 149 130 134 117 125 124 108
62 49 50 56 56 72 151 146 148 149 146 160 160 164 172 170 171 173 174 173 176 172 150 145 106 53 66 67 92 68 119 38 18 44 87 88 92 113 139 142 120 137 153 173 167 167 154 160 130 104 132 181 182 173 174 156 139 127 101 117 151 143 113 113 113 113 117 84 43 46 65 76 97 112 115 140 136 126 146 144 125 133 124 138 143 121 123 119 119 123
56 49 50 52 44 83 150 137 139 150 149 159 165 168 167 167 169 172 171 170 171 164 159 134 92 52 47 58 109 63 123 61 41 117 156 141 98 129 143 142 124 141 154 166 171 159 152 169 112 120 137 180 189 187 179 160 144 132 116 98 127 148 133 111 104 88 96 69 58 76 66 69 87 109 110 119 135 128 140 161 142 133 133 122 120 110 105 99 92 92
58 58 50 51 51 106 143 133 137 150 150 153 161 168 165 168 164 166 166 173 176 157 167 144 89 67 46 82 115 64 126 104 36 143 183 77 97 138 149 146 129 150 161 159 165 163 152 168 101 138 134 173 184 185 176 164 151 146 125 113 108 127 129 116 94 69 93 82 65 78 76 93 111 126 124 123 134 145 113 127 143 126 125 114 104 102 86 90 78 64
53 58 49 56 78 124 128 130 134 143 148 152 155 164 160 162 163 166 163 167 172 155 155 139 100 75 46 120 126 64 129 104 79 60 68 65 130 136 157 142 128 154 162 158 165 147 160 159 72 150 135 165 185 185 170 176 163 153 142 120 113 118 118 114 118 109 59 83 109 73 74 90 99 129 139 132 126 150 122 98 112 126 122 93 110 107 96 94 96 79
62 57 51 58 88 126 125 134 140 145 149 155 158 163 160 165 172 174 169 158 159 162 140 113 90 62 68 122 129 70 134 79 115 64 60 124 137 139 155 159 144 147 158 170 168 153 163 140 92 160 152 171 177 183 176 169 165 163 141 134 126 114 125 116 87 101 95 83 113 134 117 115 111 110 114 126 125 116 137 128 120 125 117 107 98 96 91 90 96 79
52 45 51 58 80 120 134 138 139 144 142 148 155 157 155 164 160 160 168 160 152 166 150 122 75 60 82 114 129 69 152 104 76 87 91 124 134 146 147 154 138 163 168 161 164 169 178 122 149 165 152 168 180 184 177 172 170 167 152 142 126 128 121 108 109 120 121 122 132 136 126 113 111 98 104 112 116 112 119 119 106 124 131 104 107 101 92 90 100 68
48 44 37 44 74 123 136 131 134 141 138 149 155 155 155 159 165 151 153 155 154 162 152 109 87 70 71 123 146 61 156 147 89 76 104 120 128 152 142 150 152 160 169 177 175 164 175 102 182 154 156 171 181 179 175 168 164 156 156 150 143 128 132 129 116 128 146 140 133 125 107 107 108 101 112 97 84 112 98 101 98 114 129 109 95 107 106 97 93 69
55 76 63 60 82 119 124 129 136 137 133 145 145 151 160 158 163 161 158 152 148 146 150 95 98 68 91 121 149 71 129 153 125 107 107 116 129 133 135 140 157 169 166 174 170 196 138 147 174 156 173 166 174 170 168 172 169 159 157 149 147 152 138 143 145 143 124 119 123 114 106 100 100 93 118 120 101 114 109 108 92 88 119 123 97 87 96 83 51 69
44 43 63 74 89 106 117 133 138 150 134 144 149 151 158 158 157 161 159 151 155 149 149 98 102 80 106 114 142 119 91 156 143 141 121 119 129 118 128 143 162 171 171 170 191 161 129 180 165 161 169 170 168 171 167 174 171 162 156 155 154 152 149 145 144 144 137 132 125 116 111 105 97 101 113 123 129 127 114 88 93 97 108 120 102 94 94 58 53 105
41 52 47 76 93 103 128 140 135 140 148 146 149 157 160 159 154 161 160 156 159 154 141 108 99 108 112 117 142 136 99 99 156 138 135 128 131 128 142 148 163 165 171 185 166 115 180 168 165 169 170 174 172 173 175 175 169 181 166 152 152 155 159 158 142 148 142 141 134 112 102 101 107 123 115 100 130 126 123 105 89 88 114 116 93 106 63 51 82 127
68 54 55 77 90 116 119 133 142 130 147 150 153 151 155 164 156 161 150 162 153 150 160 130 109 131 108 131 112 131 137 69 108 157 146 137 140 145 140 150 164 178 178 143 111 193 182 166 172 170 171 168 176 173 177 170 171 170 162 169 162 148 155 151 144 147 138 144 137 109 96 90 103 92 128 111 114 126 119 104 80 80 93 77 77 60 62 89 124 150
93 77 71 88 94 106 111 124 133 122 127 147 158 146 146 150 156 157 151 151 149 153 154 148 147 117 108 113 115 125 143 131 39 87 138 143 156 153 154 155 167 172 131 145 185 185 173 174 175 171 175 170 170 173 167 169 173 156 159 168 146 140 154 138 146 150 142 138 119 107 123 128 117 102 111 123 110 117 115 116 109 110 98 67 58 70 125 155 151 156
87 81 70 84 93 87 100 114 113 127 121 131 139 137 135 137 147 151 159 154 158 161 156 153 162 127 131 121 133 125 124 154 26 23 95 104 89 100 100 91 110 117 166 186 179 176 173 175 177 173 170 177 173 181 165 169 174 147 151 173 167 154 154 151 143 133 127 138 129 111 119 124 114 117 90 111 113 112 101 100 130 119 94 42 60 134 151 154 155 153
69 76 98 81 71 81 86 93 94 115 112 110 121 137 137 150 150 158 165 164 161 159 163 150 148 159 133 134 128 116 124 128 50 59 143 163 149 152 148 153 180 196 186 178 180 177 173 171 170 172 176 178 181 170 170 170 169 178 164 148 156 158 149 150 126 132 133 141 148 149 145 131 146 126 117 108 100 116 99 88 89 72 64 59 114 143 137 154 149 146
62 57 76 75 65 71 68 81 87 92 93 93 113 130 127 137 141 158 161 158 160 164 155 160 160 161 153 145 130 125 112 48 101 165 147 155 154 150 160 162 162 155 168 175 180 170 171 175 170 171 177 171 178 163 166 163 159 168 152 142 150 145 136 136 153 153 148 137 133 139 141 138 122 130 149 121 101 118 113 90 48 53 79 128 150 152 155 152 152 148
66 68 62 52 57 70 50 74 74 77 83 77 90 102 113 120 130 157 152 170 161 160 162 156 161 160 164 155 136 115 81 67 77 113 158 147 159 161 163 160 162 167 177 170 168 177 174 170 172 177 177 173 160 164 152 161 166 163 151 148 140 143 157 144 132 133 150 152 137 133 137 142 136 116 123 128 114 93 68 58 71 82 132 169 152 154 151 147 150 146
61 58 51 51 62 70 56 61 75 48 73 73 96 76 86 98 103 128 146 168 165 172 158 154 161 164 159 168 134 77 63 66 105 172 164 166 165 162 162 164 163 167 168 175 169 175 175 175 175 169 161 173 170 164 164 159 169 153 162 161 139 155 148 134 116 131 132 151 145 116 106 115 119 128 103 103 105 74 42 58 123 139 156 150 160 148 143 145 145 143
61 60 57 48 52 73 64 54 63 60 58 65 72 70 63 67 88 95 100 118 124 141 153 160 153 171 178 173 107 27 79 125 174 169 166 167 165 161 163 165 168 168 164 169 164 167 165 164 170 165 158 157 153 145 133 140 130 129 133 126 134 150 135 130 147 152 155 151 132 121 112 108 121 112 95 63 49 64 88 135 166 158 173 155 158 157 158 149 150 148
63 63 71 47 41 66 56 59 56 86 72 53 63 62 54 58 64 81 73 69 84 94 100 108 122 137 144 114 39 38 121 181 168 167 170 161 166 172 164 161 165 165 159 162 159 160 160 160 163 158 149 138 131 127 114 121 128 105 112 123 123 126 139 137 133 150 144 144 151 127 96 112 99 88 68 34 72 144 162 158 170 143 121 127 131 134 120 124 127 127
67 62 55 56 50 68 79 54 66 57 81 61 51 62 68 58 50 61 63 47 55 68 74 67 72 82 38 8 41 92 95 149 173 168 163 168 162 165 160 158 166 168 162 158 149 146 151 153 150 150 147 142 131 131 129 124 116 117 112 106 110 109 114 133 120 117 118 130 118 101 91 86 52 41 36 91 193 207 183 191 198 171 36 20 18 9 10 11 10 13
51 70 61 64 53 53 71 61 67 68 68 79 65 56 61 60 65 68 81 58 52 58 63 60 62 55 24 30 114 93 44 59 83 113 127 140 148 158 161 163 157 154 147 145 140 131 130 121 127 132 123 127 114 107 116 104 117 100 98 108 111 112 100 125 120 120 105 95 83 67 57 66 66 81 138 198 213 193 202 203 197 220 110 7 19 11 14 13 9 11
79 70 71 75 62 56 58 61 48 74 51 67 67 58 65 65 61 54 73 79 85 72 54 46 40 31 24 76 140 163 136 117 98 79 73 80 114 125 127 119 131 119 110 114 114 106 114 108 107 108 90 107 114 108 111 100 100 100 93 101 91 105 114 110 99 87 88 74 68 104 135 161 176 199 211 201 197 196 200 200 196 208 202 47 10 18 19 17 18 18
80 84 72 84 84 67 62 70 54 60 66 59 70 75 58 51 48 47 56 55 56 79 97 81 58 44 34 53 136 162 177 197 201 196 179 141 144 142 132 111 101 109 131 141 114 79 92 100 97 102 95 100 105 105 103 111 126 119 107 124 113 111 131 124 127 133 155 155 165 205 205 196 188 188 192 197 197 199 195 198 196 199 206 175 27 20 15 12 14 12
45 69 76 75 77 73 58 58 58 47 60 67 69 70 75 69 57 61 53 49 36 41 71 79 69 60 52 80 160 173 183 188 190 186 199 203 182 170 150 105 88 76 90 117 123 124 172 200 197 189 178 157 156 170 165 179 196 189 196 203 208 205 203 206 209 207 210 201 188 198 197 194 191 192 192 200 191 196 198 196 196 195 201 224 132 18 24 24 21 19
60 63 64 69 73 76 78 73 69 66 65 62 64 68 67 68 64 65 63 79 66 54 54 56 70 64 80 141 184 182 196 198 200 194 197 196 185 169 146 128 118 118 135 167 160 160 184 191 188 180 174 170 174 187 197 201 198 196 196 197 196 197 198 196 194 196 192 195 191 191 191 191 195 192 193 189 194 195 195 195 198 194 195 193 204 117 32 17 24 26
65 70 69 69 72 78 86 90 93 88 83 74 70 71 70 72 84 73 56 67 64 67 70 68 62 91 141 168 163 154 154 132 119 120 140 162 173 175 168 163 163 155 146 141 133 142 156 170 174 178 181 184 193 198 195 195 197 195 195 196 195 196 196 195 194 196 193 196 193 193 193 193 194 192 194 190 195 195 195 194 193 189 196 190 197 207 154 61 23 27
