186 192 183 192 191 161 128 139 155 116 85 56 23 4 8 26 24 18 19 15 18 18 23 18 20 20 21 18 8 18 33 20 26 78 136 128 167 190 169 159 7 21 37 52 44 39 27 32 51 58 60 60 68 83 110 138 144 135 153 184 223 238 228 222 226 224 225 223 222 227 230 229 227 228 229 228 227 227 227 224 225 225 225 225 226 228 229 229 231 232
184 192 200 170 103 39 28 27 19 6 14 34 32 25 26 22 22 21 19 20 19 21 20 19 17 24 22 23 25 22 20 22 17 17 50 40 80 123 153 158 28 56 95 115 136 143 151 175 174 150 142 140 127 102 86 95 119 151 151 132 159 213 232 227 220 223 227 230 226 230 219 229 228 228 228 227 227 227 227 224 224 225 226 227 228 230 231 231 231 232
183 188 154 69 26 29 33 23 29 46 49 45 40 37 36 22 22 24 17 21 19 21 16 20 22 20 23 26 26 22 18 22 23 27 24 20 42 51 91 177 99 116 167 190 207 226 227 207 175 156 159 154 149 157 152 143 122 101 136 178 152 166 217 233 226 224 229 226 222 233 226 232 230 229 229 228 227 228 227 225 225 227 229 230 230 232 233 233 232 232
167 105 43 37 38 44 43 35 38 40 40 49 53 43 37 36 31 26 18 20 19 20 18 21 20 15 23 23 18 21 19 16 22 24 16 22 20 19 49 126 160 148 167 203 213 218 202 174 155 149 146 145 147 147 149 158 172 140 130 179 177 155 169 213 230 226 228 225 223 228 233 226 232 231 230 229 229 229 229 227 227 229 231 231 231 232 233 233 233 234
65 26 29 48 42 42 38 46 42 36 48 54 48 50 53 50 38 27 23 20 23 20 23 20 23 25 24 16 19 25 22 27 23 26 22 23 28 19 28 61 99 128 129 157 208 226 205 170 148 142 137 144 150 156 154 127 147 168 165 177 179 173 158 166 219 237 231 234 231 228 234 231 232 232 231 230 229 230 230 228 228 230 231 231 231 232 233 233 234 234
27 30 39 41 46 39 44 48 46 40 51 55 53 56 51 48 35 24 24 21 25 20 24 18 22 27 27 25 29 28 24 30 29 31 27 22 21 25 24 24 31 74 86 110 188 220 211 146 116 126 122 134 152 167 168 132 131 169 198 194 179 187 174 160 171 226 229 230 227 234 229 233 232 231 231 231 230 229 230 229 229 230 231 231 232 233 234 235 233 234
30 36 52 37 34 40 38 34 41 43 46 50 55 49 37 33 25 22 23 23 23 22 23 22 25 26 27 29 26 27 32 33 36 32 32 37 27 24 20 30 24 34 48 78 142 172 168 90 79 89 102 130 154 182 203 184 138 154 199 198 181 190 179 168 138 181 228 231 232 237 230 231 231 231 232 232 230 230 230 230 231 232 232 232 233 234 235 235 233 233
45 50 52 43 28 35 32 31 37 41 41 42 38 31 28 20 19 24 23 27 23 25 23 28 30 35 34 35 32 33 41 40 39 33 37 28 31 31 41 50 63 78 86 99 115 120 127 104 103 106 111 131 146 153 175 194 139 108 172 209 194 189 182 181 148 134 220 233 235 224 229 234 231 231 233 233 231 230 231 231 233 234 233 233 234 234 234 234 233 234
58 52 39 34 33 29 29 33 36 32 27 23 19 17 17 18 21 27 29 31 29 26 32 39 43 46 53 56 56 58 61 60 54 54 59 65 75 97 116 118 119 123 131 134 131 129 130 130 132 129 123 116 115 112 110 123 122 109 122 158 182 177 172 189 159 105 190 253 236 237 240 229 236 232 235 234 234 234 230 235 234 231 233 234 233 236 237 234 235 235
51 29 36 40 37 37 28 25 20 19 17 16 17 19 21 22 24 31 33 36 37 39 49 58 72 77 83 86 88 95 99 98 103 109 121 130 134 141 144 139 142 140 148 146 145 149 143 143 135 137 144 139 129 125 121 119 119 112 111 109 106 101 108 129 124 106 158 220 239 242 250 247 247 242 234 233 234 230 228 229 234 234 236 236 234 234 235 233 235 235
46 40 40 40 33 28 23 18 17 19 20 19 20 23 24 24 35 39 38 40 45 52 69 81 94 105 116 120 122 127 128 124 125 127 129 132 135 143 149 153 155 152 151 149 150 156 155 154 151 151 150 144 139 136 133 135 132 129 126 125 128 127 121 119 119 119 107 108 121 124 156 192 201 235 249 248 241 235 236 231 231 232 234 236 237 236 236 237 234 234
37 39 34 34 33 27 25 20 20 19 18 17 17 19 24 29 37 43 47 56 69 84 102 114 122 128 131 127 122 122 125 126 127 130 134 140 146 149 151 155 152 156 151 157 157 153 161 158 154 146 145 152 153 146 141 141 144 144 141 139 140 142 140 139 135 131 133 126 115 104 104 102 107 122 146 189 229 241 241 241 239 239 234 230 233 236 236 236 238 238
35 29 40 38 29 24 14 18 17 16 18 23 25 28 37 47 56 67 79 96 113 123 131 135 128 128 128 126 124 124 130 137 138 140 142 147 152 152 153 157 159 162 155 161 159 152 161 163 157 137 143 159 156 153 155 146 146 149 150 150 149 150 151 151 144 140 145 140 140 137 131 127 120 113 100 88 104 142 185 222 236 243 243 237 236 237 236 236 235 235
32 40 42 29 20 19 15 19 19 17 18 24 33 45 64 80 96 107 118 132 143 146 144 141 133 131 130 132 135 136 139 145 143 143 144 148 153 155 159 165 168 165 167 168 166 160 154 159 163 155 157 167 163 158 156 147 148 157 162 161 157 156 158 156 156 150 150 150 149 146 150 143 138 130 130 122 103 86 89 115 159 198 235 245 242 240 238 235 236 236
40 48 31 19 20 20 21 17 14 23 37 56 75 94 112 123 132 138 139 142 144 142 139 134 134 135 135 138 141 139 138 140 143 147 153 160 164 168 173 177 180 176 177 171 170 170 161 165 162 171 167 168 173 168 165 166 163 167 167 166 162 161 163 159 153 160 153 151 157 146 146 147 140 134 131 127 123 118 109 102 87 105 152 207 240 245 239 234 235 235
42 26 28 28 22 20 15 20 35 53 77 99 118 131 136 134 135 139 136 136 138 138 139 137 140 138 131 125 125 128 136 144 146 150 160 168 169 171 176 179 181 183 180 176 176 176 172 170 172 179 174 173 174 170 171 173 173 171 166 168 166 161 162 158 159 158 159 156 156 150 151 150 149 141 130 128 125 124 128 120 113 104 99 116 163 221 247 239 238 238
27 28 31 28 16 18 27 44 68 91 112 125 136 132 133 135 138 138 143 139 139 142 139 144 148 134 109 103 119 124 130 141 153 156 165 171 171 176 173 175 180 182 185 186 180 177 181 180 176 184 177 170 178 178 173 177 176 178 174 168 164 162 161 160 161 161 162 161 159 157 155 154 154 151 144 139 132 127 127 125 119 119 115 104 96 126 203 239 236 237
25 34 26 16 21 35 51 78 101 112 127 131 134 136 141 140 140 143 144 145 144 143 145 148 143 115 88 89 114 124 139 155 163 163 166 169 173 165 164 167 178 179 183 183 174 177 186 180 181 190 186 181 185 184 179 180 181 178 173 169 166 165 166 169 164 164 161 160 162 160 156 157 163 160 153 146 138 134 135 135 131 125 120 120 109 88 94 173 242 234
29 22 19 26 37 58 77 99 115 118 129 127 131 134 135 138 150 147 146 153 147 141 152 156 128 98 79 88 114 132 155 167 168 169 163 156 162 144 144 157 168 176 185 190 187 190 196 192 192 197 196 191 189 187 182 180 180 175 172 173 170 164 161 163 167 167 161 160 163 160 156 161 162 162 157 151 144 139 142 142 133 133 129 121 126 120 96 78 171 246
20 16 30 50 56 75 95 111 118 115 128 127 132 140 145 152 152 153 153 154 158 166 162 137 97 93 100 113 114 136 168 181 169 169 173 162 130 114 136 155 161 177 182 186 195 195 197 204 207 204 203 200 193 188 186 184 181 178 177 179 177 169 163 161 167 166 162 160 159 155 154 160 155 157 156 154 149 145 146 144 143 144 135 129 128 121 123 94 53 185
15 33 44 53 67 87 96 108 107 112 138 143 145 155 162 164 161 164 165 163 172 175 150 126 108 100 105 127 122 150 177 184 167 172 170 161 96 79 120 142 148 173 180 185 201 203 201 209 219 211 210 211 203 197 197 198 190 186 182 179 177 176 174 171 168 163 161 159 155 152 153 155 155 157 157 157 154 150 149 145 141 143 140 137 128 133 130 131 89 55
24 42 51 60 74 83 79 89 100 126 150 151 163 168 166 169 176 177 177 176 177 154 121 122 117 108 119 150 148 166 183 188 181 181 170 149 60 54 112 133 154 178 190 196 205 207 203 200 211 204 208 214 208 204 206 207 202 197 188 180 176 178 178 173 172 165 162 160 157 157 158 154 157 158 156 155 153 150 149 144 148 144 145 138 136 144 137 131 127 73
37 42 52 62 62 72 89 115 132 152 155 151 170 175 173 179 180 185 184 179 172 147 118 108 109 112 126 142 151 166 191 200 189 179 181 127 35 64 123 141 162 176 189 198 202 201 201 198 201 202 211 217 214 214 217 217 214 207 198 188 180 179 177 171 172 166 162 160 160 161 160 156 156 157 153 152 150 148 148 143 144 146 142 137 149 144 141 132 123 106
30 38 49 59 65 90 122 154 164 156 150 153 165 172 181 176 180 182 183 181 162 142 132 118 123 134 141 131 153 174 205 209 190 186 183 95 59 119 135 163 166 173 186 202 204 193 189 191 192 200 211 214 212 215 219 218 218 210 201 192 183 180 177 171 166 165 160 156 158 160 158 157 155 156 154 153 151 150 151 147 142 142 141 144 142 149 145 134 131 118
30 42 39 57 91 115 135 147 148 148 154 159 166 174 178 179 181 184 184 188 160 150 151 136 116 119 136 127 147 179 205 205 187 184 173 77 122 184 138 169 167 172 181 199 201 189 185 182 184 194 201 204 203 202 207 208 201 202 196 192 180 173 176 167 162 157 161 157 147 149 155 152 155 156 157 154 151 155 153 142 142 140 143 146 144 144 145 143 138 129
28 30 56 76 100 105 119 135 145 141 168 168 168 178 179 180 183 184 189 190 171 170 167 138 103 76 106 138 149 174 197 200 182 197 162 59 98 172 153 147 159 159 171 188 189 180 179 180 185 189 189 190 189 190 195 197 189 189 184 178 175 170 166 165 161 163 159 157 150 147 154 152 157 156 158 159 156 155 154 151 143 139 141 144 143 145 147 144 139 131
28 38 63 84 92 92 115 136 143 163 166 181 188 179 182 185 181 181 192 194 187 185 168 122 102 66 91 141 146 170 179 181 180 194 151 60 36 54 118 164 146 145 161 177 180 177 174 174 180 182 179 180 181 182 184 182 179 180 184 175 168 167 156 152 152 154 145 149 157 157 163 160 156 162 162 155 150 151 153 154 144 139 140 144 145 149 151 148 142 136
27 50 61 64 62 78 125 114 132 167 180 197 184 177 181 187 185 186 191 195 200 190 165 109 92 71 87 137 135 162 174 177 168 171 134 48 15 3 87 171 138 138 155 168 176 182 177 173 178 176 169 167 170 173 177 176 171 170 171 167 166 158 143 141 139 141 138 147 161 164 164 159 161 161 154 148 148 148 148 151 141 141 142 145 150 154 155 153 146 141
31 51 57 43 58 98 95 98 166 177 183 183 175 178 184 179 190 192 194 202 212 206 185 120 68 56 73 135 136 155 165 160 157 164 137 40 21 12 75 152 134 134 146 156 168 181 181 181 178 176 166 163 166 168 169 168 168 164 151 154 163 149 132 137 137 136 142 147 156 166 164 162 159 155 144 138 143 148 145 139 137 143 145 148 157 161 159 161 150 144
28 41 34 41 86 81 86 173 196 175 178 178 189 179 183 177 184 189 196 209 215 216 188 113 49 53 75 129 143 154 159 152 153 149 120 65 40 9 68 129 119 125 136 148 163 176 180 183 176 176 168 165 166 164 162 159 151 156 153 149 146 140 135 132 129 126 141 150 164 181 176 170 156 145 133 125 119 114 117 124 132 142 144 146 155 159 159 161 156 150
34 29 30 56 85 87 177 195 149 136 174 185 182 179 180 190 191 196 203 212 217 218 169 100 51 63 94 124 141 147 154 157 148 134 113 69 10 29 99 99 95 117 130 141 161 176 180 176 172 171 162 158 161 160 159 157 153 152 152 144 140 136 124 118 119 126 148 163 173 180 165 146 129 105 89 84 73 69 95 129 147 152 155 155 157 163 166 166 166 161
24 30 38 61 80 139 168 139 156 180 169 174 173 183 185 191 195 194 193 197 210 214 155 106 43 34 82 121 146 151 153 147 142 132 112 75 66 118 101 87 80 114 126 133 159 181 183 169 164 166 160 160 165 164 161 158 155 151 143 131 126 94 68 101 131 148 166 169 160 148 130 110 88 75 55 38 46 90 140 167 160 160 161 159 156 163 169 166 175 172
22 27 42 62 91 117 134 155 177 170 157 166 175 179 182 188 191 196 205 206 214 201 180 116 56 33 68 107 143 149 145 140 136 122 114 90 84 106 86 90 89 111 120 140 167 178 178 170 163 166 166 164 163 161 161 163 152 143 129 118 122 95 84 133 159 162 168 158 152 137 127 116 99 79 33 33 84 149 174 183 178 172 168 164 163 171 176 172 177 177
28 25 35 64 88 112 140 150 145 148 168 181 174 174 173 178 186 190 201 206 205 201 182 149 83 54 74 106 140 145 142 138 128 125 116 101 83 60 70 93 90 109 123 145 165 173 178 176 175 180 180 173 170 167 160 153 143 126 120 128 132 144 161 176 178 172 169 165 169 152 130 134 137 83 37 79 129 159 174 177 175 175 171 169 170 172 172 174 176 176
25 25 45 85 108 117 125 120 134 156 174 174 168 170 164 169 178 177 183 190 180 183 161 153 106 67 77 96 130 146 140 138 131 130 121 114 95 64 49 87 110 122 138 160 172 174 179 178 177 184 185 178 175 174 164 150 133 136 137 150 151 165 182 175 176 174 177 174 167 159 141 146 148 87 56 98 121 137 160 175 173 173 169 167 169 170 173 179 175 178
23 39 71 95 103 101 102 118 132 156 159 163 168 167 162 163 166 173 175 165 153 171 159 151 117 73 82 89 118 149 144 144 137 128 124 118 115 112 80 104 133 136 144 160 171 178 187 189 186 190 191 187 182 175 163 150 142 155 152 155 157 154 166 172 174 177 182 181 160 157 152 153 130 85 75 92 94 121 146 168 172 170 171 170 167 169 171 169 171 176
27 53 82 91 88 84 94 123 135 139 149 167 162 159 163 161 161 165 172 170 160 163 161 155 133 101 100 96 105 133 144 143 143 132 128 119 121 127 129 130 129 140 152 167 180 187 192 194 193 189 189 189 180 167 156 150 155 159 162 158 152 131 146 180 185 183 171 174 159 152 154 155 115 85 90 102 97 119 132 151 162 166 169 167 165 170 173 170 173 178
38 64 79 80 75 79 103 122 130 138 159 164 149 153 156 156 161 159 161 163 165 161 163 150 133 122 111 107 102 118 147 147 144 146 135 126 121 121 127 138 138 155 171 180 184 188 190 190 195 185 180 179 171 160 158 160 168 164 163 162 153 116 118 169 183 180 166 165 152 155 166 145 105 86 95 111 102 118 131 144 156 167 165 158 160 164 165 167 173 175
43 63 69 69 74 90 109 111 121 146 159 153 149 153 146 150 155 150 151 161 171 165 163 155 143 136 123 121 115 121 140 141 140 146 139 134 129 137 131 155 173 177 182 178 174 180 186 186 184 174 168 165 157 153 156 159 155 168 163 162 132 92 89 156 180 178 169 156 148 164 176 135 92 70 90 110 98 116 130 142 149 159 160 158 164 166 161 161 167 167
30 55 71 62 68 92 107 115 137 153 148 152 158 152 145 151 147 158 161 156 161 168 169 167 160 146 136 135 135 138 131 131 139 139 144 139 138 153 169 181 186 184 190 190 185 187 184 172 168 166 165 163 158 158 158 155 160 172 150 137 79 55 72 151 188 180 162 144 152 167 167 130 95 66 110 137 113 121 127 147 159 159 158 160 164 167 163 156 154 153
27 51 62 59 70 99 123 134 147 151 154 155 156 155 153 151 146 144 146 158 162 161 169 170 172 162 150 145 144 140 138 140 147 141 137 147 158 169 185 194 191 188 183 178 181 180 170 166 165 154 154 158 156 159 157 161 175 183 163 124 26 31 105 162 177 171 153 143 161 165 163 123 84 52 119 157 115 114 123 143 146 147 155 160 157 162 163 153 149 149
37 53 56 56 72 94 117 139 148 159 166 164 162 161 157 151 146 149 149 152 157 163 166 163 157 157 157 154 149 144 144 149 150 153 154 168 184 187 186 188 181 179 177 171 170 171 167 165 157 140 147 161 158 162 162 167 180 170 162 146 46 41 122 168 181 167 151 145 155 155 156 120 84 44 111 150 125 127 113 135 138 145 161 165 155 156 157 147 139 141
39 44 48 63 88 104 117 135 148 159 165 160 157 158 159 157 155 157 154 149 155 166 167 166 163 160 156 156 152 145 143 148 150 164 175 188 197 192 186 185 177 175 175 167 158 159 161 162 162 154 161 166 162 162 159 177 196 180 165 169 114 87 128 152 170 152 141 142 146 142 147 121 76 57 124 154 132 131 107 123 135 137 150 157 153 153 154 146 137 141
33 37 53 80 102 114 122 130 146 154 160 159 157 157 159 162 156 157 160 160 166 169 162 166 169 158 150 152 152 145 142 147 156 165 180 196 199 195 189 179 176 167 166 163 164 174 179 177 175 173 178 173 170 179 178 196 219 209 170 154 133 101 110 139 160 147 139 139 135 126 131 115 80 70 120 155 130 112 103 125 133 133 144 157 159 156 152 147 139 139
31 47 70 89 100 110 122 133 144 150 155 155 155 156 160 162 154 155 162 166 171 168 158 163 162 158 153 151 149 143 140 144 152 164 181 195 195 189 184 173 161 154 155 157 161 176 187 188 186 173 177 173 166 183 185 183 192 191 166 139 120 93 92 119 144 143 136 131 124 114 117 109 81 65 99 141 121 102 99 115 125 136 147 153 153 150 148 148 142 137
35 57 76 87 99 109 121 134 140 148 150 146 147 153 156 154 158 160 165 169 171 169 164 167 165 165 158 147 143 141 137 133 139 153 164 171 170 162 157 155 147 138 137 135 138 151 158 157 161 152 155 157 151 162 163 161 158 161 151 128 106 82 73 91 125 136 131 125 121 116 115 111 76 55 92 129 113 104 92 102 115 130 141 140 141 145 145 143 136 128
44 60 74 86 100 110 119 130 131 141 146 146 147 151 149 145 157 160 165 174 176 172 170 168 170 166 154 143 140 140 135 128 129 131 129 131 131 126 121 117 119 116 116 110 105 111 117 120 122 126 127 132 130 133 137 144 153 160 141 117 94 74 62 79 118 135 134 130 128 124 114 105 77 50 93 129 109 99 86 107 110 120 131 135 136 143 143 134 132 126
52 61 77 90 96 104 117 126 128 133 138 140 143 145 145 145 158 156 158 171 173 168 172 171 170 164 154 146 140 133 128 127 119 113 110 108 99 94 96 91 93 92 92 86 82 86 89 92 94 96 98 107 107 115 126 128 129 135 110 93 79 72 66 75 112 130 132 132 130 125 108 92 63 51 98 129 108 101 89 104 115 114 123 129 125 130 137 133 128 126
51 63 78 87 95 107 115 112 125 129 134 142 142 141 146 146 150 153 158 162 165 167 165 161 157 156 151 139 135 129 117 119 116 113 108 99 89 88 83 71 76 73 76 74 71 70 71 73 72 75 81 86 87 92 100 103 100 98 89 84 70 71 64 75 103 111 119 130 136 121 107 91 62 49 94 117 104 94 87 103 106 115 120 124 123 125 129 127 122 115
50 62 77 85 89 100 109 109 120 128 134 139 140 138 144 147 145 147 152 158 165 168 162 153 145 146 145 135 130 126 118 120 117 113 103 104 107 97 82 73 74 70 69 66 66 71 70 68 68 68 72 74 72 75 80 82 77 77 77 71 47 55 64 75 91 101 110 121 129 117 103 85 61 50 90 106 90 82 78 95 101 111 118 119 117 118 122 120 112 104
49 60 76 84 86 93 103 109 116 125 128 132 135 135 139 142 143 144 147 152 160 166 161 150 140 136 139 134 127 120 112 114 115 117 116 122 120 107 98 92 85 78 76 75 76 77 73 69 68 65 65 67 67 68 71 72 73 76 76 56 26 53 75 71 78 88 96 104 113 106 94 73 51 47 86 99 83 77 75 89 93 104 110 110 108 108 110 106 102 96
48 59 76 85 87 92 102 110 115 120 119 121 129 133 132 134 140 144 148 151 156 162 158 147 142 123 116 111 106 103 103 109 111 117 122 128 127 122 121 113 97 87 85 85 80 75 73 78 74 67 64 64 64 63 64 65 71 78 80 56 25 47 72 68 75 83 87 90 99 97 89 68 49 47 74 78 64 65 72 86 90 101 106 106 106 106 104 96 94 90
48 59 74 86 90 93 100 107 114 115 112 113 123 130 128 130 132 139 147 150 154 159 152 135 119 103 99 98 97 100 100 104 105 120 129 131 138 149 151 143 137 115 99 90 85 80 75 76 78 73 69 67 64 61 62 66 67 69 73 70 50 47 57 64 75 81 81 81 89 90 86 65 49 44 59 58 49 59 72 85 87 98 102 102 103 101 98 90 87 85
49 58 71 82 88 90 95 102 109 110 110 110 117 123 123 128 126 131 137 141 147 153 142 118 92 84 84 83 87 99 105 109 116 121 136 142 147 158 159 156 161 143 124 107 100 99 92 84 81 80 77 73 66 61 61 66 68 69 71 77 72 59 58 64 74 80 80 79 83 83 82 64 46 41 51 53 50 61 73 81 82 94 97 97 95 93 91 88 87 86
51 58 67 76 82 86 91 97 102 103 109 109 109 113 115 121 120 123 127 130 137 144 129 99 77 72 75 78 89 105 115 124 127 136 145 138 149 158 142 142 154 154 150 133 115 107 102 98 93 91 87 80 74 66 59 57 62 70 73 73 69 59 64 71 79 85 87 84 82 78 78 65 50 42 45 48 49 59 70 75 84 93 94 92 91 88 89 90 89 89
52 58 65 72 78 83 89 96 97 98 106 106 103 104 106 112 114 117 122 126 133 138 118 83 61 56 65 80 97 109 117 131 148 152 144 139 153 111 72 127 150 153 156 148 135 127 119 115 112 107 100 96 94 87 74 65 59 60 62 67 66 57 67 76 84 90 91 85 79 71 73 62 48 39 41 46 50 61 71 75 86 91 88 86 87 85 87 88 87 88
50 57 64 69 72 76 83 90 91 92 95 100 103 102 101 100 107 112 120 122 124 125 110 70 46 37 48 80 101 113 136 153 162 164 140 146 125 39 90 154 141 139 145 152 150 151 142 138 129 127 116 113 114 108 96 80 69 59 62 63 64 64 72 77 83 91 91 87 77 68 68 64 51 37 38 43 53 64 68 77 84 71 72 85 88 84 84 85 85 85
46 53 61 68 73 76 78 81 80 83 88 92 93 93 94 97 100 110 117 117 119 122 112 73 38 31 49 81 108 131 152 172 180 170 149 146 68 32 132 146 132 134 134 151 158 160 156 150 146 151 142 131 126 126 121 109 92 80 74 68 68 67 75 79 85 93 97 92 74 62 64 61 53 34 34 43 54 64 68 76 82 77 78 81 82 83 83 80 82 81
44 48 55 62 69 72 73 74 73 77 83 86 85 86 90 95 95 104 108 111 113 112 105 68 35 34 59 89 123 155 168 181 182 162 164 117 84 102 118 134 131 135 123 142 153 154 158 152 159 165 159 147 140 137 132 121 109 97 84 75 78 79 84 86 91 94 99 97 81 69 68 62 52 33 37 49 55 61 67 76 85 84 85 83 81 84 86 81 81 80
44 47 50 55 61 66 69 71 72 75 79 82 81 83 87 92 90 95 97 107 111 102 94 63 33 36 60 94 133 167 176 180 180 171 157 73 106 209 123 125 137 140 126 139 148 148 154 154 167 162 155 151 148 143 136 128 123 120 111 99 95 90 94 97 105 105 108 110 102 90 79 68 44 28 38 58 63 68 77 87 89 86 85 84 81 80 81 80 81 80
42 46 49 51 54 59 63 67 68 69 72 74 76 78 81 84 83 87 90 101 106 96 89 65 37 36 56 97 133 156 171 176 184 180 149 50 18 94 115 131 137 139 131 140 149 153 153 158 162 155 156 161 162 157 147 141 134 133 125 117 116 108 109 106 105 109 113 116 116 108 96 90 63 33 30 53 74 89 96 95 91 86 84 83 80 77 77 78 80 78
35 42 48 51 52 54 58 61 63 63 64 67 70 73 76 77 78 84 89 91 93 87 81 63 44 36 58 109 136 144 160 171 172 183 137 39 7 16 106 136 139 137 133 137 146 154 150 157 158 155 159 161 160 160 158 156 148 149 144 138 134 124 126 122 121 117 112 109 114 115 106 103 97 73 64 76 90 98 97 90 86 84 81 80 79 80 81 80 79 76
26 34 42 47 50 53 56 58 60 61 62 63 66 70 73 75 76 80 86 83 84 79 71 58 43 32 63 113 134 139 150 159 160 166 129 53 22 23 99 129 139 137 134 136 142 154 151 156 151 152 160 159 156 158 156 154 153 150 145 143 142 134 138 131 124 126 124 111 103 105 109 117 106 108 114 116 106 97 93 89 82 82 80 77 79 81 82 81 78 75
20 28 35 41 48 54 58 60 60 61 62 63 64 67 71 74 75 73 81 81 84 78 67 60 46 32 65 104 121 132 136 139 145 150 107 38 21 23 89 118 125 128 130 136 143 154 155 157 151 149 155 156 155 159 156 154 158 155 151 148 141 132 138 131 127 126 125 111 100 99 98 100 103 106 110 111 107 103 99 92 89 87 84 82 82 81 80 81 75 72
24 22 27 37 43 47 54 59 59 60 64 66 66 66 68 72 76 77 79 82 80 70 60 56 47 44 66 95 108 120 130 128 129 132 89 17 22 59 96 109 112 118 127 133 143 152 153 155 149 150 152 153 154 156 156 151 156 163 153 144 140 133 132 130 124 121 116 109 101 94 91 92 96 95 96 101 105 104 98 92 87 86 84 82 82 81 79 77 74 70
29 20 20 30 38 42 47 51 55 57 61 66 70 72 72 73 74 75 77 78 74 64 55 52 51 51 64 84 99 111 117 116 113 114 84 46 83 95 91 96 100 108 119 128 139 148 147 148 151 150 152 152 149 148 150 151 156 158 147 137 136 134 127 117 117 114 110 106 102 98 95 93 94 96 99 101 101 98 91 86 79 79 79 80 81 80 78 75 71 67
34 26 21 23 29 36 44 47 53 55 59 63 67 70 70 69 73 74 75 74 67 57 50 49 48 49 57 68 82 98 109 110 98 101 86 55 79 78 74 90 90 100 114 125 137 147 146 146 146 140 139 143 146 147 148 148 147 145 141 131 123 120 114 112 110 106 103 101 99 98 95 94 92 95 96 93 88 85 81 78 79 80 80 80 79 77 74 71 67 63
30 29 27 23 23 29 38 42 47 52 56 58 60 63 67 68 72 74 73 71 65 57 51 50 54 50 55 60 63 78 95 97 93 89 82 50 39 56 69 77 84 93 108 120 133 144 145 144 143 136 134 137 140 141 138 134 128 132 134 117 104 108 106 103 104 101 97 94 93 93 93 93 92 94 92 86 80 79 77 74 79 80 80 79 77 76 74 72 67 61
25 27 27 26 24 24 27 30 38 43 49 52 55 59 65 69 68 70 70 69 66 60 54 51 50 45 50 56 59 71 86 90 86 84 81 56 20 43 62 68 77 86 101 112 124 135 137 135 135 135 135 132 128 127 126 123 125 119 121 113 105 105 101 100 98 96 92 90 90 92 93 92 91 92 91 86 83 82 79 75 78 80 81 78 75 73 72 70 66 59
34 29 26 28 28 24 23 27 30 33 39 44 49 52 56 58 59 62 64 66 66 62 55 50 48 46 45 53 64 70 73 79 82 82 74 60 31 39 47 58 74 83 99 108 117 126 127 125 121 122 122 118 115 116 116 113 112 113 114 106 100 102 99 93 93 91 88 87 91 94 93 89 88 87 85 82 82 83 81 77 79 81 82 79 75 72 68 64 58 53
37 35 31 30 29 26 26 29 26 27 31 37 41 42 44 46 51 53 55 58 60 59 54 50 47 45 41 46 60 67 69 73 75 77 72 65 54 44 49 57 73 82 97 104 109 117 118 115 114 110 108 106 105 105 103 99 99 99 98 98 93 87 89 90 90 88 85 84 88 92 90 86 84 82 80 79 80 81 81 80 78 78 77 75 74 72 67 61 54 53
26 36 38 30 26 26 26 26 24 24 28 34 36 37 39 44 47 48 49 50 53 55 52 50 47 40 37 40 50 63 73 75 76 75 74 65 62 49 61 57 71 79 92 96 100 107 109 106 106 105 105 105 99 95 94 95 95 96 90 91 90 87 91 90 89 88 85 82 83 85 86 83 81 82 83 85 84 83 82 81 81 78 73 69 68 67 60 53 60 62
23 23 26 30 33 30 26 24 23 24 26 31 34 37 41 45 44 45 46 49 51 51 52 55 51 42 37 40 48 58 66 69 75 74 73 70 66 63 61 60 72 77 84 91 94 96 97 98 100 98 97 97 96 93 90 89 88 87 86 86 88 88 87 87 84 85 85 81 82 84 82 82 84 83 84 81 81 83 80 80 77 74 71 68 67 65 59 57 64 69
22 21 23 25 27 27 28 29 26 23 21 25 30 35 39 42 46 45 44 46 50 53 53 55 54 49 45 42 43 53 64 68 71 73 73 72 69 66 65 65 71 77 84 89 89 89 90 91 91 90 89 90 89 88 86 85 82 83 83 84 85 85 84 85 85 82 82 82 83 83 78 78 79 81 80 79 81 80 76 76 71 68 68 69 65 59 59 67 67 70
21 20 21 21 22 24 27 31 28 24 20 19 23 27 33 37 44 44 44 46 50 53 53 53 55 57 55 50 48 54 63 67 68 71 74 75 74 72 71 72 71 77 83 85 83 82 84 87 86 86 86 86 86 87 85 84 82 83 84 84 84 83 82 82 83 80 81 84 85 82 77 77 80 79 78 77 72 72 75 69 71 68 66 63 59 60 64 65 66 68
21 21 21 21 21 21 23 26 28 26 24 21 19 20 25 31 36 41 45 47 49 52 52 52 55 57 59 58 58 61 64 65 68 71 75 77 76 75 75 75 72 75 78 79 77 77 80 83 83 84 84 84 85 87 86 84 81 82 83 84 85 84 84 85 81 80 83 84 82 80 76 78 78 77 72 74 74 68 69 70 73 63 49 46 49 48 48 50 52 52
21 21 22 22 21 20 20 21 25 26 28 27 22 19 20 23 27 33 38 41 46 50 52 53 54 55 57 60 62 63 63 64 68 70 73 75 76 75 74 73 71 72 73 74 74 75 76 77 77 79 80 80 82 84 84 83 84 83 82 82 83 81 80 80 81 81 85 83 82 83 82 83 83 77 72 71 71 73 74 66 46 39 80 144 166 156 132 96 68 65
22 21 21 21 21 20 20 20 20 23 27 30 28 24 19 18 22 24 27 31 37 44 48 51 55 55 55 57 59 59 61 65 67 68 70 72 73 73 72 71 72 72 72 74 75 75 74 73 75 77 79 80 81 82 82 82 81 79 78 79 81 81 80 81 81 79 81 79 77 79 78 76 76 75 76 74 73 69 51 36 65 139 206 239 247 244 237 226 212 209
20 20 21 20 20 20 21 21 20 20 22 26 28 26 22 20 21 21 21 22 26 31 37 43 49 52 53 53 55 57 60 64 64 65 67 70 71 71 72 71 71 72 72 73 74 74 74 75 77 78 80 81 80 79 79 80 79 78 77 76 77 77 76 77 77 74 78 80 78 79 77 76 77 71 66 55 41 30 69 155 213 243 252 251 252 250 250 246 252 249
19 20 21 21 20 20 21 22 21 20 19 21 23 24 25 25 22 22 21 19 18 20 26 34 39 46 49 49 54 57 58 58 61 63 67 69 71 71 73 73 68 69 70 69 69 70 74 77 77 77 79 80 77 73 72 74 73 73 73 73 74 74 74 76 77 73 78 77 69 61 57 58 46 32 43 59 107 189 238 252 250 253 249 250 246 246 254 248 247 243
20 20 20 20 22 21 19 19 20 21 21 20 21 22 22 20 21 23 24 22 21 20 19 19 26 33 41 46 47 48 51 54 57 58 61 64 66 70 73 74 73 73 71 70 70 71 72 71 72 74 76 76 74 72 70 71 69 75 71 71 77 72 76 73 66 42 32 39 51 56 54 59 109 141 188 233 255 255 252 249 245 247 247 247 248 249 248 247 250 250
20 20 20 20 20 19 19 20 21 21 21 20 20 22 23 22 22 23 23 22 20 20 20 19 20 23 27 30 31 33 35 37 41 42 46 49 51 55 61 66 71 70 69 69 72 72 71 71 69 71 71 70 70 70 71 72 76 66 71 72 66 71 76 61 77 122 128 137 178 211 213 221 250 251 251 252 247 240 239 239 246 246 245 244 246 247 248 248 244 244
20 20 20 20 19 19 19 21 21 21 20 19 20 22 23 23 22 22 22 21 20 20 20 19 18 18 18 19 20 21 22 22 23 24 27 30 32 34 41 49 57 61 66 65 66 68 68 70 68 71 70 67 67 68 67 65 59 66 65 68 68 71 79 70 108 218 254 253 251 254 247 248 246 247 244 244 244 244 247 248 242 244 245 248 249 248 246 246 247 247
21 20 20 20 19 19 20 20 20 20 20 19 19 22 23 23 22 22 21 20 20 20 20 20 20 20 19 19 20 20 19 18 20 21 20 20 19 18 21 27 34 38 46 46 48 58 62 59 60 67 70 68 69 69 63 56 51 65 79 80 68 77 84 73 96 216 249 252 243 247 249 252 248 250 249 248 245 243 245 244 245 244 244 246 248 246 246 248 249 249
21 19 20 21 20 20 20 19 20 20 19 19 19 21 22 23 22 21 20 20 20 20 20 20 20 20 20 20 20 19 19 18 19 21 20 18 19 18 18 20 22 24 31 37 43 60 67 54 52 62 68 70 73 72 64 55 54 82 83 80 66 70 78 62 112 230 249 247 247 251 246 246 246 249 247 247 246 245 246 244 245 244 243 246 247 246 246 248 247 247
20 18 20 21 20 20 21 19 19 19 19 19 19 20 21 22 21 20 19 20 20 20 20 20 19 19 19 18 18 18 19 19 17 19 19 18 19 19 20 25 30 35 44 58 59 65 80 74 60 68 73 74 76 75 68 59 62 82 84 78 62 65 64 65 172 247 247 244 246 249 246 248 249 249 245 245 247 247 248 246 243 243 244 247 248 246 244 245 247 248
19 17 20 22 19 19 20 19 19 19 20 20 20 20 20 20 20 19 19 20 20 20 20 20 20 19 19 18 18 18 19 19 20 21 19 19 18 15 20 33 36 50 70 102 96 70 77 79 77 81 80 77 75 74 68 62 56 64 75 63 60 59 48 124 229 248 245 247 243 243 250 251 248 248 246 248 248 245 245 242 246 245 243 243 244 245 246 248 247 247
17 17 20 21 18 17 20 20 19 20 21 21 21 20 20 20 19 19 19 20 20 20 20 20 19 19 19 20 19 19 18 18 19 17 17 19 19 16 27 48 56 65 78 120 117 73 74 83 85 86 82 75 73 71 67 62 62 60 50 65 54 42 95 214 249 247 243 245 245 246 250 245 246 247 246 247 245 243 246 247 245 245 245 245 246 246 246 246 247 248
24 16 17 20 21 20 19 22 20 20 20 20 22 21 20 19 19 20 20 20 20 20 20 20 20 20 20 20 19 20 20 19 20 17 23 20 16 31 38 53 66 74 86 89 89 79 78 83 93 98 92 81 79 80 77 72 63 49 44 72 36 96 219 247 242 243 242 243 245 245 245 247 247 246 246 247 245 245 246 247 245 244 245 244 245 247 245 245 246 247
100 57 18 6 13 22 19 16 20 20 20 20 22 21 20 19 19 20 20 20 20 20 20 20 20 20 20 20 19 20 20 19 22 20 24 21 30 58 57 54 64 71 78 73 71 68 71 75 84 95 99 94 93 90 76 63 55 51 62 25 56 213 253 243 243 244 243 243 245 245 244 246 247 246 246 247 245 245 246 247 245 244 245 243 245 247 245 245 245 246
