24 14 22 33 27 35 45 30 19 21 19 36 37 45 67 70 31 14 17 24 20 15 8 11 5 13 33 53 51 33 40 27 30 38 48 57 38 34 38 46 52 59 60 82 106 121 137 164 181 193 187 176 179 182 184 189 193 181 193 180 186 182 181 182 178 180 177 181 187 181 177 181 180 179 182 185 183 180 181 184 175 175 179 183 180 175 173 177 174 173
23 9 9 23 27 29 35 32 20 17 23 31 26 25 56 76 45 12 22 30 20 18 14 15 12 18 16 63 67 39 47 26 37 43 40 36 29 27 41 100 106 65 67 100 152 178 184 183 183 186 185 203 201 180 178 179 179 180 178 178 188 181 179 185 181 184 182 181 182 182 181 180 177 179 182 183 181 180 181 181 179 178 179 181 179 175 175 177 174 173
10 7 10 19 24 28 31 24 20 27 32 27 32 16 29 65 55 13 14 31 21 10 11 15 22 6 10 63 61 41 40 25 42 31 20 15 12 10 26 107 147 95 48 70 131 176 189 187 183 182 176 190 204 209 204 178 175 175 171 172 180 183 188 185 184 185 185 182 179 181 181 178 179 182 185 183 181 182 183 182 181 179 178 177 176 175 175 176 175 174
15 7 8 17 18 24 37 40 19 20 29 31 31 24 19 33 42 27 14 24 21 13 21 14 11 14 27 39 39 44 33 19 25 12 8 12 11 14 31 102 144 123 72 76 132 172 162 152 143 147 150 154 169 192 203 204 185 196 197 177 178 184 183 182 182 181 182 182 181 182 181 182 181 182 182 179 178 179 181 181 179 179 177 175 174 174 174 174 174 173
11 6 5 11 13 21 32 31 11 15 23 31 17 17 10 17 30 29 18 36 47 37 33 17 13 14 18 13 8 24 49 33 7 9 9 14 10 14 30 77 113 91 73 57 104 137 114 101 104 117 131 147 172 187 188 194 192 186 181 190 184 178 170 176 186 185 185 182 182 182 177 180 184 181 180 180 179 178 179 180 177 177 177 175 174 175 175 174 175 175
10 12 8 7 17 30 33 24 18 18 10 28 19 17 5 8 15 17 23 40 41 25 20 24 21 17 14 12 14 8 24 26 11 9 8 19 17 26 28 28 43 37 40 42 68 83 69 72 91 126 150 178 205 207 191 176 194 203 158 168 178 181 162 168 185 187 189 182 181 183 178 179 185 182 182 183 182 180 179 180 176 177 177 176 177 177 176 174 174 174
7 7 9 20 28 30 31 28 20 16 9 34 22 14 14 6 15 25 23 18 19 18 20 22 19 14 23 20 15 16 13 12 15 17 23 31 19 27 30 22 36 52 55 75 74 59 45 46 83 154 202 208 210 220 219 201 187 215 184 179 189 190 178 172 169 173 184 184 183 185 182 185 179 180 181 180 179 178 178 177 177 176 175 176 179 179 177 174 178 179
7 14 29 38 31 28 30 20 18 27 13 29 27 6 7 4 9 27 12 6 18 20 17 7 16 16 13 9 4 13 13 22 25 35 32 32 30 40 45 58 71 65 66 73 78 70 67 59 60 88 119 121 128 157 175 182 178 215 210 180 201 199 194 183 160 161 181 188 183 181 178 182 178 181 182 179 176 178 180 178 178 174 172 175 179 180 176 173 173 175
21 42 55 52 29 23 22 9 6 13 20 34 21 5 6 8 8 17 14 12 38 39 34 37 40 32 17 27 33 35 41 51 61 66 77 75 74 85 102 99 81 86 100 98 92 95 92 87 89 65 45 35 42 46 44 61 119 163 166 180 203 212 201 196 179 119 168 184 185 182 181 177 177 180 182 179 179 178 175 179 180 175 176 176 174 177 177 175 174 173
64 51 37 30 22 19 13 14 13 13 13 22 11 3 6 4 8 17 35 54 67 80 89 92 108 101 93 103 111 120 129 140 142 151 155 147 152 158 161 159 149 149 157 156 144 139 132 120 118 114 93 84 69 43 41 48 52 48 78 140 177 195 198 203 185 121 163 189 181 175 180 183 178 177 178 175 175 176 175 179 176 172 176 180 178 177 175 176 178 177
120 78 50 37 21 20 18 24 11 13 12 18 11 9 8 0 24 61 82 90 93 117 131 140 149 152 165 177 171 173 175 177 171 174 173 163 172 175 169 168 168 166 165 167 164 165 169 166 159 173 157 149 139 123 122 113 102 70 67 100 124 146 164 181 174 126 157 188 184 180 180 180 179 176 179 180 178 177 175 177 175 170 172 175 175 172 171 178 177 175
120 77 48 35 18 19 18 13 18 22 14 21 20 3 8 43 101 132 130 119 132 156 157 154 166 174 174 173 179 177 162 169 169 166 170 166 171 170 163 162 164 166 161 163 164 161 168 173 153 164 164 158 160 164 161 158 156 163 160 164 163 157 154 151 152 137 150 168 173 180 180 181 183 177 179 179 174 173 173 175 173 171 173 177 179 174 169 174 175 173
46 35 16 11 5 8 13 15 23 22 21 26 23 39 85 135 165 166 162 152 156 161 167 164 165 165 165 164 166 172 165 167 165 164 170 165 165 164 163 166 164 166 164 168 166 161 167 168 172 168 170 172 174 169 157 161 156 159 159 163 168 166 163 153 155 158 151 152 151 159 166 175 177 174 179 181 178 176 175 176 175 174 176 177 179 177 171 173 176 174
7 11 7 13 9 10 18 22 23 28 45 67 92 149 189 191 184 175 175 170 170 165 172 171 169 171 165 162 162 164 160 167 151 158 166 163 162 159 162 163 161 157 162 167 162 162 168 163 170 169 169 177 181 173 167 168 166 158 161 156 161 162 157 161 166 166 159 164 160 154 151 152 155 156 165 172 174 174 172 174 177 176 176 174 176 178 176 176 173 171
14 12 10 13 12 28 50 65 77 100 123 151 178 196 190 185 179 179 177 174 174 172 171 171 172 169 164 170 166 160 146 135 133 135 147 164 170 163 167 159 155 157 167 171 168 169 168 165 161 174 176 178 176 173 179 180 175 170 172 161 169 169 163 166 172 166 160 166 168 162 161 158 148 146 147 147 152 158 160 165 169 168 172 173 173 176 175 173 175 173
7 4 0 15 55 99 119 141 155 161 177 192 190 189 181 176 180 181 179 183 175 175 172 175 171 179 171 175 171 143 109 94 119 101 112 148 159 157 170 156 156 167 176 173 175 176 169 175 173 178 178 181 182 179 181 185 181 176 177 171 172 168 171 166 166 169 167 163 166 164 170 169 166 161 153 147 149 153 153 157 158 154 158 160 159 163 167 168 168 166
2 11 31 71 127 156 179 189 191 200 202 194 187 187 186 184 181 175 174 179 180 179 177 176 174 182 189 188 160 124 92 94 92 91 124 130 132 144 168 154 147 171 182 181 178 179 165 172 174 180 184 186 187 185 184 187 186 183 178 173 173 168 164 173 167 163 162 163 164 167 168 166 163 168 168 164 154 145 146 148 158 161 159 154 149 153 158 154 155 158
18 58 101 142 178 183 192 196 197 201 201 197 194 192 189 185 182 179 180 180 177 177 179 177 173 179 189 178 136 110 90 80 73 105 139 126 121 147 170 130 125 166 180 180 175 178 180 188 175 181 188 192 192 189 190 196 192 185 181 178 177 173 170 172 162 168 171 171 169 163 161 165 166 163 161 163 159 151 143 131 137 156 165 163 161 161 163 165 156 159
70 117 152 180 204 200 201 196 202 200 197 196 198 198 196 194 191 185 182 180 176 175 176 172 176 182 182 162 130 120 106 92 91 100 132 141 139 161 131 82 122 169 186 183 170 172 186 185 181 186 192 193 191 188 191 199 195 183 180 178 174 173 169 166 162 159 164 168 164 164 166 162 165 160 158 160 158 156 155 145 129 127 142 161 167 171 170 159 168 170
113 168 194 200 198 189 199 204 200 195 192 194 198 197 195 196 194 187 184 184 180 173 172 176 175 184 183 166 144 130 111 93 110 118 129 156 162 116 51 92 158 171 175 179 172 172 179 170 174 183 193 197 196 194 196 199 194 184 183 182 177 174 167 162 160 160 167 168 159 161 167 162 159 162 164 166 163 158 155 150 141 130 128 139 155 166 165 163 173 174
150 189 197 195 194 191 194 193 194 192 192 196 196 191 187 188 185 187 187 186 183 175 176 185 193 183 176 165 148 131 115 97 118 144 143 160 141 55 20 122 179 162 156 163 175 176 176 184 174 183 191 193 193 196 197 195 197 190 184 178 175 172 168 169 160 169 169 165 167 168 164 163 164 168 162 160 161 156 152 150 145 136 123 112 120 141 156 166 171 174
171 198 202 201 197 198 197 197 194 193 193 195 196 192 190 191 185 188 186 183 184 183 180 181 185 182 177 169 154 124 114 118 140 157 158 142 77 42 25 104 182 165 147 137 171 188 178 187 177 185 194 197 199 202 198 190 188 188 184 179 178 172 163 164 168 168 162 157 162 166 166 165 162 170 165 162 164 158 153 155 143 137 138 128 113 116 131 150 157 163
192 200 198 197 195 202 200 203 198 196 192 193 196 197 197 198 193 189 186 184 185 188 184 176 178 183 178 168 152 112 104 122 152 172 162 94 48 43 13 105 176 168 146 121 159 189 186 194 198 198 200 202 202 203 199 192 190 189 183 178 178 172 161 162 175 159 153 156 159 165 165 156 162 171 169 165 164 158 155 158 149 143 133 124 126 117 111 133 141 151
193 196 198 202 199 204 194 194 201 197 192 191 196 199 197 194 196 191 194 194 185 186 190 186 183 184 184 168 136 95 101 120 149 171 147 56 86 54 21 134 198 171 141 118 151 177 181 194 199 195 197 202 203 202 199 194 194 190 181 174 174 169 159 159 155 152 158 170 172 165 160 160 163 167 161 158 159 158 157 157 152 147 137 124 126 125 109 106 130 143
198 196 198 199 200 202 202 198 199 196 192 189 191 195 196 192 193 193 196 196 190 188 190 186 184 191 192 161 111 75 80 116 149 172 109 78 109 39 43 130 187 171 141 107 119 173 176 195 196 195 193 203 208 201 197 195 196 187 179 170 165 164 158 154 160 166 182 166 159 151 153 161 162 162 166 166 158 157 160 153 155 150 146 142 138 135 125 108 111 123
198 194 193 199 209 213 209 202 199 199 194 192 195 194 192 196 193 197 193 194 197 193 191 190 186 191 178 140 101 75 80 115 152 161 94 123 80 11 54 129 175 176 131 75 93 172 190 198 198 194 198 198 201 203 192 194 185 181 179 161 151 153 152 165 163 165 126 98 105 130 148 158 164 158 154 160 164 158 151 149 149 149 145 145 150 147 138 134 124 115
196 197 197 202 210 212 207 203 201 199 194 192 193 190 191 201 196 200 192 194 198 194 193 187 188 190 156 110 89 80 92 130 163 130 102 124 43 8 65 148 188 180 123 62 80 164 193 192 191 196 197 200 204 201 195 187 181 172 167 154 141 136 134 141 123 89 55 88 126 156 174 169 166 161 157 160 165 158 150 156 152 149 151 152 148 147 144 135 138 122
199 203 203 205 210 209 203 203 206 199 198 199 195 194 199 203 195 194 191 198 197 195 201 189 183 191 149 96 80 77 97 139 155 110 92 91 27 5 56 138 185 171 108 43 74 168 195 193 191 197 193 197 201 197 193 182 174 163 146 138 125 116 110 87 51 36 105 177 197 183 164 162 157 160 163 158 148 144 149 160 161 159 160 155 146 151 153 140 137 134
204 205 204 206 213 212 206 206 202 199 201 203 200 200 200 197 197 194 195 201 195 194 200 187 190 194 144 91 79 76 92 125 142 98 63 67 20 0 34 119 169 160 101 34 81 172 187 194 191 189 194 193 196 196 179 172 158 145 121 112 108 100 76 36 22 103 186 208 186 153 130 127 135 143 157 158 145 145 156 156 154 163 164 157 156 157 155 153 141 144
200 203 204 205 207 205 203 204 197 200 199 197 200 200 196 194 199 198 197 197 193 190 189 182 185 179 122 71 55 54 78 110 136 89 55 54 12 4 28 112 146 132 89 33 82 174 189 188 185 188 191 194 198 193 175 161 147 122 102 92 87 72 51 47 104 168 184 194 179 142 98 101 131 143 153 161 159 162 170 159 154 162 164 162 161 159 161 166 154 149
197 199 203 204 200 197 196 197 198 199 198 196 197 199 198 198 195 193 192 190 192 192 185 185 185 169 111 64 43 40 69 98 119 82 50 54 17 3 38 103 138 119 75 28 87 186 203 186 187 195 190 191 193 184 172 150 132 101 88 79 68 65 81 120 174 183 186 184 177 147 64 73 137 169 166 165 171 172 176 164 162 159 155 153 153 158 166 173 159 151
200 197 199 203 203 202 198 192 194 192 197 199 195 196 200 198 197 191 192 189 192 195 187 186 185 172 125 83 47 30 58 84 102 67 36 56 23 10 44 113 134 109 50 25 111 193 197 189 190 197 200 190 187 181 155 133 108 80 70 69 73 101 143 169 178 186 184 178 183 146 56 27 118 186 188 181 191 183 177 166 168 171 159 152 163 165 161 167 164 161
205 200 199 208 206 196 196 193 196 191 190 193 192 193 196 194 198 197 194 192 192 190 184 179 179 168 126 69 45 44 60 75 94 72 31 44 42 21 60 110 134 89 25 44 143 200 194 189 194 189 198 188 187 171 144 111 79 65 75 103 123 151 164 177 179 185 183 181 185 169 101 18 95 211 197 185 184 185 182 174 179 172 167 168 170 171 166 160 162 169
196 197 199 204 202 199 202 196 195 195 189 186 190 196 198 195 199 195 192 190 187 185 181 174 171 166 112 50 45 53 60 70 86 81 41 42 45 35 82 125 114 47 28 115 184 190 193 186 193 184 185 193 189 168 119 81 83 112 137 146 166 179 186 179 187 169 172 183 185 175 139 53 69 196 201 189 185 181 184 180 179 173 173 174 172 173 171 163 171 173
195 195 197 201 203 204 203 194 193 195 190 184 189 194 192 191 191 187 188 188 184 182 181 174 161 162 116 57 51 57 62 70 76 92 58 42 40 41 109 144 89 32 76 170 198 192 193 194 183 196 191 192 191 146 99 108 147 155 164 172 188 190 193 187 182 180 180 181 184 173 145 56 25 156 195 192 189 182 185 182 173 169 174 176 172 174 176 170 172 174
198 201 201 201 198 195 197 201 195 195 192 187 188 188 185 188 185 185 187 188 184 180 176 172 143 139 125 92 69 61 66 65 72 86 70 48 30 49 134 136 72 75 147 189 189 198 194 200 195 191 196 192 182 136 125 145 160 167 166 174 182 188 178 180 186 186 180 177 181 175 134 44 7 119 181 183 185 183 181 174 179 175 174 170 164 167 175 176 169 172
195 201 202 199 198 194 191 197 198 193 191 186 185 187 185 186 188 188 186 185 184 177 169 167 152 132 133 122 91 76 80 67 69 71 69 46 22 67 157 126 82 135 183 197 198 198 197 196 199 180 190 190 173 149 158 158 151 165 179 190 180 181 181 176 188 173 177 188 176 164 108 36 0 101 184 183 178 179 175 171 174 174 173 170 166 164 167 171 173 171
189 195 195 191 197 199 192 190 186 184 188 185 186 189 181 176 185 183 177 176 181 177 171 171 167 142 142 135 111 94 92 76 70 75 65 50 66 124 176 141 139 182 188 186 191 190 194 189 178 186 190 186 172 168 172 175 170 165 165 173 184 184 186 170 168 173 179 190 185 156 75 39 57 125 181 171 167 177 177 174 169 168 167 167 167 164 165 171 173 162
186 189 191 185 185 191 192 195 185 182 181 175 177 181 176 180 178 175 170 170 173 172 172 175 160 144 144 141 127 109 99 86 79 86 74 79 129 174 177 155 180 194 194 183 180 183 179 174 178 188 188 183 173 179 186 182 179 176 151 121 163 198 185 171 163 180 179 180 193 156 63 41 94 140 168 171 172 170 168 172 167 162 160 164 165 163 164 169 176 169
184 180 188 190 187 189 187 188 181 180 182 179 180 175 168 181 179 176 174 170 164 161 164 169 171 155 147 144 139 122 110 101 104 107 111 125 155 181 179 184 181 183 187 183 173 174 181 183 191 188 184 174 179 179 188 178 185 172 152 86 93 179 187 186 181 179 190 191 182 133 53 17 50 99 133 176 193 173 162 167 162 148 143 148 151 155 165 173 175 178
175 173 179 181 187 192 183 183 184 185 184 185 178 166 165 170 171 172 171 167 162 161 163 164 166 163 154 145 137 130 125 117 130 150 156 162 170 175 184 187 178 179 181 172 169 178 179 179 178 177 177 179 177 170 178 175 178 164 129 65 22 84 174 188 183 187 189 193 180 117 49 30 95 147 136 153 197 186 166 158 146 135 131 131 129 149 168 174 177 177
164 170 177 175 178 184 180 179 183 178 174 173 167 164 167 166 159 163 159 157 164 165 163 166 161 156 153 139 136 141 134 133 156 180 181 176 178 182 183 173 173 179 175 170 172 177 179 179 174 179 187 180 175 168 170 173 174 159 132 45 0 32 134 185 192 186 192 199 172 101 45 40 158 233 187 146 188 198 170 145 134 127 120 126 130 137 154 172 181 185
165 168 172 174 175 173 173 177 174 171 164 163 164 166 168 164 163 157 159 160 157 164 169 162 162 152 149 144 143 141 137 151 171 186 184 180 182 181 179 174 171 178 176 177 178 177 182 178 177 180 186 173 172 173 171 176 168 155 134 40 3 33 122 174 186 176 194 204 164 96 47 29 105 170 163 142 186 208 170 136 126 118 101 110 122 123 145 171 178 185
164 167 165 166 169 170 171 169 175 177 165 160 167 166 162 164 161 158 155 157 164 171 168 161 152 149 144 149 149 138 141 156 169 181 185 189 189 182 177 175 179 176 179 183 177 179 187 181 180 179 179 168 169 173 179 183 178 155 128 58 7 35 100 145 160 168 187 187 152 99 51 28 94 142 159 151 172 198 176 127 107 97 79 83 93 105 149 176 174 184
164 161 157 161 168 168 170 170 174 172 158 155 163 160 158 162 155 157 159 161 164 165 161 155 152 153 142 134 135 137 144 154 164 181 191 191 190 188 184 179 180 174 184 190 188 192 190 184 184 185 184 178 174 176 194 199 181 154 133 85 15 28 74 101 119 151 170 170 152 97 50 51 164 215 201 158 153 177 169 113 85 79 71 69 67 93 160 182 171 180
160 166 162 154 159 170 169 161 166 158 151 155 159 159 161 161 158 153 155 159 159 162 161 153 149 142 138 130 135 143 142 151 157 171 180 181 180 181 182 183 182 177 184 190 200 205 198 198 191 189 185 182 183 187 207 208 179 161 158 114 37 21 48 65 101 121 143 162 153 96 53 68 164 209 195 140 147 186 162 108 73 66 68 67 66 97 168 182 170 176
161 160 160 154 156 160 155 153 162 156 152 156 156 156 160 160 162 166 159 155 161 155 150 157 159 143 137 131 131 132 129 138 146 155 163 163 163 166 167 169 172 174 178 187 199 202 198 198 200 196 191 185 190 197 205 201 177 150 142 107 60 30 27 50 78 102 138 166 154 91 48 60 141 186 193 149 154 182 147 99 66 56 59 62 69 93 155 175 156 162
161 156 158 156 158 159 149 151 153 152 147 145 146 147 155 162 162 162 160 161 163 158 153 156 158 151 139 129 123 121 122 120 132 145 147 134 137 154 160 155 162 165 166 175 180 183 192 191 191 193 194 180 180 183 178 174 159 143 127 89 66 49 21 44 73 106 129 150 158 102 39 37 90 137 145 153 174 170 136 86 71 63 63 60 63 71 128 165 145 150
150 151 155 153 152 156 156 154 153 150 141 153 147 153 147 154 161 158 160 163 159 156 159 153 153 145 131 128 116 106 95 99 110 121 122 116 123 135 148 145 144 155 159 157 159 162 166 172 171 176 172 169 172 169 165 164 154 131 113 72 57 54 22 40 68 96 122 156 158 91 34 30 69 118 107 136 177 170 132 81 65 61 51 61 55 63 132 158 142 152
150 154 154 149 150 149 145 148 147 143 145 142 147 148 152 160 163 158 153 154 156 160 160 151 152 144 132 125 105 92 79 77 82 93 92 87 91 101 116 120 126 134 138 137 135 130 130 136 141 150 152 159 164 160 158 158 149 125 95 64 59 49 20 32 57 92 127 155 137 65 30 54 106 157 155 140 165 163 129 78 56 57 54 58 43 60 135 155 144 151
159 157 153 148 151 149 140 138 140 136 148 143 146 147 157 157 158 167 161 157 163 156 147 147 147 135 123 115 92 77 68 65 69 77 73 66 65 70 78 82 86 90 95 100 102 98 98 105 117 126 130 141 146 144 150 147 134 109 80 67 65 46 26 32 47 90 131 140 102 49 44 75 112 141 146 152 169 158 127 71 55 55 55 56 41 57 123 136 126 130
158 156 158 155 146 143 142 141 137 138 143 146 144 145 151 151 156 158 163 164 155 150 153 149 141 126 113 103 81 64 58 60 63 64 57 53 51 56 59 62 72 72 73 78 83 80 77 79 89 100 108 123 130 132 138 129 115 88 72 67 57 36 27 30 40 61 98 115 87 49 46 64 103 121 133 156 168 153 104 64 60 58 56 53 39 50 106 128 118 120
154 151 153 150 142 142 145 147 139 145 137 140 144 138 147 153 155 153 156 156 147 149 152 140 127 118 108 92 73 57 54 56 54 47 39 42 40 46 50 59 64 65 66 69 72 72 69 67 68 73 79 96 106 112 121 114 98 77 66 52 48 41 40 42 44 50 73 88 70 40 33 47 42 51 117 156 151 137 84 66 63 55 53 54 50 61 102 118 110 114
154 149 145 142 145 149 148 149 146 142 143 144 145 138 156 152 148 156 149 139 141 146 145 140 118 112 99 76 63 55 55 52 40 30 27 36 29 37 42 53 63 66 68 66 66 68 70 71 65 63 64 75 83 88 93 91 77 71 59 34 47 55 49 46 46 51 61 70 66 43 33 51 43 58 121 142 143 119 76 67 66 52 53 58 63 78 102 99 91 96
154 153 152 147 147 150 149 149 146 135 143 146 141 145 152 142 146 149 150 145 136 136 136 126 115 95 77 58 53 50 51 41 27 21 21 24 14 34 43 47 58 63 65 63 61 63 67 70 75 70 66 59 62 73 77 78 75 71 46 12 32 44 45 45 51 51 58 65 59 35 32 61 58 67 107 131 125 98 82 72 66 60 63 59 61 74 92 93 86 93
160 154 156 154 150 153 150 140 137 134 130 134 133 149 130 131 142 141 138 139 138 132 130 128 102 68 49 44 51 49 47 32 31 28 23 14 2 38 52 47 62 66 71 71 67 63 61 60 67 72 73 57 58 76 76 72 74 70 47 19 35 40 45 45 43 48 61 64 56 45 38 44 32 64 102 113 95 88 75 74 64 64 65 59 64 70 79 87 90 97
158 158 157 152 146 145 144 139 142 141 135 139 137 131 135 132 133 142 141 138 135 126 124 127 100 52 43 47 39 44 37 32 36 23 10 9 0 49 72 61 72 81 87 85 78 72 67 60 53 62 73 66 67 80 79 74 72 75 60 43 45 54 54 53 41 45 55 60 60 43 43 35 19 78 101 95 86 78 76 67 65 64 65 68 67 65 72 84 84 88
157 155 152 147 141 141 140 136 130 133 128 130 129 128 134 134 133 131 131 134 125 116 121 128 101 59 35 27 30 42 37 40 34 21 13 3 8 71 95 64 68 84 92 100 103 92 79 73 65 62 68 66 64 66 63 68 71 75 68 53 48 50 51 49 43 44 50 58 60 40 28 35 20 67 85 85 84 77 76 72 69 66 63 62 63 65 72 79 79 81
142 147 151 147 139 134 133 132 129 131 124 121 120 121 130 131 124 128 128 124 114 109 113 114 89 53 27 19 29 41 40 45 23 18 23 5 10 80 118 89 48 80 100 106 112 110 103 101 101 87 85 80 64 44 35 44 52 55 54 50 49 52 53 48 48 47 51 58 64 44 5 5 29 66 77 77 80 74 73 72 73 72 69 66 65 66 68 70 74 74
130 137 142 140 133 129 128 128 128 126 121 119 115 115 121 119 119 128 121 109 105 103 104 106 85 43 20 16 24 34 43 45 22 34 39 8 0 74 122 105 47 61 99 119 119 116 114 124 119 106 104 103 86 57 36 35 45 45 47 47 47 51 51 46 53 58 59 57 62 50 3 8 40 71 76 73 75 72 70 68 70 71 71 70 69 69 70 72 73 71
119 127 133 134 131 128 122 117 117 109 110 116 112 112 115 111 113 116 111 109 108 99 97 103 72 30 10 10 20 32 46 41 31 34 23 7 0 64 108 110 59 37 81 116 117 124 126 136 130 122 119 115 105 88 65 51 50 51 50 46 44 45 45 44 48 60 62 64 75 55 3 19 49 69 71 69 73 71 69 68 70 69 68 69 69 68 69 73 71 69
101 119 132 132 126 119 113 109 110 99 100 106 105 106 111 110 105 108 110 112 107 99 95 89 78 38 12 6 22 38 54 42 33 33 9 1 2 62 100 102 66 28 73 114 117 128 126 127 138 141 139 127 114 103 88 74 59 56 49 42 42 47 48 44 51 60 59 67 81 46 3 31 60 66 66 69 74 72 71 70 73 70 69 71 73 70 68 69 67 66
82 105 121 117 108 103 103 105 103 98 96 98 99 101 104 107 103 107 106 102 96 94 92 85 66 31 11 8 27 41 58 41 37 29 2 8 18 62 102 109 69 27 59 108 121 127 130 142 133 143 147 142 130 119 107 95 79 71 58 43 37 46 51 46 52 60 65 70 67 31 20 48 62 63 65 71 72 72 72 69 68 70 71 73 75 74 71 71 74 75
63 86 102 101 98 97 94 91 91 96 97 96 100 99 96 101 97 100 96 98 97 88 85 90 66 28 11 13 27 39 62 47 45 34 5 8 24 59 101 99 62 31 47 92 119 130 134 140 146 144 141 142 140 132 119 106 90 84 73 48 26 33 50 51 53 57 67 65 49 26 38 45 53 57 66 69 68 72 73 67 69 74 74 71 70 71 72 72 69 73
45 59 71 80 92 96 92 90 86 91 93 96 98 94 91 94 95 101 100 98 96 88 82 86 71 35 22 11 23 47 58 44 53 42 5 13 14 54 87 94 63 42 37 83 125 135 142 139 136 133 130 135 138 138 130 116 97 89 83 69 41 26 39 59 49 61 60 51 39 36 45 47 54 58 61 64 68 68 67 70 72 73 72 71 73 75 72 67 69 67
25 42 55 65 75 80 82 85 87 91 92 91 94 95 93 92 93 92 94 91 83 84 86 80 62 34 21 14 26 46 60 41 44 46 7 15 23 54 87 84 59 47 42 79 123 141 142 138 141 139 140 136 136 133 122 119 106 90 80 81 67 36 27 43 55 57 60 51 47 53 53 55 58 62 67 67 67 73 73 65 71 76 79 77 75 74 71 69 69 69
29 38 43 49 61 69 72 75 83 86 88 88 87 87 86 83 88 84 87 85 78 81 84 77 60 40 29 26 41 55 65 45 38 55 24 5 12 50 84 74 58 47 44 74 121 139 135 137 143 142 138 137 139 131 118 113 104 100 87 75 73 67 50 35 32 40 52 51 50 54 55 59 58 61 70 74 69 68 74 78 77 81 81 76 73 73 75 76 72 72
30 37 41 43 49 56 64 71 76 78 84 89 86 81 79 78 78 79 81 84 84 80 76 74 57 42 33 26 46 60 67 56 32 48 45 7 6 49 72 66 59 45 49 85 127 136 127 136 137 140 129 137 139 125 121 110 101 92 84 79 71 68 66 62 60 61 54 51 50 52 62 64 63 70 70 66 69 72 74 75 74 74 72 70 73 76 77 76 70 72
15 21 25 29 36 43 50 57 63 66 75 81 80 78 78 77 77 78 75 75 78 76 74 79 57 48 41 19 35 56 62 63 40 32 41 16 14 48 66 66 58 44 52 83 117 129 126 136 137 141 132 137 129 112 112 103 94 83 77 73 67 65 68 69 70 73 69 72 72 69 71 68 69 73 70 67 71 74 74 75 80 77 72 70 74 77 74 69 71 73
10 11 11 14 20 26 30 34 50 57 63 64 67 72 74 71 71 74 77 76 75 77 77 74 52 50 51 23 33 55 61 65 54 35 31 20 23 49 65 58 49 45 56 76 102 121 122 120 126 124 127 129 123 113 103 96 84 81 74 67 65 62 63 69 70 67 71 70 71 73 72 77 73 69 73 78 74 71 75 80 74 72 68 65 67 70 72 72 71 72
10 15 17 16 11 10 14 20 32 46 54 55 59 67 69 68 70 70 73 74 72 76 77 73 44 36 44 32 39 53 62 65 66 57 36 27 29 46 62 57 54 52 58 71 90 108 112 108 113 109 113 114 115 109 93 85 83 81 71 64 66 67 66 66 69 63 66 69 73 75 72 76 77 75 76 75 72 74 74 71 63 69 75 80 89 104 122 134 131 130
7 13 20 22 18 13 11 11 11 30 45 50 56 60 64 69 67 66 67 70 72 72 72 72 52 28 33 37 42 45 58 60 62 66 52 53 50 46 52 59 59 54 56 72 88 94 95 94 99 103 101 101 102 95 89 86 84 78 74 72 67 65 67 66 66 70 72 76 72 63 67 70 74 74 74 75 73 65 67 79 99 120 146 162 169 171 173 177 181 179
7 7 6 12 16 19 11 12 9 11 20 33 40 48 56 60 58 62 68 68 65 65 68 69 64 30 22 22 30 54 60 56 61 60 60 67 65 51 50 59 60 56 60 70 79 86 87 82 86 90 92 89 90 91 85 79 81 79 73 72 71 70 66 68 70 70 69 68 67 61 71 73 71 71 66 70 70 81 124 161 172 173 169 166 170 171 169 168 172 169
11 14 6 5 5 11 12 8 8 12 13 11 15 27 37 38 45 50 54 59 65 66 65 66 62 45 37 32 31 45 62 71 66 66 61 61 60 55 56 62 61 59 63 67 69 72 77 78 77 78 81 82 86 87 84 82 82 77 78 78 68 69 72 71 71 70 75 74 74 74 78 68 71 84 82 87 117 160 187 182 170 172 171 168 167 165 164 165 169 167
20 15 6 17 11 3 8 11 11 11 8 5 6 8 10 14 14 18 18 24 35 38 38 42 44 45 43 47 50 52 60 65 69 74 71 67 66 66 67 67 67 66 68 69 67 68 72 75 78 76 76 79 80 78 77 79 78 78 78 76 76 76 71 71 72 70 72 70 74 76 91 108 133 143 153 169 178 177 174 166 167 167 169 169 166 165 166 168 165 164
18 8 9 29 20 2 4 11 19 16 10 7 9 5 3 7 7 6 2 1 4 3 2 6 3 5 7 18 30 34 36 38 51 63 67 67 69 74 77 75 73 73 73 74 77 80 78 72 79 81 83 85 82 75 74 74 77 77 73 72 81 74 67 71 79 76 93 100 113 141 169 182 182 180 173 172 170 168 171 170 168 164 165 168 166 166 168 168 165 165
6 4 12 21 11 6 4 5 14 19 15 7 10 14 10 6 5 3 1 1 0 0 1 2 2 0 1 2 4 6 6 10 14 24 31 37 45 55 62 62 65 73 77 72 68 69 67 62 74 70 65 69 75 78 78 70 71 71 73 74 66 60 99 140 149 156 169 171 178 179 174 174 167 169 170 172 170 166 167 170 169 164 164 167 166 165 166 165 170 170
6 6 10 9 1 7 8 8 6 11 11 8 9 11 10 9 10 5 2 1 0 3 5 4 1 0 6 8 7 7 5 8 4 6 7 11 15 18 22 21 30 33 33 30 32 35 32 26 21 25 23 25 30 43 61 63 65 63 61 65 59 54 127 192 185 173 177 178 174 170 170 166 169 171 170 168 168 169 168 166 166 165 167 169 168 165 166 166 166 167
9 9 7 8 2 6 11 12 5 7 10 9 4 2 7 14 13 11 5 2 3 5 6 6 7 6 4 7 8 5 4 3 6 5 4 6 7 8 13 13 7 9 10 12 15 17 20 23 24 26 20 17 18 31 56 63 60 64 60 64 59 55 131 182 166 175 180 175 174 171 173 167 167 168 168 167 168 169 166 164 165 168 169 169 168 167 167 170 168 169
1 10 5 8 4 7 12 6 0 12 22 15 3 3 7 6 11 15 12 8 11 11 8 8 7 10 1 4 5 0 5 5 7 7 6 5 3 7 18 24 27 29 31 31 26 20 26 39 53 43 25 17 20 40 73 85 71 69 65 70 64 79 164 184 177 173 170 172 174 170 176 169 170 169 169 169 170 171 170 170 170 171 168 165 166 164 164 167 168 168
8 11 7 7 4 8 5 6 9 19 22 16 10 5 2 0 7 10 12 11 8 7 6 5 5 1 4 2 1 4 3 8 7 4 8 5 7 23 37 51 66 70 61 42 28 23 21 20 25 14 22 27 38 71 90 88 79 69 69 64 72 129 179 179 179 173 171 171 169 170 172 173 170 172 168 168 171 169 168 168 166 170 168 167 168 165 163 166 167 167
15 14 16 7 7 3 9 7 11 18 24 18 6 3 5 3 2 4 7 7 5 3 2 2 0 3 7 2 0 3 4 4 5 9 6 7 17 22 39 68 83 78 69 57 43 26 15 12 6 16 40 51 62 79 81 74 68 77 81 97 140 181 182 160 175 170 168 170 171 172 173 171 167 170 166 167 170 168 167 166 169 168 165 163 166 167 168 170 167 167
20 20 17 11 3 5 9 10 7 20 25 15 4 4 6 4 0 1 4 5 4 1 1 1 1 3 4 5 3 3 8 9 10 11 9 15 18 14 17 22 33 41 48 51 51 47 42 40 47 62 77 77 83 99 108 117 127 134 149 171 184 180 171 168 171 167 166 168 169 170 170 168 168 170 167 167 170 168 169 168 167 166 165 165 165 166 166 164 165 165
20 22 14 11 6 14 16 21 10 28 24 6 3 5 4 5 3 2 3 5 3 1 1 2 0 0 0 7 7 2 5 3 11 3 22 62 89 96 90 82 81 89 96 103 114 124 130 131 140 147 151 150 157 167 173 181 180 180 184 180 168 167 171 168 170 169 168 166 165 165 167 168 169 170 167 167 169 168 170 169 164 164 167 167 164 163 163 161 164 164
24 21 15 7 16 16 20 21 23 30 19 3 2 4 4 7 6 4 3 3 1 0 0 2 0 4 4 7 5 3 8 7 8 1 45 115 175 196 177 165 171 174 182 192 193 186 183 188 175 180 187 187 182 174 168 170 168 165 165 169 170 166 166 170 169 170 169 166 166 167 168 169 168 169 166 168 168 167 168 166 167 166 166 165 162 163 166 166 166 166
25 21 17 17 23 22 20 20 21 16 11 9 7 6 6 7 8 6 4 2 0 0 1 1 0 0 3 9 7 2 7 14 12 3 64 136 166 167 156 166 174 169 165 166 169 167 163 163 163 162 165 170 171 168 166 167 171 167 163 164 171 171 166 164 165 167 166 165 168 170 169 167 167 168 167 170 170 168 167 163 171 168 165 162 161 163 164 163 165 166
20 19 21 35 31 32 25 23 11 6 8 13 12 10 8 5 8 7 6 3 2 3 3 2 5 1 4 9 13 12 6 4 11 0 64 135 149 142 149 169 166 169 168 165 166 168 165 161 165 167 167 169 170 168 167 168 166 167 169 167 166 171 172 167 163 166 165 164 168 170 168 165 168 167 166 169 170 168 168 164 168 169 165 161 163 163 162 161 165 165
18 14 30 40 34 23 21 12 11 13 12 11 13 12 8 5 6 6 6 3 2 4 4 1 4 5 4 0 22 56 53 33 35 48 84 115 136 158 168 167 166 165 163 165 167 165 165 168 168 169 164 163 170 172 170 167 164 168 169 168 168 167 168 170 166 170 169 166 167 169 167 166 168 166 163 165 166 166 168 164 163 167 165 161 164 165 166 170 167 167
19 25 28 23 20 13 17 17 17 16 10 11 5 7 11 13 15 13 11 5 5 6 2 8 2 3 2 12 75 133 136 111 109 132 144 148 161 167 165 166 163 162 164 169 170 166 166 169 168 166 167 167 168 168 166 168 168 169 171 168 169 163 162 162 167 163 168 167 166 167 171 164 165 167 167 162 167 166 167 166 166 166 166 167 167 165 165 166 164 165
21 24 24 18 17 12 18 18 18 16 10 10 5 8 15 19 16 13 12 5 5 6 3 9 21 22 47 98 152 167 166 169 156 172 173 165 166 166 162 165 163 163 165 169 169 166 165 168 169 166 168 169 169 169 166 167 169 169 171 167 168 162 162 163 168 163 168 167 166 166 171 163 164 167 168 163 166 164 166 167 166 166 166 167 167 165 164 166 163 164
