170 170 161 164 166 164 169 161 144 150 163 166 157 155 162 165 167 168 168 168 171 170 167 169 169 175 176 174 170 171 175 172 177 179 173 173 178 174 173 179 175 175 174 172 172 174 173 171 173 169 172 171 170 172 169 171 173 168 167 168 171 172 171 176 170 171 170 169 171 170 169 173 169 168 169 171 171 168 168 169 168 167 171 169 168 168 165 168 166 166
178 155 132 136 149 151 136 106 99 116 121 117 120 122 121 124 127 154 176 173 170 173 173 176 182 168 169 176 186 184 174 182 181 183 182 180 182 185 184 178 177 178 176 173 175 176 172 170 174 173 172 173 173 172 172 169 171 169 169 167 171 175 174 176 173 172 171 172 172 172 172 173 171 171 171 170 170 169 168 167 169 167 169 167 167 167 165 167 166 167
140 102 84 96 100 86 67 51 54 62 52 44 55 59 50 47 57 74 95 93 92 105 125 151 175 184 200 200 194 182 168 177 168 167 174 181 177 166 165 172 177 183 182 179 179 176 170 168 178 175 171 178 176 169 175 179 174 174 174 170 172 177 175 173 175 172 172 173 173 174 174 172 175 176 175 172 172 173 172 168 168 166 167 167 167 168 166 167 168 169
77 59 58 63 57 46 35 35 41 38 28 25 31 34 28 24 26 19 23 20 19 27 39 65 87 138 168 162 157 170 187 190 176 120 88 94 99 102 112 123 150 166 179 182 178 174 176 178 173 176 175 175 174 173 177 175 177 176 177 174 174 177 175 173 175 171 172 173 172 173 174 170 175 174 172 170 170 171 170 168 167 167 168 169 169 169 167 167 169 169
60 56 58 53 51 49 39 38 34 35 37 37 33 30 31 34 36 31 33 30 31 34 29 31 35 56 64 69 85 112 160 207 218 168 100 61 71 94 112 135 150 158 170 183 189 191 192 186 189 180 177 174 173 173 173 177 175 172 174 175 176 176 175 176 175 171 173 174 171 173 174 171 176 172 169 169 169 168 168 168 168 170 170 169 168 167 168 168 168 168
60 64 64 51 44 42 35 36 33 38 40 36 32 31 33 36 35 34 36 35 36 38 35 34 44 31 25 27 31 32 80 173 242 248 204 141 139 166 175 187 196 190 182 191 201 205 208 202 197 194 194 180 171 173 172 176 176 169 172 176 175 174 172 175 175 174 174 174 172 173 174 173 177 172 169 170 170 168 167 168 172 173 170 168 166 165 168 169 169 168
48 58 58 40 29 33 35 34 36 37 33 29 32 37 37 35 34 32 31 36 35 32 37 40 42 41 42 39 40 29 30 68 116 167 219 215 189 191 204 214 218 206 178 164 164 168 189 207 202 198 199 200 191 179 172 174 178 171 174 177 175 173 172 174 176 176 174 173 173 174 174 174 174 172 170 169 169 168 167 166 172 173 169 168 166 166 170 169 169 169
52 42 36 36 32 29 33 37 37 33 32 31 31 35 38 33 31 33 31 36 36 33 38 33 38 39 36 40 48 49 42 31 24 41 95 155 188 183 181 208 229 206 154 124 123 131 162 194 220 206 195 205 210 199 189 179 178 172 175 178 177 177 176 178 175 176 173 171 173 173 172 173 173 174 173 172 172 173 171 168 169 171 168 169 169 169 172 170 168 168
49 39 42 37 31 34 35 41 38 35 33 33 30 32 35 32 31 41 44 41 49 49 38 41 42 46 45 52 53 58 47 37 40 24 15 42 100 150 172 175 208 169 108 101 106 103 140 171 189 204 214 214 216 210 196 193 187 180 172 173 172 177 176 174 169 174 173 173 174 174 174 170 173 174 176 176 174 170 169 168 168 167 164 166 168 166 168 170 167 170
37 33 42 51 48 42 39 36 33 28 32 33 36 43 48 57 60 57 60 63 66 61 55 61 71 79 85 91 84 77 65 63 53 40 25 11 32 106 162 160 160 118 69 75 116 149 177 190 181 196 215 225 225 212 198 201 202 187 164 166 177 178 179 171 171 173 171 174 177 176 175 171 173 173 172 169 170 172 170 167 171 172 170 170 169 166 168 170 167 170
37 39 48 59 53 41 37 30 31 28 36 42 57 70 68 74 69 65 76 87 89 86 90 98 121 131 139 146 140 136 131 134 129 118 113 112 122 157 182 179 173 163 151 146 164 189 193 188 188 185 193 210 225 223 211 207 212 199 174 162 177 171 171 176 173 174 173 175 175 170 170 170 173 172 170 168 169 171 170 168 170 171 169 170 170 167 170 171 171 174
41 44 52 56 47 38 34 30 29 43 58 71 91 103 95 91 82 87 102 115 119 125 135 143 163 171 174 175 178 182 181 181 187 189 191 197 203 200 193 191 196 196 203 197 189 185 178 176 177 169 168 175 189 201 199 195 209 208 181 135 160 178 171 171 173 174 172 173 172 168 168 169 173 171 171 173 171 168 168 172 169 169 166 168 170 170 171 170 169 171
43 45 54 49 38 33 34 48 81 100 105 108 115 117 119 119 123 131 141 149 154 161 169 174 174 178 179 178 184 187 186 185 190 189 189 188 187 187 187 185 186 189 192 190 189 194 196 190 183 181 179 173 170 173 172 168 178 181 167 132 161 182 176 172 176 176 172 171 173 172 170 165 170 169 171 173 171 167 168 173 172 172 168 169 171 169 170 169 170 171
40 46 55 45 37 42 64 105 135 147 141 142 143 138 144 145 155 160 164 172 179 178 179 180 172 174 177 177 184 180 181 185 174 177 182 185 184 184 190 196 194 196 196 199 198 196 200 197 196 194 196 191 185 181 173 169 164 164 167 168 172 162 166 168 165 173 175 174 172 170 173 173 167 168 168 167 167 169 170 169 169 172 171 171 169 168 172 174 170 170
37 48 52 53 73 101 131 169 178 180 171 170 173 173 176 176 170 172 172 179 182 180 179 177 176 177 180 178 183 174 172 174 160 165 166 170 182 190 192 195 195 202 202 200 201 204 205 200 196 196 198 195 190 186 180 182 175 174 173 176 169 161 166 162 159 159 158 163 170 172 174 172 167 169 168 166 167 170 169 166 167 172 171 171 169 168 173 177 173 173
45 55 50 71 129 173 188 192 188 191 190 185 185 189 188 187 185 186 181 179 177 177 182 179 179 182 183 177 184 173 163 154 138 138 145 157 170 181 191 198 203 204 205 203 204 206 204 206 201 200 198 193 195 197 194 196 188 185 177 173 167 167 163 162 158 157 155 157 158 156 161 166 170 170 170 171 170 169 167 166 173 175 173 172 170 169 173 175 171 172
48 56 68 93 134 180 183 191 191 192 190 189 189 189 188 187 189 189 184 181 183 182 181 184 182 183 187 189 178 154 146 142 125 126 143 151 159 166 179 191 197 201 204 203 205 212 204 206 205 204 205 205 202 198 196 196 190 186 176 170 161 159 163 155 156 162 161 151 150 153 147 142 151 162 173 177 173 171 171 172 171 173 168 169 174 174 172 169 171 171
46 47 62 75 111 166 175 184 198 196 197 197 196 199 199 194 193 191 189 186 185 183 184 185 183 186 189 189 168 138 126 134 139 137 141 148 160 151 154 181 195 197 202 210 211 214 208 208 209 208 208 209 207 203 198 194 194 186 179 168 165 167 153 140 144 149 156 153 153 156 150 143 132 138 144 155 172 182 178 171 168 172 173 171 168 169 173 173 171 171
38 35 46 47 84 147 161 176 198 197 199 200 199 199 199 195 197 193 192 190 186 186 188 189 190 190 195 185 147 126 117 128 138 136 134 126 112 99 133 184 198 199 202 214 213 212 210 211 211 208 208 210 211 209 203 197 195 186 185 181 175 169 158 153 146 144 151 155 157 161 159 156 144 140 132 134 150 164 172 178 176 178 171 172 177 175 172 173 171 171
41 42 57 61 68 83 110 170 198 200 201 202 203 199 196 198 198 195 192 191 188 189 192 195 201 198 204 179 122 124 126 126 133 129 112 86 55 61 139 197 197 203 204 214 212 211 213 214 213 209 206 206 208 208 204 198 195 184 179 184 177 170 172 164 157 150 151 156 160 163 163 166 157 151 142 136 133 132 144 161 176 175 173 174 174 178 178 167 171 172
37 42 55 66 58 46 86 153 189 193 199 203 204 201 199 200 198 197 194 193 194 193 194 199 197 198 205 170 110 125 135 132 134 117 73 44 31 61 153 195 187 200 205 214 212 213 216 215 217 213 208 206 205 204 200 194 193 186 177 179 177 169 159 142 139 140 143 146 152 157 157 160 163 155 150 146 133 122 122 127 152 175 184 180 179 178 175 169 172 173
44 45 45 57 69 86 137 166 160 175 194 201 199 201 202 196 199 200 198 198 200 197 195 200 198 205 204 162 110 112 118 125 134 95 53 38 33 73 163 190 188 195 202 211 210 213 216 216 217 216 215 211 209 207 202 197 190 185 181 174 165 147 133 143 151 158 160 154 157 162 158 156 161 155 153 148 137 130 126 119 124 138 163 181 177 172 176 176 170 171
41 45 43 56 82 113 160 160 123 166 198 200 198 202 202 198 200 201 201 201 200 198 198 203 199 207 195 151 113 102 103 121 127 70 39 34 32 76 159 193 195 185 195 212 209 212 215 216 215 217 217 215 211 209 205 200 186 180 176 166 154 146 154 181 176 171 168 166 168 169 163 161 149 150 152 149 142 139 134 127 117 113 120 151 180 187 181 173 171 171
67 76 66 69 103 131 138 94 97 167 206 201 201 203 199 202 200 199 202 202 197 196 201 205 202 205 187 142 114 98 100 120 110 55 34 39 59 97 148 185 195 172 188 216 213 214 215 216 213 215 216 213 208 205 201 196 189 183 168 155 147 153 163 155 135 118 120 139 156 162 162 165 155 155 155 153 148 141 133 128 135 127 112 109 131 168 187 178 175 174
76 83 81 72 72 94 69 54 128 197 205 203 205 203 201 202 198 199 201 202 202 205 208 208 206 206 186 146 114 95 81 105 90 38 31 55 115 147 153 179 190 162 185 210 214 213 215 216 212 221 214 213 209 206 193 194 189 171 156 143 141 132 98 73 87 116 124 137 151 163 157 157 162 155 149 149 150 144 139 141 140 137 130 114 101 117 154 177 177 170
67 83 95 81 61 63 76 100 168 208 207 204 203 203 203 201 198 199 204 207 204 205 210 211 212 206 183 147 114 85 67 88 70 45 23 48 79 153 172 179 177 149 182 213 216 214 216 218 221 216 217 222 207 199 193 193 182 157 133 123 110 70 55 95 156 177 165 147 144 154 157 153 160 153 151 152 151 149 149 150 150 145 143 137 124 103 103 132 176 183
64 80 102 112 116 120 146 172 195 207 204 205 204 207 207 204 202 202 207 210 207 206 209 211 217 207 176 141 106 75 59 78 66 32 28 25 21 62 154 188 171 139 181 217 215 212 212 213 216 217 215 212 202 200 190 178 159 133 109 83 51 33 79 164 201 192 146 110 125 148 160 150 158 154 157 160 157 157 159 157 158 152 154 147 142 128 98 86 129 157
63 96 122 145 161 169 188 203 205 203 203 205 201 203 203 199 202 203 205 208 211 208 208 212 219 211 178 138 96 65 56 72 61 28 35 30 15 17 118 168 161 131 179 217 214 213 213 212 212 213 214 213 206 200 181 157 124 93 70 52 45 75 136 187 193 172 108 71 108 140 160 162 165 163 165 166 166 166 164 161 162 156 159 157 152 145 122 102 88 104
89 140 163 187 197 205 210 214 213 207 205 201 198 197 199 197 198 202 202 205 212 210 208 216 219 216 190 145 89 53 47 63 54 30 24 27 26 22 88 142 145 130 183 218 214 214 214 212 213 211 218 214 204 198 173 127 82 58 47 59 86 123 162 190 186 165 89 38 82 125 154 171 180 179 173 171 174 174 170 169 169 169 165 167 161 146 139 136 104 85
142 188 201 218 219 221 217 219 214 209 206 200 201 199 202 199 199 205 204 206 210 207 206 215 216 214 198 150 78 40 40 60 52 28 25 25 21 20 92 146 121 134 191 218 215 213 214 213 215 213 215 207 200 180 133 76 53 52 71 108 137 154 172 188 177 161 89 19 46 117 160 177 190 191 185 182 186 184 176 176 181 182 177 178 168 159 158 143 127 93
190 211 211 218 219 219 217 217 215 211 206 200 201 197 202 198 204 207 208 208 208 206 206 210 209 208 202 147 64 31 38 61 49 32 26 29 27 52 120 142 97 138 195 215 215 214 216 214 217 210 209 207 193 137 85 61 73 94 126 151 159 166 178 183 183 176 128 48 43 136 191 190 194 196 195 195 196 190 183 181 189 185 187 191 181 174 173 158 138 111
205 215 218 222 224 219 222 218 214 208 202 196 197 191 203 201 205 204 207 210 209 210 212 209 201 205 205 143 54 27 37 55 45 34 26 41 72 94 131 113 90 145 198 211 214 213 213 208 213 206 211 201 163 104 90 103 114 145 165 168 169 175 182 184 179 190 172 78 24 119 195 195 197 198 200 200 197 192 188 187 186 189 190 189 192 191 181 174 158 141
218 224 225 225 223 220 221 222 211 208 204 199 194 195 200 203 207 203 206 212 215 216 216 214 205 204 203 140 48 28 37 52 43 31 36 52 89 111 111 95 100 165 202 211 219 215 208 213 217 210 203 179 140 130 146 149 147 165 177 185 186 178 180 186 184 190 175 68 8 68 168 194 197 196 204 205 201 197 192 196 192 189 196 196 197 194 191 187 179 169
222 226 224 223 222 220 221 221 211 210 203 195 196 200 201 200 202 209 212 211 211 213 214 213 206 198 191 140 60 37 40 48 45 33 33 47 58 77 92 92 127 174 207 215 212 210 212 215 213 221 202 168 155 166 167 147 162 178 188 188 185 176 173 184 192 191 154 57 9 22 135 185 189 196 202 204 200 197 195 193 195 196 201 194 194 194 195 191 187 177
225 227 224 222 222 221 220 216 208 210 201 192 194 199 197 195 200 206 206 206 213 218 214 210 206 201 194 154 80 43 41 49 51 42 34 39 31 62 104 121 162 186 208 220 220 213 211 210 209 210 193 179 183 189 184 172 168 175 187 183 184 189 182 187 195 189 128 49 21 12 112 181 181 192 192 194 195 196 200 195 193 196 203 199 200 199 198 193 193 184
224 226 223 222 222 221 218 211 206 209 203 193 191 193 193 192 201 200 200 207 216 216 211 208 205 198 191 167 111 65 51 50 57 47 34 36 34 64 116 141 166 195 211 214 217 215 210 206 206 202 194 194 198 204 203 194 164 160 187 192 184 190 188 193 199 182 107 49 24 27 94 179 183 190 189 190 193 197 200 195 195 191 196 197 203 203 202 201 192 183
221 223 221 221 220 220 218 211 207 206 203 197 191 190 192 192 199 199 206 212 210 204 204 207 205 198 190 177 138 90 67 59 62 53 43 45 55 76 132 172 186 204 212 217 220 211 206 211 207 199 193 194 198 208 211 199 152 106 136 184 191 189 193 204 208 164 84 50 43 65 100 177 185 188 192 189 190 191 187 188 193 190 194 195 202 203 203 203 197 188
220 220 218 218 215 215 217 212 206 200 198 196 190 188 190 191 193 197 205 208 202 199 201 202 203 195 186 173 149 105 78 68 65 60 51 53 87 123 168 190 199 209 215 217 216 212 210 205 206 197 190 194 198 201 208 210 164 61 53 138 188 191 195 207 210 152 71 39 65 111 136 181 188 190 193 187 183 182 178 186 188 190 196 193 199 202 201 199 199 190
221 218 215 214 210 208 210 207 202 198 195 192 188 185 186 189 189 193 197 196 195 196 196 193 187 187 182 162 142 104 82 79 70 70 64 62 91 142 182 192 192 199 210 214 205 199 204 205 201 201 198 196 197 203 212 213 178 73 19 86 162 184 198 213 206 150 76 24 58 117 139 170 195 197 193 184 178 175 175 182 182 185 190 187 195 200 201 200 201 192
223 218 213 212 206 202 203 199 200 201 196 191 188 184 184 190 187 193 194 190 189 188 187 188 190 187 179 155 141 109 83 78 76 74 78 88 98 139 172 187 201 212 215 209 201 202 206 200 202 199 198 197 196 204 211 200 181 108 28 53 132 174 196 207 200 141 78 24 55 108 107 138 197 201 189 180 173 166 166 165 172 174 182 189 202 203 199 198 199 190
219 218 216 212 207 198 193 193 194 194 187 190 191 184 182 180 183 186 193 194 188 186 185 182 182 179 167 158 148 124 97 82 81 91 101 110 121 148 183 202 208 207 207 203 203 203 198 196 197 200 198 194 200 208 205 194 182 150 59 39 99 152 184 210 195 135 76 30 91 162 153 144 191 212 198 172 167 160 156 146 158 169 174 192 202 204 201 199 200 195
217 215 208 202 203 204 199 192 189 188 183 181 181 177 179 184 182 184 188 189 188 188 188 186 177 176 167 158 153 141 121 105 102 117 134 148 157 169 189 202 199 201 203 201 199 198 195 196 197 198 199 200 200 202 203 201 190 174 118 65 76 128 164 201 196 131 71 34 87 169 189 173 180 202 205 170 153 150 136 128 147 156 169 191 196 201 206 203 193 187
207 210 207 200 198 199 197 194 186 183 180 179 182 182 181 187 185 187 185 185 188 191 188 185 187 174 164 166 166 155 140 132 131 149 169 187 195 193 196 201 204 203 204 201 199 197 197 202 204 203 208 211 208 208 209 206 189 171 132 72 64 105 130 170 187 128 72 31 58 122 145 129 155 192 193 166 147 132 120 115 134 145 164 193 199 201 203 199 186 178
207 202 199 198 195 190 189 189 187 185 185 181 179 176 171 177 184 186 183 182 189 191 186 181 176 173 171 169 167 165 162 159 159 173 186 201 213 212 209 208 219 221 225 221 212 206 206 214 213 214 220 225 227 232 225 208 187 156 103 63 61 75 92 144 179 121 63 32 76 141 148 136 158 189 184 165 138 113 105 103 127 144 161 187 196 195 196 200 186 180
214 204 199 200 196 190 191 195 189 182 179 176 177 176 167 169 174 177 177 180 188 191 185 181 179 177 175 171 165 161 159 156 167 180 188 199 213 219 220 218 213 213 218 223 225 222 215 214 211 213 220 226 234 240 226 198 171 131 76 58 63 55 64 123 172 130 67 41 94 163 177 174 161 179 181 161 128 115 111 116 130 137 149 179 194 195 189 183 169 166
205 199 197 196 192 189 190 191 181 179 178 177 177 172 166 169 169 172 176 180 186 187 184 182 179 178 178 174 162 149 146 150 154 168 178 187 195 199 199 195 191 186 186 189 197 203 204 207 201 199 197 197 201 207 198 179 152 104 61 50 55 52 57 108 156 129 63 42 80 138 159 140 149 195 185 163 136 117 112 113 115 121 140 177 189 191 185 170 159 156
198 193 190 190 190 190 187 180 171 172 169 172 175 170 167 168 169 170 176 180 180 180 181 182 177 182 177 166 160 154 142 132 133 143 153 163 170 175 179 177 178 172 169 170 178 183 179 176 177 181 183 182 181 180 171 158 128 84 61 57 51 46 49 89 142 116 59 42 57 100 121 92 131 210 189 162 129 104 116 124 108 116 137 173 183 184 177 160 153 149
191 188 188 186 180 178 179 178 176 178 171 170 166 159 162 166 165 166 172 177 174 173 179 184 180 180 173 167 164 153 136 128 121 120 119 124 129 137 148 151 154 152 151 148 150 152 149 148 150 160 162 157 156 158 155 149 112 70 50 56 50 39 43 75 127 95 52 42 50 98 129 115 144 206 191 165 127 108 106 95 82 107 138 175 187 184 177 169 158 153
186 179 177 177 174 174 178 179 176 174 167 161 155 157 161 158 160 166 170 176 177 176 180 182 177 173 168 168 163 154 139 117 108 95 91 93 90 90 104 119 123 116 108 105 111 118 121 124 129 137 128 129 136 142 145 128 90 60 54 50 44 36 36 63 105 77 52 47 74 120 157 149 172 202 184 150 126 100 95 85 79 99 129 160 178 184 183 176 165 165
182 181 178 178 178 174 171 174 174 173 169 168 163 153 155 161 161 166 166 170 176 177 177 176 171 167 159 156 149 132 116 102 85 74 69 69 65 61 64 71 79 81 86 88 91 94 95 98 106 112 112 117 120 126 128 108 78 56 53 48 42 38 36 57 86 65 49 48 79 124 153 148 182 195 171 138 112 94 91 84 89 107 130 156 173 180 182 179 177 178
181 180 177 176 177 176 175 178 167 171 164 159 160 158 157 158 157 163 169 175 175 173 176 176 173 165 150 142 131 108 86 73 64 60 57 58 57 52 51 55 63 71 79 84 85 87 90 91 93 96 94 94 102 115 114 95 75 57 53 42 34 35 36 52 68 60 51 41 69 109 127 126 183 177 152 127 96 85 77 74 98 117 138 157 171 174 172 167 173 168
181 177 179 181 177 176 175 169 172 168 160 160 162 158 159 162 166 164 169 178 175 171 174 171 179 171 154 133 108 80 58 47 52 55 53 51 51 47 47 54 61 71 77 81 86 91 95 93 91 92 82 79 101 119 109 90 70 57 54 43 35 35 35 46 62 51 44 36 50 55 61 90 170 154 133 119 87 76 65 73 100 120 140 158 170 168 160 152 160 143
181 175 176 178 173 173 172 164 170 167 162 162 158 155 158 158 159 162 166 172 174 174 178 178 170 169 165 145 105 69 51 47 46 50 46 41 40 38 41 51 74 92 98 96 97 98 101 98 99 93 87 98 125 133 110 84 70 54 50 43 36 36 37 47 52 55 46 31 63 88 93 117 160 140 121 108 76 65 58 79 104 115 132 155 167 163 157 154 151 127
180 177 173 171 170 171 170 168 165 160 152 148 149 153 155 148 148 166 171 172 177 178 177 178 177 167 158 131 88 54 41 43 46 44 38 35 35 35 41 54 82 115 125 119 115 114 118 120 113 97 102 136 159 153 128 99 76 53 45 40 35 34 38 49 52 53 47 42 79 99 98 115 128 116 104 92 70 64 67 93 104 105 120 147 159 153 151 153 150 133
177 176 175 173 170 168 167 164 169 153 141 146 149 144 146 151 147 159 166 174 183 184 179 173 177 167 148 110 69 46 37 39 44 38 31 29 29 31 41 56 88 134 148 140 137 134 136 139 127 107 110 151 172 162 141 112 72 48 41 42 39 36 39 48 58 50 47 47 59 58 66 97 99 97 95 80 65 66 75 92 105 108 124 148 158 158 159 157 148 135
174 169 171 170 162 166 172 168 163 158 150 150 146 135 137 148 154 154 164 177 177 174 176 171 170 171 148 94 50 35 33 38 41 33 27 27 27 30 46 65 84 137 155 152 156 153 150 148 144 124 114 144 162 148 126 94 68 43 34 37 38 40 47 56 64 48 43 39 42 43 61 89 87 90 92 74 63 68 81 88 97 107 125 142 151 163 169 160 150 133
166 169 165 159 162 168 166 157 148 146 138 133 136 140 141 142 150 157 172 168 172 169 169 173 166 162 138 75 36 34 31 41 38 31 25 24 24 35 59 75 90 132 159 167 170 163 158 162 160 138 115 131 143 124 103 84 61 49 44 42 39 38 46 62 72 53 39 43 54 48 65 77 80 85 82 71 67 75 86 94 100 110 121 139 161 172 171 169 145 112
162 163 166 167 167 161 153 148 149 146 139 132 130 131 136 143 146 151 162 163 165 165 167 168 165 159 123 63 34 35 35 39 35 28 27 26 24 48 77 80 93 129 162 174 173 171 173 171 172 149 118 113 112 92 76 70 55 47 46 47 46 45 51 64 77 58 42 46 50 45 61 73 78 78 74 68 70 78 86 91 99 108 120 138 159 165 150 132 115 88
157 161 165 162 151 144 147 154 154 149 142 135 130 128 131 138 144 148 153 160 158 160 162 159 162 149 96 46 31 32 35 36 32 25 30 38 39 57 84 87 101 131 160 172 172 177 184 180 169 160 134 105 81 58 45 49 50 47 50 52 52 52 58 70 83 63 38 35 31 36 56 73 76 73 69 72 79 85 88 90 97 108 126 140 148 142 124 105 92 72
153 154 154 150 146 149 151 151 141 138 132 129 129 128 128 127 135 143 141 151 147 149 148 145 150 130 68 35 32 28 34 35 28 23 27 44 64 79 88 84 94 131 159 173 183 187 185 181 176 171 153 117 89 69 51 47 49 47 50 51 50 53 60 71 83 68 41 32 23 37 57 73 73 72 74 81 88 89 89 91 99 107 120 125 120 111 102 94 80 64
143 142 141 140 144 151 149 139 129 126 121 117 120 125 122 115 123 135 131 138 137 138 136 138 140 115 57 35 35 30 36 35 24 26 21 25 46 72 84 77 87 131 160 175 189 193 191 190 180 172 161 130 100 83 67 60 57 53 53 52 52 56 62 70 76 69 44 29 20 38 56 69 72 77 85 92 93 88 87 92 99 99 100 100 100 103 101 94 78 66
134 130 130 134 139 142 138 127 124 121 114 108 110 117 117 109 112 125 125 128 130 131 131 138 141 112 61 36 31 31 38 35 26 26 27 26 29 53 77 76 82 128 165 179 185 190 193 193 186 173 165 143 111 89 75 71 69 61 57 55 58 60 61 64 71 69 47 27 25 43 60 73 80 87 95 98 93 87 87 92 91 94 93 92 97 105 100 89 70 61
115 120 131 136 131 125 123 119 110 106 101 97 100 109 112 106 104 114 123 122 125 125 127 134 134 100 62 38 27 30 38 37 28 20 21 24 23 47 77 77 79 125 164 176 178 184 192 192 190 175 164 151 130 108 89 77 78 69 63 59 58 57 55 57 61 59 42 23 31 45 63 80 92 95 96 93 89 85 85 88 86 91 92 91 91 89 79 72 65 58
104 109 120 125 120 117 113 106 101 97 93 93 97 104 105 100 104 111 128 124 127 125 127 132 115 79 57 43 30 32 38 39 24 26 30 25 23 51 80 75 66 119 162 178 184 187 188 187 184 178 168 158 144 128 111 96 88 80 74 67 60 55 53 58 63 56 37 16 32 48 74 99 98 97 91 85 82 82 82 81 87 85 82 84 85 75 67 68 66 59
99 104 109 112 112 107 100 98 95 93 91 92 97 101 102 101 104 116 113 118 119 113 122 124 112 72 49 41 32 35 41 39 26 26 34 34 29 52 78 73 63 118 161 176 182 183 185 187 183 174 166 159 152 145 136 125 113 96 83 65 63 69 79 88 87 59 29 34 48 70 83 98 87 85 83 85 85 83 79 77 78 79 77 74 72 65 60 63 60 51
97 99 98 98 99 99 97 97 96 95 93 90 88 90 94 97 106 110 108 106 106 106 113 123 113 68 44 42 37 37 42 42 29 31 40 51 59 66 72 70 65 119 159 172 177 179 181 181 184 176 166 160 156 149 139 132 123 101 74 63 84 103 115 125 118 70 41 61 78 90 88 85 82 81 81 81 77 74 73 74 70 71 71 71 67 62 60 61 56 48
93 95 93 92 94 96 95 95 88 90 90 88 86 89 95 100 100 97 101 97 98 104 106 121 116 71 41 40 40 40 44 43 30 31 54 70 63 66 75 72 59 111 153 168 176 180 182 181 178 174 167 163 162 151 138 132 128 114 88 76 96 114 127 130 110 68 52 75 82 81 82 85 81 79 77 73 69 66 68 71 67 66 68 67 62 61 61 60 53 45
84 89 90 89 89 91 91 91 87 88 89 88 89 90 92 93 96 90 92 87 91 99 103 119 118 79 45 38 39 41 46 45 37 28 45 54 47 66 80 64 64 111 151 170 177 177 176 175 170 167 162 159 154 142 131 127 124 116 99 84 85 100 122 117 85 61 52 65 74 81 89 95 81 76 69 65 64 64 66 67 67 66 66 64 62 61 59 55 50 45
78 84 85 82 81 81 84 86 88 88 88 89 89 89 86 83 92 88 85 86 89 93 99 108 113 82 49 41 41 41 47 49 41 32 27 25 41 69 74 59 77 117 153 172 176 171 168 168 164 163 164 162 151 138 129 124 116 109 102 93 88 93 108 96 73 57 54 70 94 108 100 79 73 68 63 62 64 66 64 63 65 66 63 62 64 61 53 48 49 45
77 81 83 82 81 81 82 85 86 87 88 88 88 87 86 84 83 85 83 88 91 91 96 98 102 79 51 46 46 41 47 54 43 38 30 25 44 68 69 65 87 120 150 167 170 164 163 165 159 156 154 148 135 126 122 118 105 96 90 87 90 95 110 114 82 65 81 111 120 102 86 69 64 63 64 66 68 67 64 61 62 64 62 62 65 60 49 45 47 45
71 73 76 79 82 82 82 83 85 86 87 86 84 83 83 82 80 82 80 82 83 86 93 94 93 78 52 47 49 42 47 55 52 39 35 33 46 66 68 66 95 125 150 160 160 155 155 155 149 147 143 136 126 116 108 102 93 85 81 76 81 87 101 114 107 104 112 105 91 76 75 69 64 65 66 67 67 65 63 61 62 62 61 61 60 54 49 47 47 45
61 60 61 67 74 77 77 79 82 82 83 82 81 81 80 79 76 78 80 79 77 79 82 83 89 81 55 45 47 44 48 52 54 41 36 32 42 59 63 68 96 127 150 155 153 150 149 146 141 141 132 123 117 107 95 89 83 77 79 70 74 78 79 80 85 83 84 79 81 71 71 71 69 67 64 61 60 60 60 60 63 59 59 57 51 47 48 49 48 46
56 55 50 47 54 66 73 74 84 80 80 82 82 84 84 81 78 76 78 79 78 78 79 76 79 72 59 52 51 48 46 50 54 51 43 36 39 52 64 67 90 122 143 149 149 144 139 135 135 129 117 106 101 95 87 80 76 73 71 72 74 73 72 73 74 72 74 77 76 72 70 71 68 64 62 61 60 59 59 58 60 61 59 53 49 50 49 45 44 48
48 49 47 45 46 51 59 66 71 72 77 80 78 79 81 80 78 75 74 74 73 75 78 78 75 73 65 56 50 45 47 54 57 57 50 40 40 48 59 67 84 114 132 134 130 126 126 127 119 114 104 97 93 88 81 77 74 73 72 72 73 73 71 72 69 67 67 68 64 61 62 64 64 62 61 61 59 58 58 58 58 56 54 51 48 48 49 48 49 50
36 37 42 48 48 45 47 53 57 62 71 76 75 74 76 75 77 75 75 75 73 73 74 73 72 74 71 63 55 48 48 56 58 62 57 48 47 49 57 69 83 110 126 126 119 113 111 111 104 99 91 86 84 81 78 76 77 77 75 72 70 68 66 64 60 59 59 60 60 62 65 66 64 62 61 61 60 60 60 60 57 54 52 51 49 49 52 54 55 55
36 30 27 32 36 35 35 40 45 49 59 68 73 75 75 73 72 73 76 78 79 78 77 76 74 76 75 71 65 57 53 54 55 60 59 55 54 55 62 72 83 103 116 119 117 110 104 98 95 90 83 80 79 77 77 78 79 79 76 70 67 65 62 59 62 62 62 65 68 72 71 68 66 63 60 60 61 62 62 61 57 54 53 53 52 53 56 59 61 63
44 36 29 26 29 31 32 34 33 36 43 55 66 74 76 76 73 74 75 76 77 77 77 77 76 76 75 75 73 67 60 58 56 59 61 61 58 60 67 75 91 104 110 112 111 105 97 89 87 83 79 77 77 76 76 78 77 76 74 70 67 68 68 65 66 67 68 69 72 74 72 67 64 62 61 60 60 61 61 60 55 56 56 54 55 59 62 61 63 65
30 32 32 28 27 27 27 26 29 30 34 41 51 60 66 69 74 75 75 75 77 77 75 75 76 76 75 75 75 72 69 68 65 66 69 67 63 65 73 79 88 96 101 103 103 99 93 87 80 80 78 78 79 78 77 77 77 75 75 73 71 73 74 72 72 73 74 72 70 69 69 66 62 64 66 65 62 61 61 62 59 60 60 60 61 66 68 66 65 64
22 27 29 26 25 26 27 27 29 29 30 32 37 42 46 50 59 62 66 72 79 82 81 81 77 76 76 76 76 75 75 75 74 76 75 73 72 74 77 81 84 90 92 94 92 88 84 78 78 79 79 78 79 79 78 77 78 76 76 76 75 76 76 73 80 80 80 75 68 66 66 66 65 66 68 67 65 65 66 66 67 65 65 66 68 70 70 69 70 68
25 27 27 26 28 30 28 27 26 27 26 27 30 33 34 36 41 46 51 59 70 76 77 79 78 77 77 77 77 77 77 77 78 80 76 74 80 81 78 79 85 88 87 88 88 85 84 81 78 79 78 76 76 78 77 76 76 73 75 77 77 78 78 74 73 72 71 68 65 63 64 65 69 67 66 65 67 69 70 68 72 68 66 69 70 69 68 68 69 69
27 28 28 26 26 27 27 26 27 27 28 28 29 30 31 32 31 34 36 42 53 66 75 79 80 82 82 80 79 79 80 81 77 77 76 76 76 77 78 77 81 84 84 82 84 87 83 80 80 79 78 78 77 76 75 76 75 73 75 75 76 71 72 69 67 65 62 64 67 69 69 69 70 72 73 73 75 76 76 76 78 73 71 73 73 69 69 71 68 68
27 28 28 27 26 27 27 27 26 26 26 27 28 28 29 29 29 32 35 38 41 47 58 68 73 77 79 77 77 79 80 80 80 80 77 74 77 81 81 79 81 82 85 85 84 83 80 79 81 80 80 80 80 79 79 80 77 71 66 68 70 69 67 67 79 88 102 115 124 128 130 132 130 131 131 130 131 131 131 131 136 135 134 134 132 127 120 116 110 109
26 28 28 27 26 26 27 27 26 26 27 27 28 28 28 28 29 28 28 30 32 34 40 48 52 55 58 60 62 63 65 67 69 76 79 77 78 81 80 77 81 80 84 87 84 81 81 81 83 80 79 78 76 74 72 70 72 93 93 103 115 132 140 144 153 162 173 181 183 181 179 180 183 184 183 182 182 182 181 180 181 183 183 179 179 182 183 181 177 176
25 27 28 27 26 26 27 27 27 27 28 27 27 28 28 27 28 26 25 27 29 29 30 33 36 33 34 37 37 34 35 39 47 61 78 82 79 80 82 82 86 81 81 84 81 81 84 81 74 71 75 77 73 71 64 51 72 159 179 183 180 185 185 183 185 183 179 176 176 175 176 177 175 175 174 173 174 174 173 173 170 175 177 173 172 174 177 177 181 180
26 28 29 28 27 27 27 28 27 27 27 26 26 26 27 26 24 28 29 28 26 26 28 30 30 29 28 30 31 30 29 30 23 38 63 76 72 73 76 72 67 69 76 86 86 84 81 69 49 49 61 71 71 74 68 51 66 177 189 180 175 176 178 173 176 174 171 171 173 174 173 171 174 175 174 174 175 175 175 175 168 172 175 176 176 177 178 178 178 177
27 28 30 29 29 28 28 29 28 29 28 26 26 27 27 27 27 29 28 25 26 28 28 27 28 31 30 27 27 28 26 23 24 37 59 74 74 72 64 50 37 46 57 69 70 64 58 46 36 43 62 78 80 77 70 59 86 178 184 177 178 175 178 177 175 175 173 172 173 174 172 171 172 173 174 173 173 174 173 173 177 174 172 173 175 176 177 178 178 178
27 28 29 30 29 29 29 29 29 29 29 27 27 28 28 27 30 27 24 25 29 30 28 26 26 28 28 28 28 28 30 31 38 53 66 72 74 71 56 38 34 39 37 39 35 31 40 43 47 55 67 78 78 68 68 80 151 184 181 177 182 178 177 175 171 173 174 175 175 175 173 172 173 175 176 176 175 175 175 175 178 177 176 176 178 179 177 175 177 179
27 27 28 29 29 28 28 28 27 28 28 27 26 27 27 25 26 26 28 30 30 27 27 30 29 26 26 29 28 24 29 39 54 72 77 71 74 74 62 50 42 44 36 33 28 28 50 69 73 73 67 67 70 71 97 142 185 179 179 176 178 174 174 175 173 174 173 172 173 174 174 173 171 174 176 175 175 175 175 176 173 176 176 174 173 173 172 170 175 177
26 28 29 28 26 28 29 27 27 27 29 27 27 29 27 27 26 28 27 25 30 26 26 25 22 18 28 27 28 36 48 57 72 73 79 79 77 75 74 58 51 39 34 31 37 56 69 69 66 72 75 85 100 123 159 181 179 177 175 178 177 172 171 172 171 174 172 171 173 170 168 172 171 170 168 168 170 173 174 172 172 175 173 174 174 172 172 172 175 177
26 27 27 26 25 27 27 26 23 23 25 22 21 22 20 20 20 23 21 20 25 20 22 21 24 42 61 47 43 59 70 67 52 52 60 65 72 78 84 72 56 46 46 49 55 64 57 43 42 63 96 141 173 182 184 177 177 176 174 177 176 171 170 170 170 173 172 171 172 170 168 172 173 172 169 168 170 172 172 170 173 176 174 174 175 173 174 174 172 174
