35 26 25 17 17 30 29 44 42 46 58 70 76 95 120 126 142 151 163 163 165 170 164 165 171 177 178 176 178 182 181 179 179 180 181 180 181 183 184 183 181 181 180 180 180 179 179 179 182 178 178 174 174 169 170 170 170 165 155 156 150 148 144 141 139 128 127 119 97 74 65 61 42 58 82 157 79 160 137 167 219 190 210 223 226 227 227 225 228 228
20 22 12 27 24 33 49 65 59 76 51 81 86 103 138 151 146 150 158 158 161 167 165 170 171 176 178 179 181 183 183 183 182 184 184 184 184 185 185 185 187 185 182 181 181 181 183 185 181 180 180 178 178 175 174 171 170 166 159 159 152 150 147 143 146 137 133 126 119 96 83 62 44 38 90 139 147 148 161 184 193 224 199 220 227 225 226 227 227 227
24 12 17 24 24 48 43 53 65 53 72 86 112 144 137 152 162 162 165 164 166 168 167 173 172 176 179 180 182 182 182 184 184 185 185 185 185 186 185 185 184 184 185 186 185 184 183 183 187 187 184 182 179 179 174 170 172 171 166 165 158 155 153 148 146 143 137 135 131 109 77 77 36 37 41 125 151 183 126 133 195 224 218 215 230 223 229 230 227 227
18 18 21 29 21 34 67 60 52 56 86 99 131 146 158 158 161 162 166 167 170 172 170 174 178 182 184 185 185 184 184 187 187 188 188 188 188 189 189 189 189 188 187 186 186 186 187 188 188 188 185 184 180 182 178 176 172 172 168 166 161 157 155 148 151 148 145 138 138 116 104 77 51 34 50 63 163 144 153 130 209 190 217 226 221 225 226 224 227 227
15 18 17 24 50 55 46 46 58 81 96 116 136 141 159 162 160 163 167 168 173 177 177 178 182 187 188 186 186 187 188 189 190 190 190 190 190 190 191 192 191 190 188 187 187 187 188 190 190 190 187 190 185 184 180 181 176 174 170 167 164 160 158 150 149 149 147 139 135 134 108 93 65 46 53 94 155 166 101 182 185 210 225 224 220 226 229 230 227 227
20 28 31 32 31 43 51 65 89 76 106 124 128 152 162 164 167 170 171 171 175 180 182 183 183 188 189 187 188 190 191 191 191 191 191 191 191 190 191 192 192 191 191 191 191 190 189 190 192 192 193 195 191 187 183 183 180 177 173 170 168 162 161 155 157 147 153 151 143 130 131 104 74 52 31 99 133 173 177 150 214 194 225 221 225 228 223 227 227 227
15 18 16 20 30 50 65 79 82 97 109 130 156 157 166 170 167 169 169 171 176 179 183 186 189 191 191 192 194 195 195 196 194 194 195 196 195 194 194 195 200 197 193 191 190 192 195 197 189 190 193 194 195 192 190 188 180 176 174 171 169 162 163 157 157 152 151 145 141 142 127 108 88 58 57 59 144 165 140 193 210 216 222 230 226 225 230 227 227 227
15 12 27 34 49 50 53 71 105 105 120 130 146 163 166 168 172 174 175 181 185 184 186 189 192 191 191 194 197 196 195 196 193 194 195 197 196 195 195 196 196 195 193 191 191 191 192 193 191 191 193 190 194 192 191 186 183 179 178 175 173 165 167 163 160 152 155 153 145 133 131 122 97 70 41 68 98 199 125 173 177 220 227 225 222 228 224 228 227 227
19 34 26 25 32 57 95 95 93 112 106 138 154 161 165 170 173 174 179 187 183 185 187 191 189 195 197 190 196 196 194 196 198 195 196 199 199 195 196 200 196 198 198 196 193 191 190 189 192 193 192 194 195 192 191 188 187 185 180 174 170 168 166 163 161 160 156 149 145 146 136 119 92 71 48 61 74 191 208 208 220 224 228 227 225 225 224 230 227 227
41 25 25 33 60 66 89 81 98 116 123 144 152 163 167 170 177 175 177 184 183 188 190 191 193 195 200 195 198 199 200 200 201 199 197 196 195 196 198 200 196 197 196 194 192 191 191 190 192 194 193 195 195 193 192 188 190 187 183 178 174 172 170 168 166 161 159 156 150 144 136 125 109 80 55 43 55 93 218 222 225 222 224 225 226 227 226 227 227 227
25 21 24 45 54 73 63 85 127 121 128 146 154 164 167 173 178 178 179 184 185 191 192 192 196 194 201 200 201 203 206 205 199 201 202 200 199 199 198 195 197 197 196 194 193 192 192 192 193 195 193 193 192 191 189 185 184 182 178 176 173 169 166 165 164 160 159 157 151 145 139 132 119 93 56 40 58 73 197 224 227 220 223 226 226 228 227 227 227 227
18 20 35 51 54 54 72 125 112 121 140 152 160 169 171 170 176 181 185 187 187 191 192 192 199 197 202 201 202 201 203 204 202 203 202 200 199 200 200 198 199 198 197 195 194 194 194 193 193 195 193 191 189 188 188 183 185 183 181 181 178 173 168 166 161 159 159 156 150 147 143 136 123 94 63 38 62 63 185 222 224 219 225 228 226 227 227 227 227 227
16 30 35 38 51 80 119 121 112 138 153 156 160 161 170 176 176 183 189 189 189 190 192 192 196 197 200 199 206 204 201 206 203 202 201 201 200 199 199 198 199 198 198 197 197 196 195 194 191 194 192 190 189 190 190 186 184 182 180 179 176 171 167 165 165 161 160 158 151 148 144 138 131 99 67 36 49 123 85 229 224 220 226 228 224 225 227 228 227 227
19 16 22 33 64 99 121 123 135 150 145 152 168 166 170 174 182 186 189 187 191 192 193 194 195 198 200 199 209 207 203 208 200 199 200 202 202 198 196 196 197 198 198 198 198 198 196 195 193 196 193 192 191 190 190 187 186 183 180 178 175 172 169 167 166 159 159 160 154 147 144 141 131 107 62 41 79 139 95 227 228 224 226 226 225 227 228 227 228 227
17 18 22 50 68 101 101 139 115 149 159 164 168 165 171 177 185 187 189 186 191 191 194 195 200 199 201 199 205 204 200 200 203 200 197 197 197 197 199 201 197 198 198 198 198 198 197 196 196 198 196 195 193 189 188 185 185 184 181 177 174 172 169 167 163 157 158 160 155 149 145 142 133 120 66 43 48 99 109 221 226 226 228 226 226 229 227 227 228 228
14 16 29 46 92 96 108 104 148 157 154 163 170 169 168 174 183 186 188 185 190 188 192 196 196 192 197 196 200 202 201 197 200 199 198 198 199 199 200 201 198 199 199 199 199 198 197 196 196 198 197 197 195 190 189 186 185 185 183 180 177 175 171 167 161 160 162 160 155 152 148 141 136 119 72 44 31 90 97 214 220 225 229 227 227 228 226 227 228 228
19 14 26 49 84 87 99 139 154 155 160 163 168 166 173 173 178 187 185 188 191 190 196 193 193 199 198 197 199 196 202 198 195 195 195 194 194 197 201 200 198 198 199 201 203 202 200 200 202 194 199 195 194 199 188 187 185 185 181 180 177 174 173 169 167 159 157 158 151 151 147 145 140 130 74 42 32 78 89 216 225 226 226 227 226 227 228 228 227 227
13 22 30 51 71 109 120 139 143 157 157 164 170 172 169 174 181 183 190 187 186 190 191 198 203 196 194 196 196 196 203 191 198 196 196 197 196 196 197 195 198 199 200 199 200 203 203 200 198 197 198 195 193 192 187 188 190 185 188 181 178 169 172 166 160 162 161 156 151 153 142 147 142 131 86 33 47 50 112 216 225 226 227 227 227 227 228 228 227 227
19 19 38 49 79 103 124 134 145 160 158 162 167 171 170 175 182 186 186 191 192 189 193 195 197 195 200 195 203 202 192 198 195 193 194 197 197 198 199 198 202 197 196 201 203 201 202 206 200 205 195 192 200 197 195 196 196 188 191 183 183 176 171 168 165 157 158 154 150 148 147 144 141 134 89 57 30 41 160 214 226 226 227 228 228 228 228 228 228 228
13 22 26 56 73 107 116 141 155 159 163 163 166 167 176 176 182 187 185 192 193 190 197 193 193 197 201 205 205 197 202 200 199 198 197 197 195 197 198 197 200 202 200 197 200 206 208 204 206 202 201 201 203 207 212 199 197 201 189 184 183 181 177 169 155 153 147 138 143 141 152 145 139 140 91 65 32 54 165 226 226 227 227 228 228 228 227 227 227 227
19 20 29 52 73 90 110 138 154 158 164 168 171 169 177 177 182 183 189 187 184 190 194 197 196 194 196 194 197 196 197 198 201 202 202 198 195 198 200 198 204 204 202 200 203 207 207 204 202 210 209 206 217 212 208 212 212 202 207 186 178 161 147 161 118 89 82 105 106 112 122 136 141 138 98 31 21 52 203 225 227 227 227 227 227 227 227 227 226 226
19 18 32 61 75 95 120 143 151 163 161 168 172 172 170 179 177 180 184 185 184 189 195 193 193 206 192 192 204 197 205 203 202 203 203 201 199 203 206 206 211 205 204 209 209 204 203 208 211 213 213 213 222 213 212 214 185 185 143 128 95 107 108 85 80 92 112 73 71 90 114 122 136 146 116 46 27 95 198 225 227 227 227 226 227 227 227 227 227 227
11 20 32 51 67 96 121 134 154 165 162 165 169 170 168 176 172 177 176 186 187 187 197 188 189 194 201 198 201 207 212 208 215 210 206 204 202 203 207 209 208 214 216 210 207 210 211 207 216 218 211 209 220 211 204 184 138 129 109 115 123 87 100 143 131 154 153 155 158 142 80 67 113 145 125 43 39 158 216 227 227 227 227 227 227 227 227 226 227 227
14 19 25 44 76 97 125 152 155 160 166 165 168 167 173 170 172 170 179 184 183 187 192 193 193 206 209 203 214 221 221 223 226 215 207 205 203 203 208 213 208 218 221 214 209 213 215 212 213 212 211 211 206 200 194 135 137 122 127 127 117 126 143 184 179 186 186 186 179 169 155 129 125 143 131 52 46 219 219 225 227 227 227 227 228 227 227 226 227 227
17 19 29 41 72 93 129 141 154 171 169 159 165 158 175 165 165 174 157 145 127 123 160 177 166 171 191 178 199 203 200 202 198 209 201 201 202 208 209 210 208 215 209 217 217 212 211 211 206 206 205 210 205 193 181 139 149 123 134 149 171 165 184 191 193 187 180 182 176 160 166 153 122 142 142 53 67 211 220 224 227 227 227 227 228 228 228 229 228 228
14 16 30 55 58 97 135 145 165 161 163 167 161 159 160 158 152 152 123 124 134 116 122 145 106 129 114 94 117 110 92 111 117 131 146 166 174 195 183 204 206 203 209 215 214 209 215 207 203 208 205 203 201 193 177 148 153 168 173 176 181 181 186 183 186 183 180 183 176 167 160 154 146 143 151 82 68 219 223 227 227 227 227 227 227 227 227 227 227 227
15 16 34 39 68 121 144 147 160 163 165 159 166 163 159 139 110 96 83 110 149 164 168 161 140 138 125 109 117 109 97 131 101 100 120 138 143 168 180 198 202 204 203 202 213 210 211 216 198 204 205 196 183 174 169 171 175 170 168 174 174 172 189 178 179 183 171 172 162 160 159 151 152 137 148 70 74 216 223 224 227 227 227 227 227 227 227 227 227 227
16 24 22 41 80 119 141 153 160 158 167 161 160 152 98 90 104 154 172 179 200 204 206 221 216 201 171 147 143 146 150 113 134 111 123 159 149 165 166 180 198 198 201 205 201 204 201 202 198 194 200 198 187 179 166 166 163 149 161 154 151 147 160 172 157 173 160 158 160 155 153 142 152 146 147 104 82 224 226 227 227 227 227 227 227 228 228 228 227 227
26 22 26 39 75 127 144 145 155 159 169 164 149 141 121 149 162 180 188 190 195 202 205 204 204 199 196 195 191 181 185 163 175 154 167 157 160 175 178 189 199 200 203 206 200 203 200 201 205 196 193 185 181 171 153 150 141 140 122 108 96 76 97 106 107 116 105 140 136 149 146 149 149 145 150 130 136 223 229 225 226 227 227 227 227 228 228 228 227 227
22 17 22 47 74 110 148 154 157 164 160 156 148 140 157 161 178 182 184 189 190 191 197 197 200 191 192 187 186 182 173 182 176 171 177 178 172 183 180 184 192 197 197 194 201 198 200 206 194 196 193 181 169 146 139 150 140 94 73 118 54 53 69 41 52 86 73 106 130 140 147 147 146 150 147 140 165 223 227 229 227 227 227 228 228 228 228 228 228 228
20 17 23 37 63 121 143 152 159 159 161 163 151 159 159 167 170 179 179 185 190 187 190 193 182 183 162 159 167 162 167 150 149 161 162 162 165 173 189 178 189 190 198 203 202 198 204 195 199 190 181 161 145 130 144 140 77 88 117 86 60 91 64 33 24 41 49 65 111 85 116 151 147 147 152 148 144 213 227 227 228 228 228 228 228 228 228 228 229 229
31 24 41 38 68 110 145 154 156 161 167 161 165 167 165 166 174 179 176 184 186 177 175 171 155 153 113 81 97 103 118 77 88 133 157 170 161 152 154 174 180 190 188 199 201 199 198 194 197 181 170 140 115 115 131 83 97 82 51 40 33 47 53 196 144 54 38 51 59 121 141 145 148 146 148 150 143 227 225 227 228 228 228 228 228 227 227 227 228 228
29 36 35 38 67 115 145 153 155 161 157 159 167 167 167 170 166 172 173 178 175 157 140 113 110 108 57 68 76 74 68 86 99 101 107 146 164 153 142 154 167 184 182 199 206 199 200 197 196 180 153 127 116 120 116 126 117 120 57 184 32 183 65 139 213 156 87 55 56 132 139 141 146 150 152 150 149 225 228 225 227 228 229 229 228 228 229 229 228 228
33 36 41 50 69 121 136 152 154 161 160 160 164 165 169 174 167 171 172 159 142 100 89 95 59 55 49 64 64 81 79 71 45 73 132 97 147 149 141 138 157 169 183 188 207 205 197 195 187 180 141 125 130 136 139 114 200 141 70 57 26 52 62 156 200 147 112 64 73 114 122 147 154 154 152 153 153 212 226 228 228 228 229 229 229 229 229 229 228 228
47 46 47 62 76 114 138 152 156 160 160 161 164 166 172 174 169 176 165 156 126 125 102 45 54 82 39 40 26 38 60 164 182 114 120 149 148 153 154 140 139 160 171 183 197 202 197 195 188 167 140 138 135 115 133 158 206 192 69 68 63 68 67 172 150 106 72 78 107 104 129 147 154 154 156 157 156 227 226 229 228 228 228 229 229 229 228 227 228 228
109 60 62 57 80 116 147 151 158 158 158 161 164 168 173 168 167 169 174 166 124 69 43 64 143 155 62 185 50 155 71 120 233 200 148 142 155 171 158 171 142 156 163 177 185 196 195 192 179 167 139 141 149 118 98 93 95 98 90 133 108 145 110 89 65 97 90 110 124 131 146 150 152 155 158 158 160 225 230 227 228 228 228 229 229 229 228 227 228 228
138 49 87 68 93 123 147 155 157 157 158 162 164 168 170 163 172 167 170 137 125 70 87 89 199 180 53 51 21 32 60 122 228 216 202 171 160 150 181 179 166 153 169 171 182 195 193 187 185 160 141 136 146 149 131 137 153 150 125 103 130 122 105 82 112 143 117 125 133 148 147 142 156 160 157 158 161 182 230 227 229 229 230 230 230 229 228 228 228 228
177 160 130 117 104 129 144 150 156 159 163 165 164 167 171 167 170 168 167 128 116 86 82 88 101 136 64 68 60 56 101 135 103 90 105 128 143 165 181 187 176 160 168 174 178 190 193 187 179 166 144 148 144 146 157 153 160 159 150 157 184 175 150 166 166 143 140 145 150 155 149 151 158 159 158 160 156 156 227 231 229 230 230 230 229 228 228 229 228 228
164 133 131 138 118 124 149 150 153 160 164 165 165 169 177 178 164 180 170 159 138 121 106 110 87 118 100 104 109 115 108 123 135 148 149 176 170 175 182 180 173 170 164 176 174 183 191 189 184 168 150 150 147 143 152 161 167 166 167 168 176 171 178 174 168 161 163 163 160 157 170 154 156 156 160 160 150 153 227 231 229 229 229 229 229 228 228 228 228 228
156 147 140 153 123 125 143 144 151 158 161 162 165 172 182 185 181 166 171 168 166 143 142 148 143 151 135 136 154 147 156 162 163 149 153 172 179 185 187 179 179 172 171 167 176 182 185 188 181 181 157 143 151 144 149 160 172 177 179 174 180 186 178 179 175 175 171 171 176 168 159 165 158 158 159 158 152 140 231 228 230 230 229 229 229 229 229 229 229 229
154 147 162 157 129 118 144 151 152 157 159 159 162 172 179 178 179 174 171 170 165 167 162 152 163 166 147 159 166 172 174 172 162 176 186 179 187 183 182 181 178 168 174 168 173 179 188 188 184 177 160 151 149 148 152 151 166 171 178 187 188 190 183 183 184 181 176 172 178 172 166 164 165 157 154 158 149 144 229 229 230 230 230 230 230 230 229 229 229 229
138 149 179 196 138 123 149 150 150 153 158 160 163 171 177 177 169 172 182 180 177 174 176 169 181 179 173 188 174 169 175 182 193 192 188 179 188 185 182 177 177 172 172 171 172 175 185 184 189 185 168 156 151 149 152 155 164 171 175 180 177 178 179 183 181 181 175 175 182 174 171 166 164 162 155 152 149 141 229 228 230 230 229 229 229 229 229 229 229 229
136 148 174 167 152 123 144 152 146 148 153 158 160 165 171 173 174 179 183 187 179 184 182 179 188 193 189 191 182 190 188 180 192 193 197 191 190 182 181 179 172 173 171 176 174 179 190 191 189 184 167 156 155 153 153 154 168 175 172 176 174 175 180 183 177 180 173 174 180 171 171 165 165 166 152 152 159 138 230 228 230 230 229 229 229 229 229 230 229 229
126 130 175 165 164 130 141 149 150 150 153 156 159 164 170 172 177 176 183 180 186 186 191 185 183 194 197 193 188 189 191 201 195 191 192 187 186 182 183 178 176 177 176 178 176 180 189 193 187 184 169 159 159 158 155 156 165 173 170 175 176 174 179 179 180 181 176 175 177 171 171 168 162 159 147 150 166 148 228 230 231 230 230 230 230 230 230 230 230 230
120 114 160 170 167 132 141 154 151 151 152 154 157 163 168 168 172 179 182 189 186 193 191 191 193 186 186 186 195 190 188 195 195 189 188 184 183 184 185 178 179 177 180 176 175 178 185 193 189 188 178 164 158 156 155 159 158 171 172 177 179 174 179 180 179 176 178 172 172 169 166 167 164 156 159 143 164 140 226 229 230 230 230 230 230 230 229 229 229 229
130 106 133 177 167 138 145 143 148 148 149 151 154 160 165 164 174 180 189 187 192 190 193 191 194 186 189 185 188 188 190 182 183 185 190 189 184 183 184 180 180 177 181 176 176 180 185 195 194 192 183 167 157 156 157 161 159 171 175 178 184 179 181 183 186 181 187 178 176 173 166 166 161 153 138 139 151 140 232 229 229 229 230 230 230 230 229 229 229 229
149 144 131 173 170 151 135 153 150 148 149 152 154 158 164 167 174 181 182 186 187 193 193 195 194 190 191 193 191 191 192 187 189 187 187 188 187 186 184 182 185 184 181 179 175 178 181 190 200 195 189 173 158 158 159 162 162 173 178 178 186 184 183 185 189 184 186 179 177 174 167 162 158 148 150 135 130 144 228 225 229 230 230 230 230 230 230 230 229 229
165 162 153 161 176 149 133 147 151 146 146 150 151 153 161 168 173 180 184 184 187 189 191 192 187 195 188 192 192 195 191 192 192 190 189 193 193 191 189 191 185 188 178 181 174 175 179 186 197 195 195 176 155 151 154 157 165 178 188 184 189 185 185 192 190 186 184 181 181 177 174 165 158 142 141 142 105 224 227 232 231 230 230 230 231 231 231 231 230 230
162 162 178 141 183 154 130 143 150 147 150 154 152 153 161 166 175 175 181 182 191 187 191 192 191 195 191 196 193 195 196 194 195 193 198 191 197 194 194 200 193 186 181 175 176 174 182 188 194 195 188 170 161 150 150 153 174 166 191 197 190 197 196 192 194 194 188 187 179 178 173 166 155 144 140 139 72 230 228 232 232 231 231 231 231 232 232 232 229 229
156 168 160 160 175 155 141 145 152 149 149 151 149 153 160 165 170 177 177 180 180 187 186 187 197 195 193 200 199 194 194 197 196 198 196 202 194 194 195 187 184 183 177 176 171 174 178 186 189 191 190 181 169 154 151 154 154 174 185 186 197 205 198 204 202 202 196 190 180 176 172 165 159 147 141 147 188 231 229 229 230 230 230 230 230 231 231 230 230 230
157 173 181 179 159 165 147 140 150 150 148 151 148 154 157 159 164 172 175 175 179 186 189 191 197 197 198 200 202 197 198 198 202 201 199 193 200 190 193 184 173 177 174 173 168 172 176 184 187 188 189 183 167 156 152 153 146 151 159 174 182 195 200 201 194 192 187 182 180 177 174 165 154 146 142 150 219 230 229 228 230 230 230 230 231 231 230 230 230 230
171 175 179 179 174 161 154 135 147 150 147 151 146 154 154 156 165 169 174 176 181 183 189 195 197 198 202 202 206 203 205 203 203 199 205 205 197 188 174 169 169 172 174 168 172 172 178 183 185 190 193 189 172 164 154 145 149 145 135 141 164 176 179 187 199 194 188 181 181 177 173 159 156 144 133 191 239 225 225 231 231 230 230 230 231 231 231 230 230 230
157 171 176 181 179 170 153 143 147 151 147 148 144 153 155 159 162 168 168 179 177 185 186 196 196 192 198 203 208 202 203 206 203 203 204 196 186 167 157 171 171 174 174 168 174 175 179 183 188 191 191 188 176 170 157 144 149 153 135 116 144 166 168 181 183 183 182 177 177 173 172 161 148 144 141 210 220 231 222 231 231 230 230 230 230 231 230 230 231 231
149 170 58 133 173 183 172 143 147 151 148 149 147 153 154 159 157 164 167 173 176 184 188 194 192 192 197 200 203 202 201 203 201 202 200 184 168 140 154 170 173 178 172 171 171 177 177 185 193 191 188 186 180 173 160 149 148 151 145 123 123 149 167 174 180 182 181 177 176 173 169 157 151 137 138 154 230 229 208 230 232 231 231 231 231 231 231 231 231 230
27 161 74 70 135 175 171 157 147 151 149 150 151 153 153 156 160 161 168 168 178 176 185 189 192 196 200 199 199 205 201 199 209 195 183 167 128 128 158 168 175 181 175 172 172 175 178 189 193 195 196 193 192 180 165 152 150 156 148 135 117 131 149 164 172 176 174 174 172 172 166 154 143 144 143 164 230 227 213 228 232 232 231 231 232 232 231 231 230 230
26 44 152 96 129 168 171 157 150 151 148 146 150 151 152 156 158 156 160 170 176 176 182 192 191 191 194 197 195 199 193 195 190 188 171 137 133 135 149 172 176 182 181 173 176 174 182 195 194 200 201 191 191 182 168 154 149 154 143 144 116 128 146 157 162 170 170 172 166 167 162 154 145 141 145 184 216 229 208 234 231 231 231 231 232 231 230 230 231 231
23 17 55 132 118 159 151 122 155 149 151 149 151 150 148 160 155 154 159 170 171 177 181 185 192 193 194 196 195 193 193 190 181 181 159 149 147 151 156 161 173 181 180 178 174 174 178 192 200 197 201 203 195 186 169 145 149 149 148 150 134 133 140 153 161 163 167 167 172 164 156 150 143 142 153 226 166 231 217 230 231 231 231 231 231 231 231 231 229 229
23 21 19 16 106 124 95 19 67 148 151 149 150 159 158 156 153 153 157 167 171 174 177 180 185 187 192 190 190 191 184 181 176 159 153 165 177 172 161 157 159 172 178 173 167 167 175 191 202 197 193 189 192 179 151 145 132 147 157 156 158 147 143 148 157 161 166 163 163 156 154 151 143 143 155 230 211 232 212 235 231 231 231 231 231 231 231 231 231 231
30 14 19 19 11 13 14 11 18 150 150 154 153 156 156 156 156 155 158 163 171 173 175 178 185 182 187 184 185 183 173 176 167 160 173 176 179 177 181 187 174 132 114 133 156 152 153 175 184 187 189 190 184 154 130 141 154 155 158 160 149 153 156 154 155 156 159 158 157 153 150 145 144 140 169 229 230 221 219 231 231 231 231 231 231 231 231 231 231 231
26 27 19 20 15 14 16 9 15 130 152 150 153 161 160 161 158 158 159 159 168 168 172 175 182 182 184 179 179 175 165 170 161 167 181 183 187 188 186 183 177 171 162 140 137 140 144 150 168 176 175 176 159 138 147 155 158 162 157 163 158 159 153 158 155 152 156 160 160 157 153 147 147 140 195 231 227 206 226 228 231 231 231 231 231 231 231 231 231 231
29 24 27 8 19 15 14 13 19 78 151 150 156 165 162 162 159 160 161 159 166 165 168 171 169 178 178 175 173 167 161 160 167 179 181 185 184 181 183 188 186 179 175 164 162 153 143 137 145 151 144 140 135 145 165 160 165 162 158 156 161 160 162 165 159 153 156 163 162 158 156 155 146 142 212 233 230 199 218 230 231 231 231 231 231 231 231 231 231 231
20 30 19 15 15 17 16 13 21 35 151 156 157 162 159 159 158 161 163 162 165 165 165 164 164 167 166 169 167 159 160 166 175 185 178 185 191 190 186 187 189 182 181 182 175 159 151 151 145 150 154 151 157 168 169 167 169 163 162 161 157 166 174 172 172 164 159 165 165 163 157 155 148 142 220 231 232 203 218 230 231 231 231 231 231 231 231 231 231 231
25 25 27 13 12 17 18 12 12 20 140 156 153 163 165 160 158 160 162 164 163 164 162 159 167 163 163 165 164 163 169 180 183 187 184 183 187 191 191 190 192 194 189 190 185 179 176 168 173 177 184 182 185 183 173 178 171 172 157 156 156 168 171 185 182 176 168 173 175 173 159 152 153 144 228 229 231 205 227 231 231 231 231 231 231 231 231 231 230 230
18 29 22 24 16 20 13 17 11 12 117 158 156 158 164 167 165 165 166 169 165 169 166 161 166 168 173 163 163 178 183 185 196 190 194 188 187 189 191 192 190 192 184 192 189 187 191 187 194 198 197 194 194 192 184 175 179 168 161 158 153 154 164 174 173 176 173 177 179 175 157 148 150 143 230 226 233 196 223 232 231 231 231 231 231 231 231 231 230 230
26 37 25 19 13 20 15 14 13 12 64 155 155 159 162 162 165 162 167 172 174 172 168 169 174 182 165 163 177 187 185 188 191 188 185 183 184 188 189 191 191 199 193 187 195 194 195 190 191 194 194 198 197 187 181 175 162 165 153 148 152 141 144 165 177 176 182 178 178 170 154 139 147 155 232 225 227 226 231 231 232 232 232 232 232 232 232 231 231 230
20 24 30 12 7 23 13 17 11 18 18 150 159 158 167 166 165 168 168 173 170 172 173 179 178 185 180 180 186 191 181 181 179 183 182 184 181 186 189 189 197 185 203 189 180 182 198 193 196 196 189 185 176 143 153 126 142 124 112 119 80 68 124 158 177 192 187 190 178 165 152 140 140 184 233 221 232 224 232 232 231 232 232 232 232 231 231 231 231 231
21 18 25 17 16 20 14 14 15 14 16 120 153 160 161 168 162 169 167 176 170 173 176 180 186 188 179 186 187 183 184 180 175 177 177 172 171 163 157 155 158 168 159 156 155 143 146 143 158 151 152 141 151 136 142 136 127 115 103 57 104 134 153 180 189 190 195 185 174 158 142 147 144 218 228 226 220 228 233 229 231 231 232 232 231 231 231 231 231 231
21 15 18 21 19 16 16 13 15 14 13 71 158 157 161 163 165 171 168 179 176 175 179 181 188 184 189 190 190 194 185 175 151 90 68 76 178 130 127 137 130 147 147 151 154 152 137 151 151 145 121 113 134 149 171 204 201 56 69 98 139 165 175 190 196 200 195 177 166 153 155 153 143 230 225 228 207 223 229 232 232 232 232 232 232 231 231 231 231 230
18 18 27 26 17 18 14 10 14 13 17 18 141 154 160 157 164 167 165 174 174 169 175 178 176 189 191 192 191 192 190 162 112 110 91 98 178 206 217 200 227 213 190 225 178 186 180 189 203 219 234 235 214 237 224 173 131 105 104 125 158 166 184 192 194 193 181 172 154 151 152 152 164 229 231 226 233 233 231 232 232 232 232 232 232 231 231 231 231 231
25 22 19 21 14 14 19 16 21 12 11 16 79 153 154 160 163 167 171 177 177 171 176 179 185 188 198 195 194 193 187 177 173 174 138 115 120 121 166 145 224 235 224 236 245 239 246 246 243 244 247 241 189 143 123 119 112 114 119 137 152 163 185 195 189 179 174 162 156 160 150 146 211 228 225 213 229 230 234 232 232 232 232 232 232 231 231 231 230 230
14 14 13 23 26 16 20 9 16 14 14 17 8 146 155 155 159 165 170 176 175 174 173 174 179 182 186 195 200 187 189 189 197 188 191 149 146 129 128 131 138 145 143 182 203 193 240 244 212 199 158 147 141 122 133 121 117 123 110 140 147 163 181 183 170 177 163 149 158 157 160 148 226 229 228 231 228 228 231 229 232 232 232 232 232 231 231 231 230 230
27 20 25 12 17 19 18 14 14 17 11 17 14 57 155 157 163 167 168 172 170 179 173 172 175 177 180 185 197 195 198 202 196 193 188 187 158 147 156 150 144 131 131 137 133 139 145 139 134 132 140 142 137 126 130 120 132 116 141 137 148 167 169 172 171 169 158 158 162 156 154 182 226 229 213 227 233 233 231 233 232 232 232 232 231 231 231 231 231 231
18 17 12 16 22 22 18 12 17 12 15 15 5 18 131 149 158 161 166 168 174 178 176 171 171 177 181 180 184 193 201 203 199 191 190 186 180 165 156 150 157 166 156 150 155 149 149 165 153 163 168 152 154 144 158 136 118 142 145 144 153 166 174 165 163 161 153 162 159 157 150 218 231 229 228 229 230 231 231 231 232 232 232 232 232 232 231 231 231 231
20 15 11 17 21 17 15 14 12 16 17 12 19 10 39 149 150 158 164 168 173 174 177 178 171 175 178 180 182 188 191 193 196 193 189 185 178 172 168 170 142 154 166 177 179 177 173 162 176 187 182 183 177 168 161 150 145 156 142 148 155 165 162 168 158 145 158 159 162 155 184 225 225 226 228 230 231 231 231 230 232 232 232 232 232 231 231 231 231 230
21 16 12 18 20 15 14 15 14 13 17 13 12 21 12 76 146 153 155 161 170 178 182 181 178 177 176 177 179 183 186 187 192 195 189 188 182 179 172 174 177 183 165 162 173 164 158 163 169 159 171 160 161 160 176 151 152 148 150 161 166 165 160 157 152 151 151 155 162 143 223 232 223 225 229 231 231 231 231 231 232 232 232 232 231 231 231 231 231 230
19 16 13 17 18 16 17 14 13 14 16 16 12 21 22 23 142 145 152 160 164 172 178 184 182 179 176 175 178 181 184 185 187 192 190 190 190 185 173 171 173 176 181 190 179 168 174 168 159 175 158 149 155 169 155 157 153 148 160 166 167 164 163 154 150 146 152 150 152 216 229 224 226 228 230 230 230 230 231 232 231 231 231 231 231 231 231 231 231 231
16 12 11 15 17 17 18 13 17 14 21 15 16 16 19 23 141 139 144 156 159 166 170 179 179 179 177 176 178 181 181 179 183 188 189 188 193 189 182 180 180 182 173 174 177 171 166 155 159 158 158 154 161 163 160 160 164 168 169 170 165 166 156 154 140 144 152 146 161 228 227 228 230 230 230 230 230 231 231 231 231 231 231 231 231 231 231 231 231 231
15 9 8 16 18 16 18 15 23 11 23 19 12 21 20 20 122 142 139 141 148 162 169 171 177 179 178 176 176 178 179 178 180 186 191 189 194 189 188 188 186 186 180 178 178 178 179 180 175 167 172 179 177 179 182 181 179 177 176 174 169 162 155 147 144 145 145 144 226 222 228 226 229 229 230 230 231 231 231 230 231 231 231 231 231 231 231 231 231 231
14 10 10 17 17 17 20 16 19 16 20 23 16 17 13 19 76 150 149 141 140 145 161 168 174 177 178 176 174 174 176 178 178 182 189 192 193 190 189 189 191 185 187 190 189 186 183 184 181 181 186 192 191 195 196 192 189 178 178 172 169 155 158 144 142 147 135 137 229 228 230 228 229 229 229 230 231 231 231 230 231 231 231 231 231 231 231 231 230 230
12 12 14 16 15 19 23 15 19 19 18 17 16 18 12 16 44 151 155 154 150 131 145 158 168 171 176 178 175 171 171 174 175 177 181 191 191 194 192 191 189 191 195 190 194 197 193 200 194 194 194 191 191 188 192 188 186 188 178 176 171 156 148 140 145 132 153 147 200 229 221 228 229 229 229 229 229 230 231 232 231 231 231 231 231 231 231 231 231 230
17 9 13 15 17 16 21 17 15 21 18 14 21 23 16 9 33 135 157 156 159 149 125 145 162 167 170 175 176 171 171 169 173 174 177 190 190 196 197 195 193 197 195 201 198 201 203 196 196 196 199 196 191 184 190 188 189 184 178 171 169 157 139 141 136 157 150 142 29 227 227 229 229 228 227 229 232 230 229 231 231 231 232 232 231 231 231 231 230 230
23 11 13 22 13 14 38 13 17 16 19 19 18 19 19 8 24 139 150 152 164 159 150 125 138 155 168 170 177 177 168 170 169 171 175 186 191 196 197 192 195 192 197 199 197 196 196 197 194 194 198 198 191 190 188 188 188 181 178 173 162 153 145 133 155 156 152 145 25 29 228 227 229 229 228 231 229 229 230 232 230 231 231 231 231 230 230 231 230 230
20 11 17 20 18 21 35 13 19 21 20 17 19 14 17 9 26 111 150 156 157 153 157 151 133 135 142 151 167 174 168 171 162 164 174 178 185 183 195 198 201 194 200 197 198 197 197 198 200 196 199 203 201 204 193 190 183 182 176 175 162 152 143 141 164 164 154 145 20 20 30 198 226 225 232 230 229 231 229 228 230 230 231 230 230 230 230 230 230 230
20 12 19 20 18 21 30 11 21 25 20 16 20 13 23 11 29 58 142 150 157 168 158 155 145 135 124 143 157 162 175 164 164 162 160 174 179 184 192 200 202 198 198 194 198 204 204 200 198 200 203 207 204 202 195 193 186 179 174 168 148 151 136 164 166 168 151 145 23 22 23 25 149 230 227 225 231 228 228 232 230 230 230 230 230 230 230 230 230 230
18 27 13 16 24 15 21 16 22 19 20 19 18 16 37 10 16 22 144 149 157 162 162 157 151 132 134 127 131 152 157 164 163 159 159 162 176 177 188 191 195 198 194 196 200 206 208 203 200 202 200 204 207 198 196 188 181 176 173 162 148 140 170 170 165 162 155 134 21 23 23 23 22 120 224 232 225 231 228 227 230 230 230 230 230 230 230 230 229 229
18 15 15 25 18 18 23 15 22 20 19 19 21 16 41 8 20 8 135 146 160 158 167 165 154 151 136 129 128 128 141 155 157 160 162 153 163 165 182 184 191 199 196 204 204 203 204 205 202 204 196 200 206 194 194 183 174 176 172 143 145 161 171 174 169 153 156 142 23 17 19 22 25 25 112 230 229 226 231 229 229 229 229 229 230 230 230 229 229 229
13 11 18 25 19 26 15 17 26 26 19 17 23 13 39 7 17 10 110 142 158 164 166 167 159 156 144 142 140 125 123 132 146 158 149 156 150 166 167 176 184 193 197 200 201 199 198 200 193 199 195 195 192 182 182 181 178 166 145 140 133 175 175 168 168 168 156 140 17 21 27 22 26 19 25 82 223 226 230 228 229 228 228 229 229 229 229 228 228 228
16 18 15 27 18 24 16 15 33 23 19 19 19 9 45 8 16 13 65 136 153 163 162 167 164 157 153 150 148 144 137 137 124 139 150 153 151 145 154 166 172 179 189 185 192 195 192 193 194 193 184 186 186 183 174 171 160 150 131 118 178 180 178 176 168 164 156 137 22 20 19 22 21 25 20 25 70 228 226 228 228 228 228 228 229 229 228 228 228 227
15 16 21 22 16 34 10 20 23 27 20 18 19 15 29 10 17 14 22 134 151 159 169 172 166 154 158 159 157 157 158 151 143 135 135 143 151 143 145 155 159 167 178 186 187 185 185 187 184 182 181 181 174 174 167 155 141 113 133 176 176 176 181 176 174 172 157 110 21 21 23 23 21 20 23 25 27 80 228 227 228 228 227 228 228 229 228 228 229 228
16 16 20 22 18 36 12 21 22 25 21 19 17 11 25 7 19 14 20 133 150 160 169 171 169 159 164 165 165 165 168 165 162 161 149 133 134 138 141 139 147 152 162 173 180 182 181 180 180 176 170 167 157 152 140 124 125 162 181 180 175 178 178 182 176 172 161 52 21 18 19 21 22 20 23 22 21 27 116 227 228 227 227 227 228 228 228 227 229 228
