226 225 224 224 225 225 224 223 225 224 225 226 220 210 71 44 54 48 50 24 53 53 80 68 54 48 50 58 41 76 131 170 178 178 179 181 182 184 185 184 183 182 183 185 186 186 185 184 184 184 185 186 184 180 181 183 183 181 180 180 181 179 177 175 167 155 151 134 115 105 83 44 32 21 30 23 23 20 19 14 18 29 22 16 22 24 22 26 22 20
225 225 224 225 225 225 225 224 224 223 221 219 220 176 58 49 41 43 38 30 38 72 76 49 56 52 56 40 68 135 176 178 179 180 183 186 186 185 185 183 184 183 183 185 186 186 186 186 186 185 186 187 186 184 185 187 185 183 182 181 181 179 176 175 169 173 162 147 128 110 92 67 36 24 26 23 29 20 24 13 26 26 26 22 22 22 25 21 20 22
225 225 225 225 225 225 225 225 224 225 224 222 212 80 50 58 55 54 27 53 64 75 49 53 45 55 40 46 124 173 178 185 183 184 186 187 186 186 187 186 188 187 186 186 186 186 186 186 188 188 187 187 186 186 186 186 186 185 184 183 182 179 177 177 178 167 164 162 152 136 102 88 42 17 29 21 20 22 33 24 20 26 29 23 24 20 26 31 34 25
225 225 225 225 225 225 224 224 223 220 228 218 198 62 54 41 44 32 34 43 63 67 55 30 57 38 40 104 180 182 181 181 184 185 187 188 187 187 189 189 190 189 189 189 189 188 188 189 189 189 188 188 188 189 188 186 186 185 185 185 184 181 180 180 181 178 176 167 158 133 98 94 49 32 44 35 26 26 29 19 20 27 32 22 23 18 24 33 17 23
225 225 225 225 225 225 224 224 226 225 214 220 144 69 61 55 60 32 33 55 77 59 42 53 41 30 79 170 175 180 181 185 182 184 189 191 189 189 189 188 188 189 190 191 192 192 192 193 190 190 190 191 192 194 193 191 187 187 187 187 186 183 182 182 181 176 172 173 168 151 136 85 62 62 40 35 31 23 25 19 23 21 29 24 20 22 28 29 31 22
224 225 225 225 225 225 225 224 217 223 224 211 62 52 53 56 48 23 43 65 73 56 23 64 27 49 143 174 182 182 184 185 185 186 190 191 190 189 190 190 190 191 192 193 194 193 193 192 191 191 191 192 193 193 192 191 190 190 190 189 188 185 184 183 183 178 185 183 171 160 159 106 82 67 43 42 32 26 25 25 16 17 24 23 23 26 27 35 26 29
225 224 224 225 225 225 224 224 225 224 221 196 66 48 61 42 37 22 65 84 62 32 59 19 30 104 178 178 177 179 184 186 189 189 191 191 190 191 193 194 195 194 193 194 194 194 193 192 193 192 192 193 193 191 190 190 193 192 191 191 190 188 187 187 183 187 186 171 175 166 157 147 85 37 40 56 39 37 30 27 19 24 22 23 25 25 19 40 45 35
226 225 225 225 225 225 224 222 224 224 216 138 66 63 70 57 36 26 66 63 50 46 55 24 53 167 175 180 184 185 187 190 189 190 193 195 194 194 195 194 196 194 193 194 195 195 195 195 194 192 193 194 194 191 192 194 194 192 191 191 191 190 190 191 186 189 185 181 181 176 171 151 135 57 41 58 41 35 36 33 32 25 21 27 23 26 22 42 28 24
226 227 224 226 223 227 224 223 223 224 211 66 66 55 44 58 19 42 78 49 46 41 26 29 127 174 178 178 183 186 188 186 189 191 193 195 195 195 195 196 195 197 196 198 198 195 195 193 193 194 196 193 195 192 195 194 195 195 195 195 193 191 190 190 188 187 184 180 182 179 168 163 159 84 63 52 41 32 35 38 23 32 22 36 22 26 21 32 27 34
225 225 223 226 223 224 221 223 225 218 195 62 59 69 59 42 22 63 68 56 53 53 24 52 164 179 177 183 188 185 188 189 192 193 194 196 196 196 196 197 197 198 196 198 198 195 196 194 196 197 198 196 195 194 195 195 195 195 195 195 195 192 190 189 187 187 187 181 179 178 172 171 157 142 72 48 54 32 36 26 21 28 23 30 30 26 25 34 42 46
226 225 224 228 225 224 222 225 223 216 137 57 62 67 58 30 22 84 48 51 48 25 30 137 170 173 177 181 184 185 191 189 193 193 194 195 195 195 196 197 198 198 196 198 198 197 198 196 193 195 195 196 194 195 196 197 195 194 194 194 195 193 190 188 191 189 190 184 178 177 175 174 170 155 79 41 67 51 42 34 18 25 31 27 37 25 24 23 31 37
225 224 224 226 225 223 222 224 220 204 99 60 60 67 52 19 31 72 52 41 55 22 67 163 168 174 183 180 182 186 191 189 192 193 194 195 195 195 196 198 199 198 196 198 198 197 199 197 197 199 197 198 195 197 195 196 195 194 194 194 194 193 191 189 193 189 190 186 181 180 176 171 174 163 69 55 51 44 41 43 29 30 35 26 31 28 32 23 35 41
225 225 225 224 225 224 224 223 219 203 71 69 72 63 40 21 81 58 74 45 38 34 129 171 175 176 181 180 186 187 189 193 192 193 195 197 197 197 198 199 199 199 197 198 199 197 198 196 198 198 196 198 196 199 196 196 197 196 195 195 194 193 192 192 191 187 188 187 183 183 178 172 170 173 80 68 55 51 46 42 39 27 29 31 27 34 37 23 44 45
226 226 227 223 224 223 224 221 221 158 61 59 68 59 34 26 67 37 52 60 19 52 157 167 172 175 178 179 187 188 187 193 191 193 196 198 199 199 199 200 201 201 198 200 199 197 197 195 195 195 194 196 197 199 198 197 197 196 195 195 194 193 193 193 190 188 189 186 182 181 177 176 177 175 125 69 44 40 38 50 50 24 24 40 29 38 34 19 39 43
224 223 225 221 221 217 220 220 212 171 59 71 62 61 21 31 78 73 38 41 23 106 171 167 171 180 181 182 184 187 187 188 191 192 195 197 198 198 199 200 202 202 200 201 200 197 198 197 200 200 200 199 199 198 198 196 197 196 194 194 195 194 193 192 191 190 189 185 182 180 176 178 171 173 144 94 60 55 46 53 60 32 30 43 30 39 38 29 32 41
225 224 226 223 223 217 221 224 175 141 61 69 77 42 21 49 47 72 52 23 49 147 168 171 174 177 176 182 181 186 189 189 191 192 195 197 198 198 199 200 202 203 200 201 201 198 200 199 198 199 201 198 199 196 198 197 198 196 194 195 196 196 193 192 191 189 187 184 185 183 177 178 175 177 156 93 65 54 49 60 48 31 36 42 31 40 43 36 34 42
224 223 225 224 223 218 219 219 191 69 71 70 71 38 21 67 65 59 47 19 74 160 171 171 175 173 176 181 183 187 183 186 192 192 194 196 198 200 200 196 202 199 194 201 201 200 200 201 200 199 198 198 197 197 197 197 196 194 194 193 195 196 191 192 190 191 188 184 184 181 176 176 177 172 165 89 47 55 50 48 46 33 37 50 40 31 48 38 21 46
226 226 222 224 227 220 222 205 186 64 66 60 64 23 26 70 83 49 41 34 117 165 169 167 169 174 178 177 175 183 183 184 188 191 194 194 195 198 200 199 201 201 202 198 202 196 200 197 198 199 199 198 198 198 196 193 194 193 195 195 195 195 192 192 188 188 184 181 182 182 181 181 176 176 167 111 60 43 43 40 47 37 44 37 62 19 51 45 29 49
227 225 227 221 220 224 219 209 198 63 67 76 48 24 36 58 100 50 29 55 147 168 166 171 169 175 177 177 178 182 181 192 190 189 191 194 196 196 196 197 197 201 196 201 196 200 199 200 197 200 200 198 197 198 196 191 194 192 196 195 192 193 193 192 193 189 185 181 179 179 179 178 179 174 168 124 80 50 48 30 60 43 38 37 49 29 53 41 31 47
221 226 217 226 228 223 215 195 158 63 83 68 46 22 65 87 85 51 21 75 157 169 165 172 168 173 181 181 173 184 187 179 189 190 191 195 197 197 197 199 203 198 195 196 199 195 198 198 199 200 199 196 196 197 195 191 195 191 195 194 189 191 192 191 189 185 184 183 180 180 181 177 175 174 175 134 80 66 54 38 70 40 43 43 37 34 48 37 36 44
224 228 222 227 223 217 202 196 102 60 79 54 25 15 65 81 58 42 32 108 162 161 166 164 168 171 173 181 181 180 181 189 186 191 191 188 191 196 199 201 201 197 195 196 199 196 199 199 201 199 198 197 196 195 193 191 197 192 195 193 189 190 191 189 186 183 184 184 182 183 183 179 180 177 168 138 73 74 54 46 70 37 35 45 55 48 40 35 32 32
225 214 223 224 226 223 188 175 67 72 77 57 33 23 80 99 21 35 35 92 107 116 122 107 131 153 162 170 177 181 180 184 193 192 188 188 192 192 193 198 192 198 196 200 196 201 201 201 201 199 197 197 196 194 191 190 196 193 196 195 192 192 189 186 188 187 186 185 183 182 182 180 175 178 175 146 73 49 53 62 55 45 37 53 55 51 40 47 33 29
225 226 224 228 225 206 211 172 77 61 78 53 17 69 84 94 61 23 37 91 63 59 75 55 58 57 69 89 97 125 156 164 177 184 188 191 195 193 191 196 194 197 201 196 200 196 200 196 200 199 197 195 195 195 193 191 194 194 197 196 194 192 187 186 185 186 185 183 183 183 182 183 177 177 175 147 83 43 53 60 59 52 49 48 49 47 45 50 39 27
221 225 221 224 218 193 219 159 53 68 77 32 17 61 78 46 68 31 45 77 102 92 99 91 98 99 79 68 72 87 101 110 133 167 187 184 185 191 192 191 194 195 192 198 198 198 198 198 200 199 196 192 192 196 196 193 194 195 196 194 193 191 186 188 183 186 185 183 184 182 180 182 175 182 176 152 82 52 48 52 66 60 66 52 42 39 34 58 41 28
226 221 226 223 213 209 210 137 63 70 55 21 16 81 94 32 44 33 133 176 178 181 179 147 104 81 93 93 93 75 75 97 118 129 134 168 171 185 187 193 192 192 192 193 196 195 195 197 196 196 195 193 196 182 183 191 196 191 190 196 194 191 193 186 178 181 178 180 182 179 177 179 178 179 176 152 75 60 55 53 69 62 57 52 54 35 39 64 42 37
224 224 223 222 206 213 198 107 72 84 53 24 51 93 87 47 22 56 154 173 178 185 190 184 186 177 147 110 93 110 77 72 84 98 120 140 160 169 182 185 190 192 192 193 196 197 195 195 198 196 193 192 193 182 174 165 147 159 148 146 157 167 164 166 159 163 152 166 173 164 172 175 179 179 182 150 85 83 60 54 72 63 54 58 41 45 45 62 41 39
228 226 227 218 211 215 204 99 64 77 40 14 70 83 65 65 23 71 161 176 179 177 178 178 179 179 177 168 159 129 105 120 107 113 117 149 149 164 179 186 184 188 188 187 190 193 192 191 195 193 188 185 172 153 135 114 144 124 113 100 77 79 79 87 96 118 101 114 105 117 132 148 155 173 174 162 109 86 54 65 55 64 65 44 31 53 61 52 37 37
221 222 218 218 215 218 198 86 77 66 36 20 70 101 36 84 30 79 156 172 172 175 173 169 173 173 171 164 160 151 140 132 134 119 128 146 143 122 170 183 183 186 186 186 189 192 193 193 192 192 188 151 158 120 144 116 116 125 98 97 89 79 94 86 80 80 75 77 86 92 90 102 127 138 162 161 110 85 50 55 50 68 57 50 35 60 60 49 43 41
227 227 222 207 223 216 192 69 76 48 26 32 96 100 26 70 28 78 144 165 165 169 167 167 127 156 127 134 150 139 144 142 143 138 135 148 142 142 171 178 181 184 186 188 190 190 191 194 193 187 165 135 155 109 153 137 118 108 138 124 102 117 128 130 118 102 86 85 89 101 78 80 87 100 110 129 94 77 49 58 57 64 47 53 42 53 52 33 47 41
223 223 223 188 219 203 168 54 77 51 26 40 99 113 35 39 25 67 131 156 159 155 137 103 98 61 42 42 40 38 55 100 121 138 146 145 143 148 164 180 177 180 184 188 190 187 187 189 185 176 173 151 144 128 131 152 137 140 127 132 150 140 157 171 181 184 190 182 192 189 184 176 154 110 107 98 65 64 51 62 63 69 55 62 40 56 56 27 57 47
223 225 218 214 222 217 135 63 74 42 23 55 76 44 37 34 23 56 115 135 144 120 89 36 30 35 38 32 41 51 52 31 27 89 132 147 141 149 167 173 177 181 184 187 189 189 187 187 185 186 168 156 158 154 160 148 158 152 153 157 164 165 175 176 178 182 183 190 189 186 191 192 183 181 156 152 77 63 54 70 63 58 64 60 49 42 51 32 60 52
227 212 198 221 217 212 99 66 71 33 24 74 62 36 53 27 33 46 92 116 128 61 36 32 36 62 138 196 205 68 71 54 54 55 64 135 144 139 160 165 175 179 181 182 185 188 187 185 181 175 169 162 153 152 151 151 151 154 157 160 165 169 169 163 178 181 186 185 186 189 195 189 191 185 182 175 123 58 68 65 61 58 61 63 52 46 39 38 58 52
215 219 195 227 211 193 121 74 60 29 21 79 111 26 51 28 42 55 82 114 71 34 34 45 130 174 200 209 75 64 40 41 51 51 44 76 130 138 145 162 171 178 181 185 186 186 187 184 178 177 170 160 153 147 149 154 152 147 145 140 125 127 140 122 165 161 179 178 183 187 188 188 188 189 183 172 131 59 65 63 63 62 75 68 47 41 43 42 63 48
222 217 218 219 216 193 112 79 47 23 45 75 103 28 51 42 45 60 99 121 104 84 64 144 176 186 206 200 67 80 196 80 129 66 135 53 118 133 140 151 170 178 183 186 186 184 184 180 174 166 156 152 147 148 152 139 143 140 108 141 129 75 55 39 35 84 150 101 172 175 177 182 178 173 177 171 125 69 69 57 70 59 70 60 37 49 41 40 53 42
222 216 222 226 207 181 80 72 39 10 72 80 44 38 42 51 62 86 115 137 115 86 55 65 137 189 203 205 69 66 62 31 56 76 169 159 105 114 143 144 166 176 183 188 188 186 185 180 173 165 152 145 141 140 139 134 127 113 149 60 46 52 62 96 61 42 39 33 101 114 173 171 171 177 174 156 126 56 82 55 66 50 71 50 44 46 49 44 53 44
219 205 227 216 214 148 74 59 31 21 78 76 41 52 29 54 68 100 133 153 150 126 99 77 62 115 182 209 201 77 72 66 85 137 202 181 149 144 130 141 162 172 181 188 191 190 187 180 167 156 151 142 137 133 130 130 150 144 53 56 178 192 67 52 43 65 83 32 34 32 104 140 164 169 165 151 112 65 76 48 56 51 63 54 55 42 53 48 48 41
222 211 224 220 211 144 82 53 31 15 77 91 34 53 30 58 82 121 154 162 165 153 134 120 107 103 95 101 155 171 117 106 180 188 191 170 162 142 140 147 160 171 179 187 190 189 184 175 165 153 143 139 138 113 133 173 133 73 153 209 215 149 67 25 34 41 63 68 35 37 41 120 152 163 154 134 112 70 74 55 53 46 55 51 68 38 57 59 41 39
224 207 225 223 214 142 84 51 20 46 67 104 21 39 39 65 98 145 164 175 169 168 159 134 136 147 127 140 156 143 136 142 148 132 126 116 134 156 148 146 159 170 179 186 190 188 182 172 162 148 148 142 133 141 182 143 91 168 209 213 219 144 138 166 124 74 64 69 131 49 39 52 108 140 147 138 112 67 70 60 66 49 64 47 69 30 51 64 32 38
217 205 221 221 203 131 74 50 21 67 82 80 34 45 47 75 124 162 170 173 172 174 165 168 167 163 162 152 154 160 160 163 168 175 171 179 173 161 158 154 158 171 181 188 189 187 180 170 159 148 154 139 144 158 186 122 185 220 214 211 222 202 60 68 43 61 76 134 155 98 47 29 48 73 135 130 110 69 66 61 61 46 62 57 61 40 50 71 33 45
219 221 225 217 180 115 60 41 17 69 85 46 35 37 50 94 145 174 177 177 178 178 180 180 175 172 166 169 164 162 161 169 170 169 169 169 171 166 161 162 160 173 184 189 189 184 177 167 156 146 156 141 171 170 165 121 138 133 136 145 187 217 171 74 76 78 99 134 104 69 54 73 90 122 127 123 113 84 58 82 66 48 67 61 64 40 47 52 29 46
210 228 214 213 172 83 45 30 38 76 68 24 45 33 59 120 157 170 180 176 179 177 180 182 179 177 175 172 170 173 173 169 171 173 173 173 172 169 164 160 161 175 183 187 188 186 178 164 153 150 155 146 155 169 183 178 170 159 156 170 163 132 114 109 92 80 79 99 84 111 100 107 133 150 145 132 116 87 64 68 57 43 62 60 56 36 48 34 38 37
212 223 220 223 180 78 48 23 80 69 79 18 32 40 78 140 166 175 177 176 176 178 177 179 184 179 178 179 178 177 179 181 178 173 173 178 178 171 162 158 162 176 185 186 188 186 178 162 153 152 154 147 151 164 172 170 169 165 164 174 177 171 169 169 158 127 142 153 149 142 151 157 159 152 151 138 129 103 74 65 61 50 58 59 61 54 42 42 39 34
207 225 220 206 137 66 60 29 75 69 88 23 38 50 101 151 171 177 176 178 176 178 176 178 183 181 180 179 178 181 184 183 181 179 178 177 177 174 166 158 167 177 186 185 189 183 177 161 149 154 157 156 159 169 171 172 170 168 163 164 167 171 178 180 176 165 161 161 157 163 165 167 165 176 167 153 132 113 73 65 47 36 65 58 77 66 43 36 46 40
219 225 215 205 146 63 41 29 63 73 81 30 43 55 119 161 169 175 178 182 179 179 179 181 181 182 181 177 176 180 182 180 177 181 181 177 174 173 168 162 176 180 186 185 190 180 175 163 152 155 159 162 166 172 171 175 180 176 171 169 168 168 171 173 173 176 173 172 178 180 179 179 179 181 166 152 140 105 77 71 54 43 63 64 52 65 42 34 43 39
219 227 216 206 96 56 34 43 67 60 51 37 36 57 135 169 172 175 181 183 184 181 182 182 183 179 179 180 178 177 179 180 176 176 178 178 174 167 164 165 180 184 187 183 188 181 178 165 158 155 157 161 169 171 173 179 181 179 178 178 177 176 175 176 180 181 180 188 178 177 178 180 189 187 178 157 141 114 87 63 44 39 54 76 49 71 50 41 46 41
222 226 195 201 73 72 28 58 66 61 29 42 35 63 148 168 179 177 182 182 186 183 184 180 180 178 178 178 177 177 178 176 177 175 172 170 167 165 165 166 179 186 188 181 186 185 182 166 160 155 159 164 171 172 174 177 181 182 185 182 183 186 184 183 183 185 187 180 184 181 189 189 187 180 182 170 144 118 71 67 54 41 54 64 60 57 52 40 51 42
229 215 203 177 72 61 37 53 62 72 28 36 37 78 157 170 179 178 182 184 185 186 186 180 178 180 179 176 174 177 177 172 176 175 170 166 164 165 168 170 178 184 185 183 186 187 181 167 163 160 162 166 166 171 170 170 177 180 184 181 182 187 186 185 184 189 183 186 185 187 180 188 191 185 188 164 149 128 79 77 55 43 52 59 64 57 54 37 52 42
226 223 220 148 70 39 40 65 48 54 28 23 35 98 159 175 173 177 182 188 184 188 187 184 184 181 180 180 178 176 175 173 172 169 170 173 170 165 167 174 179 181 181 187 189 185 178 169 167 165 163 166 161 176 177 177 176 177 184 183 183 185 183 186 185 185 189 183 179 184 190 191 192 185 182 175 137 119 73 72 48 40 54 60 67 65 65 39 47 40
224 206 209 125 65 30 50 64 65 82 37 25 32 106 162 172 176 180 182 187 189 187 187 185 187 184 182 180 178 178 178 177 175 175 172 178 168 169 167 174 179 186 189 187 186 190 182 168 168 168 169 167 169 175 179 182 182 185 186 183 181 181 183 183 181 184 186 186 188 186 190 189 191 192 180 163 140 130 75 72 53 42 57 63 71 63 61 46 44 41
207 201 175 115 68 30 43 57 67 73 39 29 34 121 167 173 177 182 184 187 188 187 188 186 184 185 187 186 184 184 183 180 178 182 181 175 169 165 168 174 181 185 186 190 184 184 177 173 165 167 172 172 171 174 177 183 186 186 184 183 186 189 188 186 186 187 187 185 187 186 191 190 194 193 185 168 140 120 68 74 43 56 62 66 65 64 51 46 50 44
214 196 132 76 61 46 56 62 60 56 38 33 31 128 166 174 180 185 187 189 190 189 191 188 185 195 190 184 189 186 181 186 184 185 180 171 167 163 168 177 182 183 182 188 182 182 173 169 169 168 173 175 174 174 176 181 185 185 184 184 187 190 191 190 187 188 187 185 188 189 195 193 190 190 187 171 144 118 70 80 45 58 61 70 67 60 46 51 44 39
207 205 152 71 53 36 65 53 58 47 34 33 28 130 166 178 182 185 187 191 191 190 192 192 196 195 195 192 187 189 190 186 187 178 167 167 161 164 168 179 183 187 188 188 183 184 176 167 164 163 171 178 178 179 180 183 183 184 184 184 186 189 190 190 186 188 188 186 190 191 196 192 194 193 191 172 146 118 67 72 55 53 60 64 64 49 56 67 48 40
213 219 142 78 49 52 64 65 59 48 29 29 23 129 167 177 184 185 187 192 193 190 192 195 194 195 195 192 191 191 188 185 180 166 158 161 157 165 174 178 178 185 190 182 178 174 172 163 158 158 169 178 180 183 183 183 186 185 184 185 188 190 189 188 188 190 189 187 190 189 192 188 191 188 187 173 147 117 65 72 59 52 57 54 69 58 67 62 56 41
208 127 65 74 28 77 68 54 54 46 32 34 22 123 168 175 185 186 187 193 193 190 193 195 198 188 192 194 183 184 187 174 165 157 159 154 158 166 180 176 185 185 190 183 181 174 172 164 159 154 160 167 173 183 188 185 187 188 188 189 189 189 189 190 192 192 191 190 192 189 192 189 191 187 185 174 143 107 56 69 63 57 52 54 73 67 67 57 55 44
220 111 60 64 29 61 60 51 60 43 37 44 19 109 163 176 183 186 187 190 192 191 193 193 198 193 190 189 184 178 174 169 158 157 159 153 165 173 183 181 189 185 186 183 184 177 170 159 154 151 155 156 160 177 190 190 187 190 192 191 189 188 191 194 194 194 194 194 196 192 194 192 184 182 180 171 137 105 56 74 68 57 49 59 60 57 66 71 44 44
206 155 69 54 40 57 61 59 77 38 31 44 11 92 152 172 179 184 186 187 189 191 193 190 190 186 187 187 181 172 163 157 160 162 155 156 172 182 184 190 188 188 190 189 187 181 171 159 150 156 166 158 149 163 180 186 190 190 190 191 192 192 193 195 196 196 197 198 200 193 194 192 186 186 180 167 131 104 54 70 70 48 43 63 56 58 70 64 47 50
152 124 81 46 59 59 61 48 71 39 36 52 12 56 146 166 176 182 186 185 185 186 189 193 191 186 183 181 174 165 161 162 158 165 162 162 172 184 193 194 194 193 188 191 191 182 174 161 153 153 163 157 147 142 168 182 184 189 190 194 192 195 195 200 199 197 197 197 195 199 192 192 188 181 179 163 126 96 60 69 49 49 44 61 52 64 65 59 51 43
121 56 73 37 73 80 40 44 67 42 50 58 8 38 133 157 172 179 182 183 185 187 187 187 188 186 181 174 167 164 165 168 167 157 165 158 174 186 191 201 198 195 197 200 197 187 177 162 153 160 159 155 144 131 167 173 182 185 189 195 195 194 193 194 197 196 198 197 196 197 190 189 185 182 176 165 114 90 52 63 48 48 48 51 65 64 57 50 54 44
168 62 68 30 67 67 53 63 53 28 53 56 13 23 127 155 166 174 179 180 183 185 184 183 186 184 177 168 165 168 173 174 174 154 159 152 167 182 188 201 198 203 195 196 192 174 173 163 156 161 155 153 134 111 152 169 180 181 187 189 190 193 198 197 195 194 196 194 195 193 188 186 186 181 179 161 113 84 56 62 53 53 47 44 68 63 46 43 58 45
126 67 59 57 70 48 49 71 49 22 47 55 15 17 112 147 159 169 176 176 178 181 182 183 183 179 173 168 171 177 178 175 170 168 160 150 149 173 186 188 189 189 191 184 179 173 159 163 161 156 145 136 130 138 166 176 170 176 188 188 189 192 199 194 194 192 194 190 192 189 189 186 184 175 175 148 108 75 58 56 63 55 51 53 67 62 53 43 55 44
73 62 45 59 73 59 30 79 44 28 45 53 11 16 93 141 154 164 171 173 175 177 179 179 178 174 170 171 176 179 178 175 176 170 160 166 154 150 165 179 185 181 180 179 162 161 154 150 150 138 134 145 152 165 173 182 172 173 183 185 187 189 195 190 193 192 192 189 191 188 189 186 184 176 170 141 97 70 59 55 56 63 52 48 78 56 50 51 50 43
61 77 50 60 74 47 38 76 28 27 51 41 15 13 85 142 152 159 165 169 174 176 174 172 174 173 172 174 176 176 176 177 175 172 171 168 161 153 155 159 163 171 169 148 136 129 101 117 127 143 152 165 170 181 187 183 182 172 172 179 185 187 191 191 189 190 189 188 189 185 185 181 177 171 162 124 86 61 61 54 62 57 46 51 66 49 55 51 48 40
59 54 50 51 64 58 41 60 24 29 55 31 22 9 69 137 151 156 161 167 173 174 171 170 173 174 175 176 174 173 175 178 178 172 172 171 171 164 157 158 139 141 141 133 125 135 154 159 169 173 173 182 183 178 184 183 181 173 169 178 184 186 185 187 185 188 185 187 184 182 180 176 174 168 153 110 80 62 66 56 71 61 43 50 67 54 55 59 49 35
59 63 45 65 56 62 44 55 30 36 50 35 24 13 51 130 151 156 161 166 170 170 171 174 172 174 176 175 173 172 174 176 175 181 173 176 171 175 170 172 164 172 166 155 166 165 172 173 178 178 180 179 184 178 183 181 183 179 170 170 172 180 181 185 184 187 182 185 181 180 178 175 168 164 135 100 67 63 60 50 72 59 45 44 81 59 57 64 55 35
49 63 41 74 60 38 58 53 38 34 63 33 34 21 40 115 155 153 158 170 169 172 173 171 173 172 171 173 170 169 171 176 174 177 174 180 175 175 179 178 173 180 177 173 181 180 181 179 184 183 177 183 183 177 180 179 179 177 172 172 171 178 180 178 182 183 182 182 179 176 175 169 164 153 125 85 62 68 57 50 68 58 39 49 80 59 50 68 63 35
68 49 56 63 40 29 52 49 39 44 60 25 23 22 30 110 155 160 163 166 170 172 172 175 169 172 173 168 164 165 170 167 175 174 176 181 183 175 181 183 179 181 177 180 184 181 180 184 182 182 182 181 180 178 177 175 174 172 174 172 168 171 171 176 177 178 177 177 173 170 169 163 158 136 110 75 68 63 61 58 71 62 41 45 65 45 51 59 64 36
55 43 57 53 50 38 63 39 36 50 59 28 24 26 18 95 146 159 163 161 170 174 172 178 175 172 171 163 156 153 166 166 177 170 177 178 172 172 186 185 188 181 174 183 184 185 183 181 182 180 184 180 179 181 175 174 170 174 172 173 170 164 170 169 172 173 173 172 169 166 164 157 146 132 97 79 64 73 65 57 73 60 45 46 59 51 59 57 65 42
57 38 55 64 62 33 64 22 33 47 50 25 28 28 20 81 141 159 164 161 172 175 172 176 178 176 174 156 138 126 136 132 140 144 142 146 149 153 150 156 161 187 187 177 175 179 180 184 185 180 180 177 176 177 170 169 169 171 178 171 169 170 166 170 169 171 170 171 168 165 163 155 143 123 94 88 73 73 73 60 75 57 49 45 52 56 53 54 57 43
50 35 56 54 52 34 55 30 33 46 48 23 30 26 24 52 135 158 162 160 169 174 174 176 182 179 176 166 165 155 140 100 115 115 123 133 139 150 149 153 151 147 147 151 156 155 162 163 165 177 183 176 172 174 170 162 161 170 170 174 174 168 171 171 170 170 169 170 168 165 161 153 136 119 99 88 74 75 87 64 66 52 36 40 44 56 55 71 49 43
43 47 59 40 41 40 40 30 33 52 56 22 28 26 29 25 122 158 162 161 164 170 175 177 180 181 177 172 173 169 164 137 127 118 103 88 114 138 141 146 136 137 144 142 139 142 152 144 149 137 133 147 161 163 162 163 157 157 162 170 174 174 165 173 173 172 170 169 168 164 159 149 139 113 99 96 83 65 80 67 53 50 30 55 61 61 53 64 45 43
46 38 53 47 40 44 37 29 31 55 57 19 18 29 34 22 93 155 162 163 162 166 171 176 179 182 180 184 183 172 166 149 147 141 144 121 111 116 115 110 118 134 133 131 136 127 120 124 124 122 124 120 119 119 106 97 88 111 129 161 173 177 169 170 177 175 171 170 168 164 158 146 134 116 108 87 88 62 77 60 55 47 20 51 63 63 58 70 41 43
45 39 53 40 38 51 29 35 27 55 59 23 16 29 27 16 50 137 152 158 159 163 168 175 176 185 182 186 183 175 172 158 148 131 141 149 145 151 144 147 139 131 122 122 118 128 130 117 123 102 105 116 132 139 125 126 156 175 175 172 159 168 168 181 179 176 171 170 168 164 157 145 129 120 98 85 81 67 71 67 61 48 28 55 63 60 51 65 39 46
45 38 68 39 39 60 24 38 39 51 47 21 20 22 30 17 13 118 152 156 157 158 166 172 175 181 184 185 180 173 171 167 158 149 134 143 156 168 168 180 171 163 170 171 161 158 157 154 150 144 151 148 147 138 144 156 171 178 181 176 171 174 180 183 183 175 172 171 166 164 159 148 135 115 102 81 71 70 62 74 70 50 27 50 53 63 56 76 48 45
50 49 45 42 43 72 17 31 43 40 36 23 27 22 23 29 9 65 148 151 154 162 164 169 173 179 180 179 179 177 173 164 168 166 160 136 146 151 171 179 171 165 172 177 171 168 168 168 151 142 139 135 143 153 163 171 172 178 180 177 175 177 182 184 181 173 170 169 164 160 154 144 122 110 93 86 65 65 67 68 69 62 24 47 54 59 62 69 45 37
51 58 32 40 49 56 19 38 48 52 36 23 24 21 20 29 19 13 117 146 150 153 158 162 169 177 179 179 178 177 175 169 164 167 166 171 156 144 133 139 146 152 158 151 146 150 145 136 133 135 145 158 165 167 165 168 173 176 178 177 177 179 181 182 177 171 169 169 165 160 152 143 129 112 88 78 60 60 60 55 71 48 31 50 47 58 61 71 48 34
46 50 29 42 60 36 23 31 42 55 25 21 20 12 20 32 21 8 58 138 148 148 160 159 166 171 175 181 179 175 175 175 169 166 165 170 166 164 159 155 155 155 152 144 143 147 148 149 168 167 170 171 168 163 167 175 174 174 175 176 177 178 177 176 173 170 169 167 162 158 148 136 121 102 89 70 71 69 55 53 73 27 35 53 47 58 57 76 58 42
49 39 32 39 48 26 25 31 40 56 22 19 18 15 24 33 23 17 8 102 140 147 152 155 162 165 169 176 178 174 174 173 174 170 173 164 167 166 170 161 160 159 157 152 154 159 162 168 168 171 173 167 168 167 174 174 173 173 174 176 178 178 175 173 169 170 167 161 156 150 137 123 108 90 82 58 65 74 64 64 67 28 32 48 56 55 59 72 57 43
45 25 45 42 50 30 25 28 52 58 29 21 19 25 22 27 28 15 14 14 116 142 146 150 154 161 166 172 174 174 175 173 178 175 173 179 171 170 168 169 164 169 171 168 170 174 172 172 169 171 174 168 172 168 175 173 172 173 174 176 178 178 175 172 166 168 164 156 151 144 129 114 94 83 72 62 59 70 64 48 63 30 40 44 56 51 65 65 55 44
54 25 42 39 60 30 28 34 53 44 21 25 22 20 16 25 31 23 9 12 16 122 141 144 146 154 160 168 172 172 176 176 176 178 180 181 180 178 176 172 174 168 169 171 172 171 172 179 175 175 175 173 174 168 174 175 170 173 174 174 174 175 172 167 164 163 157 150 145 135 120 108 90 76 59 58 57 58 61 47 66 26 51 46 59 49 68 74 50 38
51 35 41 52 67 16 22 40 39 39 17 23 19 18 21 18 34 25 14 2 8 12 119 140 143 144 149 163 172 172 175 177 178 179 181 181 181 181 180 178 178 175 175 171 170 174 176 178 180 183 178 174 173 175 178 172 169 173 174 172 170 170 166 161 162 157 149 143 137 125 109 99 82 68 58 60 68 50 53 56 72 29 47 47 76 50 70 89 53 39
56 23 43 54 69 11 35 35 42 22 28 22 22 21 19 22 40 29 19 6 8 1 9 120 138 136 143 156 161 171 175 176 177 181 180 183 184 180 182 183 184 183 182 179 182 182 184 182 182 180 178 172 173 173 175 173 171 169 170 171 167 163 161 160 160 150 141 138 128 119 99 87 74 62 52 57 73 57 57 59 60 31 47 44 75 52 72 78 49 35
63 26 30 63 66 20 27 29 51 31 23 28 24 19 19 16 24 19 26 11 1 6 5 11 98 131 130 147 159 164 172 172 176 180 179 182 183 181 183 184 184 183 184 182 184 182 184 184 184 181 178 173 176 174 173 168 170 166 165 166 163 159 157 155 151 143 136 131 117 104 86 78 62 53 47 44 58 59 57 50 52 35 46 48 66 56 79 74 51 34
57 25 30 57 50 10 28 42 37 29 41 32 23 24 23 17 15 19 16 12 10 4 5 5 17 79 133 129 151 160 168 172 176 179 179 183 185 184 186 188 187 185 187 185 185 180 181 182 181 178 177 175 179 177 175 171 169 165 164 162 159 155 151 148 144 135 129 124 109 94 74 64 54 45 37 53 65 67 41 51 38 40 53 54 63 64 73 66 54 36
55 30 44 55 44 9 23 36 46 26 39 32 21 23 19 22 29 30 19 19 7 4 4 8 9 31 71 123 134 155 164 169 174 178 179 182 186 187 188 190 192 191 192 189 189 184 185 184 181 180 181 178 179 175 175 173 168 165 163 159 153 147 143 138 132 125 119 111 96 81 61 49 47 30 31 56 55 63 34 50 41 41 50 46 58 63 62 86 50 37
44 31 45 55 32 16 19 40 46 30 35 44 32 29 23 20 21 22 24 18 2 10 6 3 13 32 61 79 123 137 156 170 171 174 178 180 184 186 187 189 191 190 190 186 189 188 189 185 181 179 180 178 178 173 173 172 164 162 159 152 143 138 133 129 126 118 107 87 70 60 51 46 31 31 39 58 60 56 21 49 30 46 62 50 61 65 59 74 44 38
37 31 44 47 20 11 21 58 47 22 33 28 32 30 29 24 17 18 25 13 7 5 0 11 15 30 52 82 111 125 146 157 167 171 177 179 182 185 185 188 186 186 186 181 185 187 188 183 181 176 175 174 176 171 169 167 163 158 151 142 133 129 126 121 111 101 91 72 59 49 40 33 38 42 44 61 38 43 21 52 28 54 65 46 51 60 69 61 39 39
44 38 46 45 31 11 21 49 59 17 31 30 47 42 26 24 18 18 19 14 9 8 7 6 15 25 56 84 100 131 128 146 158 164 172 174 178 182 181 184 183 182 182 180 184 186 187 183 182 176 174 172 172 164 160 158 158 150 140 129 122 120 114 105 96 78 63 49 45 43 45 45 44 64 56 59 42 48 28 54 32 51 58 44 50 54 68 63 34 35
33 35 39 41 35 15 26 46 49 27 23 33 34 42 25 24 15 29 18 19 13 8 6 11 12 28 55 79 106 135 144 127 146 153 163 166 171 175 174 178 176 174 175 176 181 182 184 183 177 173 174 172 170 160 158 157 150 141 128 117 112 109 99 86 67 54 52 50 53 52 56 60 59 54 52 50 55 37 37 60 34 63 67 37 48 60 60 52 34 34
42 34 45 43 29 18 24 41 53 20 23 28 25 31 31 33 14 24 18 21 15 5 5 9 16 30 51 81 110 132 149 156 146 138 146 151 162 169 177 170 171 171 172 173 173 174 173 170 166 168 172 166 160 157 150 148 136 124 110 105 96 88 71 59 62 61 64 63 63 67 69 71 71 51 58 48 47 20 42 50 20 60 60 46 41 54 51 61 28 40
37 29 45 43 24 15 22 30 49 22 21 30 27 30 35 32 18 28 22 24 18 7 7 10 15 29 50 79 107 130 148 154 165 156 138 133 139 150 159 163 159 160 163 164 164 164 165 163 161 163 165 157 149 145 136 133 116 106 97 92 81 75 72 74 72 72 76 76 76 78 77 77 68 59 65 41 38 22 43 38 37 66 60 47 45 57 47 46 29 42
