199 187 155 147 136 106 99 95 112 152 135 140 109 116 107 91 82 79 57 78 88 81 84 118 115 104 115 102 101 116 132 128 115 123 113 113 122 121 125 130 118 145 166 169 180 184 177 180 183 179 179 182 183 179 176 181 170 178 171 182 176 171 161 149 115 133 127 155 143 130 137 134 114 68 54 52 58 75 83 82 100 92 98 88 68 49 39 68 69 82
178 154 165 142 115 109 70 108 114 143 139 122 119 121 82 82 75 75 73 75 90 80 101 114 108 93 121 110 114 130 139 139 128 127 115 124 126 135 127 126 162 165 158 180 184 185 183 184 187 184 183 183 186 186 180 180 183 174 178 187 182 176 169 152 144 147 131 153 154 138 143 127 109 92 66 60 68 69 80 95 77 109 102 91 103 78 60 41 54 62
177 198 164 136 102 95 108 113 138 127 132 138 121 107 90 85 95 77 71 82 81 84 150 115 96 94 109 117 124 131 136 121 128 126 125 123 131 139 142 166 168 169 178 187 185 188 188 186 186 188 190 186 186 187 183 183 178 180 184 174 177 175 171 166 145 141 149 136 147 149 124 110 113 123 73 70 85 44 75 66 69 72 95 98 101 95 56 43 42 70
178 174 154 128 110 92 100 116 139 128 141 130 119 106 89 86 75 70 81 97 91 128 148 85 104 91 96 108 118 134 130 142 140 143 139 145 146 141 162 159 177 172 184 186 187 187 186 186 193 194 191 183 181 185 189 194 195 181 188 189 188 180 178 168 158 139 146 133 126 128 114 104 115 109 100 62 67 52 54 75 94 54 60 94 89 79 70 63 42 58
182 166 140 113 98 83 110 137 136 142 155 127 123 107 93 89 81 80 90 88 101 132 67 83 83 103 117 133 144 147 145 153 139 151 146 146 157 173 174 176 185 190 182 192 190 194 192 191 191 193 195 194 195 195 191 191 195 189 186 181 179 184 186 171 163 150 147 136 125 121 101 103 102 109 110 83 77 81 57 81 66 91 66 74 66 80 79 46 50 46
189 152 130 111 100 101 106 133 159 138 138 140 113 116 115 92 84 96 87 77 112 144 78 83 93 123 133 138 149 149 163 167 167 169 168 170 174 180 187 183 185 195 193 194 196 199 195 197 197 197 198 196 195 195 195 199 187 190 184 189 191 184 179 182 166 168 148 135 121 112 100 99 92 93 94 99 92 97 93 70 63 84 100 36 58 59 70 59 51 39
180 155 115 100 86 105 136 155 148 141 139 136 94 110 106 94 97 112 86 96 132 87 59 93 117 145 145 174 177 165 184 176 182 176 174 164 185 187 189 200 198 190 194 193 201 198 191 198 195 199 203 200 197 195 194 198 197 191 188 185 182 188 184 176 180 159 165 148 119 105 90 82 72 92 84 85 109 91 81 60 75 60 81 38 50 47 58 51 53 36
176 137 108 95 102 143 158 165 142 160 132 128 119 103 99 66 99 96 102 106 127 85 81 102 137 155 165 175 164 191 188 181 175 191 186 186 193 193 196 193 188 198 195 201 197 201 198 194 198 200 202 198 197 197 194 195 193 194 195 187 189 188 176 184 177 176 159 130 121 97 91 75 79 75 80 72 96 98 84 79 101 59 51 67 48 46 56 46 39 52
151 123 125 94 132 137 170 164 158 156 135 134 111 107 114 107 115 79 113 112 104 97 101 121 147 178 180 178 178 183 177 180 182 173 188 186 191 199 194 196 198 198 199 200 199 199 199 200 199 199 198 196 198 200 198 195 198 196 194 191 189 189 189 185 184 172 173 149 132 106 87 79 77 63 79 75 84 98 93 94 77 83 64 77 56 51 51 60 48 46
143 138 96 126 150 150 161 162 167 162 140 126 117 117 81 126 137 67 112 123 84 93 102 131 162 174 170 179 181 177 172 183 192 187 193 193 195 198 198 198 197 198 199 200 200 199 199 200 199 200 200 198 198 199 198 196 196 195 194 193 190 190 189 185 182 179 178 162 142 118 92 83 62 64 66 70 69 84 87 86 64 88 85 65 69 54 67 56 46 35
138 121 122 147 139 152 158 161 153 166 148 112 109 124 90 109 100 101 123 138 85 89 115 137 154 171 173 178 181 187 186 188 190 193 193 200 198 197 199 195 198 199 200 200 200 200 200 201 199 200 200 200 198 196 195 194 195 194 194 193 192 191 190 186 187 187 178 177 140 135 104 83 73 72 54 71 67 77 88 72 70 87 80 86 96 48 50 66 57 41
138 130 120 154 145 150 158 165 149 156 139 109 145 97 120 108 87 130 138 132 78 97 116 129 161 173 177 185 186 189 190 193 190 197 195 204 201 199 200 197 200 201 201 201 201 201 202 202 201 201 201 201 199 196 195 195 195 194 194 194 193 193 192 190 180 188 185 177 170 155 128 92 84 68 55 59 64 77 77 75 61 82 95 74 95 107 49 68 70 55
126 107 127 135 141 151 146 161 168 155 152 114 120 113 139 116 101 147 143 128 91 104 113 145 167 170 172 182 185 187 192 197 197 200 198 203 200 200 200 201 202 202 202 201 201 201 202 202 204 202 201 201 201 199 198 197 199 196 196 195 193 193 194 192 191 183 185 177 176 165 158 119 89 72 70 49 74 64 80 83 68 66 78 75 76 95 96 70 78 74
114 109 120 141 151 168 166 165 168 149 134 135 95 131 118 125 102 146 139 139 101 103 134 156 177 188 189 185 186 192 196 195 196 198 199 200 200 200 198 201 201 203 202 201 200 202 202 202 203 201 199 199 200 201 200 199 200 197 196 195 193 192 192 192 189 189 183 186 184 176 163 150 96 92 87 89 60 72 80 92 81 66 72 78 81 72 100 74 78 88
128 107 143 141 140 146 149 157 160 143 128 151 129 135 138 129 112 146 133 125 101 107 130 156 172 183 187 188 191 191 195 199 197 199 200 201 205 202 201 202 200 202 203 202 201 202 203 202 201 200 198 197 199 201 201 199 199 196 196 195 193 191 191 190 193 186 186 185 184 180 184 178 145 91 105 85 85 85 89 83 99 75 65 54 68 71 87 77 71 71
121 151 128 127 149 151 152 168 157 154 147 104 139 150 142 134 140 147 139 136 101 106 136 159 178 186 187 189 195 194 196 199 201 203 200 199 205 200 203 203 199 202 203 203 203 204 203 202 202 202 201 199 200 202 202 200 198 196 196 197 194 192 192 191 186 189 185 186 183 187 182 181 178 149 94 117 83 92 84 99 94 101 86 57 80 81 81 82 98 70
132 122 120 135 136 140 134 161 159 151 156 141 134 153 140 131 121 155 154 138 104 115 139 161 182 185 186 192 196 195 197 200 200 202 205 205 202 201 203 204 202 202 203 203 202 202 203 201 204 203 200 204 195 200 197 197 199 192 199 195 197 195 196 188 186 186 187 184 183 185 184 186 180 180 147 109 123 89 102 99 87 96 105 97 71 68 81 95 100 86
132 114 129 119 130 138 170 149 155 144 149 105 159 169 134 142 141 152 157 146 103 118 145 173 180 186 188 192 196 197 201 202 201 202 204 205 203 203 204 203 203 202 203 204 203 205 206 205 204 203 203 205 201 203 201 196 198 202 195 198 198 189 195 189 190 186 187 185 192 184 182 183 185 176 174 143 110 125 100 117 106 106 103 101 102 90 91 73 68 90
120 123 134 136 146 151 150 155 161 160 150 156 149 146 146 117 157 151 150 150 114 128 149 174 180 188 191 193 197 200 203 203 205 204 205 206 206 206 206 204 206 204 203 203 203 204 205 204 205 204 206 203 201 202 204 199 197 196 193 198 198 196 194 191 193 188 190 190 188 180 183 180 179 180 181 172 145 126 124 110 112 116 114 123 110 120 90 88 83 71
132 118 134 144 115 168 152 144 156 161 140 148 170 132 148 109 163 146 149 162 111 126 161 170 183 191 193 196 198 200 203 203 208 206 206 207 207 207 207 205 206 204 204 203 202 202 203 202 205 203 205 203 202 204 207 203 204 195 199 199 196 197 197 194 196 195 193 194 189 190 187 176 174 174 173 173 170 141 145 124 141 132 127 118 126 121 130 83 90 77
136 139 123 136 142 148 146 153 154 158 158 165 164 137 152 106 175 149 143 154 119 137 161 171 186 192 194 197 199 199 201 202 207 206 206 206 205 207 208 207 205 204 204 205 203 202 204 204 204 201 200 203 202 204 202 198 199 201 200 198 199 190 199 199 196 200 193 186 191 190 187 188 180 174 180 166 165 161 142 133 129 134 150 136 141 136 135 119 103 94
139 127 145 132 140 149 131 148 169 144 151 170 145 131 148 125 175 139 156 159 116 140 162 178 188 193 194 197 200 199 201 203 207 205 206 206 204 206 209 209 207 206 206 208 205 204 205 205 202 202 202 203 199 201 202 200 198 197 197 191 200 190 187 197 193 178 187 189 189 183 188 185 180 174 173 170 167 164 157 144 119 148 131 149 169 156 144 142 120 87
150 132 137 118 136 151 134 160 156 151 169 163 127 151 121 134 161 136 157 151 125 150 160 179 188 194 195 196 199 200 203 202 207 206 206 205 204 205 208 208 209 205 205 207 206 205 204 203 201 202 206 201 200 201 200 191 193 177 191 185 176 145 99 94 120 117 123 144 174 175 163 184 183 179 170 175 164 166 161 156 140 120 102 159 150 142 173 170 145 132
133 128 120 114 142 129 150 166 161 152 175 169 124 149 99 142 144 133 159 148 122 149 168 181 188 195 196 195 198 201 204 201 207 206 205 205 203 204 206 206 206 201 201 204 205 205 204 203 205 202 204 195 199 193 179 151 158 105 85 74 61 69 84 102 99 87 80 90 80 86 78 110 159 170 175 168 169 167 163 159 152 137 97 88 147 173 161 152 150 148
133 134 118 140 149 136 157 167 160 157 158 159 131 158 138 162 130 138 145 137 121 119 149 149 154 183 190 191 196 197 200 204 205 206 199 202 201 198 204 204 205 204 201 202 206 205 202 204 201 192 190 171 158 100 109 114 100 83 81 70 91 130 177 181 158 158 155 123 134 128 96 90 76 104 165 168 167 169 163 161 160 150 129 90 78 138 167 170 164 149
141 140 119 154 129 149 173 165 158 177 173 133 164 170 144 171 125 145 133 70 82 80 60 88 90 116 135 169 156 157 156 175 192 192 202 193 205 201 197 201 204 200 198 200 204 204 202 201 190 190 170 111 107 116 81 86 79 69 71 89 152 189 196 193 204 192 191 202 188 181 150 138 104 81 71 148 170 162 167 161 159 161 148 101 84 62 102 170 179 169
141 132 114 170 121 148 172 166 169 176 180 156 157 180 147 137 127 160 133 60 62 55 66 77 74 75 93 100 84 86 77 104 104 133 152 184 185 192 196 199 204 203 204 205 203 203 203 203 179 161 98 106 105 71 70 82 88 99 148 174 190 200 198 200 194 198 198 195 196 187 184 180 174 143 133 84 129 163 159 163 166 158 161 137 109 79 73 57 155 171
146 124 150 136 143 164 160 165 181 179 169 144 178 183 164 149 144 137 115 62 73 103 126 100 80 78 61 64 64 72 59 70 73 113 106 142 184 184 199 203 201 201 205 205 200 199 200 198 179 139 120 134 104 105 105 145 164 193 189 189 198 194 195 193 195 197 195 200 192 190 187 178 180 165 153 131 108 153 164 163 158 160 162 158 129 99 68 50 33 133
152 118 170 137 154 167 171 173 192 181 160 172 176 187 166 124 151 145 152 117 133 171 179 177 184 164 143 104 94 76 66 78 81 110 96 112 164 188 196 190 199 198 200 202 200 199 196 189 156 119 137 150 152 165 181 181 189 192 197 198 195 197 196 196 192 192 190 184 189 185 183 183 180 180 169 163 160 137 169 168 166 159 165 162 153 134 98 63 41 28
142 163 164 146 165 170 163 175 185 177 150 170 189 188 112 146 164 148 161 158 166 176 178 194 195 201 194 204 190 172 144 125 114 106 113 126 157 172 199 199 196 198 201 202 201 200 196 190 186 172 173 180 188 187 177 180 178 165 154 163 172 171 168 165 165 175 186 189 185 185 179 180 177 176 179 175 163 149 144 168 165 161 167 164 165 152 122 96 76 40
162 150 160 166 172 177 176 179 176 172 155 187 183 182 145 146 165 130 146 160 167 178 181 188 201 202 202 198 193 192 183 179 180 183 163 159 157 179 193 194 193 200 202 199 197 195 192 190 185 190 191 190 186 180 182 141 155 169 173 167 181 192 190 199 181 173 158 146 179 182 177 175 179 179 175 167 166 159 165 170 171 170 167 162 162 160 136 102 94 64
167 180 170 163 172 171 163 184 182 160 160 180 201 180 151 160 136 135 147 157 166 172 175 161 169 181 181 177 173 163 152 160 177 173 182 186 181 180 189 195 198 203 201 197 197 196 191 188 190 189 191 185 177 166 134 163 173 163 117 86 82 72 82 91 105 150 169 158 139 162 177 177 176 175 176 171 172 172 172 167 168 168 171 168 164 159 157 128 95 75
175 175 120 148 173 168 175 177 179 164 175 195 191 182 143 158 145 160 153 153 156 134 161 175 135 117 96 113 108 167 185 173 131 157 174 184 182 181 183 186 192 198 201 200 200 193 183 183 184 183 186 179 172 153 163 165 117 83 115 83 62 28 38 82 58 72 87 150 148 141 155 170 175 173 172 174 176 174 173 176 175 173 168 166 166 162 161 140 93 80
171 169 161 164 175 156 173 172 175 179 180 183 187 180 158 152 141 150 145 123 129 147 129 83 72 43 83 49 34 65 59 141 172 156 152 174 177 168 182 179 184 191 194 194 195 188 180 179 176 175 183 182 161 143 164 116 117 212 100 113 105 27 162 70 55 158 133 90 118 136 143 160 171 174 176 176 178 178 178 179 175 174 170 167 165 160 159 142 117 86
155 170 135 181 171 163 165 175 157 180 195 186 187 184 163 148 130 135 130 109 123 72 58 164 141 82 85 79 31 99 95 91 107 151 143 153 169 170 168 171 180 186 188 189 188 181 172 170 167 171 187 177 167 166 120 169 216 221 116 88 193 33 162 73 66 168 199 173 128 102 126 148 163 172 178 178 180 181 179 178 176 174 171 168 165 160 160 148 124 92
178 136 140 166 158 159 165 164 159 193 183 190 177 179 164 150 127 132 87 99 51 80 176 201 136 87 119 189 31 178 136 131 220 125 163 158 163 166 158 169 172 180 183 184 183 175 170 168 167 182 184 184 178 153 151 212 221 227 149 133 56 32 40 110 117 193 205 161 149 120 139 147 156 167 177 181 185 187 184 181 179 175 172 169 167 161 162 155 134 101
155 113 170 171 148 158 163 155 179 185 180 181 189 165 150 136 141 129 103 65 97 133 176 210 188 91 92 30 24 100 127 186 224 197 147 165 165 163 162 160 169 177 180 182 177 169 166 163 163 173 191 194 191 167 160 196 220 228 210 112 100 99 112 95 158 178 168 157 154 129 143 164 166 174 181 187 191 189 185 183 182 177 172 169 169 163 163 159 135 110
158 148 167 162 149 155 157 158 192 187 194 182 184 163 175 117 139 119 82 75 127 134 184 210 205 121 119 119 125 112 143 216 217 209 158 176 170 164 159 162 172 179 181 181 174 163 162 158 165 173 190 194 194 151 150 144 165 166 173 181 148 94 107 155 166 170 153 156 134 151 164 180 182 184 186 189 191 189 185 184 183 178 173 168 168 163 160 157 139 120
162 165 172 167 144 154 153 182 177 180 183 187 178 170 118 131 147 106 104 99 113 138 159 169 202 214 158 107 111 142 157 157 156 155 158 172 174 171 163 158 171 178 178 180 173 164 164 159 158 172 183 190 193 196 185 188 194 181 186 176 184 172 182 162 162 165 166 167 162 171 176 184 186 187 188 189 191 190 188 188 183 178 174 168 168 162 157 153 133 112
166 160 169 147 148 150 158 190 182 179 182 172 152 167 91 142 132 121 124 120 126 140 159 145 147 142 162 156 166 194 173 185 174 189 188 175 170 163 153 162 174 178 177 179 172 163 163 156 163 163 173 182 194 190 185 176 173 169 170 172 171 173 162 176 170 171 176 172 170 181 182 187 191 193 192 190 190 189 186 185 182 178 175 168 168 161 155 151 145 114
159 155 172 144 157 150 180 175 181 157 190 182 143 163 144 138 136 141 130 141 132 151 143 145 162 150 167 166 165 170 160 173 171 174 176 167 159 158 159 163 173 177 178 180 176 168 163 159 159 163 168 173 179 183 181 176 169 166 167 169 172 174 172 174 177 181 178 180 184 185 188 186 192 191 193 193 191 187 187 188 181 178 178 166 161 161 148 142 140 119
142 168 168 139 150 139 184 171 167 170 191 186 144 117 152 153 145 147 146 150 154 164 167 170 171 165 173 167 162 163 161 170 168 169 172 166 158 157 160 164 176 179 180 180 175 167 164 160 157 160 165 173 180 183 182 180 178 172 169 167 169 173 177 183 184 187 184 185 188 188 190 189 192 189 192 189 192 188 187 181 182 178 177 165 160 160 150 146 139 128
148 163 151 147 143 180 174 178 168 185 191 178 170 126 142 148 155 154 157 156 163 165 173 176 179 175 172 170 172 175 176 172 171 168 171 168 160 159 163 168 176 179 180 180 175 167 164 161 158 158 162 172 179 182 184 187 187 183 183 183 184 187 188 193 193 194 191 192 193 191 191 191 192 190 193 188 191 187 188 180 181 176 174 164 160 159 151 148 136 131
140 173 143 140 140 176 159 155 137 181 185 145 137 134 136 157 157 160 161 163 164 170 175 180 183 184 183 182 179 180 181 177 179 170 170 167 159 158 162 167 172 177 179 179 173 167 164 161 162 159 161 168 175 181 186 191 186 184 185 186 188 191 192 195 194 195 193 193 192 189 188 188 190 189 192 189 188 186 187 183 180 175 171 165 161 158 149 146 136 129
132 181 140 156 163 164 168 167 173 187 175 159 131 139 146 154 158 164 165 168 169 179 182 185 189 187 189 186 182 183 181 181 187 175 169 165 160 158 161 167 172 178 178 177 171 165 164 161 162 162 162 165 172 180 186 188 188 187 189 190 193 195 193 194 192 193 194 193 193 190 187 188 188 187 187 191 187 186 184 184 182 176 170 164 161 157 149 145 141 126
159 167 144 145 171 165 171 131 187 193 174 157 121 137 163 156 159 164 168 168 173 181 185 185 192 185 186 184 185 191 188 189 189 178 169 163 161 159 161 168 176 180 179 175 168 162 162 159 160 163 164 166 171 179 184 184 189 187 190 190 192 193 189 188 188 191 194 192 192 193 189 190 189 187 185 194 190 191 184 183 181 176 168 162 158 154 149 145 142 123
160 142 143 166 162 160 167 158 181 185 172 147 130 139 154 161 160 164 169 171 177 183 189 189 189 188 192 188 186 189 189 192 182 174 166 159 159 158 158 168 176 179 178 173 166 160 159 155 158 163 167 168 171 178 183 185 194 191 191 188 189 191 190 190 184 188 192 188 188 191 188 189 191 189 188 193 191 192 185 182 175 173 166 159 154 150 147 143 137 125
175 134 151 158 160 156 138 162 186 177 148 113 125 148 153 161 165 168 170 176 177 183 185 189 189 189 190 189 190 192 189 183 177 174 166 160 161 159 159 171 171 176 176 173 166 159 156 151 157 163 168 170 171 177 184 188 188 189 193 193 193 192 188 186 186 190 194 188 189 193 190 191 189 190 190 189 186 186 185 181 169 170 166 159 153 148 146 142 134 132
174 133 161 160 157 169 134 184 190 169 129 126 135 152 153 165 166 168 172 177 183 188 189 189 191 186 190 186 192 192 187 184 178 175 165 161 155 155 166 170 176 176 174 173 164 157 149 149 153 160 170 176 174 179 187 191 190 192 193 193 193 190 189 191 191 194 192 191 192 191 189 192 190 191 193 189 189 183 181 178 173 173 169 158 151 149 141 135 129 124
164 147 163 155 150 165 142 181 178 153 124 121 131 151 161 162 168 171 175 180 186 190 191 190 187 187 192 189 194 194 188 180 180 175 164 167 152 165 168 177 174 178 175 170 161 158 150 145 143 155 167 170 180 183 186 194 193 194 193 194 195 194 193 194 193 195 195 193 193 191 190 190 190 190 189 190 189 187 181 177 174 168 165 156 153 145 142 139 129 120
145 165 161 163 153 164 178 177 171 107 125 131 133 152 157 164 168 172 177 183 188 192 192 191 191 191 194 190 192 191 186 180 183 172 166 158 158 169 172 175 177 177 175 175 167 163 157 155 141 142 158 166 177 184 189 192 197 197 195 196 198 198 195 194 194 196 197 197 195 195 194 191 191 191 189 191 188 188 181 178 178 169 165 155 153 143 142 137 135 114
125 153 150 151 164 161 165 191 164 82 126 117 138 152 160 164 168 173 179 185 190 192 192 191 193 191 191 191 191 190 187 185 184 176 170 152 166 171 177 174 181 179 177 178 170 163 156 156 140 125 134 149 166 186 194 193 197 198 197 198 200 199 197 195 197 197 199 199 196 196 196 191 190 192 191 190 185 184 180 179 173 168 165 156 153 146 146 138 131 105
154 163 160 158 165 154 158 175 172 122 114 118 140 152 156 164 169 174 181 186 190 192 192 191 193 195 194 194 192 191 188 184 180 180 162 158 168 175 176 181 185 190 190 187 178 173 165 159 148 135 123 129 153 184 192 196 195 198 198 197 200 201 200 201 200 199 200 199 195 195 194 189 191 190 190 184 183 179 179 178 170 167 162 158 151 147 148 139 122 103
154 149 156 162 171 178 186 175 134 128 96 123 135 151 155 167 169 175 182 186 189 191 192 192 196 201 198 195 192 195 193 187 182 174 151 162 174 180 180 189 189 194 196 195 185 177 169 165 161 153 141 131 136 163 188 193 196 199 199 197 198 200 202 204 201 200 200 199 197 195 194 192 193 189 187 181 183 179 180 177 173 167 160 160 151 145 146 140 124 106
162 148 147 182 172 162 188 162 101 118 109 118 138 150 163 161 171 176 183 187 189 191 192 194 196 199 194 197 195 197 197 194 188 165 154 160 176 179 189 193 199 199 197 196 183 172 166 169 164 159 159 145 134 142 180 187 196 200 201 198 198 199 201 203 200 200 200 200 200 196 195 197 194 191 188 184 183 181 179 176 170 164 159 158 153 147 150 139 128 106
149 153 151 167 162 148 148 168 94 117 98 119 140 151 157 168 174 179 184 188 190 192 194 196 199 197 193 203 199 192 188 188 183 158 161 157 162 171 189 193 190 193 189 180 166 163 162 164 174 169 169 158 154 138 169 181 192 198 201 200 201 201 200 201 200 201 200 201 201 196 193 197 192 194 190 188 181 180 176 176 169 165 162 156 154 147 150 130 128 108
139 150 159 164 160 162 163 130 101 91 98 121 139 151 159 161 175 181 185 189 191 193 197 197 202 199 196 201 196 193 197 187 179 163 151 127 145 165 174 186 193 189 184 175 160 149 85 84 118 152 164 168 158 142 156 181 193 200 198 198 200 199 199 198 203 201 200 200 199 196 195 197 194 191 189 188 180 180 176 172 169 162 165 158 154 149 142 131 128 112
143 143 152 172 151 166 157 115 96 77 95 119 137 154 162 165 176 183 186 189 191 193 198 198 199 199 198 200 192 188 193 185 178 163 153 113 72 80 165 179 180 179 182 173 114 102 46 52 67 80 157 173 159 149 155 182 195 201 199 198 200 200 201 201 203 200 199 200 200 199 198 197 193 192 189 188 181 180 176 173 171 163 163 157 155 149 144 137 120 107
134 131 161 158 142 151 145 62 92 56 99 121 132 146 156 165 176 183 188 191 191 193 197 197 196 196 196 198 193 190 193 183 174 162 166 138 90 101 110 174 172 174 173 168 112 133 112 84 88 115 156 167 164 142 162 188 197 200 197 197 199 200 203 203 199 198 196 196 198 199 197 195 193 194 189 187 181 179 174 173 171 162 160 155 153 148 142 139 123 102
119 141 166 150 144 141 155 93 64 59 90 120 133 149 160 170 175 182 187 191 193 193 196 195 195 195 196 197 194 194 194 184 182 152 169 166 150 127 115 146 167 152 166 145 132 148 151 129 131 157 172 169 156 151 177 191 196 198 195 195 196 198 202 203 200 200 199 198 199 200 198 194 193 194 188 185 182 179 171 170 167 162 159 154 152 146 137 134 120 102
111 132 146 148 139 143 92 92 66 43 93 115 134 145 155 165 176 181 185 189 192 194 196 194 194 197 198 197 193 193 195 190 184 163 156 159 164 166 145 162 155 162 153 161 159 163 164 166 167 165 165 152 149 166 183 188 195 195 193 194 194 195 200 200 200 201 201 199 199 200 198 194 192 193 187 185 182 179 170 168 166 164 160 154 151 146 135 130 122 90
120 141 135 148 130 124 83 86 68 33 95 113 134 142 157 169 178 182 183 186 190 193 197 195 196 197 197 196 195 197 198 195 180 171 154 147 151 158 158 154 162 160 166 164 174 175 170 166 164 164 155 156 180 181 184 188 195 193 193 195 194 193 198 198 198 200 200 198 198 198 196 194 192 191 186 185 182 180 172 169 166 164 161 156 149 147 136 130 115 85
131 132 130 133 127 115 95 72 64 58 93 117 132 146 156 167 178 182 183 186 189 192 196 195 198 195 195 196 199 200 196 192 181 177 170 162 157 160 170 171 172 170 169 177 178 177 180 173 170 168 174 178 181 178 181 188 191 190 191 195 192 191 197 198 199 200 201 200 199 198 196 194 191 189 186 185 179 178 173 170 167 162 160 158 149 146 137 131 122 84
123 121 119 127 123 99 80 70 75 21 99 117 133 146 157 169 177 183 185 188 191 192 195 193 196 196 199 200 199 196 189 186 185 174 166 168 162 169 170 172 179 184 176 174 184 189 181 183 176 180 174 185 175 181 187 183 187 186 188 193 191 190 197 198 198 199 199 198 198 196 194 192 191 189 186 184 176 176 173 170 167 160 159 161 150 146 136 130 121 85
123 121 126 123 105 94 80 74 87 38 89 119 134 146 158 165 176 181 184 187 191 193 193 194 196 196 198 194 197 193 189 180 179 175 173 172 174 169 165 177 184 186 179 185 182 188 186 184 183 183 182 179 178 180 181 180 181 184 187 189 186 191 194 197 198 201 200 198 199 196 192 191 189 188 185 180 179 179 174 169 168 162 160 154 153 144 138 132 135 93
118 124 125 112 108 99 83 75 77 42 61 123 135 146 158 172 175 179 183 186 191 194 194 195 199 200 195 192 190 192 185 178 179 177 173 168 170 173 174 184 192 191 184 189 189 193 191 188 186 182 179 178 178 178 178 178 176 177 180 187 186 188 188 189 196 197 197 198 199 197 192 190 187 186 182 178 176 176 173 170 165 160 158 153 152 143 137 132 126 88
110 108 114 99 105 100 96 76 83 74 47 119 144 150 162 166 177 180 183 186 189 192 193 192 195 196 189 194 188 190 180 177 173 175 175 174 176 177 177 184 191 190 186 189 190 191 191 189 186 180 176 178 180 179 179 181 179 178 179 188 188 188 184 186 191 191 195 198 197 194 192 189 187 185 182 178 175 173 172 171 166 161 157 154 151 142 136 131 114 73
104 116 99 95 107 112 93 94 89 89 43 123 142 147 164 168 177 179 182 185 188 191 192 191 192 190 186 195 187 185 175 177 173 172 174 178 180 178 180 190 192 194 192 190 189 187 189 186 184 180 177 178 179 177 177 179 180 179 178 184 185 186 183 185 185 186 192 196 192 189 190 189 187 184 182 180 177 172 170 169 167 162 157 154 151 143 136 131 117 66
94 112 101 95 99 106 101 111 103 87 37 122 142 156 163 166 174 176 181 185 187 191 193 192 193 192 189 190 182 178 173 175 174 173 173 177 177 174 177 183 182 185 182 178 178 180 183 179 181 182 182 181 180 180 181 181 177 178 176 179 181 185 184 186 183 183 189 192 190 189 189 188 187 183 180 178 176 171 168 167 166 160 154 153 150 143 136 133 117 62
102 112 104 97 103 115 118 115 103 108 79 99 143 155 160 171 173 174 180 184 185 189 192 189 190 194 193 186 179 175 173 170 171 173 173 175 175 175 178 177 179 180 174 173 175 181 183 179 176 179 181 179 178 179 180 178 176 179 175 176 178 182 180 183 183 184 187 190 193 194 191 187 187 183 178 176 174 171 169 168 166 159 152 152 148 142 133 129 118 59
102 109 115 119 88 106 124 120 111 122 114 57 146 157 163 166 172 173 180 184 182 185 188 185 185 189 190 184 177 173 170 169 171 172 171 174 175 177 182 180 184 185 178 181 178 181 180 178 178 180 181 180 181 182 180 177 176 177 172 172 174 175 172 177 179 184 188 190 195 196 192 187 186 183 179 176 173 171 170 169 168 160 152 153 147 140 129 125 112 51
102 104 117 107 116 109 131 132 133 119 124 47 143 152 165 166 170 171 179 183 181 184 188 185 188 186 183 182 173 168 166 172 169 169 170 178 177 169 166 160 159 164 162 170 164 163 161 164 163 163 165 169 175 179 179 176 178 177 170 171 174 174 171 178 172 183 189 191 194 194 190 187 183 183 180 177 173 171 169 168 167 160 151 154 148 142 129 125 87 36
93 113 117 126 128 103 133 148 149 117 125 103 138 156 164 168 168 170 176 182 183 184 186 187 184 182 184 176 169 164 165 166 168 169 173 167 161 159 165 166 158 157 155 152 154 162 158 167 169 160 156 152 153 157 159 164 169 165 167 168 171 170 177 181 178 180 185 192 195 194 191 189 185 182 179 176 173 173 172 168 165 159 150 151 146 139 133 122 53 34
104 115 123 133 131 129 128 149 132 145 123 127 106 159 162 168 169 170 174 180 182 184 187 188 188 185 176 167 159 164 170 172 169 160 155 152 160 158 159 168 156 153 149 156 152 147 151 151 155 155 150 145 135 126 127 125 124 133 134 131 136 149 164 178 179 184 189 192 193 192 189 186 185 182 179 175 172 173 172 169 162 155 157 146 149 130 127 122 59 32
108 111 117 133 142 135 125 147 155 165 117 133 78 156 167 163 168 168 172 177 180 184 186 186 183 181 180 172 173 163 167 156 146 138 133 135 153 151 141 146 135 132 135 121 113 126 126 107 113 117 113 98 105 115 104 105 122 106 97 96 132 143 157 164 177 186 193 196 195 194 192 188 185 182 179 175 171 171 171 168 159 153 149 150 144 134 118 112 57 72
108 116 131 140 148 149 149 157 160 161 166 127 126 152 164 167 167 167 171 176 180 183 186 185 185 181 180 176 173 147 142 127 107 113 106 94 97 102 117 129 134 116 125 124 122 127 130 130 131 127 137 133 134 145 134 122 137 128 138 144 169 157 163 167 173 182 192 196 196 194 191 187 185 182 179 174 170 169 168 165 164 153 149 144 144 132 126 79 43 60
102 123 135 138 156 162 141 148 165 165 158 147 135 121 161 169 169 168 170 174 177 182 186 186 186 187 180 184 167 145 127 112 103 118 125 126 131 138 149 138 141 139 139 138 138 136 144 140 149 146 136 146 146 135 139 135 142 144 151 160 164 173 181 184 181 185 192 197 196 192 188 185 184 181 178 174 170 168 166 162 158 151 149 145 141 128 123 65 46 67
109 123 144 142 142 151 163 145 168 180 180 157 126 87 155 167 171 169 169 170 173 179 185 186 183 184 177 175 168 164 160 152 129 130 129 128 126 137 160 152 165 158 156 159 163 160 160 163 171 163 159 162 141 130 148 150 160 163 170 173 166 178 188 188 190 190 192 195 195 192 188 186 181 179 176 173 170 169 166 162 156 149 144 137 139 132 128 49 79 115
105 124 141 147 165 159 170 136 153 160 183 145 129 99 157 163 170 169 168 168 169 175 181 183 186 185 188 178 180 172 170 160 152 137 134 131 132 144 160 158 179 170 176 176 176 180 171 177 174 164 149 140 147 158 161 166 170 166 171 173 176 179 186 185 189 188 188 189 190 189 186 183 178 175 173 170 168 168 166 161 153 149 148 139 137 134 74 85 112 86
113 126 143 163 168 137 136 164 156 146 188 154 155 112 78 158 168 168 169 169 169 174 179 181 185 182 185 182 182 177 173 168 170 156 159 143 130 135 144 152 154 164 172 175 164 164 165 161 150 161 159 160 166 168 172 175 170 174 173 179 179 183 183 187 186 188 188 188 189 189 185 180 176 173 170 167 166 167 165 160 148 149 142 138 130 132 104 76 60 69
120 126 151 165 165 144 134 171 141 153 152 178 130 109 44 145 166 166 170 168 170 174 177 182 184 189 186 183 176 177 174 172 167 168 165 161 152 145 146 144 144 153 159 158 166 164 160 157 159 170 170 177 175 177 177 172 171 175 180 181 181 184 187 187 184 184 185 186 188 186 182 178 175 171 170 169 167 165 161 157 152 142 145 137 132 114 77 69 25 57
128 136 150 170 171 158 145 160 157 141 146 161 152 116 38 103 152 166 168 163 168 171 177 180 186 186 184 179 178 177 174 170 169 170 170 170 166 163 164 161 163 156 166 168 164 166 173 163 169 172 173 175 173 177 176 178 177 179 182 181 179 182 188 189 185 185 185 185 186 185 180 175 172 170 169 168 165 163 159 155 147 143 138 132 126 78 81 63 70 74
138 150 154 164 176 174 156 143 163 138 141 142 159 131 76 37 142 160 167 166 164 169 173 177 183 184 187 181 180 174 174 172 173 171 168 169 168 168 171 169 164 160 161 160 161 161 165 164 174 172 176 176 174 179 175 181 181 181 182 179 176 180 186 188 186 186 186 185 185 184 179 174 170 169 168 167 164 161 157 153 143 150 138 136 91 55 83 65 72 50
143 150 151 157 175 171 129 135 172 136 141 117 157 140 66 60 77 150 164 167 164 169 175 174 179 183 187 184 181 174 173 173 176 173 169 170 169 168 171 169 169 175 167 163 172 170 165 174 174 173 175 176 177 180 178 180 180 180 180 179 177 179 183 184 185 186 185 184 184 183 179 174 169 167 167 166 163 160 155 150 147 141 127 118 91 72 102 95 71 89
155 148 146 148 176 161 148 97 157 136 127 119 131 130 66 40 40 135 149 159 163 162 170 175 177 179 180 181 178 177 173 172 173 172 172 176 174 172 173 170 173 175 172 170 171 173 173 175 176 178 176 176 179 181 184 180 180 179 179 180 180 183 185 184 185 184 183 182 181 180 176 173 169 166 165 165 162 158 152 146 141 133 123 84 79 94 67 93 79 92
161 159 152 158 160 164 129 118 139 133 109 123 120 133 66 30 32 38 153 156 161 163 165 165 173 176 176 178 174 177 175 176 171 170 171 175 174 172 175 175 177 176 177 177 171 177 180 178 180 184 182 182 186 185 188 180 181 179 179 181 182 185 187 186 185 182 180 180 179 175 172 170 169 166 164 163 159 154 148 142 133 128 97 77 95 98 67 66 119 102
161 158 146 151 141 162 129 118 127 138 109 115 109 135 77 66 21 34 100 154 153 163 161 168 168 173 176 175 173 176 178 179 174 172 172 175 175 175 180 182 181 183 182 183 179 182 182 185 184 187 190 188 190 187 186 182 182 180 180 182 182 183 185 184 184 179 177 178 176 171 167 167 166 164 163 160 154 148 142 136 126 111 86 98 91 95 76 86 109 127
162 144 130 147 140 156 126 109 111 128 107 115 112 123 59 61 14 21 25 132 157 158 164 162 166 170 174 172 177 179 180 176 174 172 173 178 179 178 183 185 185 185 186 191 185 185 185 188 189 186 191 185 186 184 183 186 183 182 183 184 182 181 181 181 182 176 174 175 173 167 164 165 163 162 160 156 148 141 136 131 118 100 96 80 81 101 104 117 127 149
151 137 123 114 129 136 125 111 106 115 99 112 100 122 55 62 20 8 14 29 137 153 162 159 165 168 171 172 174 179 181 177 175 180 176 177 178 180 180 182 185 189 186 184 185 183 184 187 186 190 190 190 185 186 181 178 181 183 184 182 183 182 178 181 179 172 171 168 165 166 163 161 164 158 157 151 143 139 131 124 108 92 89 80 92 102 91 131 129 150
141 124 112 106 116 127 127 110 86 111 103 111 101 123 78 79 10 22 16 24 49 139 156 158 160 163 166 168 170 176 178 175 174 179 175 178 180 181 182 185 186 189 186 186 188 187 186 188 186 189 188 189 185 186 182 181 179 181 181 179 181 182 177 178 176 168 167 165 161 162 160 157 158 152 151 145 137 133 125 118 110 110 86 91 101 99 111 131 140 145
