222 227 221 224 227 219 226 222 222 175 133 103 124 101 112 88 115 107 114 104 117 100 123 114 101 113 119 117 136 117 128 139 159 157 170 174 183 187 184 186 187 188 190 192 192 190 190 192 189 189 186 183 183 183 184 187 185 182 180 180 179 178 176 175 176 178 172 167 163 165 158 149 152 137 147 144 141 126 117 111 102 101 118 87 118 122 120 108 93 122
227 220 225 224 220 225 222 225 221 135 92 112 101 108 129 77 123 93 131 92 93 106 113 115 95 116 112 120 140 115 141 151 160 167 172 181 188 186 191 188 190 189 189 191 193 194 192 191 191 191 188 188 190 190 187 187 187 186 185 184 183 181 180 180 180 178 175 171 170 166 160 154 154 147 131 144 150 146 136 119 115 120 118 93 104 121 129 105 101 113
223 225 222 222 224 227 221 221 195 122 114 123 115 121 101 107 93 105 119 101 110 131 103 108 100 125 124 145 141 132 139 158 170 179 181 187 190 184 192 187 190 191 192 193 193 193 193 193 186 189 190 190 189 187 186 188 188 188 188 188 186 185 185 186 182 179 178 172 174 168 163 156 144 175 131 148 145 161 122 126 124 112 116 103 102 117 111 129 103 102
222 221 220 226 223 221 226 216 158 106 126 112 109 137 88 130 104 131 92 113 103 116 120 95 114 114 128 152 119 143 152 164 178 183 188 188 190 188 193 192 190 193 195 194 192 192 193 192 194 192 189 189 193 194 191 190 188 188 189 189 188 187 187 188 182 181 179 174 174 170 165 157 156 155 147 144 153 170 129 135 129 125 117 105 106 118 124 136 111 104
223 219 222 221 223 220 220 202 141 107 123 98 114 121 109 88 99 132 103 122 134 120 117 106 129 125 146 152 143 150 164 177 186 188 189 188 190 189 195 194 194 195 195 194 195 195 193 190 190 194 194 192 190 189 191 197 191 191 191 191 191 189 188 188 185 183 179 179 175 173 167 164 150 148 141 135 151 159 159 136 116 128 132 110 103 114 131 109 124 113
224 223 223 216 221 224 217 156 122 137 122 117 118 104 126 105 121 106 119 110 124 130 107 134 122 146 164 127 139 160 169 182 191 193 188 190 193 187 196 192 195 196 197 197 196 195 193 192 196 196 194 194 196 197 196 197 196 195 195 195 194 193 191 190 189 183 179 184 178 173 168 171 155 148 157 128 146 153 165 140 128 136 126 117 110 107 139 124 126 119
226 219 223 224 217 222 215 124 109 123 101 115 126 115 110 98 144 105 130 130 121 131 102 129 127 136 149 141 146 166 174 188 190 190 188 193 197 192 197 195 194 196 198 198 195 193 194 196 191 194 196 195 194 193 194 197 198 197 197 197 197 195 193 192 190 187 184 184 180 174 171 173 169 142 141 135 132 153 160 136 140 133 126 127 120 124 129 136 135 133
222 221 223 222 227 219 187 143 102 124 98 116 119 141 97 118 130 106 112 141 127 122 126 134 154 173 139 139 160 176 183 185 195 188 196 196 199 197 192 195 196 195 195 196 196 194 194 196 195 196 195 195 196 197 197 198 196 196 197 197 197 195 194 193 190 192 191 182 180 177 176 171 171 152 146 112 130 157 164 136 141 141 130 151 113 110 125 135 132 126
225 221 224 222 221 218 154 119 133 122 114 105 127 131 112 118 109 126 122 130 142 102 137 136 147 143 137 138 168 185 185 184 190 192 194 196 197 194 193 196 189 192 195 198 199 197 194 196 197 196 193 195 195 200 197 193 196 199 200 199 199 196 194 196 194 191 190 186 184 177 175 174 170 168 145 145 134 149 165 146 146 134 138 152 111 124 117 146 134 125
221 219 224 222 223 206 137 104 122 106 111 136 126 106 103 147 104 142 146 131 123 99 135 157 162 139 143 161 178 180 183 189 190 192 193 193 194 193 193 195 195 195 194 194 195 192 191 193 191 193 193 194 191 196 196 195 198 199 198 196 196 195 195 196 193 190 190 186 184 177 175 174 171 167 160 143 131 146 155 160 146 135 146 136 121 124 124 158 136 140
224 223 221 224 217 193 137 102 126 91 124 116 132 116 107 143 104 119 135 141 122 137 148 169 162 130 152 172 183 191 185 187 193 195 194 193 194 195 195 196 197 197 195 193 193 191 191 193 191 194 194 195 191 195 197 197 198 199 197 194 196 197 197 196 193 190 190 187 186 180 178 177 173 178 173 141 139 140 161 177 137 143 141 124 133 137 136 141 147 151
220 224 226 219 219 144 132 145 116 102 117 134 126 98 124 117 145 128 140 128 96 145 161 156 136 142 166 185 185 188 195 190 192 194 192 191 192 194 193 193 194 195 194 193 194 193 193 194 195 195 194 196 194 198 197 195 195 198 196 195 198 200 199 196 195 192 190 187 188 183 181 178 177 173 178 155 132 135 168 169 133 130 138 125 151 125 126 130 153 144
225 224 221 220 199 133 114 122 111 136 123 124 106 115 149 124 136 154 133 119 106 162 167 170 129 152 177 185 189 193 186 188 190 192 191 190 192 193 192 191 190 191 191 192 194 194 193 193 194 192 191 195 193 197 194 191 193 196 195 194 197 200 198 195 196 191 188 185 186 183 182 178 178 177 182 171 140 140 147 167 154 141 139 138 155 141 112 141 157 138
225 220 224 220 200 139 114 132 81 125 135 138 108 104 143 116 141 146 145 128 148 159 172 122 130 174 184 187 186 181 185 187 189 191 190 190 192 192 191 190 191 192 191 190 191 192 192 192 190 190 191 195 192 194 193 192 194 195 194 193 195 197 195 194 194 190 187 183 185 183 182 179 178 172 177 173 148 127 137 165 157 167 162 140 148 137 115 145 159 139
225 224 221 213 155 133 131 135 80 128 137 134 112 110 111 120 131 129 129 122 156 174 168 120 158 179 186 182 183 190 185 186 188 188 188 189 191 190 189 191 193 194 192 190 191 192 192 193 191 191 192 195 192 194 193 193 193 194 193 192 193 193 192 192 192 189 187 183 184 182 182 180 178 179 176 168 164 127 131 174 161 165 144 147 141 138 117 130 149 147
222 223 219 210 143 115 138 132 113 131 137 108 101 129 113 155 158 142 125 131 159 180 129 126 177 178 180 183 179 184 185 187 192 191 191 192 194 193 193 196 192 193 192 190 192 193 193 193 194 192 191 194 192 194 192 190 190 192 192 192 192 190 188 189 189 188 188 183 183 181 182 181 178 174 178 173 158 141 122 169 173 151 143 155 147 149 134 133 143 167
223 224 221 202 131 128 132 107 125 132 136 129 113 167 130 133 151 141 126 141 157 172 104 160 173 181 180 181 183 183 185 182 192 193 194 195 196 195 195 195 190 194 196 196 195 195 194 193 193 192 187 191 189 196 194 196 190 193 191 193 193 190 191 187 184 186 185 182 181 181 182 182 176 178 180 174 163 145 129 153 175 147 148 145 154 157 135 140 138 179
224 222 217 184 138 124 130 76 135 125 134 143 108 146 119 135 137 119 132 161 175 144 123 167 174 176 176 179 180 185 188 191 192 194 196 197 196 194 193 192 194 195 197 197 196 194 194 195 194 194 193 194 194 195 193 193 195 193 192 193 192 190 191 188 188 187 186 183 180 180 180 180 181 178 174 171 167 154 132 141 180 142 175 152 153 164 154 142 148 165
221 223 213 156 131 119 138 80 131 121 127 122 115 119 145 153 148 122 134 161 170 92 158 175 174 174 176 181 179 184 185 189 192 192 192 192 194 196 195 193 195 194 195 196 194 191 192 194 197 196 196 195 197 197 197 196 196 192 195 194 189 188 187 187 188 186 184 183 181 180 180 180 178 177 175 175 169 155 141 148 173 151 164 153 148 156 149 128 144 160
220 222 207 139 131 130 137 99 126 134 107 122 143 122 137 159 143 131 151 166 143 109 170 174 173 175 176 184 182 187 189 190 195 195 195 195 196 198 197 196 199 199 198 198 197 195 196 198 197 197 197 197 197 199 199 199 198 193 196 192 186 187 186 186 186 183 182 182 183 182 181 181 177 177 172 172 168 159 142 135 169 161 154 157 157 146 150 137 139 155
222 220 206 130 131 132 118 116 131 128 113 105 156 138 150 141 127 154 159 184 86 141 162 175 174 180 177 184 185 188 194 192 192 196 199 199 198 198 199 198 198 199 199 197 196 197 198 198 196 199 197 200 197 203 200 200 202 198 199 193 190 193 190 188 186 182 180 180 181 179 178 177 176 178 174 171 169 165 143 123 167 164 157 169 140 150 152 154 148 151
223 213 198 120 126 126 100 130 110 137 127 105 151 127 138 140 122 125 170 182 79 153 170 163 173 182 182 186 190 190 196 197 196 198 198 198 199 201 200 198 200 202 202 200 200 201 202 200 200 202 198 202 199 207 206 207 203 206 208 204 200 198 194 193 190 186 182 180 180 179 178 177 176 176 176 176 171 164 147 140 166 171 164 161 145 154 167 153 144 160
221 205 180 120 130 130 95 129 108 121 117 98 131 134 157 132 122 160 178 142 100 133 137 154 155 162 173 172 182 183 187 198 196 199 201 200 201 202 200 197 197 198 200 200 199 199 199 198 201 203 200 202 201 207 206 205 207 209 204 203 202 194 189 190 181 178 172 169 170 174 176 177 180 173 171 172 171 164 145 146 144 181 151 163 151 152 167 144 134 166
218 208 174 128 125 127 95 133 118 92 122 119 132 133 149 119 147 167 186 70 120 133 111 115 105 106 122 114 127 129 133 155 172 186 199 202 199 198 199 200 198 198 200 202 202 200 198 199 196 199 203 203 204 202 197 190 189 179 159 159 167 160 155 155 155 152 147 145 149 157 163 166 171 173 175 169 169 170 148 144 130 185 157 175 156 136 156 139 140 159
224 198 137 127 123 107 90 123 121 105 111 141 142 142 142 114 155 177 180 77 101 112 103 109 116 124 135 146 141 133 134 130 126 143 170 194 197 200 198 197 193 194 198 197 197 197 194 198 200 195 199 198 190 167 169 170 142 140 149 160 153 159 160 158 147 132 138 140 132 131 140 159 166 170 170 168 166 163 153 141 153 179 156 170 162 129 152 143 146 155
218 205 127 139 135 94 108 105 115 116 82 147 127 140 150 121 148 178 159 114 138 149 155 150 148 137 141 144 158 151 127 147 141 135 142 156 172 191 193 194 195 192 192 192 196 199 196 199 196 199 195 192 164 167 165 154 155 151 155 157 150 157 144 134 136 145 151 154 146 138 136 127 139 157 165 169 169 165 162 137 157 171 153 155 147 136 147 162 158 158
225 207 125 125 117 83 108 93 106 123 97 119 137 158 125 125 158 186 116 155 176 183 175 194 193 188 177 175 176 166 156 156 164 154 166 164 169 181 181 192 190 191 193 193 192 193 196 205 198 197 194 185 165 166 171 162 164 152 165 153 152 145 155 170 189 194 195 183 173 169 156 144 136 120 139 157 159 164 164 134 149 170 152 153 154 134 143 158 161 152
216 202 121 129 113 73 107 113 110 107 105 125 136 138 100 149 177 181 114 175 186 192 192 199 201 194 198 201 190 183 186 182 178 179 172 173 172 165 182 184 188 188 189 192 195 194 195 200 199 191 188 177 177 165 172 174 178 169 180 168 191 193 203 201 207 205 208 200 197 196 184 185 171 145 126 115 136 160 163 135 137 165 151 149 167 131 146 155 164 150
214 211 117 120 112 90 109 103 102 104 132 136 142 143 120 150 184 173 133 184 184 187 194 191 198 199 199 202 198 190 187 184 183 178 178 175 180 179 183 187 184 186 187 192 195 193 194 196 191 188 185 186 188 189 189 195 194 193 193 195 203 201 203 204 202 206 204 207 205 196 191 188 179 180 153 130 126 135 163 137 137 157 162 146 172 139 138 153 163 149
211 203 115 116 106 84 101 101 114 112 155 124 154 136 130 143 182 159 144 184 184 186 189 190 190 195 189 191 197 195 194 190 182 180 173 170 173 171 176 177 178 185 188 191 192 190 193 197 195 187 187 193 186 191 189 188 185 192 192 196 200 200 203 199 200 203 205 201 198 197 192 187 183 177 174 163 132 126 159 147 140 160 170 155 170 145 125 141 163 155
214 192 117 112 103 83 102 81 84 91 136 131 147 113 150 155 180 126 157 176 179 182 182 172 175 163 169 169 168 175 177 185 184 182 178 168 164 170 171 181 178 183 182 187 193 193 194 190 193 183 186 186 185 186 188 187 189 189 192 192 194 186 191 192 195 189 198 195 195 200 191 189 185 178 178 171 163 157 150 143 137 160 165 154 160 142 124 139 168 168
216 153 121 103 98 92 99 96 90 86 119 131 141 96 158 179 179 109 154 176 173 164 130 151 176 181 169 164 159 165 185 177 128 161 174 182 169 157 164 169 174 183 185 188 191 190 192 189 188 188 183 175 179 185 184 189 186 183 163 139 134 164 178 179 166 156 160 176 182 184 189 190 187 182 175 171 167 163 157 154 129 151 164 151 154 140 120 135 157 162
211 143 114 106 101 99 98 101 90 101 140 129 125 132 151 175 166 101 141 159 120 145 157 146 92 53 53 41 50 38 66 79 164 166 122 165 175 169 158 161 173 178 188 191 192 195 193 190 189 178 175 175 182 181 184 172 136 150 170 164 127 84 83 85 90 125 167 173 127 160 174 183 182 185 174 175 169 166 163 156 141 143 148 148 147 151 130 128 144 154
202 133 110 102 114 100 96 93 84 142 128 131 125 142 146 172 152 96 125 99 133 130 79 68 55 71 77 188 39 199 146 97 168 137 163 118 160 168 164 156 165 170 182 187 190 194 191 188 178 175 175 182 182 179 164 135 166 162 110 102 77 76 28 34 66 55 51 74 135 162 112 166 183 184 175 170 173 161 161 161 137 148 156 146 152 159 132 111 131 151
207 134 121 108 100 94 102 84 93 147 103 146 94 134 152 171 119 94 98 97 78 65 57 119 174 94 117 33 27 17 112 122 214 214 107 153 138 162 162 150 155 160 174 183 187 189 186 183 180 171 175 188 182 170 158 176 151 117 202 208 111 180 116 88 184 103 87 115 59 86 139 122 158 178 178 168 173 171 170 165 141 153 153 160 153 166 127 103 105 153
204 128 106 111 98 96 89 81 100 126 118 114 122 143 164 180 88 93 86 106 122 124 140 147 142 119 81 111 82 104 118 123 150 180 119 139 157 163 163 154 151 155 169 179 183 183 179 178 171 173 179 189 188 176 179 137 116 184 213 215 108 127 52 27 75 108 82 143 126 119 75 113 134 169 177 170 168 180 178 168 151 148 154 165 155 159 131 102 113 165
199 130 107 108 86 97 81 68 107 110 115 103 114 131 171 176 98 69 75 130 157 160 164 169 160 157 159 158 157 164 161 179 173 158 152 156 155 168 163 151 149 153 166 175 177 177 173 173 168 169 181 193 196 177 103 128 139 151 153 150 137 119 129 135 147 147 180 168 169 167 158 158 146 163 171 171 165 175 178 172 156 145 153 165 150 157 140 98 115 157
200 116 110 114 93 95 82 76 107 104 120 118 114 122 165 155 76 60 118 157 159 163 169 165 169 173 172 171 173 162 160 167 158 165 167 169 177 177 161 151 148 151 163 171 173 172 169 168 167 173 182 186 193 184 169 161 169 156 157 167 157 167 163 172 170 180 182 182 175 176 173 171 166 164 170 170 171 174 181 175 162 143 149 166 149 160 146 98 106 154
200 121 116 104 111 106 77 68 131 104 129 118 122 156 175 148 77 78 133 165 170 169 173 180 175 174 180 191 186 178 177 175 174 178 170 172 173 168 156 151 146 149 160 167 169 169 165 162 164 173 181 178 190 191 184 186 175 170 175 180 185 184 182 184 185 186 187 190 183 177 183 175 171 168 172 172 176 177 180 178 170 141 152 157 157 151 153 106 80 158
207 116 118 105 111 106 85 81 132 97 106 111 130 145 166 126 89 105 155 170 172 173 172 170 169 177 169 174 176 174 174 173 178 171 174 175 160 159 157 149 144 147 157 164 168 168 162 157 162 168 172 176 184 186 185 180 177 177 181 184 184 192 192 196 191 193 190 187 185 186 177 174 172 173 172 176 175 175 172 179 171 148 152 152 151 150 154 114 74 162
205 114 111 109 114 104 82 82 109 102 88 107 136 149 169 105 108 135 165 172 169 171 171 171 174 173 172 172 173 173 174 174 177 171 169 168 164 160 153 144 141 148 155 163 170 164 163 155 161 165 171 174 176 178 181 183 183 183 184 185 185 187 187 183 184 183 181 184 184 180 179 178 180 176 172 175 173 174 174 179 173 155 157 154 145 155 149 117 92 154
196 116 108 107 113 105 83 79 95 117 90 93 111 164 158 97 125 159 171 171 172 171 174 169 171 171 172 173 173 174 175 175 175 171 169 167 164 159 152 145 141 148 159 165 170 164 162 155 155 161 168 174 178 180 181 181 184 182 182 182 182 183 184 181 182 185 184 182 181 180 181 177 175 176 177 177 178 178 176 173 172 166 155 150 156 154 145 121 95 158
185 122 113 119 116 101 82 85 90 106 109 102 119 153 149 107 146 175 174 168 172 169 170 169 169 170 172 173 174 175 176 177 175 174 170 166 162 155 146 142 144 150 161 164 166 164 161 159 155 159 165 171 176 181 183 184 185 183 183 183 182 181 181 180 178 182 180 178 176 176 177 175 175 177 180 176 180 179 179 174 170 170 152 148 163 153 148 125 100 160
184 122 111 124 117 100 89 116 85 87 112 124 123 150 144 116 164 175 174 168 172 170 165 173 169 171 173 174 174 174 175 177 175 176 170 163 158 150 142 141 145 151 163 164 166 166 161 160 156 159 163 168 174 179 183 185 184 183 185 186 183 180 179 178 176 176 174 176 175 172 174 175 177 176 178 178 181 178 178 176 170 165 151 148 157 153 151 123 105 156
184 119 106 125 120 106 90 124 87 106 86 101 127 152 115 142 176 175 175 174 175 172 170 175 171 172 174 175 175 175 176 177 173 173 166 159 154 148 143 143 143 150 164 169 170 170 160 156 156 158 162 167 172 177 179 180 183 182 184 185 182 179 178 178 178 177 176 179 179 177 178 179 177 178 178 181 180 180 177 176 171 162 151 146 148 155 148 120 108 146
171 116 108 126 121 106 84 108 99 117 87 98 134 145 102 160 176 178 174 178 175 172 178 172 174 175 176 177 178 178 178 178 175 172 165 157 152 147 144 144 144 153 164 170 170 170 161 155 158 160 162 165 169 174 178 180 183 181 182 183 180 179 180 179 178 182 181 182 182 184 185 182 180 183 180 179 176 180 177 176 169 163 153 143 149 160 145 125 115 143
152 114 109 123 115 102 88 105 85 111 100 113 140 153 106 165 172 176 173 176 175 174 180 174 178 179 179 181 182 182 181 179 178 172 165 158 151 147 145 142 146 157 163 171 169 169 162 156 159 161 163 164 168 174 180 184 183 183 183 183 181 182 183 181 179 183 183 183 184 185 187 185 186 185 181 177 173 175 175 175 167 161 153 143 154 162 148 130 114 140
141 113 111 127 117 101 91 101 83 78 90 107 131 152 125 172 170 171 174 175 177 180 180 183 182 181 182 183 185 184 182 179 179 172 165 159 152 149 146 141 145 159 165 174 171 168 162 154 156 160 164 167 171 176 181 185 183 184 185 185 183 184 184 181 181 182 183 186 185 182 186 188 187 182 182 179 178 170 171 173 168 158 153 145 155 158 150 128 124 151
135 107 111 123 104 104 103 104 89 72 89 96 130 138 152 168 171 171 174 179 180 178 180 185 183 183 185 187 186 186 187 186 183 175 172 153 145 143 141 142 149 159 164 172 165 165 159 159 152 156 162 170 176 179 184 191 189 187 186 183 182 183 183 185 185 185 185 186 188 189 188 185 184 183 182 178 172 169 169 171 163 160 156 148 150 168 141 125 127 160
132 113 115 119 104 110 112 110 102 115 95 94 135 113 166 167 172 173 176 180 181 180 182 185 188 186 188 190 189 188 188 189 188 180 157 137 135 141 141 146 153 158 162 171 172 171 160 154 156 148 156 163 164 173 186 199 193 189 187 187 187 186 185 186 183 185 187 187 186 186 186 186 187 184 180 176 172 170 168 168 167 161 156 145 154 161 134 127 130 160
129 109 114 119 111 115 112 103 123 108 94 115 144 105 167 168 172 174 177 181 183 184 185 187 189 188 189 190 189 188 187 183 176 163 139 134 133 137 141 149 165 165 167 173 175 173 163 156 154 147 150 150 153 155 163 189 193 192 191 193 193 190 188 190 191 191 191 192 193 193 192 189 189 185 180 175 171 168 166 165 165 159 154 145 148 159 122 136 121 149
125 105 116 123 114 117 116 96 122 80 86 118 127 121 160 162 169 174 179 182 183 186 188 190 191 193 194 190 188 187 182 173 162 143 134 136 131 137 149 157 164 164 167 172 176 174 169 165 155 150 145 146 153 147 144 163 180 186 189 191 191 188 188 191 194 192 191 192 194 195 192 189 187 186 183 177 171 166 164 164 161 158 152 147 145 152 125 144 125 153
123 111 126 127 108 119 128 101 114 87 84 120 128 144 163 162 167 173 179 182 183 186 188 190 191 193 193 189 184 179 170 159 149 138 143 138 135 144 154 158 165 167 171 175 180 178 173 166 162 152 143 152 159 156 154 150 166 180 185 187 191 192 195 195 194 195 196 195 194 193 193 193 186 186 184 179 172 167 164 162 163 159 154 145 149 143 143 146 117 149
126 114 129 132 108 119 130 105 104 83 72 112 131 152 162 160 167 173 179 182 183 184 186 188 191 188 187 185 177 167 158 151 144 141 146 138 144 148 150 162 173 178 180 181 180 179 174 169 166 162 148 154 163 162 162 154 150 168 171 175 183 187 191 190 192 193 194 193 193 192 191 190 188 186 183 178 174 169 164 159 165 153 155 141 144 149 147 150 114 153
122 113 125 134 113 120 126 110 100 76 73 101 122 156 162 162 168 172 178 182 183 184 185 186 189 188 186 179 171 164 158 151 148 145 143 140 143 144 152 174 177 184 185 186 181 185 180 175 167 167 156 156 165 165 163 159 146 166 170 172 177 179 185 187 193 194 195 196 197 197 193 190 189 187 183 177 173 169 164 159 161 153 152 140 135 149 143 153 112 159
112 116 126 132 112 123 130 119 96 78 83 114 130 155 154 165 168 171 176 181 184 184 184 185 183 187 184 171 163 164 161 151 146 150 150 151 142 145 159 174 187 193 192 195 193 198 185 174 171 161 159 163 169 175 171 158 146 169 173 173 173 169 177 184 186 191 195 196 194 192 190 188 188 188 185 177 170 167 164 161 156 163 148 140 135 131 147 149 114 166
110 117 122 131 115 120 141 114 96 86 80 113 121 155 157 165 170 175 177 181 183 181 184 186 184 181 173 165 163 165 161 155 149 144 149 152 144 139 149 168 183 190 186 190 189 188 179 168 167 167 170 172 173 175 168 155 165 170 180 180 180 169 168 180 186 187 187 192 194 193 194 188 190 184 184 178 177 166 164 159 160 154 154 139 138 131 158 136 117 153
106 118 126 141 122 123 158 110 104 77 81 114 110 154 154 165 171 175 176 179 182 181 182 182 179 171 164 163 167 169 165 161 155 139 137 143 142 136 138 150 171 177 178 180 182 181 170 163 161 170 165 161 168 167 159 160 171 177 184 183 185 184 169 168 177 183 186 190 192 195 194 185 187 184 182 178 175 168 164 161 162 160 151 137 137 134 165 144 131 155
109 115 129 143 96 121 151 110 101 95 83 110 115 150 156 164 169 174 174 177 180 180 179 176 171 163 161 167 173 172 166 163 160 155 150 141 130 126 129 137 159 166 169 170 175 168 157 153 148 136 133 131 128 147 172 176 172 186 181 186 188 188 183 174 173 181 187 190 190 192 193 187 185 185 180 177 173 167 161 161 156 160 152 140 132 131 150 141 148 165
101 120 139 136 109 124 146 123 108 96 96 112 120 154 158 163 169 175 175 175 177 176 174 169 168 164 165 172 174 169 165 164 163 156 157 157 150 137 130 137 139 163 164 160 166 160 157 139 151 152 147 154 174 182 179 182 181 186 187 187 186 188 181 182 174 175 179 184 185 186 187 185 186 188 183 177 175 168 161 163 161 157 154 145 123 153 138 156 153 166
100 108 148 127 106 133 147 128 118 104 93 117 134 156 154 164 173 179 177 174 173 172 171 167 170 169 169 171 170 167 166 167 166 165 162 157 158 159 152 148 146 137 157 148 153 158 143 161 165 167 175 181 181 182 185 185 184 189 183 189 193 184 187 178 180 176 177 181 185 188 188 186 184 185 183 174 176 166 162 162 159 156 149 133 134 150 147 144 158 174
103 127 142 122 104 125 157 137 126 122 87 119 145 157 157 166 173 179 176 173 172 171 172 169 168 170 171 171 171 171 169 167 167 165 166 170 172 166 158 161 157 150 143 125 129 150 164 178 181 180 182 185 187 189 190 188 185 183 189 185 191 193 190 185 173 174 178 177 177 183 184 182 185 185 185 174 176 165 162 159 158 155 156 134 129 168 141 142 145 164
103 117 145 122 107 117 162 139 136 113 98 123 139 149 161 165 171 177 175 174 173 171 171 168 163 168 172 171 171 171 169 166 167 168 165 163 170 175 171 173 170 166 165 165 165 172 177 179 186 191 191 189 190 188 185 187 185 188 188 187 187 190 193 189 175 176 181 178 177 181 182 183 187 187 187 179 177 169 166 161 158 155 154 126 126 160 150 148 154 171
105 121 134 124 113 118 153 141 131 111 95 120 142 124 157 164 171 176 176 176 175 170 165 161 160 166 170 169 166 166 167 167 164 167 168 168 171 172 171 180 182 175 173 180 176 180 181 179 182 184 187 188 188 190 189 186 184 182 187 187 185 192 188 191 185 177 177 177 180 182 179 179 182 182 181 179 174 171 167 162 160 157 149 126 133 149 152 142 149 167
105 118 135 127 132 119 154 138 153 111 109 123 150 87 157 161 168 176 176 178 181 170 170 166 165 164 155 157 158 156 158 164 162 164 163 169 165 170 174 178 183 182 185 181 183 190 186 181 189 190 187 185 188 178 186 181 181 186 186 182 184 187 187 187 188 178 177 178 177 182 184 181 181 181 179 179 176 170 166 161 163 151 151 134 118 142 146 145 147 159
96 121 133 122 141 126 167 149 170 113 110 120 166 75 161 154 167 175 176 179 182 175 177 178 178 146 97 103 119 122 126 122 132 137 140 141 149 152 164 171 175 171 173 180 178 169 172 182 179 177 181 179 176 181 174 172 177 176 176 174 177 177 177 176 178 174 179 177 181 179 181 177 180 183 182 181 175 168 164 161 160 155 148 128 82 134 156 131 143 149
95 123 132 116 122 121 167 153 175 135 128 117 172 125 160 160 166 173 177 181 181 181 183 188 183 169 146 105 86 60 65 151 95 113 118 127 133 124 126 142 140 148 149 153 151 150 158 157 167 155 154 145 155 150 143 136 140 136 141 151 154 158 155 151 163 167 174 178 185 184 182 180 177 182 184 183 177 170 169 166 160 159 150 123 71 142 151 123 147 132
104 133 137 123 109 133 165 158 166 150 131 116 174 169 145 164 165 172 179 185 183 186 185 190 187 179 173 127 106 87 56 174 184 197 157 159 128 142 138 142 140 137 140 145 145 150 161 158 156 153 156 153 150 142 134 129 112 147 115 157 41 82 119 126 132 161 173 181 180 189 183 179 180 186 187 185 178 171 169 167 160 153 138 117 102 139 158 123 147 129
105 134 136 135 110 147 160 145 161 138 141 109 170 186 106 163 166 171 180 188 188 191 187 188 187 184 171 159 123 110 77 142 187 190 201 213 193 204 212 177 142 125 131 139 133 133 136 132 136 155 167 174 174 205 189 160 226 207 211 177 100 128 150 163 181 180 170 184 189 188 181 187 184 189 188 185 179 173 169 165 157 152 139 100 133 129 140 137 153 136
110 131 139 151 115 152 171 137 158 137 140 119 165 189 82 165 166 170 177 187 190 191 190 186 184 191 173 162 140 135 118 103 137 172 199 215 195 211 226 212 221 234 234 192 168 201 229 226 190 224 217 209 215 234 213 193 212 201 169 106 142 151 173 181 183 190 186 185 190 187 190 191 189 191 187 184 180 175 170 164 159 144 127 100 147 150 133 145 160 137
110 129 135 150 116 156 173 144 160 130 142 135 159 193 107 156 168 169 173 182 188 188 192 186 187 181 181 174 164 137 127 119 106 115 186 179 159 208 217 210 224 235 239 228 224 235 243 240 205 234 223 213 121 219 204 191 190 153 137 141 149 168 184 194 191 191 185 183 191 185 193 194 195 195 188 183 179 173 168 159 157 146 118 133 142 128 140 135 164 138
115 142 132 136 122 162 153 149 154 136 153 141 157 185 185 121 171 170 171 178 185 184 194 187 185 181 181 174 168 161 135 121 122 108 112 117 115 113 98 79 207 229 225 214 221 231 233 226 184 157 206 181 108 196 141 115 125 145 134 155 170 179 187 189 191 192 186 189 191 188 195 196 193 192 185 180 177 173 168 160 146 135 93 121 160 120 139 136 144 139
115 137 154 116 128 158 141 147 158 141 169 127 127 190 197 90 163 168 176 177 186 185 190 190 186 180 177 174 170 163 154 128 109 120 124 117 114 137 129 116 121 119 129 117 124 127 150 147 138 130 129 124 119 115 133 131 142 155 159 169 181 185 189 191 191 189 191 191 187 190 198 199 192 189 185 180 175 167 165 155 153 131 136 132 133 105 149 147 142 149
121 140 157 119 120 176 130 142 150 156 156 123 126 171 190 104 145 171 171 173 184 186 190 190 188 179 170 177 170 170 162 149 124 118 122 117 124 138 145 146 139 144 152 134 144 138 147 157 149 137 137 133 134 138 136 141 142 157 168 177 186 189 188 185 185 186 190 190 189 194 198 196 190 190 182 179 175 165 164 146 141 124 122 122 105 119 154 145 148 147
126 145 139 111 120 176 145 144 144 157 149 106 125 163 192 130 108 164 175 178 174 180 192 184 188 183 177 172 168 169 170 157 153 138 126 127 123 139 145 159 160 173 157 169 163 167 157 163 176 168 160 158 140 141 148 155 161 169 177 179 183 189 190 189 184 187 190 191 193 198 197 193 184 181 181 172 171 164 153 150 135 120 126 95 109 143 158 161 150 145
138 162 126 122 122 164 145 139 136 162 147 115 123 178 200 160 89 150 165 171 177 177 184 191 187 180 181 176 172 165 169 166 162 149 143 137 140 146 153 160 177 144 153 154 155 151 165 167 168 162 136 141 151 158 164 175 175 178 187 187 187 190 187 185 188 191 191 191 196 197 193 189 182 178 180 171 169 157 144 150 137 110 145 104 136 144 157 153 144 158
142 164 124 130 141 148 144 126 129 169 153 130 136 178 200 176 72 117 161 170 168 173 184 184 186 183 180 183 172 170 166 168 167 165 165 160 161 158 155 153 137 151 147 144 145 141 144 143 148 146 159 171 175 179 178 185 186 182 185 185 184 186 184 187 191 191 191 194 196 193 187 185 183 181 171 169 162 152 156 135 114 123 117 135 126 159 149 158 137 147
136 149 122 131 130 140 124 133 138 165 159 132 149 175 188 189 70 89 147 165 170 169 171 180 185 183 181 176 172 174 169 165 164 169 169 174 173 174 169 170 168 165 168 168 166 166 162 171 171 177 181 182 189 181 178 187 181 179 183 187 189 186 183 184 191 190 193 196 195 189 184 182 177 174 173 169 157 153 143 93 114 143 95 121 130 154 110 160 157 144
171 138 127 122 150 149 121 138 151 165 155 148 144 185 179 202 119 62 111 159 169 165 169 178 182 173 175 171 176 171 171 173 168 169 175 171 182 175 182 183 178 176 170 173 180 181 185 184 184 186 186 192 192 184 190 186 185 185 180 181 185 184 186 191 190 191 195 196 189 184 182 179 181 172 170 158 154 156 142 118 110 112 102 124 118 167 138 149 154 153
155 138 108 133 169 123 139 143 150 164 153 163 140 177 183 199 139 58 93 142 158 165 165 165 179 179 177 172 168 174 171 173 169 176 177 177 181 180 182 183 192 190 195 194 192 191 191 188 190 188 192 193 196 193 184 183 183 188 183 184 187 184 185 187 190 191 195 193 182 179 180 177 173 173 159 152 155 133 119 129 144 125 120 142 143 147 128 152 147 162
146 143 121 145 165 109 136 140 147 166 151 152 136 182 177 194 145 57 28 115 155 163 156 165 167 176 172 172 170 173 172 173 176 176 174 174 180 186 188 187 189 192 194 195 196 197 196 193 193 193 194 197 195 194 185 188 190 184 181 184 186 185 186 190 194 196 191 185 181 180 180 176 173 164 158 155 135 129 113 97 115 117 117 152 157 136 152 154 134 183
151 131 138 151 162 137 138 137 159 167 147 139 146 176 178 190 165 67 48 48 128 154 159 160 163 172 172 168 168 169 173 173 176 178 178 178 182 187 188 188 191 192 194 194 195 196 195 195 195 196 199 197 198 196 189 188 186 184 183 185 185 184 186 190 192 191 185 180 179 178 178 173 167 165 151 142 138 107 111 147 84 106 126 121 166 132 159 157 129 182
148 133 132 164 159 146 138 130 159 169 142 146 158 186 183 191 177 60 58 17 76 141 155 156 155 161 167 168 173 171 175 171 177 181 182 181 184 188 190 192 196 196 197 198 197 197 198 200 199 200 203 197 200 197 193 190 186 187 187 187 185 185 188 192 191 187 180 178 178 175 173 168 163 148 148 138 113 132 132 112 110 118 134 154 138 138 157 145 142 179
140 137 129 153 161 127 152 133 168 176 142 152 157 181 173 177 180 82 59 33 28 97 147 155 157 156 160 167 172 169 174 175 178 182 182 181 184 189 193 196 199 199 200 202 201 200 201 204 202 202 202 198 198 196 193 192 190 191 190 187 185 187 189 191 185 182 177 178 177 173 168 163 151 157 150 124 125 121 129 91 103 139 149 127 143 142 126 140 149 182
144 137 142 147 144 115 150 140 172 164 142 143 162 170 177 184 184 123 64 38 26 33 117 149 151 151 151 163 166 165 169 178 179 182 182 181 185 190 193 196 198 199 201 203 202 200 201 203 202 202 197 197 194 193 191 193 192 191 188 185 186 188 187 184 176 175 174 176 174 167 162 157 155 140 140 129 128 143 93 103 118 129 164 134 136 145 144 132 174 189
149 152 171 159 124 129 152 138 177 163 155 146 171 164 173 186 182 119 70 50 32 25 41 119 145 150 149 158 163 167 169 176 179 182 183 183 187 191 193 194 197 198 201 202 201 200 200 201 200 200 193 195 191 190 190 193 191 189 187 185 187 187 182 175 171 173 173 172 167 158 153 149 144 143 142 140 146 136 111 110 153 156 151 129 146 135 150 132 186 194
152 140 164 168 130 121 145 150 173 162 155 134 170 168 166 181 185 160 112 59 43 21 36 42 116 141 149 149 157 166 171 175 179 182 183 183 187 191 193 194 197 199 200 200 199 199 198 198 198 199 193 192 191 189 191 193 190 189 186 185 185 183 176 168 170 172 170 166 158 150 148 146 145 147 139 138 148 99 127 115 161 167 128 121 146 136 143 140 185 172
154 154 164 164 125 133 149 162 176 161 144 104 163 176 170 178 178 158 100 74 40 9 44 42 46 103 141 145 155 161 168 169 179 181 181 180 184 189 192 195 196 198 198 197 195 196 196 195 197 199 195 190 192 189 194 192 191 189 185 183 182 179 172 165 166 168 164 159 151 146 148 148 161 150 156 139 143 89 109 144 160 125 127 131 146 132 125 143 193 181
156 168 154 140 124 138 154 170 172 163 151 106 172 177 168 188 179 140 94 66 47 22 36 49 46 56 86 143 142 154 163 169 175 178 181 184 185 189 196 196 199 200 197 196 197 197 199 197 198 198 195 193 192 193 192 183 189 185 184 182 177 166 165 161 165 159 154 152 148 150 151 159 152 159 143 148 121 92 156 110 117 130 102 115 137 150 126 177 194 192
160 168 155 141 120 131 148 166 170 162 150 107 174 179 170 189 188 152 129 90 77 36 41 52 54 53 60 83 141 144 157 165 173 177 180 184 185 188 194 194 197 199 197 197 197 197 198 195 198 198 196 194 194 195 195 186 187 184 182 178 172 162 163 161 156 151 148 150 149 155 158 166 162 156 146 137 111 127 131 158 109 146 121 128 137 147 138 190 189 190
