179 174 156 127 94 103 122 130 123 125 124 116 112 118 114 127 145 139 100 88 93 108 106 102 107 95 91 76 95 128 112 116 121 103 93 111 121 117 107 81 69 92 69 71 67 69 75 102 119 86 66 61 67 81 80 63 45 42 58 45 38 48 63 72 66 61 73 71 64 66 72 62 54 46 40 47 56 49 58 54 49 59 49 37 39 51 44 69 96 73
132 104 118 119 102 109 121 124 107 97 110 100 95 96 111 110 133 139 99 85 94 104 104 114 105 96 85 82 111 113 102 126 142 122 120 125 143 152 130 119 102 68 41 51 65 73 71 110 132 85 67 65 72 81 80 40 46 55 42 57 77 72 68 67 66 55 58 69 63 64 46 35 34 45 35 48 50 45 61 56 51 55 48 39 34 30 37 51 56 49
88 89 96 115 122 98 103 105 83 78 89 94 94 92 103 108 101 114 82 60 92 104 93 108 103 101 95 78 111 113 91 113 149 150 148 125 138 164 157 167 155 121 74 45 40 55 67 91 101 76 74 84 90 96 96 80 81 88 60 62 68 67 66 70 71 67 70 62 54 45 41 52 74 74 85 73 70 94 70 58 47 27 35 47 56 25 47 54 32 41
77 96 83 77 121 138 111 81 68 73 88 91 78 78 92 88 89 99 81 65 93 101 109 99 82 116 120 80 88 116 116 124 143 153 142 109 89 86 97 127 140 171 182 160 116 76 62 64 60 47 54 78 67 68 66 82 84 80 61 59 53 48 56 69 51 42 53 50 36 34 51 51 58 104 132 123 132 121 59 46 31 23 30 45 50 75 78 50 63 80
96 109 109 97 122 153 124 103 90 87 85 67 68 70 86 76 75 72 56 77 85 93 122 96 85 110 92 84 81 105 134 144 155 148 122 101 87 74 84 103 101 126 158 174 163 129 117 144 143 116 99 113 84 67 49 31 40 53 56 63 54 33 53 65 44 44 42 56 51 51 52 47 65 108 128 135 142 93 43 31 32 54 52 35 46 83 64 69 110 101
122 113 88 85 135 173 127 101 90 95 76 54 68 89 77 51 72 71 44 47 54 116 108 56 84 91 63 68 67 90 113 128 139 131 108 101 109 110 116 128 142 153 143 133 130 148 150 131 163 190 160 152 177 158 111 48 16 21 42 49 48 42 53 48 40 47 63 85 82 69 66 60 72 85 113 112 96 60 39 32 47 57 78 50 51 59 53 79 89 58
109 107 79 64 129 172 113 68 75 98 99 77 51 87 77 44 55 71 43 35 77 125 59 44 72 64 43 42 47 68 71 88 105 103 79 83 112 126 145 173 179 180 139 124 126 152 161 155 142 170 169 173 198 203 209 178 110 57 41 53 54 43 46 66 80 78 79 72 78 62 55 65 83 93 88 74 56 35 32 32 25 32 52 49 42 43 52 101 101 62
112 122 119 134 132 103 112 103 87 85 92 91 72 83 67 50 54 40 44 71 88 88 61 75 77 70 46 35 42 60 64 61 82 107 78 68 97 115 145 176 156 117 132 144 94 112 147 169 175 188 190 183 187 208 220 209 194 160 87 62 63 64 65 73 89 82 80 73 72 72 48 50 70 69 52 52 43 34 26 24 26 33 48 53 57 49 54 80 69 45
101 131 152 127 124 124 134 120 112 111 105 91 88 81 59 51 52 42 75 80 73 77 83 56 51 64 42 31 45 54 60 58 71 82 73 97 92 98 126 160 139 84 134 151 83 101 132 154 176 197 207 196 205 216 213 199 208 220 146 64 49 46 34 30 45 60 71 66 46 39 38 44 54 47 45 49 54 54 31 24 40 61 81 81 74 52 36 43 45 51
111 145 134 98 118 135 116 91 95 129 149 117 93 97 88 78 83 83 106 86 82 81 62 47 47 50 40 42 44 42 60 75 92 75 74 108 94 86 106 146 150 98 113 133 105 96 134 135 150 169 191 209 217 209 203 191 200 207 199 138 72 45 52 32 54 62 74 75 63 56 46 46 37 34 34 38 43 47 36 38 47 63 77 70 42 38 38 36 45 46
118 146 135 132 138 130 125 130 143 153 157 144 146 142 117 111 122 115 112 95 63 57 81 51 31 39 44 51 45 47 68 75 74 72 72 83 83 95 96 116 124 98 85 88 123 126 135 143 151 176 194 209 216 203 197 184 199 200 204 196 158 48 32 44 57 70 90 97 89 81 58 52 44 42 47 49 46 50 43 41 40 46 47 48 24 28 34 38 33 27
159 174 166 160 154 152 162 175 177 178 167 155 154 146 140 150 135 113 121 103 70 63 65 47 48 54 56 52 45 57 73 62 73 76 80 98 111 118 94 90 88 83 107 111 101 107 113 140 185 179 180 181 189 207 215 186 180 197 196 199 184 77 20 30 56 76 96 96 94 88 57 43 37 38 46 47 36 41 42 44 43 41 37 43 29 29 34 37 33 30
181 189 187 170 172 172 178 203 207 199 180 167 157 157 164 155 159 143 121 111 100 86 88 75 72 66 55 49 49 68 88 84 95 99 121 157 161 153 144 145 157 166 175 182 166 153 129 132 141 139 150 151 162 179 182 169 160 180 202 201 175 112 23 25 48 53 65 83 98 90 56 47 46 36 27 27 25 25 24 33 40 31 31 29 23 33 50 48 32 37
167 195 198 195 197 186 193 198 198 191 174 171 171 173 177 166 175 166 150 142 130 120 118 107 97 93 84 78 82 100 118 120 136 160 175 187 184 185 196 202 207 210 207 204 204 202 187 175 163 149 159 150 144 155 154 135 137 166 207 200 176 100 17 20 28 42 52 66 84 93 71 53 42 38 27 33 38 29 25 45 45 36 36 35 41 42 42 40 47 54
145 183 185 198 192 185 198 190 186 185 174 168 180 188 183 180 175 181 181 173 168 164 157 159 150 154 155 155 157 165 174 174 182 198 194 193 198 202 204 203 199 196 201 201 204 200 198 197 194 192 195 187 191 193 180 166 160 166 186 180 169 94 49 28 18 17 19 38 54 64 54 32 31 36 38 47 46 39 36 49 46 42 39 39 48 48 34 44 55 54
149 175 177 180 179 196 188 189 183 179 188 190 194 197 188 191 185 188 189 192 189 191 190 188 192 189 194 204 203 198 201 204 200 198 197 201 201 201 202 199 199 210 205 203 201 197 200 194 201 202 205 206 208 198 196 197 195 191 186 179 181 180 171 144 105 75 46 40 17 12 26 29 35 47 59 57 32 29 39 42 53 58 59 45 27 39 30 38 48 41
161 172 176 181 190 196 193 185 181 188 196 203 206 205 201 200 199 197 197 198 197 194 189 187 187 189 194 196 197 196 195 202 196 194 201 204 207 202 209 196 203 211 214 207 204 201 204 206 209 207 207 207 208 207 197 193 193 188 181 175 175 179 183 185 185 178 164 138 95 60 48 42 34 41 50 46 38 41 27 32 34 42 57 44 39 53 43 27 32 39
164 175 181 188 196 193 185 178 184 193 203 208 210 209 208 210 210 206 202 201 199 195 193 193 187 192 195 181 185 187 173 161 154 171 197 200 209 216 216 197 204 216 213 214 208 208 207 206 202 205 208 209 208 207 202 195 194 195 186 175 167 160 161 162 165 168 172 178 180 173 149 117 85 57 29 38 54 33 29 27 27 21 25 35 47 49 41 40 33 27
176 191 197 197 191 181 181 187 202 207 210 210 208 207 208 211 213 210 208 208 205 200 199 200 202 199 196 191 198 175 145 126 135 158 187 192 202 218 210 185 208 223 215 220 210 212 207 206 203 207 207 208 205 205 209 200 194 194 178 171 167 155 154 153 159 158 160 166 166 167 172 170 163 129 87 51 45 33 23 24 22 27 28 37 53 55 45 36 40 49
193 192 187 185 186 189 198 205 209 211 210 209 211 212 212 213 208 208 208 210 210 209 207 207 203 202 204 212 202 142 125 139 146 164 184 193 185 190 172 171 217 226 219 219 212 215 210 210 208 208 205 209 205 204 210 199 193 191 170 168 163 144 141 140 143 151 161 168 165 162 165 162 161 160 163 132 96 73 23 15 24 38 39 38 49 47 35 35 29 43
196 185 174 174 184 199 211 208 213 216 216 216 217 215 209 206 208 209 209 208 210 214 214 211 214 211 212 205 176 113 103 143 171 173 173 165 137 125 103 160 229 225 220 214 218 222 218 218 212 207 202 211 210 204 205 192 188 193 176 167 153 129 121 118 117 129 144 156 159 158 161 159 160 156 157 165 162 141 77 26 18 21 28 28 37 36 24 32 37 28
201 201 197 195 197 206 214 211 211 216 217 216 216 214 210 208 211 213 213 212 214 216 215 210 216 214 210 184 161 134 110 132 173 168 152 110 68 54 60 167 234 225 218 213 223 226 224 222 218 208 202 210 210 204 200 190 186 191 173 157 144 127 118 107 101 114 131 146 150 150 154 156 155 156 155 150 157 157 142 104 44 12 21 30 27 34 32 32 32 29
206 211 208 206 210 213 214 212 213 217 217 214 214 214 213 213 215 215 215 216 217 216 214 212 221 211 197 188 163 133 110 139 151 150 121 62 28 28 94 191 218 218 207 216 223 222 227 226 223 215 209 210 210 205 198 192 187 181 163 147 138 128 116 104 95 115 131 139 145 153 160 157 156 156 160 150 148 149 155 148 110 46 20 22 23 31 32 25 23 37
216 220 210 208 218 219 217 218 217 220 220 217 217 217 215 213 218 214 213 216 216 214 215 218 220 225 194 179 142 116 110 132 155 137 78 22 17 41 151 197 191 206 194 218 219 219 231 233 225 221 219 215 213 208 197 193 182 172 160 149 138 126 115 110 112 115 123 140 153 158 162 164 156 163 158 163 156 156 155 149 143 122 68 27 26 32 30 35 34 35
212 219 218 215 216 219 224 224 223 220 224 220 212 213 216 217 217 215 213 213 214 214 216 217 226 218 199 169 146 117 97 118 144 110 40 22 38 85 156 186 192 190 179 202 212 219 230 240 235 222 219 214 209 205 191 181 179 173 160 150 137 123 115 110 110 111 114 133 150 166 165 173 172 170 170 166 159 160 164 158 155 149 130 80 23 22 32 44 52 43
216 224 222 216 217 222 229 231 226 223 222 217 215 217 216 216 214 215 212 209 211 214 215 215 223 217 201 173 127 84 81 103 115 75 23 51 98 131 152 174 192 175 155 190 211 218 231 241 241 230 216 211 207 197 186 180 172 167 155 148 139 123 109 100 100 93 96 119 140 160 163 170 179 172 173 172 164 167 171 161 156 156 153 131 70 22 14 44 54 49
213 223 227 228 230 232 233 229 226 224 219 213 215 218 214 213 212 217 215 211 212 212 213 219 221 218 208 176 115 65 67 92 107 50 17 59 105 156 180 188 192 159 130 181 214 216 229 240 238 234 225 220 208 193 189 180 166 159 145 139 134 114 96 87 80 76 85 106 124 147 159 168 176 174 174 173 166 166 172 168 164 164 149 148 136 88 37 23 31 44
227 231 231 233 235 235 231 225 228 227 223 215 216 219 216 216 216 215 210 212 218 213 211 219 216 212 201 166 117 72 55 74 88 38 18 21 30 109 183 180 188 148 116 179 220 217 226 238 236 232 222 213 200 190 186 177 164 158 140 127 112 89 77 78 72 68 71 84 107 135 153 163 175 177 169 170 176 174 172 171 164 165 161 158 145 131 90 22 14 38
239 236 234 237 237 234 232 229 229 226 224 217 215 218 217 216 213 215 213 215 218 211 209 218 216 212 194 155 107 63 51 74 65 30 31 28 18 69 166 170 177 134 103 174 222 219 226 237 236 225 213 202 197 189 172 165 163 151 125 104 93 81 71 67 59 53 52 57 78 101 123 141 159 171 169 174 179 172 171 173 171 169 172 169 152 147 129 68 21 16
238 238 239 244 242 236 235 233 228 223 221 216 214 217 215 214 217 218 214 214 219 217 212 212 215 212 193 163 107 54 50 64 49 25 29 22 17 59 162 160 162 114 90 167 219 222 228 234 231 213 214 209 193 183 170 159 150 137 108 85 77 74 66 54 38 37 40 40 50 54 68 86 112 134 151 164 164 162 174 179 175 180 178 176 174 161 150 127 70 24
244 245 246 246 241 236 236 232 228 225 222 217 217 218 215 217 219 221 220 218 218 216 212 211 207 210 198 168 104 49 48 59 48 21 20 21 21 53 147 152 151 96 86 171 217 223 228 226 223 212 217 212 189 179 172 155 137 115 86 71 65 60 49 33 31 32 40 42 56 64 76 84 86 103 116 136 147 157 174 175 177 179 186 184 179 171 168 149 122 76
245 248 247 246 241 240 238 231 225 226 222 216 218 215 212 219 222 219 218 219 218 213 209 209 203 206 200 165 108 61 48 56 39 24 21 28 33 55 132 153 145 87 90 180 219 223 225 216 216 226 219 211 204 188 166 142 116 89 68 65 57 44 37 32 33 38 46 40 54 78 105 114 122 134 131 140 155 164 178 180 176 179 185 182 187 183 176 155 139 121
240 244 249 243 239 241 239 234 234 230 220 218 213 208 215 218 214 213 215 216 212 208 207 208 200 198 200 173 105 61 50 56 35 29 30 46 47 68 121 139 128 69 112 178 220 223 216 210 219 225 227 214 213 185 159 114 83 63 62 48 37 31 28 40 51 66 67 47 39 97 142 152 168 181 176 182 182 179 190 184 188 186 179 179 186 185 185 165 148 128
242 239 242 241 237 238 234 229 231 225 218 217 211 212 220 214 203 212 214 212 212 209 204 203 196 190 196 179 125 64 38 46 45 31 33 41 65 97 128 136 96 73 130 189 221 222 220 215 230 223 220 220 220 176 128 89 63 55 49 35 30 35 52 70 98 105 78 27 16 71 160 172 185 186 184 192 194 189 192 191 194 196 198 193 195 192 189 178 161 145
243 240 243 240 234 234 232 229 228 217 214 211 212 219 215 205 206 216 217 209 207 206 201 197 193 191 200 181 141 76 43 52 46 27 38 57 79 91 122 133 82 100 156 197 222 223 226 227 226 222 219 220 211 161 95 63 47 39 31 45 64 81 108 129 150 148 75 10 5 32 128 182 202 196 196 200 202 195 189 192 192 196 204 200 200 198 193 187 181 169
245 244 243 238 235 236 230 226 225 215 217 209 213 217 201 206 212 211 212 208 200 198 196 189 187 186 186 156 131 83 52 51 53 41 37 45 39 38 118 136 95 140 184 207 228 224 221 223 226 222 217 213 191 141 68 40 36 44 60 96 121 137 153 163 181 162 70 36 37 46 102 160 197 203 204 201 201 196 188 188 192 188 192 191 196 201 204 197 194 185
239 243 245 240 235 229 223 227 226 214 209 206 212 208 196 202 204 197 199 203 197 191 186 182 186 175 163 137 126 92 63 48 60 57 45 53 35 27 120 134 115 163 198 214 227 224 222 222 222 219 218 209 167 110 46 33 49 78 112 138 144 162 176 180 189 162 65 68 114 131 136 141 178 205 212 204 203 202 194 187 185 181 184 192 199 204 214 201 194 186
240 239 241 241 237 227 218 221 221 216 204 207 204 195 202 203 201 195 192 196 195 185 179 182 182 167 156 148 139 105 83 69 63 65 60 68 64 66 137 154 149 184 212 221 217 214 217 214 210 216 217 199 160 131 105 108 126 133 148 169 168 179 186 189 192 171 77 79 150 167 180 168 166 198 212 203 199 200 194 180 180 177 178 188 195 199 215 207 201 193
239 238 241 237 229 224 219 216 218 217 203 201 203 201 205 198 199 196 193 192 187 180 178 181 172 167 158 161 146 112 100 92 79 79 81 84 106 136 166 167 177 199 217 223 215 212 211 206 208 213 209 197 195 209 215 221 208 180 159 187 192 191 193 196 196 166 98 98 169 184 213 204 180 193 211 203 194 200 196 186 176 171 171 178 192 199 208 206 214 205
240 237 238 227 217 224 222 207 208 212 204 190 198 206 195 192 188 188 194 191 179 176 177 173 176 178 163 165 147 121 113 102 98 90 97 99 117 152 174 190 201 213 214 212 211 211 206 205 209 210 207 204 211 215 212 211 199 176 150 189 202 197 198 198 199 170 101 88 171 189 202 211 191 181 199 194 182 196 196 192 181 169 163 166 189 203 207 210 213 205
234 236 226 216 223 225 211 203 207 209 198 194 201 196 189 189 188 193 193 186 178 176 177 179 175 179 168 158 153 140 123 113 117 113 121 125 132 152 175 196 204 205 202 202 213 209 208 207 209 211 208 205 208 215 212 205 196 170 119 140 184 194 198 199 200 175 115 65 149 178 182 206 183 110 164 211 185 185 189 185 186 168 151 159 186 205 207 207 203 206
230 223 219 216 211 201 199 213 212 209 197 193 198 196 192 190 193 185 188 186 176 182 191 185 180 174 167 166 159 146 138 133 128 134 148 162 167 171 181 187 194 196 200 201 205 204 207 202 206 210 212 211 208 206 206 206 204 170 87 63 119 172 190 201 201 173 119 65 143 194 208 216 199 86 135 240 185 176 180 185 185 169 150 154 185 208 208 202 205 205
221 217 218 218 211 202 197 203 205 202 194 193 194 193 190 185 187 181 182 183 179 181 182 174 171 172 170 166 158 151 148 142 142 153 165 183 188 187 197 198 204 205 206 203 202 200 204 198 204 206 208 206 202 202 202 200 192 169 89 28 60 128 160 190 196 170 129 73 130 191 216 220 219 134 103 232 198 172 180 178 173 168 153 150 177 206 216 215 207 204
211 212 213 210 209 205 193 187 193 194 190 190 190 187 184 179 179 176 173 170 168 165 161 157 155 159 151 145 148 150 150 149 159 170 184 199 202 202 209 212 206 208 207 205 212 211 214 214 218 217 215 213 213 216 211 198 189 172 118 51 36 76 121 171 186 164 134 77 103 156 192 207 214 163 79 179 212 178 170 164 161 158 146 145 172 209 225 222 210 203
207 207 207 204 201 194 188 193 190 192 187 185 186 183 179 175 172 170 172 169 159 156 155 150 145 144 139 139 141 137 143 152 167 179 198 208 211 215 218 225 218 217 216 218 224 220 224 229 222 222 225 227 227 230 223 207 193 170 134 90 54 54 83 131 176 159 139 87 93 154 208 225 225 201 93 116 213 177 162 153 149 144 138 144 172 211 227 221 205 196
203 207 208 204 201 194 189 197 189 191 185 184 186 182 176 170 168 172 173 167 160 155 152 150 156 147 138 135 132 135 146 148 153 169 193 202 209 218 220 226 228 218 216 215 209 201 212 217 210 209 216 220 214 214 216 210 195 169 127 98 75 57 61 100 150 143 129 87 89 160 221 225 215 203 117 83 205 172 156 143 137 132 129 141 176 216 229 221 201 194
197 202 207 203 200 197 189 186 187 188 186 185 183 180 178 171 172 175 168 159 159 157 153 154 157 146 134 131 134 142 142 129 144 159 173 178 187 199 207 210 208 198 196 194 188 183 196 201 199 194 197 197 190 194 202 199 186 165 119 88 81 66 52 82 134 135 113 74 77 144 209 222 215 199 150 70 174 182 155 127 126 123 118 137 186 225 225 208 188 186
199 197 202 200 193 189 185 185 188 187 187 185 177 178 184 180 176 171 172 169 164 168 167 155 150 145 136 133 130 122 121 122 127 144 153 160 170 179 186 181 181 178 175 173 174 168 174 177 184 177 177 178 180 194 202 193 176 160 115 78 80 72 47 70 118 130 101 67 65 108 163 193 196 193 126 44 152 171 148 132 109 118 119 140 190 222 212 192 183 185
192 197 195 185 188 193 184 185 188 185 183 180 175 175 178 175 171 172 174 175 173 170 166 159 156 152 138 129 126 111 110 109 118 119 130 143 144 148 154 151 156 152 151 145 138 142 147 145 159 169 168 167 174 179 183 182 173 151 99 71 83 71 49 59 102 113 88 60 59 87 139 180 200 199 100 32 130 162 143 122 105 106 108 128 183 204 189 187 180 175
190 189 185 188 194 189 184 185 189 181 182 177 170 169 168 169 169 165 174 175 162 158 161 157 151 145 133 125 120 98 89 94 102 101 105 106 106 108 110 112 120 122 118 113 114 113 118 131 137 146 149 152 157 164 165 158 155 118 84 75 78 65 47 48 86 88 66 51 55 101 175 203 204 172 83 30 124 160 143 110 98 99 99 124 178 194 179 174 170 164
188 185 180 190 192 184 183 182 182 177 178 169 166 166 160 167 168 163 173 172 163 162 159 151 148 132 126 118 104 84 73 71 80 81 88 87 85 85 82 83 93 98 97 100 110 109 107 115 123 133 140 146 153 157 153 141 130 91 78 81 76 65 50 48 70 72 58 53 59 108 176 181 170 138 73 37 114 146 133 104 95 96 95 123 173 184 174 168 164 158
185 187 185 186 183 181 183 179 177 179 173 162 166 164 157 166 174 178 180 167 162 164 156 154 145 126 119 106 96 79 64 57 66 69 83 82 76 74 68 67 72 79 86 94 103 106 104 98 112 128 134 137 141 142 137 131 106 79 74 77 78 71 53 49 65 65 55 57 66 99 148 156 144 114 54 40 106 133 119 100 100 101 98 122 166 175 171 165 156 151
181 184 189 182 178 184 183 179 180 180 167 164 166 159 158 163 165 172 171 162 164 164 151 148 134 127 113 96 95 71 46 51 64 68 74 69 64 62 59 66 68 77 87 94 96 102 111 108 112 114 109 109 116 121 118 108 88 77 78 78 77 68 55 57 59 59 58 57 54 67 107 140 133 83 30 55 103 121 107 94 101 101 96 114 152 165 164 156 151 146
178 176 183 181 181 185 181 179 182 171 159 166 165 156 162 161 160 159 161 166 167 158 143 132 130 123 113 101 91 59 40 48 61 65 56 46 46 43 47 61 74 86 91 99 104 108 117 120 118 103 89 89 98 109 109 94 88 77 77 82 79 70 62 64 61 62 63 58 60 85 119 138 131 59 32 85 103 106 99 94 93 90 87 102 139 155 155 147 151 144
178 175 176 181 183 179 175 176 177 166 155 159 161 157 159 156 158 158 161 169 160 148 147 142 130 118 114 104 78 47 46 50 61 58 43 38 36 34 47 59 81 101 109 116 122 120 121 119 116 104 88 90 106 114 109 98 87 78 75 81 75 65 68 71 71 64 57 59 80 121 148 142 123 51 51 95 102 101 98 97 90 82 82 94 126 142 143 140 144 137
181 179 174 180 181 171 170 171 173 169 156 149 158 160 151 148 157 161 159 164 156 143 145 138 121 112 103 89 61 36 43 48 49 38 27 31 27 32 58 63 84 115 132 135 130 125 125 116 121 109 84 94 133 140 116 99 91 83 72 76 74 68 75 76 69 63 55 63 68 80 105 107 81 36 61 86 100 102 96 100 94 83 84 92 115 128 129 132 136 130
179 180 182 175 171 174 172 171 175 166 159 148 150 153 145 149 158 155 155 161 150 140 140 129 119 119 113 81 45 37 44 46 38 23 25 28 19 33 75 75 84 111 139 143 136 134 129 122 123 114 83 75 108 133 123 100 90 78 73 77 76 74 73 73 73 67 61 72 80 79 84 85 72 48 65 87 94 100 96 97 84 81 85 89 102 122 128 126 130 124
175 172 173 169 166 168 167 168 161 157 152 144 143 144 143 149 155 151 153 158 146 138 142 131 125 125 112 73 38 36 42 39 24 22 26 16 19 58 93 84 89 111 137 146 146 145 138 130 129 119 95 73 69 77 82 83 75 72 73 78 77 75 76 78 74 63 67 76 82 97 101 86 68 64 74 88 95 100 98 91 80 76 77 85 102 115 119 126 123 115
167 165 167 168 167 164 157 156 151 150 145 138 135 134 136 141 150 147 146 152 148 142 141 130 128 117 93 53 30 37 39 28 19 19 31 30 49 90 104 83 92 114 139 152 155 153 149 144 143 136 126 101 70 47 40 49 58 63 69 74 76 76 78 82 75 56 66 73 81 100 87 58 44 63 74 89 99 98 96 83 77 76 76 83 98 105 108 121 115 108
158 159 160 162 163 161 156 153 150 148 140 137 135 133 135 136 141 143 141 143 144 139 136 134 132 111 80 43 26 34 34 23 22 21 33 43 68 102 111 86 89 110 133 151 159 158 157 156 148 141 135 117 96 66 37 38 50 59 66 70 73 74 76 81 74 57 71 76 80 83 57 41 52 72 80 92 98 92 89 79 74 77 76 77 91 103 109 117 118 112
154 158 159 159 159 156 151 145 140 137 130 130 131 131 132 131 140 144 143 141 136 135 140 146 131 102 66 36 29 38 33 18 19 20 19 35 68 105 121 82 78 99 121 144 160 161 160 160 156 145 136 120 109 87 50 35 44 53 62 67 70 70 71 76 67 59 74 67 53 44 32 46 64 76 85 92 94 91 87 83 76 74 72 78 95 115 123 120 118 111
142 151 153 154 156 154 149 141 136 132 129 129 129 129 129 130 135 132 134 134 130 132 137 135 114 88 58 33 29 37 32 20 18 19 11 33 65 95 122 88 65 96 123 147 160 159 160 161 154 147 144 132 119 104 75 48 36 42 51 60 64 65 67 73 69 59 61 46 28 28 39 63 73 78 87 85 84 84 77 73 77 70 72 88 106 120 122 107 97 91
137 142 139 140 143 141 139 135 129 123 124 122 120 122 119 122 129 127 126 129 134 136 129 123 108 76 46 33 37 43 32 19 18 17 8 43 81 96 115 84 51 92 127 153 167 163 162 162 155 152 149 140 128 118 98 73 50 43 42 49 55 58 63 68 67 48 31 24 27 42 60 73 76 78 81 77 76 77 73 72 72 70 78 93 100 102 99 83 76 72
123 127 124 129 134 130 128 126 122 115 119 116 115 118 114 117 121 129 126 124 135 132 121 124 101 62 34 34 45 46 34 24 16 19 9 42 81 96 112 86 42 83 118 152 176 177 169 160 158 156 147 142 140 130 112 92 79 56 41 43 48 52 58 61 66 45 16 17 39 56 69 71 67 72 75 79 82 76 71 71 70 78 87 93 87 83 85 76 73 70
100 106 109 117 122 122 124 120 115 110 111 109 111 118 115 112 115 118 118 123 128 126 122 118 92 59 38 42 44 47 37 27 19 25 27 53 75 97 114 85 48 68 118 159 174 178 170 161 158 156 151 153 149 133 116 100 85 73 54 40 37 42 48 49 55 46 26 27 44 52 57 62 59 66 70 70 70 68 66 70 78 83 84 84 81 77 77 74 70 71
91 98 102 110 114 115 116 113 111 106 108 106 108 113 110 108 110 111 112 117 118 116 116 113 92 60 43 48 46 52 45 30 16 23 28 61 76 89 111 84 39 66 118 158 172 173 169 168 156 158 157 152 142 136 127 107 87 77 61 45 37 36 39 41 41 36 26 30 38 41 46 47 52 56 57 57 59 62 68 76 81 82 79 78 77 75 75 71 68 69
81 87 91 98 101 103 106 105 105 103 104 103 103 106 105 103 106 105 108 113 111 110 113 110 88 66 43 43 49 55 47 39 26 24 37 55 66 89 100 75 40 70 122 164 180 175 165 163 160 160 160 150 135 133 127 102 89 80 67 55 44 36 33 34 34 29 27 29 27 29 34 33 36 40 42 45 51 59 68 77 80 80 76 74 73 72 71 68 68 67
75 78 80 84 88 94 98 100 100 100 101 101 100 101 101 101 102 100 102 109 109 108 110 108 90 72 45 43 52 58 48 39 35 28 34 45 66 96 97 69 53 83 131 169 180 173 166 166 164 156 153 148 135 131 121 96 89 80 70 64 56 46 38 35 36 31 31 31 27 27 29 26 25 29 34 41 50 59 67 74 74 77 75 74 71 68 69 68 68 66
71 71 73 75 80 88 93 95 96 98 99 99 98 97 98 100 99 100 100 107 114 113 112 109 89 64 42 47 53 64 57 34 46 41 20 38 71 92 99 68 61 95 144 175 174 166 169 173 166 154 148 144 136 130 114 93 87 78 70 67 63 54 46 43 46 47 50 50 48 45 40 37 37 38 41 47 55 62 68 72 70 73 72 72 69 67 69 69 68 64
66 67 70 71 77 86 88 90 91 95 96 97 96 94 97 100 100 102 100 107 116 118 115 111 94 68 40 44 57 70 64 42 43 46 23 29 66 92 90 63 79 111 152 176 172 165 167 165 158 151 144 134 127 123 109 92 85 76 69 66 62 56 52 51 56 62 68 68 68 65 58 60 60 59 60 64 67 69 71 71 69 69 66 67 68 67 68 66 62 56
64 65 70 71 77 85 86 88 88 93 92 95 95 92 96 100 98 100 99 103 110 114 115 110 104 85 47 42 58 70 67 59 35 37 31 31 66 92 75 62 103 128 152 165 165 162 161 154 144 139 137 125 116 114 105 93 83 75 68 65 62 59 57 57 59 64 69 69 71 71 67 71 72 71 73 75 73 71 69 68 68 66 63 65 67 66 65 60 52 45
64 66 72 72 76 85 86 90 86 91 91 94 94 91 96 100 100 101 101 103 105 112 117 111 96 79 47 43 52 66 74 71 51 38 25 37 67 74 66 72 105 134 153 160 160 156 153 146 141 134 134 124 110 106 97 88 81 74 68 66 66 63 61 60 59 61 68 69 72 75 70 71 72 71 71 71 68 65 65 66 66 66 63 66 68 65 62 56 44 36
67 67 68 72 77 84 83 77 85 85 86 88 91 92 94 98 99 99 101 101 100 104 108 106 100 82 53 48 51 58 77 80 72 62 42 33 45 59 67 81 110 130 141 145 149 144 136 132 131 128 124 119 113 104 94 87 84 78 69 66 69 69 66 67 65 66 69 70 69 68 67 67 64 60 59 62 63 62 62 65 69 64 64 68 69 62 51 43 33 33
55 69 75 73 76 81 83 85 85 84 82 84 90 94 95 94 96 96 97 97 96 98 100 99 101 96 68 48 51 62 76 79 83 80 66 47 40 48 68 93 110 123 130 136 138 130 122 118 123 117 112 109 105 98 89 83 79 78 73 72 75 74 71 71 74 72 71 69 66 65 64 64 65 65 65 65 62 59 62 67 66 69 71 66 55 44 36 30 29 28
53 64 69 71 78 83 84 86 81 83 84 82 84 88 92 95 94 93 95 97 98 98 99 98 96 99 80 54 50 64 77 83 86 87 82 66 53 57 74 94 111 117 123 130 129 120 115 112 116 111 106 104 102 95 89 85 79 81 79 76 76 74 70 68 70 68 67 66 65 66 68 69 66 66 66 66 65 66 66 67 67 70 67 55 40 30 27 25 28 27
66 56 53 58 64 71 77 78 83 80 78 79 82 86 89 90 93 91 91 93 93 91 90 91 94 94 92 73 61 66 74 82 87 82 78 67 60 67 81 92 103 107 114 120 115 108 109 108 108 107 105 102 99 96 92 88 83 84 82 77 75 73 69 66 67 66 66 66 65 65 66 66 66 65 64 64 67 70 71 70 69 62 50 38 30 28 28 26 25 24
59 48 46 51 54 60 67 68 78 74 75 80 82 82 83 84 89 87 86 88 90 88 88 90 91 88 94 89 80 77 76 83 89 84 81 72 65 73 85 93 99 103 108 110 105 102 105 103 100 102 100 97 95 96 91 85 85 85 83 79 78 77 74 71 69 69 69 69 66 64 65 65 66 68 69 68 69 70 68 66 59 46 33 26 25 25 25 24 22 20
58 53 47 47 54 62 64 65 68 68 73 80 78 75 76 78 78 78 77 80 83 84 86 90 87 85 85 84 87 86 79 86 88 86 89 85 81 85 90 91 98 101 102 102 100 99 100 95 97 98 96 93 95 97 92 83 87 86 84 82 81 80 78 74 73 72 72 72 70 69 71 72 72 72 73 75 75 68 55 43 32 26 22 23 23 21 20 20 22 21
59 55 52 53 58 62 60 56 67 64 66 70 71 71 69 64 72 73 72 72 75 77 79 83 84 83 78 75 80 80 76 79 84 82 86 86 86 91 91 90 97 101 101 102 103 103 103 99 97 97 96 95 96 96 93 89 91 88 85 83 81 80 80 78 81 79 77 76 75 74 74 74 75 74 71 69 63 51 35 21 16 16 18 20 20 19 19 19 20 19
49 43 47 52 51 54 61 62 64 64 65 62 59 62 63 59 57 59 59 59 63 66 68 72 74 73 74 77 76 74 75 74 77 80 87 87 87 89 89 89 87 93 95 99 102 100 101 102 95 95 96 96 94 90 91 94 93 89 86 84 82 82 85 86 84 81 79 78 78 78 76 75 72 72 67 54 36 23 17 17 18 19 19 17 17 20 21 18 19 19
53 53 45 51 65 66 60 51 50 64 61 56 53 55 61 54 46 46 50 51 52 57 60 55 64 65 68 68 67 68 71 71 76 78 79 83 80 85 84 82 86 88 90 96 96 96 101 97 99 96 97 95 93 93 91 88 89 88 88 87 84 83 86 88 88 85 83 82 81 79 75 72 71 55 36 24 19 17 17 18 19 18 17 18 18 17 16 17 18 19
50 53 58 60 64 61 47 39 50 56 45 42 51 53 50 39 41 39 37 38 43 44 44 45 49 49 49 47 46 49 53 53 57 63 68 75 75 79 80 83 86 88 88 90 88 86 90 88 89 92 91 86 87 90 88 85 87 88 89 90 89 89 87 84 83 82 82 80 73 63 52 43 33 25 17 15 15 15 16 18 19 18 18 19 19 17 17 18 20 20
58 60 55 60 54 42 46 40 47 50 41 40 44 45 43 35 38 40 34 31 38 38 34 37 32 34 37 37 39 41 40 36 37 42 44 51 55 62 68 78 83 87 85 86 86 84 83 81 80 80 79 76 76 81 83 81 83 84 86 85 83 82 79 73 67 61 52 42 32 24 18 14 16 15 15 16 16 16 16 16 18 18 18 19 18 17 17 18 21 21
70 63 48 51 49 48 57 44 40 41 42 42 34 33 39 34 32 41 36 29 33 34 30 30 30 32 31 30 33 37 35 32 37 39 34 34 37 45 52 64 73 82 84 79 74 71 75 82 81 77 78 80 75 71 72 67 64 59 55 51 43 38 36 32 27 23 18 15 13 13 14 15 14 16 17 17 17 17 18 17 18 18 18 18 17 16 16 17 20 19
72 51 48 42 48 66 59 49 40 36 37 39 34 32 34 30 31 37 35 29 31 32 29 26 33 33 30 27 31 35 34 32 40 44 37 32 28 32 34 43 48 55 61 65 74 80 86 93 87 83 74 74 74 68 60 48 32 19 14 16 14 13 14 15 12 13 15 17 18 19 18 17 16 17 16 15 15 17 18 18 17 17 17 17 17 17 18 19 19 18
67 45 52 57 56 57 52 58 41 40 37 37 39 35 31 31 34 33 31 31 32 30 28 27 29 30 27 26 31 35 37 38 37 41 38 33 25 25 27 35 28 30 42 61 79 79 61 46 61 82 78 68 67 62 57 54 33 15 8 14 17 16 17 17 17 17 17 17 17 17 18 18 20 19 18 17 16 17 17 17 17 17 17 18 19 20 22 24 21 20
67 58 62 74 62 44 48 55 37 39 37 35 37 33 28 33 31 31 32 33 31 27 25 27 26 26 22 21 26 31 36 42 37 37 36 39 32 30 31 38 30 25 32 41 47 45 34 27 49 77 80 72 68 66 65 58 39 20 14 19 20 19 18 15 19 18 18 17 15 15 16 16 17 17 17 18 18 18 18 18 18 18 18 18 20 23 25 27 22 22
78 71 67 54 45 48 47 42 38 35 35 35 36 35 32 33 27 35 39 37 32 27 26 28 26 27 26 27 30 30 30 35 41 35 35 45 40 35 31 34 37 25 25 27 31 42 53 63 69 80 76 67 59 62 67 55 33 19 15 19 19 19 20 17 15 15 17 17 16 17 18 19 19 19 20 21 20 17 17 18 20 20 19 18 20 23 26 27 20 21
80 67 59 45 43 42 41 43 47 36 34 37 38 37 45 35 34 39 39 39 29 28 27 23 25 29 33 33 29 30 36 41 46 41 37 36 36 40 31 33 35 27 27 28 34 51 66 73 76 61 58 52 54 61 61 45 23 19 18 18 17 17 19 18 17 17 17 18 17 17 17 17 18 17 17 17 17 18 18 18 18 19 19 20 22 24 24 24 27 24
78 60 51 42 42 40 39 44 48 37 34 38 39 38 47 38 41 42 36 32 24 26 29 28 26 27 29 30 31 34 39 41 42 41 37 34 35 43 35 33 33 28 30 32 35 47 55 57 58 43 44 45 53 61 55 33 22 18 18 19 17 17 18 17 17 17 17 18 17 17 17 17 18 17 17 17 17 17 19 19 18 19 20 21 23 24 24 23 25 23
