79 82 87 98 97 75 77 65 47 51 48 32 35 62 67 45 41 38 48 44 58 71 61 39 32 42 51 61 57 76 79 26 49 60 13 31 80 113 95 60 67 72 75 75 87 101 102 104 120 128 131 116 94 79 101 127 120 97 60 45 40 40 51 79 93 87 79 76 54 50 39 48 41 32 78 143 134 128 56 38 52 48 48 44 63 69 88 107 114 102
60 94 102 101 111 97 81 55 47 53 44 39 39 36 37 33 24 37 55 49 46 61 49 28 27 37 40 41 57 93 51 15 42 53 15 14 36 50 42 30 41 48 58 64 70 70 62 63 70 86 116 133 134 135 153 160 145 117 74 27 18 35 61 54 55 61 78 76 62 45 42 40 46 41 62 110 112 123 81 54 52 58 50 41 75 93 90 116 118 97
106 124 106 96 103 80 70 72 63 50 34 34 41 38 32 26 29 34 39 46 36 42 40 33 42 33 32 32 62 121 104 30 25 34 23 25 41 40 31 28 33 45 51 47 52 60 60 59 55 61 68 93 139 167 177 174 186 184 149 99 63 38 27 42 75 89 85 72 67 59 50 38 39 47 70 102 102 94 87 53 35 45 40 51 72 82 89 114 121 88
126 112 94 85 69 58 70 71 47 30 29 34 44 45 30 32 38 26 26 56 46 24 31 41 39 35 34 42 62 113 137 65 18 21 33 35 41 34 35 46 42 51 50 40 41 46 44 40 48 62 60 77 145 194 201 188 186 190 186 187 159 89 67 148 210 162 101 70 61 61 65 58 47 40 66 92 99 65 83 63 41 37 45 61 56 50 73 105 113 72
110 106 89 81 76 74 64 40 35 24 30 41 48 45 41 53 42 39 42 44 39 32 39 35 35 34 52 77 70 100 138 126 60 35 49 55 65 66 72 83 89 87 82 79 74 58 43 37 51 82 107 112 134 170 193 183 185 190 195 189 190 175 187 218 174 99 67 67 70 60 88 104 59 37 50 80 96 57 66 71 50 32 49 45 55 65 81 115 104 66
114 95 82 88 71 48 39 34 32 30 43 63 61 64 74 55 38 50 70 45 33 32 32 34 33 26 59 94 98 121 161 161 96 52 74 99 111 120 130 139 144 148 149 152 148 128 105 92 90 108 140 156 154 154 175 183 171 188 197 198 195 198 176 108 33 26 32 43 78 86 75 86 73 50 42 63 82 65 51 65 43 27 36 36 71 104 120 118 78 57
95 87 84 93 64 34 41 73 75 78 82 84 67 73 84 45 41 57 68 42 30 37 33 33 36 46 67 83 121 145 167 150 117 61 90 134 144 153 164 171 173 184 185 187 191 190 184 175 156 137 129 152 180 174 168 170 166 186 197 212 208 199 152 90 55 37 20 27 82 123 67 41 77 63 54 50 64 73 54 51 45 36 38 58 82 99 113 87 63 59
99 100 92 72 42 69 103 102 120 117 95 74 64 65 65 45 49 60 48 36 28 35 38 41 50 69 80 73 102 142 147 138 127 61 93 154 164 173 180 183 187 193 190 190 191 187 187 186 183 183 167 157 168 164 162 165 165 182 203 203 217 213 185 176 110 34 12 9 75 191 176 104 74 74 83 47 43 60 64 50 46 39 47 76 77 67 67 62 50 51
100 89 85 69 64 109 144 128 106 97 83 65 67 64 50 40 44 51 40 36 44 41 42 52 60 69 87 93 83 103 139 140 116 60 108 161 179 183 194 195 198 198 196 194 194 190 183 181 183 185 186 181 175 177 178 173 171 170 170 175 185 192 187 169 88 31 24 42 112 185 173 88 74 112 89 25 22 39 50 54 54 46 54 61 51 44 43 38 37 38
108 106 99 87 85 96 99 93 100 87 82 71 75 78 72 70 64 45 49 53 46 43 45 53 68 80 93 93 98 114 121 123 93 58 115 169 186 189 200 200 195 197 197 197 198 197 194 194 193 191 189 184 178 179 184 187 181 176 169 166 167 172 177 172 151 127 130 156 143 74 55 56 67 62 26 13 16 25 35 50 62 53 51 47 34 29 31 28 40 46
133 119 92 76 88 99 96 99 111 127 133 138 136 121 114 85 72 50 63 70 51 39 39 48 54 69 62 52 102 139 107 89 65 55 105 150 173 184 198 201 201 202 200 199 200 199 197 196 193 195 195 193 188 183 181 181 181 179 177 176 172 171 174 173 181 189 191 190 168 132 110 50 16 8 1 16 20 20 27 43 61 63 55 41 29 21 27 42 56 56
99 101 102 92 85 87 103 130 155 166 156 151 139 120 127 108 95 78 67 68 62 51 51 57 52 55 62 51 64 90 83 79 60 65 95 128 161 181 198 207 206 204 201 200 202 204 202 199 199 201 198 193 192 190 184 179 181 178 175 176 174 173 177 175 182 178 182 184 182 181 187 165 111 70 46 15 8 18 22 18 26 39 40 33 35 41 44 47 42 36
76 98 112 102 97 100 104 118 120 102 97 100 106 100 100 110 78 70 65 67 68 61 53 53 61 58 67 67 64 67 59 55 60 63 85 116 147 169 191 209 210 207 205 205 206 206 206 204 201 201 196 191 192 192 188 186 187 181 173 171 171 173 177 175 171 172 175 174 179 180 181 182 177 166 164 106 37 9 12 16 18 19 26 30 28 30 32 29 29 30
98 109 108 98 103 95 80 95 98 91 99 105 104 85 76 83 69 59 75 74 65 65 54 51 61 60 55 61 70 56 40 46 42 47 86 129 150 166 190 214 218 214 211 210 207 204 203 203 201 199 197 197 195 190 188 189 183 179 174 174 172 170 171 166 165 169 172 173 175 179 181 175 176 184 176 168 129 64 12 5 13 15 17 21 24 22 20 22 25 28
106 98 92 91 104 105 93 104 131 130 126 124 113 92 89 80 70 71 93 84 67 75 76 81 73 72 73 70 60 44 30 26 44 60 105 140 147 158 183 217 224 215 212 213 211 207 207 207 207 202 201 202 198 194 194 194 187 182 179 181 177 170 169 167 164 167 164 164 167 173 175 178 177 172 164 174 165 148 95 25 6 15 17 16 22 25 24 24 27 24
112 95 115 135 133 127 125 140 137 116 108 99 90 81 80 77 74 82 81 63 57 67 71 73 73 58 55 50 33 21 35 68 100 115 133 131 123 136 167 216 230 218 212 215 216 214 212 211 201 198 200 201 199 200 199 193 191 182 179 182 175 164 162 162 161 159 166 166 160 169 171 178 182 177 177 163 159 163 154 118 53 11 4 23 23 19 24 23 25 24
146 152 160 161 146 132 133 137 111 91 84 79 67 60 55 75 84 94 69 52 46 64 56 42 42 36 34 34 20 35 91 125 140 135 134 126 87 105 158 209 230 225 218 220 221 223 216 214 206 199 200 206 204 197 192 190 189 188 181 176 170 161 159 158 159 156 160 162 158 166 177 175 179 181 180 172 164 158 149 143 119 65 14 10 20 20 19 20 22 22
158 171 169 162 142 117 102 85 94 112 105 89 72 61 57 68 95 109 62 47 47 60 64 38 32 52 63 38 36 83 125 146 143 131 121 100 58 70 140 204 223 223 219 223 223 225 218 216 207 202 206 211 206 197 193 192 195 190 182 178 172 163 160 158 153 146 146 151 154 164 174 175 178 178 180 175 167 160 149 141 141 133 74 14 10 17 13 18 21 25
138 132 124 124 119 100 80 66 87 88 73 73 59 58 76 75 100 90 51 50 69 75 62 61 83 93 71 51 86 128 142 153 141 127 104 64 37 33 120 198 222 225 217 221 223 224 219 216 209 208 212 215 210 202 198 197 195 188 180 177 169 159 155 153 151 140 137 144 154 164 171 173 179 177 182 180 171 163 151 142 130 137 128 67 13 8 8 7 15 20
120 91 89 78 61 66 70 79 72 53 51 52 52 83 100 98 109 91 79 72 88 112 98 105 105 91 81 95 123 139 142 146 144 127 74 23 29 30 109 182 215 219 206 209 215 218 216 214 220 220 220 217 211 206 200 194 192 186 179 177 167 154 150 148 144 135 131 142 155 163 169 175 188 184 184 175 163 159 154 148 135 123 140 118 83 78 51 14 10 8
74 72 72 51 51 62 56 66 67 69 82 72 89 114 93 105 98 87 92 97 101 123 124 105 94 92 116 125 130 137 132 143 137 118 56 32 32 31 93 177 202 212 199 204 213 213 213 214 223 227 226 218 211 209 202 194 191 183 175 174 166 153 147 142 129 123 123 135 151 160 170 180 185 184 182 170 157 156 154 150 143 130 129 125 127 157 159 117 84 72
42 51 40 37 65 75 57 53 77 94 75 75 109 126 119 127 89 83 92 105 108 108 110 111 115 133 140 127 125 127 127 143 144 111 41 42 26 47 91 155 186 206 199 209 216 209 209 212 218 225 227 219 213 210 205 198 193 182 172 171 163 151 142 132 114 109 110 121 136 150 164 176 178 178 175 162 153 153 151 149 147 141 132 127 107 127 186 195 184 174
56 42 43 55 59 63 68 62 80 94 73 91 112 124 137 120 99 103 110 106 110 110 117 145 142 157 149 132 111 102 122 135 143 100 32 32 46 112 143 138 162 191 190 207 215 203 205 210 220 226 228 224 218 209 200 193 189 180 171 167 156 140 126 112 95 88 87 96 110 128 145 154 162 158 151 143 145 150 154 160 163 156 146 142 119 98 126 170 185 187
59 49 61 65 56 59 74 94 88 83 112 143 128 112 103 95 105 107 121 131 143 148 151 157 159 169 160 130 101 84 93 124 131 86 40 27 55 123 171 152 144 176 178 200 214 205 208 216 221 223 226 227 224 212 198 190 177 171 165 159 142 121 103 87 72 64 62 71 86 108 125 130 121 119 120 129 148 160 167 177 178 169 171 156 145 122 102 136 163 173
67 69 65 62 85 105 111 129 131 130 151 160 145 128 123 134 138 136 148 155 170 168 169 159 159 168 165 128 81 56 74 120 131 86 53 28 16 33 125 174 146 152 163 189 213 203 202 211 216 220 223 223 216 206 194 184 177 161 151 142 124 99 77 69 59 55 43 54 73 94 99 85 90 110 131 154 167 180 184 183 188 186 184 170 158 141 119 118 137 161
119 100 81 95 135 153 154 168 170 178 173 162 164 168 165 162 156 169 176 165 164 176 167 160 158 167 163 126 78 48 67 120 128 79 72 40 15 6 61 154 157 153 152 179 204 194 203 216 217 218 221 222 215 202 187 176 167 156 146 125 99 80 68 63 59 44 40 53 63 59 49 69 116 159 167 182 187 188 199 192 193 189 184 173 169 163 135 108 117 139
143 145 135 133 155 177 184 186 183 186 174 168 173 173 174 178 172 180 190 173 159 163 156 161 169 176 167 124 73 43 63 117 123 67 61 40 27 7 32 131 152 151 148 170 194 198 214 217 218 217 217 215 206 191 175 164 155 135 116 94 76 68 59 49 43 40 49 49 35 27 43 104 164 190 189 192 195 192 193 199 194 198 197 188 178 175 159 126 107 116
139 124 121 115 120 154 191 211 206 194 184 178 170 169 176 185 189 182 191 168 151 138 149 165 168 174 166 122 68 42 58 99 109 56 44 21 10 5 28 123 152 135 145 173 191 201 219 220 220 217 213 206 195 181 165 153 135 107 88 78 67 58 44 31 32 56 58 25 20 78 131 162 187 201 202 194 194 201 193 197 202 203 200 201 193 187 178 151 121 106
130 108 118 113 94 109 142 168 169 155 165 169 167 172 170 174 180 177 178 159 148 135 149 163 164 165 160 117 62 42 60 90 97 43 31 14 11 20 34 123 159 124 143 170 183 205 221 217 220 217 210 199 187 174 155 138 119 93 80 73 54 34 27 32 69 96 90 32 24 114 178 187 196 203 204 202 195 199 204 208 208 204 198 205 202 192 183 162 144 114
123 125 115 98 101 91 72 88 120 122 148 157 167 177 166 165 150 156 159 163 156 142 140 154 160 158 159 124 68 46 60 82 90 51 22 28 37 38 53 125 147 112 139 164 183 214 223 213 209 205 198 189 180 167 145 124 98 76 62 53 37 32 55 87 127 138 141 75 31 92 158 195 205 200 207 209 199 200 200 209 206 206 201 203 198 188 183 170 146 119
155 178 184 169 161 163 153 129 122 123 131 124 131 150 150 151 154 139 143 159 158 147 139 151 157 155 153 118 69 51 60 74 88 69 21 39 62 74 96 135 121 95 130 171 201 219 219 218 215 207 195 181 163 142 118 101 83 65 55 63 84 110 136 161 178 177 182 112 34 74 146 180 211 210 210 201 196 205 200 203 204 204 203 204 201 196 191 178 155 133
181 188 183 192 199 203 214 204 168 140 126 124 121 120 123 133 127 123 165 176 163 142 142 148 150 152 149 113 72 60 64 69 81 75 34 40 67 101 110 117 94 92 131 175 212 225 219 219 220 209 194 176 150 123 103 94 105 116 129 139 155 170 178 186 193 193 203 137 30 55 145 173 198 214 202 206 204 194 198 197 199 200 207 213 211 207 201 188 172 151
179 184 181 184 197 203 206 214 187 170 158 145 125 114 118 130 153 179 199 191 161 138 135 144 145 142 138 117 81 66 68 67 79 77 52 38 51 80 99 102 91 108 156 196 218 225 220 221 222 213 188 149 125 122 124 132 154 164 179 179 183 196 198 202 196 196 195 136 46 54 122 175 184 200 200 199 197 196 196 200 197 200 211 209 210 215 203 197 184 169
159 176 174 173 189 187 176 181 186 169 161 160 163 173 179 179 183 193 198 183 155 134 129 133 138 139 140 123 88 68 68 71 79 76 66 46 43 45 68 95 104 133 188 214 227 222 220 222 225 204 166 131 134 159 171 174 178 188 190 188 198 205 200 202 199 190 192 142 65 39 73 172 178 195 201 196 188 190 188 193 202 201 205 206 210 212 206 206 195 184
150 167 168 162 165 166 161 162 151 147 154 162 170 176 174 167 164 170 174 168 152 138 130 128 133 134 135 124 98 77 73 76 77 75 76 60 59 34 59 124 138 163 204 214 225 217 216 215 219 191 169 173 197 212 206 198 193 196 199 201 205 206 206 207 200 207 197 129 79 66 81 173 198 181 182 196 191 187 182 186 196 201 207 211 213 209 203 200 191 186
139 149 158 158 158 162 160 152 145 142 148 156 161 157 147 145 152 156 158 153 142 130 125 124 129 128 126 122 111 94 82 78 79 81 81 74 78 67 101 162 174 188 207 209 216 214 211 210 215 196 192 207 216 209 203 205 188 164 185 210 205 205 212 212 207 211 184 121 84 82 98 148 200 180 160 177 191 185 178 185 194 204 211 213 210 206 203 195 187 183
128 145 157 159 159 160 159 157 157 149 143 146 152 144 132 132 141 143 144 140 131 124 123 125 123 124 124 124 120 107 92 83 81 84 83 84 85 115 162 178 183 198 207 212 208 209 205 212 210 207 209 212 208 204 204 203 180 109 129 188 204 210 213 212 209 213 180 115 87 118 151 147 197 185 146 160 182 179 179 179 191 202 213 218 214 212 209 197 188 183
139 147 159 162 160 161 158 147 147 155 156 146 136 123 115 120 126 127 128 128 125 122 121 121 122 125 126 125 119 111 103 99 93 96 91 99 105 142 185 185 182 196 201 211 201 205 202 211 212 207 204 205 206 210 210 200 178 71 52 124 184 208 210 212 215 214 185 122 98 143 172 132 197 212 158 150 175 172 172 172 181 193 213 225 227 223 211 198 186 176
147 153 162 160 153 159 161 148 141 157 164 144 116 105 108 118 124 120 116 118 122 124 125 126 127 126 128 128 121 114 112 112 115 121 118 125 141 158 183 191 192 198 199 205 199 204 206 209 214 208 206 209 206 205 206 198 179 78 14 61 145 189 202 209 212 212 191 131 91 113 135 87 181 243 182 133 157 162 158 165 174 191 213 221 227 223 204 195 177 163
136 157 164 162 170 175 165 153 158 159 158 136 111 106 110 112 122 115 111 115 123 129 130 131 130 125 128 133 128 120 116 114 124 135 147 146 164 175 194 198 200 203 203 200 196 199 206 205 201 201 202 205 203 204 203 188 183 110 21 37 116 168 195 202 209 209 189 136 81 94 150 130 180 225 177 128 132 149 156 149 167 194 217 216 221 217 192 185 168 152
134 167 173 166 176 166 146 156 170 158 143 123 112 114 115 115 124 121 119 116 119 128 133 135 129 130 133 133 127 121 121 124 133 145 161 167 175 186 191 202 203 198 198 199 196 195 200 204 200 200 198 201 206 212 207 188 181 144 68 43 101 153 174 194 200 199 183 119 71 90 165 185 174 197 174 122 114 138 148 148 161 194 215 214 213 204 185 178 166 146
155 160 155 157 155 136 142 170 167 145 132 128 127 126 123 122 125 123 126 129 131 131 133 138 140 138 135 131 124 122 129 136 138 154 177 187 192 200 201 197 201 200 198 196 198 200 201 199 198 201 205 215 224 221 206 189 179 162 119 85 88 110 137 164 181 195 176 113 67 72 135 157 156 184 165 112 101 125 140 147 162 189 209 206 199 197 188 174 160 142
148 153 142 144 155 163 176 178 161 141 134 137 135 130 127 132 129 131 134 139 140 135 135 142 144 141 138 133 127 123 125 129 142 150 176 204 210 211 215 210 211 205 205 215 224 220 216 219 214 213 211 221 229 218 199 187 180 149 114 96 88 87 105 133 161 185 171 113 68 65 120 143 142 184 168 105 90 121 137 137 156 185 203 201 194 195 192 172 160 144
134 146 143 149 169 181 180 165 151 137 131 132 135 133 131 136 137 140 138 138 141 139 139 142 147 142 136 132 129 128 129 132 142 147 171 205 214 214 221 217 210 206 207 220 230 226 223 231 227 218 206 209 213 201 187 178 166 136 98 83 79 69 82 121 153 177 175 122 67 60 102 120 140 190 179 109 82 105 125 135 158 190 198 195 194 191 184 168 157 142
144 147 153 163 176 179 168 159 145 140 134 132 137 137 135 142 145 144 137 139 143 143 143 142 147 142 134 128 126 125 127 132 138 151 169 190 199 203 206 195 192 197 196 194 199 203 205 209 211 202 192 193 194 187 177 167 152 138 100 73 68 61 71 107 150 171 171 113 54 52 92 116 147 191 171 96 73 102 124 132 162 188 189 185 188 183 178 167 159 144
155 155 166 168 165 163 157 154 146 144 142 142 144 142 141 150 149 145 139 146 149 145 146 143 140 139 135 128 122 116 114 117 122 132 146 160 168 169 170 166 166 170 171 169 168 168 171 176 176 174 170 172 173 169 162 153 147 130 97 73 64 54 64 95 135 158 147 89 43 54 100 137 147 159 126 75 77 107 127 142 159 178 182 180 180 178 174 164 151 134
156 153 154 163 165 158 153 152 146 139 139 145 150 152 150 150 152 150 146 152 151 147 150 144 139 140 135 127 121 112 106 107 110 112 126 140 144 142 143 148 146 143 146 151 148 141 144 153 151 157 158 160 161 154 149 146 141 110 80 72 64 47 51 76 121 148 125 75 40 50 93 121 142 150 116 72 83 116 130 139 155 172 182 178 173 171 163 151 137 117
139 151 146 152 160 152 149 149 148 142 148 150 146 151 153 150 153 156 154 154 147 147 153 144 144 143 136 129 123 110 97 92 94 98 115 121 120 121 118 119 120 116 116 116 112 112 117 121 128 141 144 147 148 139 132 135 121 95 72 67 62 46 44 60 98 126 98 63 41 56 102 117 128 135 104 71 90 121 125 126 147 167 178 170 167 166 155 147 125 104
129 142 144 149 154 149 148 151 150 144 146 152 153 152 152 149 153 152 149 152 156 154 153 152 150 145 139 130 121 114 102 86 79 86 96 98 92 87 87 92 90 88 90 88 90 91 88 95 102 124 132 142 138 128 125 106 103 79 68 66 60 52 47 51 72 94 85 60 45 59 92 101 105 116 98 66 105 127 121 125 140 158 170 169 162 159 154 140 116 92
122 134 139 144 148 145 144 145 146 143 146 153 154 151 148 147 146 151 152 155 160 161 161 157 154 148 140 127 114 108 97 81 70 70 78 75 69 66 64 70 77 82 83 82 81 79 81 84 93 106 118 128 123 111 106 99 84 69 49 47 68 69 52 53 64 82 82 60 42 55 69 53 85 99 78 69 112 126 120 125 138 156 166 162 156 154 146 127 106 86
118 127 133 137 140 140 141 140 141 145 149 152 155 153 149 148 148 152 154 159 162 162 161 158 153 146 136 120 103 95 85 70 66 65 68 61 60 59 54 63 75 87 88 89 86 86 97 100 105 101 99 97 100 104 101 94 82 54 36 47 66 64 55 59 62 71 76 56 43 70 83 58 77 88 70 85 117 119 113 115 130 149 158 153 149 147 135 111 89 74
120 126 130 132 134 138 141 140 143 151 151 148 151 152 148 146 149 149 151 160 162 159 158 158 150 143 131 115 99 88 76 65 64 66 59 50 52 50 46 54 66 86 101 106 102 101 108 110 105 98 95 97 100 102 101 98 90 48 34 54 65 59 57 59 64 68 74 55 43 64 71 53 68 76 70 99 110 109 105 105 122 142 152 150 145 140 125 102 84 73
124 126 129 130 133 139 142 143 148 153 150 146 148 147 142 142 150 148 150 159 161 157 155 151 144 137 123 109 97 82 68 62 62 58 46 42 44 45 49 52 56 78 109 121 118 119 119 120 112 96 92 116 125 111 103 99 87 66 50 56 65 63 58 60 64 69 75 60 44 41 34 29 61 74 80 104 101 102 98 105 121 140 150 148 140 129 113 95 78 71
125 128 130 131 136 141 142 146 150 150 148 148 150 144 141 146 147 149 152 157 160 159 154 144 139 130 115 101 89 73 61 57 52 39 30 31 32 35 47 58 66 83 117 133 133 135 134 136 128 99 77 97 121 123 113 96 94 85 68 62 63 59 58 61 63 67 71 63 47 29 19 29 59 82 91 100 95 97 92 107 123 137 143 139 127 110 96 84 77 74
130 131 133 133 140 143 141 147 151 151 149 148 147 143 143 147 140 144 149 155 159 162 159 147 139 128 113 95 76 65 58 51 44 32 30 28 29 24 32 71 96 104 127 143 143 141 141 139 141 116 82 64 73 95 102 93 92 76 63 63 61 57 59 56 61 65 70 64 43 18 13 27 55 84 93 94 93 96 94 108 121 131 131 123 110 96 85 76 76 76
136 136 135 134 142 144 140 149 155 158 154 144 139 140 140 140 142 142 146 155 158 158 157 148 138 125 110 87 62 56 54 43 32 29 34 27 32 18 17 87 131 129 134 148 148 147 155 154 145 136 119 82 60 62 59 56 56 56 53 57 58 56 61 59 60 63 70 65 38 13 16 30 60 87 96 95 94 98 102 109 119 127 123 112 101 91 83 76 74 77
144 142 141 140 139 144 148 146 151 152 147 140 140 142 139 136 141 147 149 154 158 158 156 146 132 120 109 95 66 49 49 40 32 32 41 29 23 21 51 117 145 136 149 148 150 154 161 158 158 156 149 139 132 121 90 56 42 41 51 55 52 54 55 58 62 66 69 63 37 13 12 37 71 85 91 92 98 100 102 108 114 117 109 96 90 83 77 76 73 75
144 142 144 143 141 145 148 144 149 149 144 138 136 135 134 132 139 145 145 149 152 152 148 134 118 108 105 100 73 48 42 35 35 44 41 24 31 88 118 146 153 137 151 155 152 154 167 169 171 168 167 170 175 178 158 128 86 50 35 39 44 49 51 52 54 58 67 61 29 11 22 51 70 81 87 91 98 97 96 101 105 107 103 94 86 82 78 76 75 76
140 140 144 145 144 148 151 146 144 143 140 136 132 129 128 130 133 140 140 144 149 149 144 128 115 108 107 101 74 47 39 35 46 54 37 21 58 143 181 161 144 133 144 151 150 152 166 174 177 174 174 171 171 180 180 167 137 82 44 35 34 40 47 49 46 49 63 58 22 13 34 61 69 80 88 92 94 90 88 93 102 101 98 90 82 80 79 75 76 76
137 140 143 143 144 146 147 144 140 136 134 134 131 126 125 128 132 139 139 145 151 152 145 128 116 114 110 96 67 43 37 39 61 66 33 28 49 94 161 174 125 133 139 145 153 157 162 167 169 174 178 174 168 172 177 176 156 119 81 54 35 34 43 47 48 50 59 50 19 19 39 57 68 80 89 89 88 88 93 101 106 101 95 86 80 79 79 77 77 77
139 143 142 140 141 139 138 139 138 132 131 132 128 122 121 123 127 133 133 137 142 141 135 118 109 111 109 92 63 36 31 42 62 72 39 52 26 8 57 123 124 135 134 138 151 162 168 169 171 181 184 181 181 179 175 173 167 152 126 96 64 41 35 36 42 45 45 32 13 23 40 54 73 82 86 84 85 94 102 106 103 98 89 82 80 80 79 79 79 78
141 143 141 140 138 135 136 140 137 130 127 126 121 117 116 116 122 128 129 133 136 134 130 116 111 111 107 92 62 31 26 47 81 82 45 40 24 4 17 79 117 122 117 129 141 160 175 175 170 181 181 177 180 179 173 172 165 155 139 125 99 61 35 27 36 42 36 22 16 32 46 62 71 78 83 85 93 104 106 99 91 88 81 78 81 81 80 79 77 75
141 137 138 139 133 131 137 142 134 127 122 118 112 111 113 112 117 123 125 130 131 129 127 117 114 112 106 89 61 31 28 55 83 83 44 9 3 3 13 67 95 104 103 124 139 160 176 175 175 185 184 178 178 176 170 167 162 155 143 137 119 86 54 34 31 39 33 26 29 43 52 67 74 81 91 97 104 111 107 96 82 79 77 78 79 80 79 77 72 71
140 132 135 137 126 124 133 136 130 124 118 112 106 109 114 113 119 125 127 131 131 128 127 120 106 108 102 82 58 34 31 57 91 81 30 14 12 20 15 63 91 106 100 118 137 161 177 180 182 185 180 172 173 175 169 161 149 151 143 133 119 101 78 49 30 38 39 44 54 67 72 86 95 101 109 110 107 105 102 94 82 76 78 80 77 77 78 73 71 70
133 131 128 126 127 125 121 123 120 115 112 109 106 110 113 110 114 119 118 123 123 119 120 112 105 107 101 76 52 35 33 59 93 74 20 16 25 40 28 63 87 92 95 103 135 170 184 185 180 180 177 174 174 172 163 154 145 142 136 128 120 109 92 76 51 44 54 76 92 105 115 117 121 123 122 119 109 99 90 78 70 72 75 77 78 78 75 73 71 70
119 134 134 122 122 125 119 114 117 110 106 105 104 106 106 102 104 109 109 114 114 110 110 103 104 105 101 74 46 35 39 60 78 70 22 14 26 56 52 72 64 84 92 100 136 177 191 190 181 183 181 175 169 164 155 147 149 141 132 122 112 106 97 84 69 62 72 99 123 135 137 133 131 129 128 114 98 87 75 69 67 69 71 76 81 79 73 69 72 72
117 130 125 113 113 114 112 114 114 107 104 105 105 105 104 100 102 106 105 109 110 106 107 102 101 105 105 79 47 38 46 58 68 70 32 17 31 82 87 76 51 84 99 106 140 178 188 182 175 178 177 170 163 158 151 144 139 127 121 115 104 97 89 79 72 71 81 105 128 136 135 132 129 122 120 101 84 77 65 65 69 72 73 73 73 70 67 69 72 73
111 116 110 106 108 107 108 114 107 103 103 105 103 101 102 102 102 104 102 104 104 102 103 102 98 105 108 84 54 44 49 57 72 65 34 24 35 78 84 60 55 87 103 111 140 175 188 183 178 176 171 164 158 156 149 140 132 120 114 113 105 92 81 74 68 67 71 88 113 125 122 118 117 107 97 80 71 70 66 69 68 71 77 78 74 70 70 72 73 74
90 108 121 122 111 99 101 104 97 95 96 98 96 93 95 99 98 99 97 98 98 96 96 97 98 104 104 88 67 55 52 57 63 53 34 28 23 29 36 44 61 88 109 126 149 173 187 184 175 170 163 156 152 150 143 133 126 116 105 99 94 83 70 65 59 62 63 69 86 97 96 93 87 84 77 74 73 72 72 71 70 70 76 78 71 69 70 68 69 70
84 92 103 116 110 95 93 94 93 91 91 93 92 91 91 94 95 96 96 97 97 94 93 95 98 104 102 94 84 71 59 56 60 54 39 26 24 17 17 38 68 94 121 145 161 173 183 179 169 162 156 151 145 142 135 125 120 116 102 90 86 79 67 60 58 65 67 67 71 76 77 78 72 76 75 77 77 71 69 66 72 75 80 75 61 58 64 65 64 66
72 78 88 110 114 99 96 96 93 92 92 92 93 92 92 94 92 93 93 93 94 91 89 94 97 104 103 97 90 77 65 59 53 53 48 27 25 23 21 35 71 100 124 145 159 167 177 176 170 159 151 146 139 133 125 116 111 106 96 86 82 75 66 60 61 60 61 64 69 72 73 74 76 75 74 72 73 73 72 75 71 79 80 70 58 54 58 63 62 64
66 78 79 86 94 94 96 92 91 91 92 92 92 91 92 94 91 91 90 89 90 88 88 95 98 105 102 91 81 72 68 64 60 50 56 39 31 28 27 36 66 101 123 139 151 158 166 165 163 148 138 134 130 126 119 110 105 94 87 85 79 70 65 64 64 61 62 67 67 67 72 79 81 75 77 72 74 77 71 76 81 82 67 52 49 49 48 52 56 58
64 82 80 67 74 86 86 86 92 90 90 91 92 90 90 95 95 93 88 86 89 92 92 93 93 100 102 91 77 70 69 69 65 56 52 51 47 33 27 42 78 103 116 130 144 148 151 148 144 137 126 120 120 117 108 102 97 91 85 82 78 72 65 62 66 66 68 70 70 70 70 71 74 80 72 76 76 78 78 84 83 61 42 33 31 34 36 35 41 43
52 67 73 70 67 72 80 84 86 84 83 85 90 93 92 88 89 88 89 90 86 85 87 90 92 98 100 94 83 72 67 70 67 61 59 59 56 44 36 47 81 107 117 124 134 139 143 139 136 128 118 113 113 109 101 94 91 86 80 77 75 71 69 69 70 69 69 70 69 68 69 69 73 72 73 76 84 79 84 81 51 28 17 23 23 16 17 23 22 24
43 60 67 67 62 62 73 77 83 87 89 87 86 89 91 90 89 87 91 94 88 84 88 91 88 93 94 93 87 73 65 70 69 67 66 65 63 54 46 51 82 106 113 116 123 130 133 127 123 116 109 107 106 101 94 90 87 83 79 77 75 73 73 75 70 67 67 70 74 76 75 73 75 76 80 78 87 92 88 62 18 10 8 13 14 12 12 12 15 17
38 49 56 70 71 57 59 69 76 82 82 79 78 81 90 102 98 95 95 93 88 84 84 84 90 91 92 94 91 81 74 75 73 73 71 67 65 60 55 56 79 98 105 108 114 119 118 110 108 102 100 101 99 93 90 90 81 79 77 76 74 72 71 71 70 72 75 77 78 80 82 84 80 83 87 92 81 72 43 13 7 11 13 11 11 16 17 12 14 15
29 42 50 60 62 57 60 64 71 74 75 82 92 92 94 107 91 95 93 89 90 90 89 90 89 87 88 90 88 85 82 77 79 82 79 73 69 65 63 63 76 89 96 100 104 104 101 97 96 91 91 94 93 88 86 86 83 81 80 80 80 77 75 74 76 76 79 81 83 84 85 83 86 93 91 75 40 22 9 6 10 11 14 15 15 14 15 17 16 16
18 23 41 55 56 60 71 79 82 85 86 91 97 90 83 88 95 103 99 92 92 90 87 88 86 82 83 85 83 87 88 81 82 86 83 79 74 69 68 68 73 82 89 93 95 94 94 96 92 85 85 90 90 87 85 83 82 80 79 79 80 79 78 77 76 78 81 81 80 83 90 94 96 84 62 26 11 5 10 13 12 13 15 17 16 14 14 17 17 17
15 24 47 55 61 79 86 83 81 87 88 85 84 86 88 88 90 93 91 85 83 80 78 79 81 79 81 82 83 86 89 87 82 85 83 81 76 71 72 72 75 79 84 86 89 91 91 94 90 84 84 88 88 86 85 84 85 83 82 82 82 81 81 80 80 83 87 91 92 91 87 82 56 37 25 12 15 12 13 16 13 18 18 15 15 17 17 15 13 13
30 31 39 34 44 64 61 59 63 70 75 71 70 82 86 75 66 65 65 65 67 68 70 71 66 67 68 70 72 74 76 80 83 85 81 81 77 72 75 75 81 81 81 81 85 88 86 85 85 82 85 88 84 83 85 86 85 84 83 82 81 79 78 77 79 76 71 67 63 59 55 50 73 68 58 44 27 25 13 12 15 17 16 15 15 15 15 16 16 16
58 32 22 44 43 27 38 37 54 64 63 57 65 70 62 56 60 60 56 52 50 51 55 60 56 61 54 52 54 52 56 62 68 72 73 77 77 72 73 76 79 80 81 79 80 80 78 82 81 81 84 84 81 81 83 82 83 78 74 71 67 66 64 59 55 46 38 30 31 22 9 23 76 89 78 55 35 26 22 11 16 22 19 15 17 15 13 18 18 18
85 67 31 52 49 25 26 39 55 61 57 52 47 53 60 54 48 50 49 40 32 34 38 38 43 40 43 45 43 42 40 43 44 50 53 60 68 73 75 73 76 78 79 76 80 83 81 80 80 80 81 80 80 77 72 66 59 57 50 46 48 46 41 40 33 27 27 23 16 13 10 15 18 30 48 44 24 19 21 16 18 22 20 15 14 15 16 18 18 19
94 88 57 56 36 21 25 34 40 54 51 58 48 42 44 47 42 35 36 39 32 27 30 33 36 32 35 41 46 37 29 44 41 42 41 45 51 54 59 63 61 63 67 68 70 72 71 72 74 73 71 66 60 50 43 42 51 42 38 37 35 36 37 33 31 28 30 25 10 4 13 22 19 10 22 24 15 19 21 20 20 21 21 17 16 19 21 19 16 16
69 78 80 58 37 30 31 29 33 44 45 54 46 44 40 40 50 44 40 39 39 38 35 30 25 36 36 30 34 36 32 37 47 45 39 40 40 35 41 54 50 48 52 56 60 60 56 57 54 58 60 56 44 30 30 40 58 49 46 44 38 35 34 28 28 43 40 26 20 24 30 29 27 21 22 20 17 19 20 25 23 21 21 22 23 23 20 17 16 16
56 89 88 48 35 38 40 46 39 34 52 64 43 39 42 47 48 43 35 34 40 40 34 31 29 33 33 33 26 29 39 28 35 40 35 33 36 34 32 33 46 42 43 44 47 46 38 32 32 42 49 46 37 30 35 46 54 57 50 47 50 39 28 33 38 42 43 60 83 78 48 18 10 19 18 17 17 16 20 22 24 23 22 24 25 20 15 15 19 19
66 87 67 57 46 38 32 40 24 25 49 54 45 42 38 40 42 35 25 25 30 26 23 30 34 26 22 38 36 27 37 33 31 41 38 29 31 39 35 18 27 30 35 31 27 27 24 21 30 33 29 21 20 35 51 59 61 60 50 45 46 35 27 35 41 23 34 78 103 80 35 6 9 13 10 13 17 21 27 20 20 22 23 24 24 19 16 21 20 21
77 57 38 70 70 53 49 57 57 63 60 41 60 68 53 32 34 41 41 35 32 26 18 14 26 27 20 26 32 32 37 33 25 33 40 37 31 46 61 53 25 25 30 30 26 25 26 29 28 25 23 21 26 46 61 62 62 52 41 37 34 30 33 41 43 21 13 12 9 7 8 16 15 15 18 24 26 29 32 28 23 25 27 27 25 23 22 22 18 19
92 77 71 76 75 71 81 86 86 72 57 43 65 62 58 45 38 41 44 44 40 37 36 38 36 31 28 27 27 35 42 37 25 27 46 49 26 32 66 79 61 43 38 43 45 38 31 31 37 28 27 30 32 45 59 61 61 53 38 32 35 31 31 43 30 20 22 18 15 19 21 33 25 20 27 32 34 32 26 32 34 33 35 33 28 28 26 16 16 17
81 88 92 92 94 100 92 69 59 58 59 62 58 48 44 50 38 45 51 50 50 45 46 39 40 36 35 32 33 35 44 39 35 19 41 74 45 24 52 79 75 59 43 41 43 46 45 36 38 37 36 38 47 58 66 69 70 63 50 40 37 41 45 45 36 28 33 36 36 26 23 26 23 29 32 33 34 30 29 33 39 40 34 29 28 29 28 23 21 17
50 60 73 89 109 124 116 89 71 66 65 71 71 60 50 48 36 45 52 50 49 43 44 39 32 28 29 31 38 43 49 41 44 22 32 75 70 43 46 64 77 63 47 43 45 48 47 38 34 39 43 52 64 63 58 62 70 63 54 46 46 52 58 58 46 44 58 65 55 30 18 20 26 32 34 34 34 30 29 33 37 37 32 31 33 35 37 35 29 24
