148 149 143 147 146 137 138 137 136 129 125 118 132 129 125 109 107 108 109 114 116 120 111 118 121 107 100 105 116 126 128 121 118 114 98 96 66 61 55 54 58 60 53 53 68 86 103 102 100 70 59 52 53 53 52 50 51 51 49 52 53 55 57 45 54 59 61 53 53 46 84 96 82 71 110 105 64 57 61 48 49 57 56 47 45 49 49 47 49 48
151 143 144 127 127 122 126 117 117 115 118 137 142 112 110 111 86 78 72 69 81 90 83 71 76 80 100 114 129 126 124 113 104 89 69 76 59 56 51 54 50 51 61 57 56 59 60 64 75 90 87 63 47 45 57 54 51 49 47 48 47 49 54 52 50 50 46 41 57 75 93 71 67 74 99 80 63 66 59 56 57 52 45 39 40 46 50 50 49 48
136 136 132 123 117 119 123 111 105 111 110 95 85 72 60 66 55 51 54 55 59 51 55 50 50 47 63 77 101 99 93 76 86 87 81 94 92 101 89 75 62 56 60 63 64 52 67 61 56 65 92 82 63 57 53 49 42 43 50 54 53 46 39 40 45 40 41 60 83 86 77 63 77 81 73 64 62 55 61 64 56 46 41 42 44 46 47 48 48 48
131 129 121 115 106 93 86 103 87 68 58 61 53 55 54 46 38 46 50 46 45 42 50 45 43 42 47 44 43 38 42 42 57 76 81 82 73 80 68 52 54 55 51 71 81 68 83 81 64 39 57 65 67 66 52 48 45 44 49 49 49 45 38 42 44 45 57 73 69 69 68 73 71 67 60 63 59 51 67 62 49 43 45 49 47 43 44 45 49 51
126 112 103 89 68 48 70 64 49 52 56 52 46 46 37 40 41 52 47 47 45 46 46 43 44 44 40 45 41 43 38 37 38 42 42 45 43 51 53 57 58 58 51 68 77 80 73 79 80 76 66 56 61 61 62 63 56 53 50 42 41 44 44 52 58 62 55 61 71 77 59 63 60 57 69 64 67 80 73 51 46 45 47 47 41 39 43 47 50 54
106 96 77 64 62 53 54 42 43 64 57 56 48 38 53 45 54 59 52 55 49 46 40 45 40 44 40 46 37 44 42 49 37 38 40 43 39 37 35 43 43 51 59 55 66 83 94 64 67 78 78 57 52 54 57 54 54 56 58 55 54 56 56 57 57 57 57 64 58 54 45 51 67 70 81 76 70 53 40 43 40 46 51 51 47 43 41 42 55 58
91 58 50 44 45 55 43 56 58 66 55 43 55 51 55 58 61 60 53 44 42 47 44 43 37 41 40 46 41 44 39 41 40 40 40 39 41 43 38 41 38 39 52 50 50 48 102 117 68 56 58 51 50 54 51 42 43 44 45 49 52 55 57 51 54 57 52 50 45 43 47 58 64 67 52 44 54 49 48 46 46 49 47 43 44 43 44 49 49 49
48 50 44 42 43 47 82 80 61 47 51 48 63 55 50 52 55 46 50 44 45 42 43 44 42 41 39 40 42 42 41 42 40 39 40 39 39 38 34 43 41 43 36 42 47 44 49 94 93 79 58 57 56 43 52 49 55 45 35 39 42 46 50 42 38 39 45 51 45 42 56 63 67 66 65 56 57 53 45 43 44 47 43 40 44 42 42 49 50 46
49 49 46 42 67 83 75 65 55 66 69 63 58 54 52 53 49 47 46 46 45 42 41 42 41 41 39 41 40 39 41 39 38 38 42 41 39 41 44 49 44 44 38 40 48 43 38 49 68 91 71 62 59 64 51 42 51 57 55 46 43 47 51 51 48 47 54 51 55 71 71 65 54 54 50 44 41 42 44 47 46 43 41 42 45 47 48 49 45 44
44 47 62 91 119 98 81 100 108 100 84 71 65 60 55 53 50 45 41 40 41 40 40 41 39 38 38 39 40 40 40 38 41 40 38 44 42 39 49 48 47 43 42 42 41 44 44 38 40 69 72 75 59 59 64 66 50 48 55 52 46 54 56 52 42 69 96 96 83 68 86 68 55 50 45 42 40 40 39 38 39 39 41 45 48 48 47 45 48 47
72 102 126 119 114 107 99 95 96 102 100 90 82 75 66 59 55 50 46 46 46 44 40 37 41 40 41 40 39 41 41 40 40 43 39 40 37 33 45 50 47 53 48 39 40 43 43 47 42 39 58 77 68 66 57 67 65 61 59 49 49 57 56 64 67 79 105 118 125 114 87 75 56 49 45 44 41 42 45 44 41 43 48 54 57 56 52 48 54 52
115 117 103 88 96 89 78 78 77 74 68 62 57 52 53 58 55 50 45 44 44 44 44 43 42 41 44 41 39 41 40 41 38 44 45 40 42 41 38 44 43 39 38 39 39 40 41 39 40 39 34 53 54 55 61 50 51 62 73 70 67 64 55 51 55 73 93 111 114 100 78 69 66 53 52 60 57 52 55 60 54 56 58 60 59 56 54 52 55 53
90 97 96 93 100 85 69 64 53 57 56 50 47 48 47 44 41 40 38 38 38 40 42 44 44 42 43 42 42 43 42 42 45 41 39 38 41 40 33 32 29 27 26 30 33 33 35 40 44 55 48 49 43 39 47 46 41 39 29 45 67 63 62 74 90 104 94 66 73 64 57 55 57 54 56 58 58 62 63 57 58 58 57 53 49 47 47 47 51 49
91 84 85 89 86 71 67 63 60 54 51 51 50 46 42 41 42 42 43 41 39 38 38 38 41 38 37 43 45 44 45 43 40 37 30 28 22 34 75 100 118 136 146 154 167 172 177 192 190 181 184 177 177 172 152 157 147 138 116 98 79 73 81 69 52 58 59 59 63 62 64 45 47 53 55 48 42 48 54 52 56 55 51 46 44 47 53 57 49 48
71 69 56 50 64 70 73 66 59 60 60 55 50 50 52 52 51 49 46 44 43 43 43 44 48 47 41 45 39 26 26 21 35 57 87 130 163 184 204 207 210 208 209 206 200 201 204 199 199 201 200 198 204 205 204 199 197 198 189 181 173 161 141 112 79 51 38 33 38 53 49 58 64 50 41 43 44 40 40 44 39 42 45 46 47 48 47 46 49 47
62 64 80 95 91 75 72 62 52 47 43 42 42 42 43 42 39 39 40 44 49 52 52 51 41 35 19 26 36 54 99 123 170 194 206 203 207 207 202 207 205 203 201 197 195 197 200 201 202 196 198 200 201 200 201 195 188 185 181 175 171 174 179 183 172 155 128 93 63 35 44 48 47 48 43 37 39 44 44 42 45 44 42 40 41 43 43 43 45 44
89 108 103 77 60 49 45 43 44 42 39 39 40 39 36 34 37 40 37 37 41 36 30 33 36 81 126 162 177 191 201 203 195 186 190 182 194 207 203 207 204 199 199 201 200 200 203 203 202 201 202 204 205 203 200 199 196 188 183 177 170 169 171 168 176 178 178 175 158 124 60 32 29 39 40 39 45 39 43 38 38 36 37 39 43 42 37 38 40 40
91 69 59 33 42 46 43 38 35 40 43 39 35 35 38 42 39 35 33 41 48 49 79 129 176 208 206 195 191 193 188 193 183 177 186 174 185 209 208 207 206 202 203 208 208 204 204 206 207 204 205 209 207 202 201 202 192 181 175 173 171 170 167 161 161 167 180 178 177 168 176 135 76 36 28 39 31 43 36 42 39 39 42 39 35 37 38 41 40 40
58 47 48 39 45 41 43 40 41 39 35 34 37 41 44 48 63 77 94 111 133 161 187 202 198 196 187 189 187 197 194 191 179 172 168 153 173 205 204 206 205 202 202 208 209 203 202 207 206 203 205 208 203 196 196 199 196 183 179 181 169 152 149 154 159 169 173 176 173 182 173 171 174 142 77 34 35 39 40 39 42 36 36 39 41 39 36 41 41 41
65 66 47 46 42 37 36 38 39 37 38 47 64 84 107 125 141 159 169 178 191 194 192 198 200 202 197 203 194 199 190 185 178 161 141 128 170 200 200 201 204 205 206 210 213 208 205 209 208 207 208 209 203 197 196 198 192 186 182 173 154 138 136 141 142 156 172 178 177 184 179 172 163 172 170 127 66 20 38 39 41 43 43 42 47 45 38 40 40 39
88 53 34 51 44 42 41 38 43 63 90 117 140 154 164 173 184 186 192 196 197 202 203 197 203 191 181 203 199 202 191 182 171 128 111 102 147 200 196 198 201 206 210 213 217 216 212 211 215 215 215 212 206 201 198 195 193 182 172 163 149 133 121 116 113 124 156 165 173 176 186 180 180 173 165 174 163 122 35 30 31 34 38 38 40 45 42 39 38 37
48 43 63 47 37 45 48 76 112 135 154 163 173 182 189 194 194 200 201 202 207 206 203 205 212 184 168 208 207 202 192 181 139 84 87 100 138 194 194 197 198 203 206 209 215 218 218 216 219 220 219 214 207 202 196 189 182 178 163 140 123 112 94 76 76 96 118 144 166 181 177 183 178 177 176 164 166 167 161 96 33 25 33 40 37 40 43 40 39 37
54 100 59 32 52 70 113 141 167 178 184 188 197 202 199 197 200 200 203 205 203 207 211 208 206 192 166 206 212 206 189 172 117 80 127 51 128 179 199 188 196 198 203 210 215 221 223 221 220 221 220 215 208 201 193 186 180 169 153 131 104 80 72 75 109 135 143 149 151 161 182 176 185 179 176 176 169 167 166 177 165 91 35 26 33 38 41 44 40 38
89 75 41 72 101 132 163 178 194 196 194 196 201 198 196 202 200 202 205 207 206 206 208 208 205 176 154 209 208 204 197 170 82 126 94 49 99 162 204 196 189 190 201 214 220 223 222 219 216 216 216 214 206 197 189 184 174 148 121 100 78 71 98 136 141 143 160 156 152 163 170 174 178 175 179 178 174 177 179 171 163 174 146 77 32 32 37 38 38 35
83 65 76 112 146 170 186 193 198 198 200 202 201 200 201 201 201 202 208 210 206 206 211 214 204 162 151 220 203 208 192 161 96 156 42 84 99 157 207 199 186 181 200 209 215 215 220 218 211 209 213 211 200 192 182 169 151 132 102 75 71 105 137 160 163 148 129 124 130 168 174 185 183 179 182 187 177 182 174 188 187 172 173 172 126 60 28 29 36 40
80 81 134 151 180 190 200 200 198 199 200 202 203 203 203 203 202 203 207 210 210 210 212 213 202 175 149 209 200 195 193 143 113 115 44 142 147 129 187 202 190 179 191 203 209 212 211 205 205 210 211 208 202 190 170 148 132 101 75 75 106 143 155 178 168 161 84 58 116 163 183 186 189 191 183 192 186 184 183 177 179 183 185 175 172 164 112 50 21 38
107 127 172 176 189 203 203 201 199 200 201 201 202 204 204 202 202 204 207 209 211 211 210 212 213 185 144 186 190 207 201 141 93 65 85 157 186 150 160 188 184 177 189 208 214 217 209 199 199 202 203 205 196 179 161 141 112 86 84 120 146 162 174 187 182 173 115 43 98 183 188 191 194 194 189 185 187 190 186 182 177 183 185 186 181 178 175 157 93 33
131 166 190 183 196 194 202 200 203 203 203 201 201 202 203 201 203 207 209 209 211 209 208 212 220 192 144 164 191 194 190 148 102 45 46 48 79 144 161 188 183 180 186 205 206 211 204 200 200 200 203 205 188 167 149 120 94 104 132 164 163 169 183 189 188 185 177 107 50 172 220 210 201 197 199 188 191 193 186 192 187 182 189 187 184 184 178 181 180 124
146 180 189 196 205 203 210 208 208 208 206 203 201 202 203 202 205 208 209 209 211 210 209 213 214 192 158 146 193 179 196 132 72 41 98 76 32 106 158 178 169 178 186 204 205 205 196 193 196 203 207 203 185 164 137 99 109 150 174 173 174 187 190 196 196 184 184 179 63 95 208 213 204 197 198 197 194 187 186 185 193 196 189 190 189 185 190 189 183 187
178 192 193 209 203 211 206 207 209 207 205 203 200 201 203 203 204 205 205 207 211 211 211 211 206 202 163 121 175 179 179 151 75 30 159 89 33 73 169 176 165 178 183 194 201 200 195 197 203 209 209 199 178 147 125 119 158 192 185 184 187 185 191 194 186 195 191 191 144 37 127 189 209 195 197 198 191 193 193 190 183 188 196 192 189 191 186 189 184 183
189 191 208 210 209 209 212 213 210 206 204 203 202 202 203 203 202 202 205 208 210 211 211 209 200 201 177 120 122 179 166 142 84 45 32 33 36 60 148 162 161 179 182 182 196 194 195 200 206 205 205 192 169 143 138 165 179 189 178 190 190 185 197 199 203 197 185 182 159 100 44 155 203 205 204 200 191 196 190 191 190 185 183 190 194 195 197 190 192 190
198 199 208 211 213 216 215 215 214 208 205 206 206 205 204 204 202 203 209 213 211 211 212 210 201 196 192 135 74 149 172 145 81 43 36 39 51 72 140 155 148 174 183 183 203 198 199 206 206 205 206 186 165 156 156 178 194 185 191 184 183 198 189 194 192 188 189 189 174 143 64 56 144 191 184 194 194 190 190 189 190 182 183 182 179 191 199 193 195 197
198 200 211 215 218 221 218 216 216 208 206 208 207 206 208 206 202 205 209 214 211 208 209 204 206 193 199 156 52 102 151 149 96 56 38 50 62 67 138 156 148 171 183 194 198 198 204 201 199 202 196 181 169 170 178 186 188 184 183 191 186 188 199 195 194 191 190 181 162 150 125 139 143 183 181 178 178 180 188 186 188 183 179 176 177 185 193 192 197 201
198 203 213 215 215 219 218 218 214 209 206 205 203 204 207 209 205 207 211 214 211 206 205 201 197 194 189 170 87 58 139 151 105 76 49 47 80 110 137 162 156 171 184 195 203 203 197 194 192 193 189 183 180 183 190 196 192 193 162 186 192 193 187 193 198 198 199 191 168 155 117 139 169 146 152 189 182 173 182 178 182 180 177 173 172 177 185 189 191 196
197 204 212 212 211 215 216 217 213 211 207 203 203 204 206 209 209 209 209 212 209 203 203 200 185 198 187 177 110 53 99 150 134 97 70 65 102 134 140 157 160 181 198 199 200 198 192 195 193 190 186 186 187 187 188 190 195 196 154 127 178 191 193 193 199 201 196 193 170 166 122 110 169 125 117 184 184 184 174 173 181 180 176 169 165 168 175 182 188 193
199 207 213 214 215 218 218 217 213 213 208 204 207 207 205 204 206 207 208 212 210 204 203 200 189 192 187 175 134 71 101 144 145 125 90 64 91 118 152 165 164 196 212 204 197 194 190 193 194 189 186 188 190 188 184 185 186 184 161 65 136 173 193 188 202 197 197 192 180 164 118 140 189 200 180 156 192 186 173 165 170 170 171 168 165 167 172 176 189 193
199 207 211 214 219 221 219 215 214 215 210 206 208 208 203 201 203 205 208 213 212 205 201 197 195 190 184 181 163 109 96 134 152 148 124 105 104 118 172 180 187 207 205 197 194 192 193 190 193 189 187 190 190 187 184 185 184 182 170 76 103 159 178 189 198 209 206 196 187 163 125 111 173 200 173 100 173 201 189 171 166 163 163 161 157 160 169 173 187 193
199 205 208 213 220 221 218 213 214 214 211 207 205 204 202 202 206 207 206 208 207 203 200 197 193 185 186 191 181 144 134 133 148 163 145 150 158 162 178 196 202 207 194 191 191 188 191 187 189 188 187 186 185 184 184 186 193 185 164 109 93 153 164 181 196 202 211 191 182 174 133 87 146 196 193 93 133 194 213 187 168 164 159 153 147 150 160 168 181 190
202 208 208 214 221 220 220 217 214 211 208 206 202 202 202 202 207 207 203 201 202 201 201 199 198 196 194 189 180 184 163 167 171 178 170 172 174 188 191 193 195 196 192 194 192 187 187 184 185 186 185 183 185 190 195 199 197 190 177 139 98 132 149 174 172 212 214 197 185 167 141 110 183 199 216 200 136 169 221 199 164 162 153 145 146 146 150 161 169 184
202 208 207 213 219 217 218 219 214 208 205 205 203 203 203 200 201 204 201 201 202 202 201 198 192 191 192 186 193 186 195 188 182 181 190 188 181 180 188 189 192 189 189 186 185 189 189 187 188 191 189 187 191 201 209 213 201 183 178 153 113 119 124 150 157 202 207 200 185 167 140 119 177 204 201 206 149 147 224 211 172 166 144 130 136 138 142 157 159 177
203 202 201 207 215 219 218 213 208 205 202 202 202 200 198 198 200 197 198 202 202 199 197 197 194 191 189 191 191 190 189 188 188 187 188 190 192 191 190 192 193 191 187 185 184 188 193 188 192 195 189 189 192 199 213 213 198 178 166 149 126 116 115 129 141 192 207 201 186 172 148 114 150 199 200 208 139 112 205 207 180 161 145 133 127 136 137 147 153 176
198 199 201 208 214 214 212 206 204 201 200 200 200 199 198 198 196 195 196 199 198 195 194 194 191 189 188 188 187 187 189 191 196 195 196 198 199 200 203 205 204 202 198 198 196 196 195 186 192 193 184 183 187 189 197 198 186 179 164 135 127 123 114 121 129 185 198 201 189 167 144 110 151 188 200 200 101 92 180 197 181 155 142 131 121 128 130 142 152 174
199 201 201 207 210 209 209 207 204 202 201 200 198 196 195 196 194 195 197 198 196 194 193 193 191 190 189 189 189 189 191 193 194 194 200 205 206 207 210 209 207 206 202 199 195 192 189 181 186 189 179 178 182 182 187 191 183 180 170 137 127 126 118 111 120 178 197 201 180 164 151 100 119 161 180 183 84 93 172 197 180 149 141 133 118 125 128 141 149 167
192 196 200 207 209 205 204 202 198 199 199 199 197 196 196 198 195 196 198 198 196 195 195 193 191 189 188 189 189 189 188 187 185 186 193 199 199 198 198 194 190 190 187 184 179 175 175 171 175 179 173 170 172 173 180 185 177 170 161 142 135 137 121 112 115 170 193 195 170 158 147 98 130 177 194 216 133 90 148 191 170 142 138 129 114 120 121 135 144 160
186 192 198 203 205 202 201 199 194 196 197 197 195 194 195 197 193 194 196 196 196 197 196 194 192 191 190 189 188 186 184 181 181 179 181 184 184 184 182 179 175 177 177 177 174 170 169 165 166 170 169 165 163 167 173 174 176 171 151 140 148 150 119 113 106 154 179 183 168 148 126 107 144 194 201 209 160 103 157 194 175 154 146 132 117 120 119 134 140 155
186 192 195 198 199 199 201 198 196 197 198 197 195 194 194 195 192 193 195 197 197 197 197 196 194 194 193 188 183 180 178 177 173 173 175 177 179 179 177 175 173 170 164 163 163 160 159 157 157 159 161 160 160 164 166 163 178 175 157 139 145 145 115 107 93 135 169 172 157 143 120 113 159 182 190 202 163 101 156 191 170 156 142 127 118 121 120 134 139 153
183 191 194 196 197 197 197 190 194 195 197 197 196 196 196 197 194 195 197 198 197 195 195 195 190 191 189 182 176 172 169 167 163 168 171 173 177 174 169 169 161 161 159 162 164 158 153 147 150 150 151 153 155 155 155 157 169 166 157 127 136 134 118 105 89 126 163 162 143 138 125 119 168 177 191 207 133 74 142 185 170 158 138 127 119 117 116 125 137 152
189 196 196 194 195 198 199 192 194 195 196 195 194 193 192 192 195 195 197 198 194 191 191 192 190 189 186 180 175 170 165 161 159 165 166 166 167 161 154 155 152 152 150 153 157 156 157 156 152 151 151 151 153 148 147 157 165 161 149 111 142 135 121 108 91 125 153 153 139 129 120 129 182 198 199 204 99 62 145 179 163 151 132 128 124 122 122 128 135 150
187 190 191 191 190 193 198 194 193 194 195 193 191 189 189 189 194 194 195 193 190 191 194 192 190 189 183 176 167 153 152 146 150 155 166 159 153 156 150 147 141 141 148 151 145 148 160 163 160 157 159 139 121 128 138 149 159 172 139 105 154 139 132 108 92 122 146 149 138 128 115 120 138 165 161 132 35 84 149 168 157 146 129 133 126 127 122 131 138 149
185 189 190 190 189 190 192 189 192 192 192 190 189 190 190 188 188 189 192 190 188 192 193 189 186 190 179 179 160 140 135 136 146 150 152 154 147 145 145 135 138 142 142 146 150 158 167 163 163 159 152 147 143 146 152 152 159 177 131 113 153 145 135 112 100 124 140 146 147 130 109 129 142 155 160 153 50 81 167 162 155 146 134 140 133 132 125 130 135 146
182 187 187 188 190 191 192 190 189 189 188 186 186 189 189 186 187 188 189 187 187 191 193 189 189 191 178 177 148 127 117 127 141 143 142 138 137 127 139 127 133 140 141 146 154 160 163 160 164 166 157 165 171 166 172 169 170 175 113 122 153 149 135 117 112 133 145 145 141 123 106 138 170 163 178 172 48 118 160 161 155 146 137 140 133 134 129 131 135 145
184 188 185 184 185 184 185 185 185 186 186 184 183 186 187 185 186 186 188 188 188 190 190 188 189 187 187 176 133 108 105 126 134 135 127 119 114 116 113 132 129 135 149 156 158 159 161 168 174 172 154 159 167 163 173 177 177 171 112 129 146 147 133 120 123 136 143 145 145 123 110 159 197 187 195 147 57 136 155 160 161 151 142 143 136 139 137 135 136 146
189 190 187 186 186 184 185 185 181 184 185 183 181 182 184 184 183 183 187 191 191 188 186 187 189 181 185 172 121 89 106 126 126 130 112 95 95 93 79 143 154 142 156 164 167 174 167 170 172 166 149 152 166 167 166 170 174 167 132 136 138 141 133 123 131 136 148 154 147 133 118 139 144 164 143 45 60 157 154 161 162 154 149 149 144 143 139 134 140 150
184 185 185 187 184 182 184 183 179 181 183 182 180 180 182 183 184 183 185 190 191 188 188 192 190 183 181 166 105 73 118 134 125 126 104 75 73 66 69 173 176 158 171 172 168 177 175 177 178 168 150 143 154 163 164 172 169 152 138 143 144 136 129 128 141 141 152 163 152 132 121 138 137 148 128 51 111 143 161 168 163 157 154 151 147 143 139 135 143 152
187 185 188 191 184 181 184 181 180 179 180 181 180 180 181 182 185 185 185 187 190 191 192 194 186 187 185 156 85 77 126 138 124 119 76 71 90 60 118 165 182 164 170 178 175 179 183 182 182 177 156 136 134 139 141 147 148 133 132 142 146 133 128 135 139 156 155 154 149 134 138 173 173 181 175 131 125 149 166 169 167 163 159 153 150 143 142 142 145 153
183 180 185 189 182 180 186 184 182 177 177 180 181 181 181 182 180 184 186 187 191 193 190 187 189 184 179 140 81 104 128 120 125 109 54 92 55 106 133 178 185 165 166 184 183 177 183 180 181 181 163 143 135 129 121 113 116 126 133 134 134 130 132 140 147 149 160 168 140 127 147 169 176 142 65 84 137 155 159 164 165 164 161 154 150 141 140 144 151 160
178 182 185 183 185 186 184 185 181 174 173 179 178 176 180 180 177 182 186 187 189 189 187 186 187 174 182 127 82 117 129 128 130 82 72 66 93 147 139 194 190 173 157 181 191 182 185 184 182 183 175 162 140 124 122 115 122 131 129 127 128 127 134 139 150 150 164 162 144 132 129 157 161 91 40 106 152 162 164 167 165 164 161 153 150 144 136 145 156 161
181 181 180 175 179 185 184 184 182 175 174 180 178 174 178 180 180 183 185 185 186 186 186 186 178 181 178 107 90 125 134 131 132 70 67 81 164 190 154 199 192 174 149 170 193 190 187 186 186 187 191 177 157 132 111 124 133 132 122 119 125 132 139 141 156 161 158 156 142 135 151 167 121 71 91 133 147 168 172 170 166 160 152 155 150 142 147 152 158 162
172 179 184 179 177 179 181 185 181 175 174 179 177 172 176 179 182 182 183 183 183 183 183 185 182 186 164 86 96 132 150 147 128 69 52 62 104 144 168 198 186 177 148 162 195 193 188 190 186 184 191 182 173 148 110 111 120 132 127 119 128 139 143 141 156 158 163 163 140 122 128 88 30 54 112 140 169 157 155 162 160 155 147 150 148 145 153 157 162 165
167 170 176 178 180 181 179 179 179 174 173 178 176 171 174 177 180 180 180 181 182 180 181 184 178 190 144 86 122 138 149 156 137 57 47 94 44 57 171 194 189 178 144 153 196 199 191 190 188 190 187 184 180 167 136 105 117 140 141 130 133 136 141 152 159 156 163 161 143 80 72 49 45 94 124 162 167 156 152 156 154 151 150 148 153 155 150 156 163 165
167 160 160 165 171 175 173 175 175 172 171 176 176 172 174 174 177 177 178 180 181 180 180 183 174 176 129 115 146 153 168 169 133 60 44 136 32 63 163 176 192 177 143 146 191 201 197 196 188 194 188 185 180 173 159 124 115 136 144 136 133 137 144 154 164 158 159 151 135 37 31 35 61 107 144 176 155 159 161 158 156 154 154 152 155 156 151 155 161 163
174 162 157 161 168 173 175 177 171 171 170 174 175 173 173 172 173 174 176 179 180 180 181 182 175 174 123 128 155 158 167 171 136 60 46 20 31 50 158 164 187 170 143 147 191 201 202 200 199 197 189 184 181 176 170 158 126 120 130 141 139 138 141 146 150 156 156 150 129 30 38 50 74 130 158 159 159 156 160 160 159 157 155 157 145 138 154 166 164 165
168 165 166 162 157 160 167 175 170 173 172 173 174 172 173 171 171 174 176 177 179 180 181 182 178 165 135 150 163 170 176 169 131 65 42 40 39 72 138 170 184 161 134 144 197 208 203 193 191 190 188 188 188 181 170 163 159 125 122 140 142 133 133 145 147 155 145 146 123 35 32 63 122 157 151 154 157 159 159 154 156 159 149 139 141 157 166 151 153 155
172 171 170 162 155 161 167 171 170 174 174 173 172 172 173 171 171 174 176 176 178 180 181 181 181 163 146 160 173 179 178 173 136 76 52 56 117 107 148 169 180 156 131 141 195 205 201 194 193 195 191 188 183 182 181 172 163 147 132 124 130 140 137 136 138 142 141 134 86 37 47 90 137 145 147 153 156 154 157 158 153 144 142 146 159 167 157 153 150 152
166 167 166 166 158 160 163 165 166 177 177 173 174 168 171 174 172 174 174 175 177 179 179 179 180 158 158 169 186 181 174 168 133 98 37 49 79 86 159 181 176 157 128 150 204 203 200 190 193 194 193 189 186 185 181 176 167 158 148 122 118 132 132 135 139 135 140 109 55 41 71 108 137 137 145 153 153 156 158 153 145 144 149 160 166 162 154 149 149 149
159 168 165 165 166 166 159 161 162 172 175 173 177 170 171 171 171 171 171 172 174 176 177 179 178 154 161 172 183 180 171 162 147 123 62 59 78 111 162 180 174 153 126 162 202 202 197 194 192 191 190 187 184 182 180 180 176 163 150 135 120 117 128 137 141 126 113 83 53 69 107 125 139 143 147 152 156 155 150 145 146 154 162 162 157 153 152 151 148 148
148 154 158 163 162 167 163 158 159 166 170 171 175 169 169 167 168 168 168 171 172 173 175 179 174 151 161 175 181 180 171 160 146 109 109 48 62 116 166 178 171 149 128 176 196 198 192 192 190 189 188 189 187 182 179 178 177 169 153 149 133 113 120 128 134 132 119 110 113 126 137 136 141 146 147 147 148 144 142 151 157 158 158 157 156 155 152 148 150 149
146 147 152 157 153 159 161 157 157 160 165 165 170 166 165 164 166 166 168 171 173 171 172 177 176 154 159 176 182 178 172 160 143 117 142 75 28 121 172 179 168 147 138 184 189 194 195 189 189 189 187 187 187 183 178 175 171 170 152 149 144 123 115 113 115 117 114 126 142 142 142 143 146 144 138 140 146 143 145 158 162 158 155 154 153 151 151 152 154 153
141 143 141 148 151 155 155 160 154 155 161 163 166 163 164 165 167 166 167 171 171 169 171 176 179 164 158 176 183 177 172 162 149 132 115 121 44 124 171 170 162 141 145 183 182 184 194 184 186 188 184 180 181 182 180 178 173 171 155 147 148 139 124 118 102 95 97 114 123 132 149 154 148 145 142 144 150 152 155 161 160 157 154 152 149 148 150 154 154 153
129 126 128 139 142 148 150 154 150 150 159 162 164 163 165 167 167 166 166 168 168 167 169 175 176 171 161 174 182 181 177 171 162 143 104 111 70 96 161 168 153 142 156 187 186 177 182 170 178 185 185 180 181 184 183 183 177 168 163 155 150 148 139 134 128 133 143 155 160 164 165 158 142 144 145 144 145 151 156 154 155 152 147 146 151 156 155 150 146 145
129 124 130 140 134 141 149 150 148 144 155 157 160 159 163 165 165 165 166 167 167 167 168 172 170 171 166 166 170 183 178 177 162 154 128 103 94 110 161 163 162 160 163 177 180 175 180 176 176 182 183 182 185 185 183 183 176 168 167 162 155 151 145 142 134 141 147 150 159 162 153 150 149 148 147 148 153 159 157 150 147 149 149 149 153 157 154 149 141 141
113 118 121 124 121 128 137 147 146 141 150 152 154 155 159 162 162 164 166 168 169 168 167 169 168 169 170 156 153 177 171 174 167 161 149 128 114 122 151 158 155 168 163 168 175 178 179 178 179 180 178 178 183 183 180 180 179 175 170 166 163 158 151 147 145 139 146 150 151 152 148 149 146 146 149 155 158 155 151 151 150 150 152 155 155 151 147 144 144 144
111 124 119 113 122 126 127 138 140 140 143 149 150 151 156 157 162 160 162 167 167 163 164 169 168 165 171 154 141 160 173 172 170 167 160 154 136 128 149 160 159 171 172 170 171 179 178 178 178 176 173 176 180 179 177 179 179 176 171 167 164 162 159 154 150 148 148 149 149 148 147 146 150 154 155 157 155 152 153 153 152 154 155 155 153 148 144 145 147 148
101 101 114 123 116 113 121 125 131 134 137 145 148 147 150 151 153 155 157 160 160 160 163 167 162 163 164 167 154 150 169 171 167 165 159 160 147 132 147 166 167 171 173 178 174 173 172 175 176 173 173 176 178 177 175 176 176 173 170 166 164 163 161 158 158 155 153 152 150 149 150 150 158 158 154 155 155 155 158 157 154 154 152 151 151 148 146 147 150 151
106 91 97 116 117 109 111 118 120 125 128 135 140 141 144 148 151 153 155 156 156 158 159 159 160 161 156 170 167 156 168 166 168 165 159 164 156 136 146 171 168 167 170 178 172 170 170 174 175 171 172 174 174 174 174 173 174 173 170 167 165 165 165 163 164 161 160 158 156 156 158 159 159 158 154 154 155 156 159 159 156 153 148 146 147 147 147 149 149 150
104 103 100 99 104 110 113 112 113 120 123 129 136 135 137 141 147 148 150 154 157 159 159 158 159 159 158 160 166 168 167 164 170 168 162 164 157 141 149 172 173 174 173 175 171 173 173 174 174 171 173 174 170 171 175 175 175 174 172 169 166 166 166 166 163 162 161 161 160 159 160 160 158 162 162 160 156 153 156 157 156 151 146 144 145 147 147 148 147 148
95 95 101 99 89 95 106 105 111 115 114 118 125 126 131 136 141 140 143 149 153 154 156 159 158 161 163 156 159 165 161 165 169 169 165 162 156 151 159 171 172 177 172 171 170 175 173 174 172 171 175 175 171 172 176 176 175 174 173 171 168 167 167 167 166 165 165 165 164 163 162 159 163 168 168 165 158 151 153 154 154 149 145 144 145 146 147 146 147 148
92 78 86 106 105 96 95 95 102 105 103 107 113 117 124 130 133 133 136 140 142 143 150 157 161 163 159 159 162 159 157 161 162 164 165 160 157 160 167 170 167 172 168 168 170 173 170 172 168 171 176 176 173 174 175 174 172 172 173 171 169 168 168 168 168 168 168 169 168 168 168 166 164 166 163 161 158 154 154 153 148 145 144 144 144 145 145 144 147 148
95 87 79 85 103 110 108 107 103 104 104 108 111 112 116 116 118 120 123 126 129 134 142 148 156 161 156 160 164 158 158 155 156 157 159 157 158 163 166 166 169 172 169 170 168 170 167 168 167 171 173 173 173 174 173 171 171 171 172 173 171 170 169 169 167 168 169 169 167 167 167 166 161 159 156 157 158 155 153 147 138 137 138 140 139 140 142 142 143 144
77 86 84 78 87 102 112 119 127 121 112 108 104 105 111 111 110 112 113 114 119 125 129 130 141 156 160 158 157 157 158 155 153 152 153 154 157 160 161 163 164 167 167 167 162 169 170 168 168 171 169 168 171 173 171 170 170 171 173 174 172 171 170 169 171 173 174 171 166 163 162 161 161 159 156 158 160 154 147 138 130 130 132 134 133 135 139 140 140 141
71 79 82 78 88 92 89 102 118 124 126 127 125 121 118 106 105 103 102 100 104 108 112 120 133 145 152 159 160 155 157 159 155 154 155 154 158 162 157 158 161 163 164 163 161 161 162 162 163 166 166 166 169 170 170 171 170 169 169 171 173 170 169 171 174 169 166 166 165 165 163 160 158 157 159 160 151 136 125 121 120 123 126 127 128 130 132 133 133 134
74 67 78 86 89 93 96 104 109 117 121 123 120 120 123 120 99 87 83 84 87 90 96 106 122 134 140 150 159 159 158 155 158 159 161 159 161 162 158 161 161 163 164 163 161 161 161 160 156 159 160 160 164 165 165 165 165 168 168 167 168 169 168 167 164 163 166 168 163 157 156 155 156 158 156 144 126 114 110 110 113 116 119 120 120 119 119 119 123 124
73 75 79 77 84 93 97 105 118 118 116 117 117 113 106 97 95 81 79 81 75 71 76 87 99 114 127 142 154 157 158 158 160 160 162 161 161 161 158 161 160 162 163 164 164 163 162 161 160 161 159 157 159 161 161 161 161 164 164 163 163 164 164 162 159 156 155 153 150 151 154 156 160 148 126 102 83 75 75 76 74 73 72 71 74 80 86 91 94 96
80 72 78 83 83 88 95 100 107 109 109 109 107 103 99 96 89 75 71 73 73 70 69 73 74 85 104 126 144 154 161 165 164 162 162 162 163 163 161 161 162 162 164 165 166 165 162 161 161 164 165 164 163 164 162 160 163 161 161 161 159 155 154 155 157 154 153 156 160 158 144 127 86 61 37 32 39 43 40 34 34 34 35 34 34 34 35 35 37 38
78 72 75 81 85 87 88 91 90 96 99 95 88 81 79 81 79 73 67 61 62 64 62 65 66 67 80 99 121 143 156 157 162 161 160 161 161 160 161 161 162 161 162 164 166 165 163 162 164 167 168 166 164 167 168 166 162 159 158 158 157 156 157 157 156 157 153 137 107 75 49 34 31 33 39 43 40 36 37 40 44 44 42 40 39 40 41 41 38 37
82 84 72 68 83 92 91 95 98 94 91 87 89 89 82 80 77 79 75 63 57 56 54 58 62 62 69 75 91 118 138 144 151 155 157 158 156 156 160 160 164 161 159 159 160 159 159 159 163 167 171 170 168 168 166 161 158 159 162 162 160 159 154 145 122 88 53 36 32 34 38 41 41 42 43 42 41 42 42 40 40 41 41 40 40 40 41 41 43 41
92 90 87 80 67 64 76 86 89 95 97 86 77 74 74 82 76 72 71 68 65 61 55 55 52 57 62 62 71 88 106 124 133 141 146 151 150 151 157 155 150 146 143 144 147 150 154 158 162 164 165 163 162 165 163 156 167 164 157 142 120 97 72 49 32 31 36 42 42 40 40 41 38 40 42 41 41 42 42 39 38 40 42 42 42 43 44 44 44 42
90 99 96 88 83 77 73 71 79 86 93 93 95 93 80 75 69 60 63 67 64 58 55 57 54 54 55 56 64 65 70 92 113 121 129 137 140 144 149 144 147 140 133 130 130 132 136 141 151 153 155 156 159 163 161 152 122 99 70 48 34 33 38 39 42 43 43 39 38 42 44 40 41 41 43 45 43 40 41 43 41 42 42 40 39 40 42 43 41 41
73 85 98 98 92 84 72 68 74 75 79 81 82 82 80 85 80 70 61 57 54 55 58 58 60 57 56 61 65 59 61 76 77 99 115 121 136 133 140 140 137 139 148 146 152 149 151 148 158 166 163 161 156 154 150 101 36 25 32 34 45 43 43 43 45 46 45 47 47 45 44 41 43 43 43 43 42 41 42 43 44 43 41 39 40 42 42 42 41 41
62 73 88 95 99 97 86 80 67 61 60 68 82 89 84 82 75 68 64 63 60 58 55 51 53 56 56 59 63 58 58 68 70 93 111 118 135 136 144 143 141 147 157 156 162 158 163 158 149 153 152 149 146 147 141 94 50 41 47 42 46 41 41 43 45 48 49 50 46 42 44 44 43 43 43 43 42 41 41 43 43 43 41 40 41 42 42 41 41 41
