234 235 234 222 223 232 189 185 230 145 126 63 73 68 68 54 68 103 137 132 134 132 141 140 145 150 153 159 165 166 168 175 176 180 182 182 188 186 190 189 189 191 192 193 193 192 191 190 191 187 185 181 177 184 171 175 172 173 163 168 159 152 107 135 73 106 93 90 84 65 56 75 48 52 56 54 49 46 57 75 67 63 59 70 63 58 51 64 67 68
235 235 226 229 224 229 151 216 198 176 84 71 66 68 55 57 70 106 131 133 132 137 144 142 146 152 156 160 166 168 170 175 179 183 184 185 189 188 191 191 192 193 194 194 193 191 191 191 191 188 184 190 190 188 178 178 176 179 175 176 162 153 140 130 92 93 89 102 71 66 64 57 66 53 66 65 36 54 50 72 51 56 58 70 40 55 67 56 68 72
233 237 229 226 233 208 173 214 173 151 88 69 57 47 48 54 69 103 138 131 136 140 143 148 148 155 159 161 165 169 171 174 178 183 182 186 189 191 193 194 194 195 196 196 194 193 193 193 196 192 188 191 191 187 181 182 181 170 174 175 167 153 138 135 111 89 109 102 91 75 72 61 81 62 62 49 40 32 58 47 53 54 61 49 76 75 72 51 69 78
236 232 227 231 234 185 211 208 167 69 74 68 55 41 47 51 69 125 126 134 141 142 140 153 152 156 160 163 165 168 170 172 177 182 180 186 188 192 193 196 191 192 194 195 194 194 193 192 199 195 198 188 187 189 183 188 183 178 172 180 167 161 150 131 130 93 98 90 107 75 65 74 73 80 54 74 72 46 36 52 59 62 52 55 74 37 53 62 58 55
234 237 221 219 221 151 220 210 182 77 63 56 45 40 48 46 93 119 131 134 138 142 151 148 155 156 161 165 166 167 170 174 180 184 182 188 188 190 191 194 192 193 195 196 197 196 193 191 192 189 196 188 187 190 183 189 177 185 173 172 168 172 143 124 139 107 112 103 115 84 80 69 60 59 61 89 59 37 51 49 69 58 49 53 51 87 56 77 59 63
237 231 228 225 226 203 208 204 92 96 67 45 44 36 37 66 94 132 122 138 143 144 151 152 156 155 160 166 166 167 171 175 181 184 183 188 189 189 190 193 195 196 198 199 199 197 193 191 189 187 185 189 190 188 184 187 190 171 181 181 166 177 149 128 156 112 123 98 95 95 90 73 76 81 69 57 70 66 43 41 59 81 56 54 59 58 50 60 72 64
235 226 232 223 217 208 213 202 92 74 55 48 35 36 39 61 104 124 134 138 145 145 151 155 156 156 161 165 165 168 173 176 178 181 183 187 190 188 192 195 195 196 197 197 196 194 192 191 195 193 188 193 192 191 185 188 185 182 180 179 166 174 163 139 162 112 113 109 96 109 79 74 66 82 75 74 86 73 66 57 63 42 74 57 56 62 84 51 78 45
234 236 226 222 201 208 200 161 115 61 60 37 42 31 50 79 122 129 135 140 140 146 153 155 157 158 163 165 165 170 176 176 178 181 185 187 191 187 192 195 196 197 199 198 196 195 195 196 196 195 198 196 190 196 182 187 187 184 183 180 160 179 169 158 151 129 126 117 103 99 90 75 74 79 76 72 60 69 63 63 54 42 68 63 57 72 61 59 64 63
233 233 227 233 204 224 221 95 122 62 56 37 33 41 46 92 123 121 137 143 144 148 156 153 158 162 164 164 168 174 176 177 181 184 184 187 185 190 191 194 197 197 195 198 197 191 193 192 193 196 193 197 188 189 183 185 186 182 182 181 161 184 168 159 149 138 134 121 103 96 112 83 94 80 79 73 87 69 68 72 69 65 59 64 65 65 76 70 44 96
234 233 229 227 198 222 220 139 73 66 45 39 35 33 49 104 124 125 139 146 147 151 156 155 158 161 163 166 170 173 176 180 179 182 182 186 186 192 192 195 194 195 193 197 197 192 194 193 195 195 193 196 195 195 189 186 182 183 183 181 177 176 171 154 151 151 141 126 120 99 116 78 71 78 84 69 80 79 73 60 62 52 46 61 52 61 55 73 57 59
230 230 231 228 185 207 174 142 75 56 47 34 33 32 61 102 122 127 138 145 145 150 152 154 158 161 164 167 171 173 176 182 181 183 184 188 188 192 192 193 196 197 197 198 196 192 192 192 195 194 195 194 194 191 190 188 184 182 181 174 181 168 172 155 147 152 138 134 118 91 92 100 71 93 93 85 64 55 87 60 70 78 66 55 79 66 62 78 63 45
234 230 228 225 211 208 107 134 81 66 38 27 26 40 74 112 125 133 140 146 146 151 150 155 160 163 165 168 172 175 177 181 184 186 188 190 190 192 192 193 194 197 199 199 196 194 195 196 197 198 198 195 194 192 193 194 189 185 187 180 182 173 170 155 140 156 139 144 115 95 85 127 89 84 76 87 70 81 92 75 66 79 67 63 72 52 63 66 93 52
231 232 234 232 205 206 129 88 76 55 34 20 31 62 83 116 128 136 142 145 146 152 151 156 160 164 166 168 173 177 179 180 184 186 189 190 191 193 195 196 194 197 201 199 195 193 194 196 195 196 194 195 194 197 196 196 191 185 184 178 174 170 170 155 141 161 140 145 116 104 97 106 114 78 98 80 62 79 98 83 53 66 75 59 71 75 66 60 66 57
234 231 230 226 209 207 136 135 70 41 32 24 59 78 82 117 129 136 141 143 145 151 152 157 160 165 168 168 173 178 180 180 185 187 190 190 192 193 196 197 197 199 203 199 194 193 192 193 191 194 195 196 194 196 194 193 194 192 184 178 178 170 182 168 151 145 135 146 117 111 97 85 131 79 102 94 105 85 77 82 84 59 71 59 47 74 43 60 69 88
235 233 227 213 211 205 137 103 57 38 25 55 49 60 105 121 133 137 145 144 148 153 157 160 161 167 170 172 175 178 180 183 187 188 191 190 194 193 196 195 195 196 200 197 197 199 197 197 195 198 202 198 197 194 193 191 186 191 184 181 187 175 178 173 157 135 142 146 131 113 99 97 122 107 100 85 64 75 70 101 87 77 84 74 66 65 67 70 57 77
235 229 232 206 213 137 100 109 51 42 32 47 32 41 115 122 135 137 146 145 149 154 159 159 164 169 173 176 177 177 180 186 188 187 190 189 196 195 197 195 196 196 199 197 198 202 198 196 199 197 199 193 199 194 193 186 191 196 188 182 187 180 169 180 150 147 157 134 144 101 103 94 94 126 86 97 93 82 84 99 91 73 45 80 49 34 94 52 66 87
233 230 230 213 219 117 94 97 39 35 34 27 33 41 111 130 136 143 142 144 153 156 158 162 162 169 175 175 179 179 187 185 187 187 190 191 197 196 197 198 192 197 200 198 197 199 198 194 195 199 196 196 192 195 193 194 194 193 190 179 184 186 182 174 160 164 148 146 154 122 103 104 83 124 97 89 109 84 79 98 99 67 77 77 70 78 75 69 58 51
237 230 230 214 204 116 139 64 41 31 29 26 24 53 123 133 139 143 144 149 150 152 160 156 166 171 170 180 176 180 188 186 185 189 191 194 195 195 194 195 199 200 200 198 196 196 196 195 195 198 196 197 196 199 197 198 195 194 193 187 187 186 180 173 176 160 126 135 148 144 98 96 90 107 124 106 89 67 79 89 105 99 79 63 69 67 59 78 82 71
234 225 231 230 171 111 130 52 43 25 19 23 24 62 127 137 142 142 144 144 150 153 156 170 174 174 176 181 184 188 181 185 185 188 185 189 190 195 193 195 199 199 199 198 197 197 199 200 200 202 199 198 197 198 195 194 190 188 191 191 186 187 181 175 180 162 156 143 128 139 114 104 89 85 132 107 100 93 90 96 97 84 67 84 79 77 72 68 61 54
236 233 226 223 182 94 111 50 38 20 15 16 31 73 128 140 138 148 141 144 156 159 164 167 171 175 177 179 184 181 189 189 192 191 187 189 190 191 191 195 198 199 200 199 198 198 198 198 198 200 199 198 198 198 195 195 197 194 195 195 186 189 183 177 190 177 153 139 131 151 127 99 95 89 120 109 115 111 86 83 105 82 87 92 70 62 69 56 80 72
232 234 224 196 176 89 89 48 29 19 16 14 32 93 136 142 147 141 142 152 156 156 161 166 171 171 181 180 183 186 190 189 190 188 189 188 190 186 189 194 194 198 200 198 198 200 200 198 196 198 199 197 197 196 195 196 193 191 193 194 189 195 192 187 179 183 179 161 139 124 144 113 92 92 85 121 85 78 76 78 85 106 86 70 78 88 65 68 70 64
235 232 230 198 134 109 60 53 29 16 13 20 29 108 140 142 137 142 140 149 144 128 135 143 150 166 162 165 172 179 183 193 189 185 184 182 188 186 188 189 190 195 197 196 197 201 203 200 198 199 199 195 195 190 190 190 193 192 194 193 190 194 191 186 190 180 183 160 125 129 133 126 97 82 84 107 91 94 105 88 97 104 65 79 85 77 69 68 73 85
236 229 221 204 120 104 49 41 26 13 8 18 32 116 137 138 131 136 89 91 108 105 115 90 108 121 95 114 140 152 175 177 178 182 183 180 183 185 185 183 191 195 197 197 197 198 199 197 194 194 194 191 192 188 188 189 191 191 195 194 195 194 193 193 187 184 186 183 155 127 144 118 99 96 71 120 114 88 103 98 66 90 84 79 89 71 81 69 55 79
232 232 226 209 134 90 52 38 17 14 7 7 37 124 137 135 111 103 104 99 103 110 103 103 102 89 110 99 81 91 106 117 145 167 179 180 176 182 182 182 189 192 196 198 199 198 198 197 193 191 191 188 191 187 188 188 194 192 195 192 193 188 187 191 184 191 186 183 181 132 128 140 118 97 79 78 116 87 93 88 99 76 92 84 70 95 82 73 55 81
230 229 216 207 149 64 51 36 21 12 8 8 30 133 131 104 115 134 139 136 140 127 118 114 100 85 86 98 90 80 80 98 102 140 157 176 171 175 173 176 183 193 193 196 196 198 196 197 193 192 192 189 190 187 188 190 188 191 187 187 187 184 191 195 192 198 195 183 174 184 107 137 125 104 87 68 130 113 95 107 91 79 96 86 71 90 67 87 72 46
234 226 215 200 119 51 44 29 21 14 9 18 39 134 133 129 145 144 141 145 148 148 151 143 144 144 141 128 108 100 102 101 116 119 126 153 161 172 165 168 172 186 191 192 195 195 196 194 194 185 187 185 190 180 181 179 179 178 186 183 182 177 168 184 181 187 197 195 179 168 160 93 135 114 100 74 89 108 92 111 98 85 81 85 91 65 101 84 71 63
232 227 215 196 121 81 45 23 23 14 11 20 40 137 145 143 144 149 144 143 142 138 136 125 107 104 117 121 117 115 116 110 117 121 137 125 144 154 164 159 167 183 192 191 196 194 197 195 191 191 184 179 174 181 180 172 163 159 153 141 156 163 143 149 147 150 185 174 172 158 149 139 99 121 98 101 79 121 96 101 74 93 81 80 93 82 94 83 77 57
228 231 214 184 90 74 32 25 24 15 13 15 58 142 150 142 144 141 135 132 119 96 96 100 108 116 123 118 131 135 137 125 114 128 138 140 142 148 155 161 169 184 192 193 196 195 197 196 190 184 187 177 175 169 172 163 160 140 125 117 108 110 118 115 117 115 130 141 158 151 128 130 113 133 110 89 81 112 98 92 102 85 79 97 84 80 63 80 84 67
234 232 210 193 55 45 24 29 24 18 13 15 101 146 145 145 141 137 136 122 105 92 95 85 48 39 36 46 47 54 57 108 140 123 124 138 142 143 149 155 168 181 187 194 196 196 194 195 186 183 175 173 157 161 156 152 157 148 122 112 108 104 112 113 109 112 138 132 127 136 134 130 120 104 98 87 69 84 121 85 100 81 81 96 78 103 73 91 82 68
235 228 202 202 68 39 22 22 24 17 14 23 129 147 150 151 144 135 129 111 88 58 39 36 27 37 84 87 96 109 47 67 72 136 134 125 140 146 147 153 164 177 183 195 199 199 194 194 193 186 178 163 160 162 164 155 149 148 137 122 112 109 109 102 113 104 107 122 124 120 131 128 127 123 99 95 84 70 110 99 80 89 100 68 90 76 71 73 81 68
237 234 211 165 83 39 23 25 22 16 15 34 141 150 157 150 139 142 125 90 56 33 28 66 160 195 135 120 103 33 32 99 100 77 128 139 135 137 152 147 163 175 182 192 200 199 195 192 188 180 169 173 165 163 155 157 156 150 138 133 137 133 125 126 128 140 148 148 141 140 148 122 116 119 119 99 102 81 91 106 76 91 87 76 87 65 93 72 74 77
236 228 215 104 72 32 23 23 18 20 15 44 155 154 152 148 143 139 125 93 41 34 75 171 205 197 121 112 140 164 30 221 114 97 82 139 157 134 144 152 164 175 183 187 198 196 195 189 187 184 175 171 164 161 156 157 147 146 141 131 118 122 139 139 124 120 139 147 162 149 167 164 149 159 151 129 113 100 93 104 107 77 74 90 84 78 80 64 80 68
237 224 224 94 56 26 27 24 19 21 18 49 156 157 153 153 141 134 102 50 48 72 138 185 212 193 134 123 145 174 31 182 126 114 146 134 135 152 141 154 164 174 184 189 201 199 195 193 189 180 172 166 160 158 156 152 150 134 112 155 169 133 93 83 88 82 73 85 85 101 136 145 155 153 146 128 138 114 109 101 98 81 98 88 61 87 59 88 76 72
234 226 230 85 66 28 23 28 16 18 19 62 157 155 154 151 141 125 98 98 56 78 110 168 204 200 133 122 109 38 31 108 131 142 196 160 144 165 138 148 157 171 182 193 202 201 194 191 189 179 170 162 155 154 152 146 133 132 152 145 105 88 135 121 148 74 109 56 53 63 60 76 95 138 150 143 131 116 107 82 100 96 92 82 82 106 71 87 60 65
229 233 224 61 49 32 19 28 19 19 24 91 162 158 159 153 147 133 126 111 88 75 83 116 144 176 194 122 123 143 136 137 129 203 203 157 132 138 140 145 158 171 179 191 196 198 192 192 187 179 169 160 152 151 148 141 144 155 147 90 155 206 218 229 167 145 85 32 27 57 49 41 56 76 110 135 140 136 95 79 98 101 80 92 83 65 75 73 68 65
228 234 222 52 45 34 25 21 20 18 23 121 163 158 159 153 147 141 139 132 107 116 112 109 67 92 105 135 136 139 133 137 128 119 114 130 119 139 136 142 154 167 180 193 198 197 190 187 184 174 163 154 147 148 150 149 160 155 102 156 222 225 235 226 152 143 247 31 100 133 79 52 44 44 73 121 137 137 133 92 109 107 104 91 80 77 100 75 77 74
235 233 210 75 44 36 26 23 21 16 20 146 163 159 158 155 155 148 145 137 122 125 130 120 128 91 122 87 111 131 145 153 151 135 122 135 133 142 135 146 153 163 179 191 199 197 193 189 184 171 160 151 145 150 161 166 164 106 139 181 214 237 240 228 153 134 96 31 39 40 120 117 55 47 58 78 101 145 130 121 97 84 92 85 80 71 70 64 74 75
236 234 195 96 36 42 24 27 21 16 24 165 165 162 161 161 161 160 150 145 134 127 130 140 146 146 151 163 145 145 151 154 150 152 153 151 155 147 140 144 156 163 177 186 194 192 193 191 183 171 160 152 149 155 165 170 120 130 127 136 159 204 223 221 192 142 130 53 43 83 121 103 100 62 42 89 127 126 130 130 94 83 102 97 88 90 71 89 69 75
233 230 194 87 43 45 30 21 18 15 29 171 165 162 163 163 165 159 162 155 142 135 139 140 144 150 153 152 158 150 157 149 150 155 149 143 153 150 149 144 154 163 178 188 190 188 186 184 178 168 157 150 151 160 167 164 144 136 128 128 135 134 125 141 158 192 184 104 119 151 120 112 81 51 46 46 100 110 126 131 113 101 85 90 81 76 83 80 61 72
237 228 183 67 38 44 30 22 17 17 36 174 167 162 166 165 164 165 168 157 161 154 141 143 143 143 145 150 145 145 141 145 148 153 149 150 154 152 144 148 156 165 176 186 183 184 184 187 180 169 155 147 153 169 176 170 167 158 152 148 152 153 146 147 126 118 112 90 134 86 109 103 85 80 61 86 79 107 120 123 128 110 91 91 95 86 90 72 81 77
234 228 201 59 47 59 28 26 18 18 38 176 166 163 165 168 166 166 166 166 163 159 158 158 156 155 154 160 159 166 158 164 158 166 169 163 154 147 147 152 156 170 176 186 187 182 187 186 177 168 155 146 152 171 177 167 158 147 143 147 155 158 152 150 156 149 143 142 150 151 149 145 136 105 106 114 125 130 116 125 130 119 124 78 90 83 84 82 65 57
238 221 215 97 48 82 25 29 20 16 42 170 166 165 163 162 166 166 166 167 165 163 162 163 163 163 165 167 167 167 163 167 167 170 167 160 152 148 148 152 153 171 177 185 183 185 184 181 176 170 159 149 153 168 176 170 162 159 150 136 131 141 150 156 163 163 163 160 160 153 148 145 135 130 130 124 132 148 141 131 133 118 120 98 98 88 82 77 59 74
235 224 217 112 47 70 29 25 16 18 62 172 163 160 161 165 164 164 165 166 167 166 166 167 164 166 169 170 171 169 172 172 175 172 165 157 153 150 150 153 157 172 177 183 179 185 181 179 172 168 160 152 152 164 173 174 173 162 161 164 157 142 137 146 152 155 158 155 156 151 150 151 139 138 135 138 141 144 144 137 135 131 131 118 96 89 85 76 73 68
236 222 225 111 54 55 29 28 20 20 73 169 165 164 161 161 163 164 166 168 170 171 172 173 170 172 172 175 177 176 182 181 175 171 163 158 156 154 153 155 161 170 178 182 181 183 177 178 171 169 165 159 158 165 175 181 178 175 170 161 161 167 166 163 154 154 154 150 153 152 154 156 151 152 150 153 152 149 150 144 136 135 138 120 108 93 95 75 83 66
236 228 230 125 45 53 42 30 18 22 81 169 162 161 160 162 166 167 170 172 175 177 179 179 180 181 178 181 180 182 184 179 173 169 162 159 158 157 155 156 160 168 180 181 185 181 176 174 168 168 164 160 159 163 171 178 187 184 183 177 169 164 163 168 173 172 171 168 172 169 168 167 163 163 163 161 158 157 153 147 143 143 129 131 106 97 85 85 64 69
233 229 229 164 54 51 44 32 22 23 76 168 164 164 162 161 167 170 173 176 178 181 183 184 185 184 182 184 181 183 181 173 172 169 163 160 159 157 155 157 161 172 182 177 182 180 180 172 171 171 168 166 166 167 171 178 183 186 189 183 176 172 167 165 168 169 171 170 174 171 172 172 176 169 171 169 166 162 155 155 147 141 140 134 123 100 91 94 77 72
230 232 230 139 74 55 48 33 18 24 75 172 162 160 163 168 167 172 176 179 181 184 186 187 189 186 191 187 185 185 183 175 174 170 165 162 160 156 153 155 163 176 181 178 181 179 180 172 167 169 168 168 169 169 171 178 186 186 188 185 184 183 176 170 170 171 172 169 173 172 174 175 176 176 176 170 165 166 162 156 152 143 143 138 128 113 81 70 93 78
236 232 222 141 162 56 56 40 19 21 63 169 162 162 164 164 169 174 179 182 184 187 189 191 193 188 197 187 186 184 185 178 175 171 167 164 162 156 152 152 160 174 179 185 185 178 176 167 165 169 170 171 173 173 175 182 185 184 188 189 188 186 182 184 180 178 177 174 178 176 177 177 180 182 180 175 169 168 167 162 159 148 148 146 131 132 99 93 76 97
235 231 219 185 174 56 57 46 25 18 59 166 162 162 165 166 170 175 181 185 188 191 193 193 197 195 190 189 187 189 184 181 180 174 165 162 161 149 151 152 161 174 184 183 178 175 170 164 160 162 169 172 176 180 181 186 186 188 185 185 187 187 188 186 186 183 182 182 182 181 183 186 185 181 182 179 176 173 166 166 155 147 150 142 136 128 96 75 62 82
231 225 228 213 198 74 58 39 24 20 52 170 169 163 164 165 172 178 184 186 189 193 196 196 199 195 193 192 193 191 188 186 184 181 167 156 149 147 150 152 168 178 186 184 180 175 168 162 159 156 163 168 175 184 188 191 189 193 190 188 188 189 191 190 192 189 187 187 188 187 187 188 190 187 185 181 175 172 168 165 162 150 151 146 141 129 110 80 85 65
239 236 236 213 201 75 66 48 35 19 46 168 166 160 165 166 173 179 184 186 188 194 198 199 202 196 196 196 199 192 190 187 180 173 157 146 141 149 152 159 170 178 184 183 179 174 167 161 158 152 155 160 165 175 183 187 192 196 193 190 190 191 192 190 195 192 191 192 194 194 193 192 192 190 188 184 177 174 171 162 157 154 148 151 137 129 119 88 76 66
231 236 231 215 189 101 70 41 37 14 45 174 167 164 169 169 173 178 184 187 189 193 198 201 202 198 198 196 196 189 184 180 169 154 142 139 145 155 158 169 176 181 186 187 183 177 170 165 161 155 152 154 156 161 170 183 192 198 198 196 195 193 195 194 196 195 195 196 198 198 197 195 192 193 189 186 179 175 172 158 158 156 155 145 142 123 121 93 59 56
234 236 228 223 163 151 61 46 32 21 36 178 166 165 165 168 176 178 183 188 191 192 196 200 200 199 195 193 187 182 173 167 158 143 139 141 153 160 164 173 183 186 190 190 185 178 171 166 161 156 147 148 152 150 157 174 185 194 199 201 198 194 196 198 199 200 201 200 200 200 199 197 195 196 190 187 181 175 170 156 161 159 154 148 146 128 115 113 75 77
235 234 235 232 182 197 56 55 33 36 28 181 169 168 165 173 176 178 182 187 190 190 192 195 193 193 187 184 176 173 162 156 148 145 146 146 157 163 171 177 186 188 190 189 185 179 172 165 160 154 143 145 152 147 148 158 177 185 191 198 202 201 201 200 200 203 204 202 201 202 201 199 197 197 191 187 183 176 169 161 160 160 148 156 139 130 100 131 57 67
237 232 232 226 214 198 86 60 34 26 26 178 170 167 162 168 174 177 180 183 186 189 190 189 187 184 178 174 168 162 155 151 145 151 152 152 159 167 179 185 192 193 193 191 190 186 177 169 161 155 149 154 157 153 151 147 164 176 184 193 202 207 208 204 201 204 205 202 202 203 203 201 198 198 194 189 185 175 165 166 164 159 155 151 141 124 91 124 79 61
234 236 236 233 216 155 118 57 63 25 43 176 169 167 166 167 171 176 179 179 183 189 190 185 183 176 172 166 164 155 151 149 149 156 152 157 160 170 183 191 198 197 195 193 192 189 179 168 159 155 155 162 159 158 157 142 144 165 179 185 191 199 206 205 205 207 207 203 202 204 203 200 200 200 199 192 186 173 159 165 165 159 153 149 146 136 97 116 103 72
236 234 236 235 215 149 175 51 57 30 30 161 169 165 162 166 168 181 177 182 182 186 181 178 175 172 166 161 157 151 149 155 150 150 153 155 160 177 194 199 204 200 202 195 194 195 182 173 166 159 156 160 165 165 155 143 125 149 164 175 187 191 195 200 203 204 204 204 203 202 201 200 203 199 193 193 185 175 165 166 163 154 152 145 147 136 104 96 118 62
236 234 236 234 226 153 188 45 53 36 25 147 169 162 162 169 168 174 182 180 183 183 181 172 170 169 162 154 150 149 151 154 151 160 154 153 155 181 195 205 203 205 211 203 200 198 184 173 171 165 158 170 166 166 152 147 117 148 164 166 175 185 193 196 200 200 200 201 201 200 199 198 199 195 194 182 183 165 167 163 162 154 149 147 146 132 94 83 108 63
237 234 237 233 230 195 177 66 34 55 35 129 160 161 160 165 169 171 176 179 175 178 170 170 163 156 149 145 146 151 155 156 155 149 150 151 158 170 186 193 200 196 200 194 190 177 166 165 163 166 171 168 171 165 155 140 128 153 161 158 164 177 186 188 192 197 199 196 197 200 199 194 197 193 189 191 185 167 162 164 163 149 149 152 131 133 99 79 103 100
236 236 236 234 229 221 132 84 34 60 39 101 169 162 158 162 164 170 168 176 172 174 163 158 149 141 141 148 152 154 158 159 157 157 149 133 151 159 176 187 187 190 193 180 176 167 159 155 158 165 168 171 161 154 142 140 151 162 163 162 164 167 175 182 184 190 195 195 195 197 195 192 192 197 185 182 166 172 161 163 158 152 146 149 135 131 124 81 83 95
236 235 233 235 233 216 141 106 34 52 40 62 171 158 159 161 165 165 167 166 169 160 150 148 132 134 145 156 157 157 160 162 158 159 157 151 146 156 170 177 181 175 177 176 171 156 152 157 158 165 163 163 153 150 147 155 166 172 173 174 170 161 165 174 178 181 188 195 195 191 190 192 191 187 188 183 176 171 157 161 156 156 144 145 132 129 106 76 77 97
237 234 234 235 231 220 189 105 34 49 41 45 166 161 157 160 161 163 163 165 158 157 145 115 158 164 168 167 163 162 161 158 161 163 158 154 154 151 154 167 161 165 169 168 157 144 132 123 129 133 135 136 150 159 166 168 177 181 182 184 179 167 162 161 169 176 184 188 189 190 190 188 187 185 185 168 168 170 162 157 154 152 148 151 129 116 105 89 82 102
234 236 237 236 227 223 203 80 53 46 34 45 175 166 156 161 167 163 167 156 151 146 113 164 164 168 167 162 163 166 164 161 158 158 164 161 160 158 158 147 153 146 143 149 139 138 142 146 150 150 146 164 172 179 173 182 187 188 186 188 187 179 170 160 162 169 176 178 182 188 188 184 185 182 176 177 176 169 161 157 157 151 149 148 130 82 119 89 97 86
235 239 232 234 232 221 211 94 56 42 40 32 175 156 163 162 162 168 164 165 160 150 157 164 160 166 167 165 166 164 162 162 166 164 161 168 162 166 163 165 155 149 145 151 138 145 152 154 156 166 173 179 184 183 184 193 192 192 189 190 189 186 181 174 161 158 163 174 181 180 180 185 181 179 169 170 174 163 163 154 154 145 149 150 131 106 125 112 94 79
235 232 236 225 236 210 219 98 70 34 47 32 170 163 159 161 164 168 169 168 167 163 163 169 160 160 159 161 163 164 163 164 166 170 166 167 171 173 171 174 177 171 176 167 166 165 169 174 183 184 188 190 190 190 190 192 193 194 189 190 188 190 186 182 175 167 157 162 174 178 174 175 175 174 174 173 172 161 160 152 154 150 145 147 109 89 110 107 89 80
236 234 230 231 233 213 208 113 78 41 49 30 131 161 160 161 167 168 166 170 175 170 163 165 158 143 157 154 159 161 163 161 166 167 167 172 172 180 178 184 190 196 198 197 192 196 192 192 192 196 193 194 191 194 193 191 188 193 188 191 193 190 188 185 183 178 165 160 160 166 176 177 175 171 170 167 164 156 156 152 152 156 143 142 102 91 102 92 75 64
237 234 235 233 235 224 197 122 77 40 39 30 83 163 161 159 166 168 166 170 178 173 164 165 154 139 130 137 140 151 156 164 165 168 170 173 171 174 184 192 198 198 199 205 198 202 202 195 187 190 192 194 194 189 193 193 193 190 195 191 186 194 196 192 190 188 179 173 164 162 171 170 173 169 172 169 165 158 154 151 155 148 145 126 99 95 104 106 80 70
233 233 230 238 223 226 183 122 82 46 43 32 40 170 156 159 166 170 167 168 176 175 168 168 171 160 134 73 98 102 127 130 140 151 151 165 176 177 185 191 197 193 192 195 196 199 204 194 191 198 196 193 192 192 195 188 189 185 183 185 188 187 181 188 186 184 181 177 171 165 164 173 172 170 175 174 170 165 156 153 154 147 140 106 91 77 104 108 92 92
236 236 231 235 228 212 194 123 83 45 44 33 29 183 157 158 167 172 167 164 174 179 173 167 169 171 161 106 100 92 69 129 120 126 133 141 139 150 159 178 185 197 204 210 211 206 200 187 179 184 181 191 190 195 192 188 187 191 181 185 183 185 184 181 181 180 180 173 174 173 156 174 176 173 176 173 169 167 159 157 148 143 134 98 79 89 100 110 101 89
236 230 235 230 221 222 187 117 76 50 30 38 30 135 159 158 162 172 172 166 170 176 173 166 175 177 170 153 103 86 86 194 164 141 145 121 131 139 133 149 157 165 179 195 177 177 173 165 163 161 163 161 162 158 158 159 158 169 175 173 171 180 177 177 173 172 169 162 170 181 152 169 177 177 177 175 169 169 162 156 149 139 117 91 87 81 103 98 104 74
233 236 232 229 234 205 192 107 80 70 28 39 21 53 157 160 158 170 175 169 166 171 172 166 168 169 172 164 134 104 71 200 195 156 188 168 150 153 152 138 133 144 156 164 146 151 146 143 143 139 142 135 134 133 129 131 129 123 119 118 124 123 133 140 145 148 148 152 160 180 155 177 172 180 180 179 171 170 163 153 147 132 96 101 88 101 102 105 114 66
235 224 232 230 229 190 167 115 76 68 29 33 30 37 170 157 159 167 174 170 167 172 173 165 169 173 169 170 150 129 113 138 190 194 209 207 194 193 168 170 179 202 182 146 149 166 162 171 181 167 171 213 203 193 158 172 166 145 138 151 131 121 156 85 111 127 144 164 162 175 155 181 169 180 179 178 169 168 164 153 143 129 95 95 96 93 103 87 125 76
231 230 233 229 200 189 137 103 74 78 43 34 23 32 87 156 157 161 168 176 164 169 175 165 166 170 172 167 162 142 133 112 177 181 205 203 223 217 192 179 215 210 195 201 188 189 206 191 185 182 189 199 182 176 177 217 196 155 169 208 145 173 192 74 139 137 175 174 174 173 170 186 176 181 177 173 172 169 160 147 140 116 92 88 94 87 92 74 110 95
233 237 226 208 201 185 116 90 70 72 50 28 24 33 34 165 154 158 164 175 175 168 170 167 167 170 170 171 165 151 143 136 113 169 198 196 222 234 217 213 238 235 226 191 204 238 227 224 198 178 219 230 203 169 225 232 217 165 209 212 172 200 163 133 150 178 184 179 175 171 178 178 179 180 176 173 169 162 151 138 135 104 103 86 78 83 94 88 117 111
230 232 234 200 155 132 112 84 70 63 44 36 24 40 30 89 156 159 161 162 173 169 170 169 166 167 165 171 164 154 144 150 129 103 191 189 214 215 222 225 242 235 246 215 215 235 229 227 216 214 235 229 226 210 225 230 213 194 208 210 160 158 137 156 179 185 181 184 175 176 179 181 177 176 173 172 165 157 150 140 125 114 113 86 78 89 93 75 81 119
233 225 210 181 177 117 95 78 75 66 44 30 34 43 22 41 156 155 158 162 169 169 169 172 168 169 166 171 166 157 142 146 151 140 100 106 177 200 202 229 232 228 228 214 224 224 229 224 219 218 231 229 221 203 221 217 200 123 198 190 134 152 165 179 188 185 191 182 169 181 176 180 174 171 169 170 162 154 145 131 123 106 99 81 75 88 85 76 83 89
232 223 205 174 115 91 78 74 82 59 49 38 37 40 27 30 59 151 153 158 165 170 167 168 168 170 168 167 167 160 143 138 142 148 152 116 107 128 141 217 222 222 227 214 228 220 225 225 222 219 218 218 202 126 202 203 169 97 142 159 164 170 179 189 186 189 187 182 180 178 172 178 172 169 168 170 164 156 142 122 121 98 107 96 70 94 84 90 87 113
227 216 158 153 96 87 71 68 78 62 44 44 40 39 32 24 27 124 149 159 161 164 166 169 165 167 164 161 167 162 151 139 139 148 152 153 119 126 179 193 205 214 215 198 219 217 225 218 214 123 138 235 206 162 107 123 144 157 157 164 173 179 184 186 186 190 186 175 177 181 180 171 173 173 172 169 160 150 140 126 117 111 106 91 57 83 79 93 101 107
221 182 149 95 99 86 49 63 79 56 47 44 31 33 25 28 27 30 163 149 158 162 165 169 164 165 162 163 166 161 159 150 131 135 157 156 154 141 131 143 150 191 193 176 211 210 208 198 194 193 187 225 155 135 145 157 161 167 173 176 187 187 188 190 194 184 187 184 175 169 174 179 178 177 171 164 153 138 130 123 111 116 93 90 70 87 81 88 91 82
215 138 134 92 92 62 57 60 74 57 53 40 28 32 28 20 29 28 39 160 151 160 161 165 162 163 160 164 163 157 159 154 139 140 148 161 159 158 158 152 155 153 157 157 193 194 181 164 166 145 137 146 155 152 161 165 166 167 173 186 182 191 193 183 186 188 182 184 184 177 180 182 177 173 165 163 158 142 129 120 119 116 95 82 68 107 98 88 91 71
176 132 91 112 75 55 59 59 72 59 57 42 33 31 32 20 24 30 21 78 148 153 156 160 172 166 159 164 162 159 157 159 154 140 142 156 164 172 174 165 167 152 153 146 157 157 151 152 155 154 155 160 163 162 163 170 176 175 183 187 187 189 189 188 184 189 184 187 174 179 180 175 175 169 165 151 148 128 133 119 118 116 102 81 61 101 100 84 92 87
126 116 96 75 48 56 59 62 75 60 61 43 33 31 26 16 19 20 13 32 123 150 154 157 163 167 166 159 160 164 157 155 163 154 139 150 178 180 172 184 173 168 169 157 162 163 164 165 159 163 163 164 175 184 180 170 174 179 186 184 184 190 188 184 186 187 184 187 179 182 181 178 175 162 161 137 139 128 132 115 120 99 103 77 50 91 93 81 79 103
132 86 83 65 53 68 59 53 65 51 61 44 35 34 27 19 19 22 10 29 30 151 144 154 159 165 163 164 166 160 160 160 153 159 157 147 148 166 182 186 182 175 173 170 176 171 173 176 182 170 160 161 167 168 169 173 179 182 187 186 187 188 186 188 190 185 184 184 183 181 177 176 170 162 148 143 132 133 132 114 123 86 103 89 73 94 95 83 71 98
118 85 70 44 61 76 53 54 56 47 61 46 37 32 27 19 19 21 6 32 27 51 156 150 154 155 166 162 164 168 161 161 159 159 160 160 157 154 160 172 180 180 172 166 177 184 190 183 159 157 156 158 164 169 175 182 183 184 186 185 187 187 186 191 189 183 184 179 182 178 171 171 162 148 141 144 123 134 116 107 117 88 104 77 74 94 97 76 80 82
93 71 61 55 61 72 60 49 55 47 57 45 39 30 29 17 13 20 6 28 28 49 47 151 150 154 155 166 167 164 168 159 160 165 163 161 167 166 160 159 154 154 153 159 165 158 159 157 156 164 170 172 178 182 180 177 180 185 186 181 185 190 187 187 186 183 185 176 179 175 169 166 156 145 138 138 132 120 117 92 112 79 106 72 71 89 96 78 83 83
74 72 47 59 81 78 53 47 53 43 52 42 41 32 33 19 15 11 12 28 23 37 38 65 143 151 155 165 166 167 166 168 163 157 163 168 162 163 169 166 166 171 166 163 164 167 172 169 176 176 177 181 182 178 176 180 181 183 186 185 187 190 187 185 186 186 187 177 175 171 166 158 146 134 141 129 134 119 109 78 96 89 106 79 74 90 119 69 71 98
57 79 56 64 81 74 47 46 49 39 54 42 39 30 28 16 9 11 9 20 22 42 29 27 84 145 152 159 159 167 175 170 168 166 166 169 172 169 166 168 169 169 168 172 175 174 177 182 180 182 182 179 177 175 176 180 185 183 187 189 189 188 186 186 187 186 183 176 169 164 160 148 140 140 133 130 129 109 105 73 103 79 109 73 64 86 101 73 68 100
69 65 75 114 93 54 35 46 38 31 56 42 37 28 24 17 12 7 12 19 21 33 29 29 15 114 145 157 158 164 168 174 171 173 167 165 174 176 173 176 172 175 175 176 175 174 175 179 181 181 180 178 178 179 181 185 184 185 189 186 183 188 187 183 183 182 177 173 164 158 155 142 140 138 126 119 110 90 89 70 93 87 104 69 60 74 98 77 73 83
122 57 70 76 64 55 41 36 39 33 52 50 26 30 20 18 11 8 12 17 18 27 25 25 17 19 141 150 162 163 168 178 175 173 175 174 178 176 175 171 173 176 178 173 175 177 181 181 179 181 179 181 184 184 186 188 186 188 188 189 186 183 186 183 178 174 170 165 159 148 139 139 138 129 117 111 101 106 80 64 101 87 86 62 69 78 98 91 80 87
118 59 78 81 61 48 39 40 36 36 49 52 27 26 22 16 14 10 14 17 17 25 21 21 18 13 13 162 153 165 166 170 178 176 176 174 178 179 180 179 176 179 183 181 182 180 182 180 184 185 182 184 187 186 188 189 191 191 190 189 185 182 182 178 174 168 163 159 154 144 134 133 133 121 113 100 96 62 78 75 91 91 85 60 80 81 86 84 75 82
