176 177 180 184 189 186 164 136 104 73 69 95 108 107 106 97 78 64 60 56 48 43 39 40 39 39 39 36 34 37 39 37 33 38 41 38 36 38 41 40 42 42 46 49 45 42 48 58 67 72 70 69 67 71 86 90 88 81 79 81 83 91 96 91 85 81 93 99 81 65 61 56 49 48 48 50 52 51 47 44 40 39 38 37 36 35 32 28 33 33
172 181 188 183 165 131 95 73 72 77 96 109 98 84 71 49 48 51 55 47 38 37 35 36 36 35 32 27 26 29 30 25 26 27 29 30 30 31 32 33 36 34 34 37 42 48 51 51 54 53 53 54 58 64 67 71 65 59 55 53 53 58 63 61 54 47 46 44 35 28 29 29 30 34 38 40 38 35 36 38 30 31 32 32 33 37 40 41 42 42
185 190 178 139 98 79 80 85 91 99 99 83 60 51 50 41 44 50 49 38 33 33 29 27 24 27 29 27 25 28 30 28 32 30 31 33 34 31 30 30 30 32 34 34 34 35 35 33 34 33 39 42 50 54 46 47 47 46 43 41 41 40 36 32 34 31 26 25 28 29 28 30 31 32 34 36 35 33 31 32 29 33 38 39 41 45 48 47 49 49
175 145 111 84 76 95 112 107 101 90 66 46 35 28 31 37 33 32 28 24 27 30 30 33 30 29 30 31 31 34 36 35 40 39 38 38 37 34 33 34 32 31 33 37 38 38 41 43 44 49 53 52 56 53 43 43 43 42 37 36 40 42 38 35 33 36 36 38 45 48 44 42 37 36 38 41 44 43 42 42 43 47 52 53 55 56 53 47 39 39
133 106 94 99 101 101 96 82 60 45 28 25 26 26 30 34 33 30 29 32 34 35 41 45 46 40 41 50 55 54 48 44 42 45 44 39 36 36 38 41 40 40 43 45 44 43 46 50 48 58 55 50 49 43 40 38 33 35 32 33 40 43 41 41 45 46 46 44 45 46 44 40 38 41 45 48 49 50 53 56 61 61 59 54 49 46 40 33 34 35
106 102 103 104 94 73 51 38 30 25 24 26 23 32 42 35 31 31 35 46 54 57 60 58 51 48 50 55 52 43 37 35 41 49 51 46 42 40 40 43 47 46 44 38 31 29 30 31 45 54 52 52 54 53 56 53 54 61 65 66 67 62 55 52 53 50 47 41 36 36 38 36 36 39 42 45 48 52 56 57 57 56 53 48 42 39 36 33 32 32
102 106 97 74 52 37 28 25 28 28 30 31 31 44 56 46 48 50 49 57 63 60 56 51 50 49 49 47 39 36 40 45 45 51 53 51 50 47 48 54 55 46 39 41 47 51 52 49 38 39 38 41 45 48 52 54 57 63 67 65 60 54 49 47 45 41 39 38 34 34 36 38 35 38 40 43 50 59 63 62 61 58 54 49 44 39 36 34 31 32
100 81 56 37 27 30 36 36 32 34 35 42 53 59 56 45 49 56 54 57 57 47 46 52 54 54 54 52 51 53 55 54 54 55 52 52 55 57 64 77 88 84 91 108 120 121 119 119 97 80 67 52 38 30 24 28 32 35 38 39 37 37 37 36 39 36 36 39 41 40 42 45 46 54 58 56 58 66 73 75 70 61 52 46 41 37 33 31 32 32
54 40 32 32 35 33 30 39 44 44 48 60 59 47 47 53 53 53 59 61 53 50 53 54 52 56 64 64 58 54 54 57 60 60 64 64 70 86 109 134 155 164 171 177 184 185 180 177 170 156 141 127 106 79 51 32 28 28 33 36 36 38 39 33 35 42 44 41 44 47 50 54 53 58 70 78 74 69 65 62 52 46 38 35 34 31 28 28 29 29
28 30 35 32 31 40 46 47 45 52 53 53 54 55 60 63 61 66 62 55 56 60 59 57 56 53 56 57 55 56 58 63 71 71 79 95 120 141 154 171 193 201 205 206 208 206 200 196 192 189 188 185 177 162 140 121 92 70 52 49 51 50 47 43 33 25 35 39 39 43 41 44 41 45 53 54 47 41 40 40 32 32 32 33 33 30 28 28 28 27
40 37 38 40 43 47 49 51 48 65 70 69 72 74 70 62 65 74 70 59 57 57 55 55 50 43 42 42 44 48 55 65 78 91 114 137 147 139 139 159 179 191 199 200 200 200 198 197 194 194 193 191 193 197 195 188 179 155 129 114 104 96 95 100 67 25 13 14 17 26 25 32 32 29 28 27 25 26 30 32 35 35 35 33 29 25 23 24 25 25
37 42 46 53 57 51 52 69 90 93 86 79 79 79 79 77 72 73 70 62 50 42 41 42 36 35 38 36 35 38 46 57 88 110 135 142 130 118 133 165 184 197 207 207 204 203 202 201 199 200 198 192 189 191 192 190 195 195 187 176 164 155 155 162 126 68 24 9 10 14 15 24 28 29 32 33 31 30 30 30 31 31 29 26 24 23 24 27 23 23
53 63 62 60 65 73 87 104 109 98 86 89 94 90 80 71 61 49 39 35 32 33 39 46 53 69 90 98 95 87 77 76 91 107 120 120 119 136 167 190 196 205 212 212 211 211 209 205 204 202 198 194 192 191 193 195 194 199 200 195 193 191 189 191 183 157 124 95 62 35 21 13 7 14 26 36 38 35 33 32 26 26 25 23 23 23 22 22 22 22
70 74 83 97 109 118 120 110 102 96 90 86 75 61 52 44 43 46 51 64 84 102 118 132 137 142 146 140 129 115 100 96 81 88 105 131 154 176 197 204 210 214 216 216 215 215 210 204 208 203 200 202 204 201 197 198 201 198 194 194 194 193 190 189 201 203 202 198 180 159 134 98 57 34 12 10 23 31 28 24 23 23 22 22 24 25 24 23 22 22
104 104 114 132 135 130 124 110 100 86 72 62 52 54 68 71 75 87 106 123 133 138 140 141 131 118 103 90 85 79 75 81 93 98 114 146 168 178 190 197 209 212 216 217 215 213 209 205 208 204 202 205 209 207 202 201 195 191 193 198 197 194 192 189 186 184 185 191 199 207 203 184 169 132 83 44 22 12 16 26 22 23 22 20 21 23 23 23 23 22
121 127 131 135 128 115 105 91 69 62 68 85 94 107 121 118 117 111 119 127 118 111 104 91 81 70 66 73 86 93 96 107 121 132 136 141 150 163 182 191 201 208 217 221 215 211 209 209 204 204 204 206 209 207 204 204 202 196 195 196 193 192 192 188 187 184 184 186 191 191 187 193 201 195 178 143 90 38 10 8 20 24 25 24 23 23 22 22 23 23
119 124 123 106 76 58 63 70 90 110 132 144 138 127 127 126 109 98 97 85 78 81 75 77 89 93 113 131 140 145 150 165 178 171 163 156 159 162 168 167 188 214 220 219 216 207 212 209 207 210 209 209 210 210 208 202 206 204 199 194 192 193 192 188 187 185 180 181 190 193 189 185 184 184 186 191 182 147 91 40 10 17 21 22 22 24 24 21 23 23
101 102 95 75 59 75 115 139 152 153 146 138 129 118 109 97 91 86 84 78 79 84 90 106 130 157 174 167 162 167 176 188 187 179 176 169 171 167 138 126 172 219 218 219 222 215 210 207 210 214 215 216 215 212 210 206 206 204 200 195 193 193 192 189 182 173 172 176 179 183 186 183 182 185 185 180 179 182 159 113 53 17 15 22 21 24 22 22 23 22
76 73 84 112 139 161 170 159 143 137 122 114 114 108 98 90 85 87 87 96 117 131 145 163 179 197 188 163 157 174 191 194 184 180 175 175 175 138 77 90 180 228 217 219 220 218 212 212 215 216 215 216 215 213 213 211 207 205 202 196 190 186 183 180 171 159 157 163 164 169 178 181 183 187 183 180 177 170 166 163 132 70 28 15 17 25 24 26 25 24
70 95 130 160 168 158 137 112 115 118 116 112 106 93 88 95 108 128 141 158 178 185 193 200 204 203 185 163 152 167 193 197 191 184 178 171 130 61 25 103 207 225 216 218 215 215 216 220 217 216 212 213 215 217 217 213 207 205 203 197 187 179 175 171 163 157 154 158 162 164 168 174 187 189 182 181 182 174 167 165 168 145 95 45 15 13 23 21 25 24
104 131 145 137 124 118 117 113 115 112 105 101 104 110 123 142 168 181 186 197 204 206 214 215 208 196 178 166 154 161 186 196 193 190 187 132 55 20 26 120 221 214 217 216 213 216 219 223 215 218 216 216 218 221 220 212 208 205 204 198 187 180 176 172 159 153 150 152 157 162 168 174 174 180 184 180 172 175 176 161 163 158 139 104 48 13 17 22 21 22
116 117 107 104 109 109 109 110 102 106 111 119 138 159 173 185 202 202 204 213 215 212 216 214 210 194 171 159 161 174 190 197 195 182 162 80 20 18 38 141 224 215 220 209 210 219 220 222 217 222 221 219 218 219 219 214 211 206 202 195 185 180 176 169 155 144 144 148 148 156 168 169 175 178 182 183 180 181 181 171 167 151 147 140 102 46 14 17 20 21
107 101 93 95 96 90 98 112 120 137 162 176 187 198 202 206 207 210 215 220 215 210 214 218 206 193 173 154 159 184 197 195 192 177 123 36 14 24 55 164 224 224 221 203 200 220 222 224 222 224 222 222 220 218 218 216 211 204 198 190 181 178 170 157 148 137 141 149 147 150 159 160 172 182 182 183 188 187 183 181 170 159 145 139 137 110 58 20 21 21
86 86 82 83 94 114 140 156 174 181 198 208 212 214 209 209 214 214 215 212 209 213 218 223 213 195 175 148 149 185 201 190 182 159 82 20 25 28 72 172 220 226 217 201 191 219 225 227 225 224 223 228 228 221 218 216 207 200 194 188 181 178 167 150 138 127 126 134 139 144 157 171 178 183 186 187 182 173 173 175 171 168 152 143 137 131 107 56 22 20
71 70 78 105 132 151 173 192 194 206 213 217 218 217 216 212 221 216 213 216 213 216 224 220 209 200 180 151 138 171 192 189 185 136 56 17 34 56 101 164 217 226 216 197 187 214 225 225 224 227 227 230 229 221 215 210 202 188 186 190 182 165 146 130 128 116 114 130 140 159 174 182 182 186 186 188 188 175 165 170 171 163 161 150 140 136 128 96 51 17
74 91 122 159 180 183 192 204 208 211 209 212 216 215 216 219 224 219 216 219 219 220 225 219 208 201 182 140 112 147 185 193 176 114 37 13 45 86 126 160 211 218 206 185 178 207 221 227 231 230 225 225 223 217 212 208 199 187 186 182 167 150 126 107 105 104 110 122 127 146 163 170 184 187 191 193 190 179 171 170 174 175 166 149 143 138 133 118 89 55
120 155 186 202 208 211 213 210 213 214 210 211 215 215 218 221 219 217 218 223 224 225 225 219 212 198 172 126 94 133 182 197 165 91 32 24 35 61 112 161 204 213 201 177 173 207 220 231 232 231 226 226 224 216 209 202 193 189 185 167 144 126 108 101 87 87 86 85 74 81 115 157 184 189 194 190 182 181 178 168 169 170 167 156 150 144 138 121 114 84
166 194 213 216 213 212 214 214 222 225 220 215 212 215 221 220 217 218 219 221 221 221 221 218 216 195 157 112 92 129 173 193 155 71 25 32 27 26 83 157 194 210 197 167 170 212 221 228 233 233 230 229 224 211 199 188 187 187 173 154 136 111 90 81 76 77 66 57 45 50 92 153 181 192 195 181 170 174 171 154 158 159 160 155 153 149 147 134 114 90
156 185 206 214 217 219 221 221 222 224 224 219 210 211 216 211 218 219 220 219 219 221 222 224 217 197 146 98 94 130 163 189 147 65 23 33 29 20 68 147 187 208 188 155 168 218 226 227 232 232 230 228 220 206 194 183 174 165 139 123 108 86 78 68 65 59 41 34 35 52 90 137 168 182 186 175 166 165 158 144 145 155 153 149 155 147 143 142 125 104
90 126 158 181 201 212 218 218 218 217 217 217 212 212 218 217 218 220 223 223 226 229 227 229 223 200 138 91 99 134 154 175 134 60 21 27 18 6 54 138 184 201 171 143 168 221 230 228 230 230 226 220 206 188 173 159 151 130 105 94 77 65 71 62 49 25 23 48 50 49 83 136 164 175 179 173 167 160 152 150 142 147 148 151 159 151 143 136 134 120
80 89 103 130 153 160 173 190 201 204 200 196 191 188 193 196 192 196 201 202 208 214 213 219 216 190 135 100 107 131 143 162 133 59 21 26 22 20 67 142 178 188 150 135 173 221 229 229 230 229 223 214 194 172 153 136 120 97 84 79 69 62 51 36 18 46 75 84 60 57 98 153 176 185 189 185 178 169 164 166 158 153 157 162 166 160 157 146 132 124
89 88 88 105 122 122 125 135 149 170 177 177 179 176 175 178 168 169 167 158 156 160 162 172 167 145 112 94 94 106 121 147 130 60 24 26 30 45 88 140 177 181 140 139 184 225 230 232 230 225 214 199 175 150 129 111 91 74 66 53 49 48 32 30 64 109 123 96 64 71 114 167 180 194 203 201 195 192 190 188 173 178 180 176 172 157 154 156 142 134
75 85 87 106 114 114 120 99 88 102 118 142 172 192 198 202 203 193 185 175 166 160 150 145 137 109 79 72 79 84 99 121 121 72 34 26 48 66 96 142 179 164 133 165 215 226 232 230 226 215 205 185 148 116 96 80 62 51 48 50 65 75 92 116 150 161 136 110 71 44 110 177 200 206 207 208 210 199 196 191 187 194 194 175 160 153 150 164 161 153
87 96 99 102 101 100 100 92 81 77 65 60 74 97 120 138 155 167 183 181 173 173 166 154 148 123 95 84 85 84 89 101 118 89 46 26 52 75 109 159 181 153 144 188 227 228 228 230 228 213 202 161 113 90 67 49 43 47 76 103 132 151 165 180 183 175 161 143 80 36 112 195 212 213 213 212 212 201 198 192 195 197 193 178 167 162 164 174 172 163
78 86 98 102 109 113 99 91 104 99 80 56 41 36 41 50 63 90 124 130 124 132 142 143 142 126 104 93 91 88 91 99 113 104 64 31 38 56 107 167 178 150 167 213 233 228 223 228 218 204 172 117 80 72 65 68 89 117 146 157 172 187 198 193 196 193 187 155 74 30 108 187 212 213 214 212 212 204 201 193 190 191 189 187 183 182 187 190 177 167
84 96 115 116 120 130 131 138 132 126 113 100 89 74 56 43 51 56 78 100 113 121 119 113 114 111 102 93 88 86 90 96 109 108 87 52 23 29 106 177 171 166 195 223 227 224 222 223 215 196 156 131 131 136 146 153 159 172 176 183 196 201 209 197 207 211 184 121 49 32 110 180 196 204 209 206 208 204 199 191 192 192 191 196 194 191 194 190 182 172
88 97 113 119 124 133 139 143 143 141 135 122 104 87 71 62 45 32 33 51 74 89 99 112 122 123 117 105 94 90 93 98 108 108 100 73 32 33 113 179 172 192 214 222 219 220 222 219 214 201 197 211 213 210 208 194 170 177 201 208 205 206 213 211 212 203 160 98 47 46 117 174 177 192 204 201 204 200 194 188 190 189 188 194 195 195 200 195 190 183
95 103 112 118 117 116 119 117 129 136 147 150 139 119 97 79 66 55 44 35 30 29 42 66 91 103 115 117 112 105 103 103 104 103 96 80 62 73 135 177 187 211 220 218 218 219 222 218 218 214 224 231 223 214 202 190 142 140 199 218 209 214 211 211 214 185 136 90 52 62 135 176 164 177 194 195 198 196 193 190 189 189 190 194 195 197 199 194 196 190
100 107 116 124 126 122 119 121 115 112 113 117 120 123 120 114 101 86 72 60 51 41 32 34 57 75 98 110 109 105 105 107 102 98 88 83 99 129 170 191 202 215 218 219 221 220 219 219 214 213 212 211 210 203 184 167 111 80 133 180 200 212 208 216 213 172 125 92 56 70 152 182 161 161 179 187 188 187 190 190 189 190 195 196 199 203 199 195 200 194
112 114 122 131 142 143 134 138 135 128 123 115 108 109 115 116 118 102 91 84 75 66 55 49 51 70 94 105 102 98 102 108 107 99 88 89 120 160 192 202 210 211 217 221 223 221 217 219 214 213 209 215 207 191 171 134 84 38 57 113 170 203 212 215 209 162 117 96 57 64 151 186 166 153 169 180 178 176 183 184 190 192 198 197 202 208 203 201 201 194
120 127 133 145 150 143 139 137 133 133 132 134 133 121 109 108 109 106 94 80 74 70 68 71 69 68 82 96 100 102 101 105 112 112 105 120 151 179 195 207 207 211 217 218 222 221 212 213 215 213 209 211 208 194 159 111 65 23 31 68 133 187 210 216 206 153 120 93 45 48 136 191 177 149 160 170 165 162 168 176 186 192 192 201 204 207 206 204 202 199
124 136 151 161 154 145 144 140 133 133 139 149 151 148 140 131 122 113 101 90 82 77 75 76 84 78 82 87 90 96 100 104 113 131 143 160 175 191 197 199 204 210 219 219 220 216 209 211 215 219 220 224 217 196 160 117 71 26 27 56 105 164 201 215 209 145 112 89 39 38 126 196 200 164 153 158 150 145 151 166 179 192 198 209 211 210 208 207 204 200
109 101 98 115 143 161 164 156 154 144 132 126 134 150 156 151 150 142 134 124 110 98 87 77 76 74 79 81 82 87 92 96 115 142 165 182 187 196 202 205 209 215 221 220 217 212 209 213 225 235 237 232 214 189 164 137 88 39 28 51 86 141 182 209 209 139 101 78 43 44 117 190 218 186 156 154 135 120 120 134 171 195 205 216 216 212 207 205 206 200
90 89 80 84 106 125 142 158 161 157 149 148 150 142 135 138 142 147 150 144 132 119 104 92 83 78 77 80 84 89 92 94 113 142 170 195 202 206 211 218 221 222 222 219 215 212 211 214 221 230 230 224 209 188 163 135 101 55 31 47 75 120 155 195 193 131 95 67 40 39 103 188 221 198 157 145 112 94 98 112 155 195 209 217 219 217 212 208 206 198
71 79 78 77 82 86 98 120 131 146 156 163 171 165 151 145 127 130 132 140 147 142 124 112 109 104 100 100 97 92 96 101 125 156 181 205 214 215 215 222 222 219 213 211 210 208 206 204 208 219 218 212 201 185 161 129 99 65 41 45 62 102 141 186 193 126 91 65 41 47 110 193 219 199 158 142 98 76 86 100 146 203 221 221 220 219 214 209 200 189
75 71 71 69 69 71 73 79 89 103 122 140 153 160 167 172 161 144 125 122 134 140 139 141 136 124 111 107 103 96 97 101 124 156 177 195 206 211 211 216 214 210 206 207 208 204 200 195 194 203 203 197 185 175 157 124 79 63 54 49 52 88 136 177 194 121 86 60 47 75 130 178 200 180 149 139 98 70 82 96 146 216 235 227 221 216 209 205 194 181
79 72 68 59 53 56 54 52 57 75 92 101 109 124 144 159 166 163 154 141 131 124 121 122 128 123 113 109 102 92 90 91 110 139 160 181 195 206 210 213 208 207 204 207 206 202 203 200 194 194 192 193 186 175 148 104 56 52 55 47 47 71 119 160 174 114 86 62 51 82 135 170 189 168 140 124 86 57 72 87 148 220 234 224 219 211 202 199 189 174
67 71 71 58 51 50 43 41 43 50 56 74 98 109 118 133 160 172 180 173 164 160 149 135 123 120 109 103 98 91 89 86 101 118 136 158 171 183 191 197 200 201 200 201 197 195 202 204 204 198 194 193 178 158 124 75 48 46 48 40 47 59 101 148 150 96 73 58 45 61 115 169 183 166 140 115 80 53 69 83 154 221 229 217 214 203 192 188 178 162
71 73 74 59 47 48 43 40 38 35 37 36 43 61 79 98 125 134 135 142 143 139 140 133 120 116 101 93 92 86 83 86 91 101 116 126 138 149 158 174 185 188 184 186 188 188 197 202 199 187 180 174 158 127 86 54 48 48 41 38 44 55 90 138 122 73 55 50 43 38 82 162 179 160 135 113 81 55 61 73 144 211 213 206 199 201 189 174 158 149
86 85 87 79 65 52 40 32 34 35 37 36 34 33 37 47 71 88 102 116 124 126 128 128 126 118 104 101 100 89 79 75 81 88 96 98 106 122 133 143 163 169 168 174 182 185 190 190 189 187 176 165 148 110 68 48 46 45 39 36 40 52 85 126 98 59 49 46 40 37 80 153 166 150 131 112 80 53 56 66 129 199 206 198 189 190 181 168 158 148
88 88 88 88 82 72 60 45 38 38 35 41 45 37 32 31 34 41 51 66 87 98 99 103 103 96 89 93 95 88 80 73 73 71 74 80 90 104 115 123 141 154 157 166 178 179 176 172 173 175 166 151 131 91 55 46 44 42 40 38 38 48 75 104 72 47 44 42 40 45 90 151 165 148 128 108 78 55 57 68 124 181 193 197 190 181 174 170 158 148
83 86 87 97 99 89 81 72 65 58 38 33 36 33 35 37 37 34 33 32 47 65 75 94 101 105 109 107 94 81 75 69 65 62 60 65 78 94 107 117 127 144 152 164 174 166 156 149 147 143 139 129 106 76 54 45 42 41 44 43 39 46 65 81 57 41 42 40 41 54 98 146 151 131 110 90 67 52 58 69 120 167 181 191 190 182 174 170 159 150
66 71 79 102 114 103 94 93 84 86 71 58 46 35 33 31 38 40 45 36 33 39 50 76 97 103 106 101 87 78 73 63 52 58 57 56 69 89 108 119 125 141 150 164 169 152 134 121 117 111 110 106 89 70 58 49 41 41 47 48 41 45 58 65 47 40 41 37 37 52 95 131 136 114 94 77 61 52 55 62 103 155 172 173 176 180 178 165 156 147
55 61 65 82 107 117 107 93 87 93 90 81 69 58 49 41 32 30 37 38 39 38 35 45 71 78 81 80 74 71 67 57 49 49 50 62 80 95 112 122 134 145 152 162 162 140 115 94 96 98 100 97 86 72 61 54 43 42 47 47 41 45 55 58 44 40 41 34 31 47 93 123 124 103 86 72 60 54 54 59 90 139 161 163 166 170 174 166 154 141
46 49 49 51 76 111 117 102 98 96 97 93 87 84 75 65 50 34 30 35 43 47 44 43 44 55 62 65 61 56 55 51 53 55 60 64 59 70 104 127 143 154 160 166 161 142 116 89 88 103 113 108 94 78 65 59 47 44 47 47 42 45 53 54 44 41 39 34 32 46 89 112 98 82 73 64 56 54 56 61 87 123 148 160 167 163 164 159 146 128
42 38 41 35 41 73 98 106 113 107 109 103 94 93 89 86 75 60 53 49 43 42 47 52 52 48 42 44 50 51 52 50 49 54 52 35 26 64 122 143 150 165 175 179 172 159 138 108 93 115 133 127 105 86 74 65 51 47 47 47 44 46 51 50 43 39 38 38 36 45 79 92 81 72 70 66 60 57 57 62 82 115 140 155 167 164 158 142 126 105
37 36 34 31 33 43 63 89 115 126 118 115 110 98 100 101 97 84 76 70 57 46 46 55 54 48 40 35 43 49 47 49 50 49 39 21 15 72 150 165 162 171 188 186 185 178 166 133 94 101 114 118 106 90 77 68 51 45 46 46 43 49 54 48 41 37 34 34 30 41 69 82 73 67 65 64 58 55 59 65 86 113 136 152 156 151 139 117 98 89
34 35 35 32 32 33 40 56 87 116 127 128 125 113 110 111 111 102 96 88 75 65 56 50 47 41 38 38 43 49 51 56 51 42 30 16 24 82 151 177 171 173 188 192 194 193 191 171 111 86 70 74 79 78 68 55 42 43 44 43 45 50 52 52 41 37 33 31 28 40 63 71 66 65 65 63 58 56 61 67 93 115 134 145 144 133 121 106 98 88
31 32 33 30 30 29 28 35 57 81 108 119 122 130 131 123 123 118 114 106 94 89 83 69 53 39 36 40 44 48 51 55 44 29 25 40 60 99 152 180 174 168 184 197 200 201 204 191 167 127 84 55 40 36 38 36 35 39 42 43 45 49 53 54 44 39 34 31 30 41 59 63 62 66 66 62 60 61 67 74 93 115 126 131 128 120 116 111 106 95
27 28 28 26 29 30 29 32 35 52 84 97 104 123 132 128 125 122 123 119 109 108 109 97 70 42 33 39 44 49 50 47 33 22 32 83 99 101 149 181 174 161 178 198 200 200 199 188 183 175 149 104 60 35 30 32 35 35 41 44 42 48 56 55 45 38 34 31 29 39 54 60 65 68 66 63 65 68 74 84 98 116 119 117 119 118 118 113 101 89
24 25 26 25 27 28 26 27 28 36 50 64 95 118 118 121 127 122 123 129 125 125 128 117 82 49 35 39 43 50 51 43 26 23 36 84 94 89 137 181 173 157 176 200 199 201 199 189 188 185 176 156 114 59 31 36 38 35 38 41 40 47 55 56 50 40 34 30 27 37 54 65 70 70 68 69 75 77 81 90 101 108 102 103 114 117 113 104 92 80
25 24 25 23 23 25 24 25 27 27 26 32 56 84 104 124 121 114 111 121 127 133 139 129 89 56 42 43 45 54 52 39 24 37 37 37 58 94 133 167 161 145 170 203 201 205 203 197 188 191 187 176 153 111 69 48 48 46 40 37 41 44 48 55 55 44 35 27 26 39 59 74 76 76 77 82 87 87 87 91 107 97 82 87 101 103 98 88 83 73
26 24 25 23 23 24 24 26 21 23 27 28 30 45 69 89 114 119 120 127 132 137 140 127 89 59 45 47 56 68 59 36 32 34 26 20 46 85 123 167 151 131 160 203 203 207 204 199 192 191 186 177 165 145 114 89 79 73 59 48 46 44 45 51 52 42 34 24 26 45 65 77 83 85 89 93 93 91 88 87 94 82 69 77 89 90 90 83 77 71
25 23 26 26 25 25 22 23 22 29 27 26 30 32 38 48 71 100 121 135 142 147 147 130 86 55 41 48 69 86 70 36 19 28 24 19 32 66 118 164 153 126 153 200 204 208 204 199 198 193 187 178 167 160 147 130 113 99 83 67 53 47 48 48 48 42 35 25 31 55 72 80 86 91 96 97 92 88 85 80 79 76 72 80 84 83 84 77 73 68
25 25 25 24 25 26 26 25 24 24 24 25 26 30 36 42 40 54 70 92 117 143 150 132 83 44 43 57 84 100 75 37 21 23 23 19 26 50 109 160 144 117 148 198 208 208 198 194 192 192 189 185 180 169 157 152 135 135 113 89 70 55 49 45 42 38 28 22 36 60 75 82 92 94 99 98 92 73 68 74 75 83 83 81 82 77 70 70 66 65
23 24 24 24 24 24 24 24 25 25 25 26 26 28 32 35 45 52 57 67 84 110 122 109 79 50 48 64 94 106 78 37 24 27 30 32 35 49 104 152 145 111 142 193 205 207 200 196 192 189 184 181 177 168 158 155 150 142 131 115 95 70 51 47 41 36 30 32 51 71 84 98 102 102 105 102 91 68 64 75 81 83 82 81 80 74 65 62 61 59
23 23 24 25 25 23 23 24 25 25 25 26 26 26 27 29 40 51 63 76 94 114 117 99 74 56 54 70 101 110 82 37 25 32 37 43 40 51 112 157 139 106 146 197 201 201 200 199 192 187 181 179 176 169 161 157 145 130 128 123 109 87 60 51 46 37 32 48 79 97 102 114 119 116 114 107 97 81 83 94 89 84 80 79 79 74 67 61 58 57
25 23 23 25 25 24 23 24 24 24 24 25 26 25 25 26 27 36 48 62 84 107 108 92 70 59 57 72 99 107 86 39 20 33 44 48 39 58 130 166 126 98 150 200 201 197 198 194 187 185 180 175 172 166 158 152 139 124 119 115 107 94 72 56 50 55 70 94 119 129 128 134 140 133 124 111 105 97 97 97 97 86 78 77 75 71 65 59 57 56
27 24 23 24 25 25 25 25 25 24 24 24 25 25 25 25 25 29 35 43 61 81 84 74 66 59 61 74 93 101 88 44 16 31 45 44 34 70 147 164 126 100 154 199 201 197 191 181 178 180 178 170 164 160 150 139 132 122 111 107 99 91 81 63 55 74 108 135 150 158 154 150 151 140 128 116 113 104 97 88 90 78 72 71 68 65 62 57 60 59
28 26 23 23 24 25 26 26 27 25 24 24 25 25 25 25 27 28 31 32 41 56 62 60 58 56 64 76 88 95 87 52 19 26 35 29 29 84 158 160 121 106 161 193 192 187 183 176 175 178 177 168 160 155 145 132 125 118 108 105 95 86 85 74 61 85 127 154 163 166 156 143 140 125 114 107 106 96 90 84 74 67 66 67 65 62 61 58 57 56
27 27 25 23 23 25 27 26 27 26 25 25 25 25 24 24 23 24 29 28 32 42 45 48 47 51 63 72 81 86 81 58 28 24 25 17 29 94 158 152 105 107 167 185 180 175 176 176 172 173 171 164 155 148 139 128 116 108 100 92 82 74 70 66 49 77 121 148 151 145 133 124 108 95 86 80 81 76 75 73 68 66 66 66 62 58 56 55 57 57
26 28 27 24 23 25 27 27 26 25 25 26 26 25 24 24 25 24 28 27 30 35 36 39 39 45 59 65 74 78 74 61 37 26 24 17 35 96 149 140 110 118 175 185 180 173 169 168 167 163 160 155 147 138 130 123 111 101 94 81 73 71 62 60 54 67 93 110 112 102 89 84 76 68 63 59 63 64 66 62 64 65 64 63 60 56 54 55 57 56
26 27 27 28 28 27 25 24 26 26 27 28 27 24 23 23 24 24 24 26 28 30 34 37 36 43 48 60 70 72 69 59 43 31 27 19 39 98 142 133 120 137 172 185 177 169 162 167 161 158 154 146 138 132 125 118 104 96 85 77 70 65 63 63 64 69 78 85 85 77 70 66 62 65 64 62 63 67 67 66 67 64 61 59 58 58 57 56 57 52
26 27 27 27 26 26 26 26 24 25 28 29 29 26 24 24 26 25 24 24 24 25 28 31 35 43 50 63 72 75 73 65 53 38 27 22 48 100 139 136 131 148 169 172 170 165 154 153 160 158 152 138 126 125 122 109 96 90 80 71 64 60 60 60 60 62 66 70 68 63 60 59 55 59 61 62 65 67 66 64 63 62 60 60 60 59 58 59 56 49
25 26 27 27 26 26 27 28 27 27 27 27 27 27 27 28 27 26 25 24 24 25 27 29 32 39 47 57 66 70 71 66 59 47 32 24 53 102 137 139 138 149 155 151 153 152 142 143 151 148 144 131 115 113 109 95 90 85 76 66 59 56 56 57 58 58 59 59 57 55 56 59 62 64 65 66 67 67 66 65 63 60 58 58 62 64 61 56 44 38
25 26 27 27 27 27 27 28 29 28 26 26 27 28 29 29 28 28 27 26 26 26 26 27 29 33 39 46 52 58 61 61 57 54 41 25 49 98 135 138 138 144 144 138 140 138 132 137 138 132 130 123 109 99 93 86 85 82 74 63 56 54 54 53 53 53 54 53 52 53 58 63 71 70 69 68 67 65 62 62 61 63 62 60 62 64 57 48 34 30
27 26 26 26 27 27 28 28 25 26 28 29 30 31 30 29 31 31 31 29 28 26 24 23 28 29 33 37 41 47 52 56 54 55 46 28 45 91 129 132 131 133 133 128 125 123 120 122 127 121 117 113 103 90 84 84 80 76 69 61 56 54 52 50 50 51 52 53 54 58 65 70 73 72 70 69 67 64 62 62 64 64 63 65 65 58 43 30 29 28
30 28 25 24 25 27 28 28 25 26 27 29 30 32 33 33 33 33 34 33 32 30 28 26 27 27 30 32 35 40 44 48 53 51 48 37 50 85 118 123 121 120 117 111 106 111 113 110 113 112 109 106 100 90 81 80 76 73 67 62 60 58 56 53 54 55 56 57 60 65 71 75 75 72 68 64 61 60 62 65 64 64 66 67 58 40 26 20 26 27
31 29 26 25 25 26 27 27 27 27 26 25 26 30 33 35 34 35 35 35 35 34 33 31 29 27 29 28 30 35 37 42 48 47 49 46 59 83 109 114 115 110 104 98 95 101 107 105 99 100 100 99 95 89 81 76 75 71 68 66 65 63 61 60 57 58 59 60 62 66 68 70 70 69 64 59 56 57 61 64 61 66 66 55 35 19 18 25 25 26
29 29 28 28 27 26 25 25 26 27 27 26 26 28 30 31 38 37 36 34 33 33 31 30 34 29 30 27 28 32 34 40 41 45 51 52 65 84 104 110 108 102 97 96 92 90 94 96 94 90 90 91 87 84 82 77 74 71 68 67 66 64 62 62 60 62 62 63 64 65 65 63 61 65 66 64 62 63 64 65 70 66 51 31 20 20 23 22 22 23
27 26 28 30 28 26 25 25 25 26 25 25 25 24 24 23 25 31 38 43 43 38 35 35 35 33 34 30 27 30 32 39 37 42 48 55 67 82 92 97 94 91 90 87 83 84 85 84 79 81 82 82 84 85 81 77 75 73 70 68 66 65 64 62 64 68 67 65 66 66 63 62 66 65 65 65 68 71 71 68 57 38 27 21 20 24 23 22 24 24
29 26 25 27 28 28 28 27 25 25 26 26 25 24 24 23 25 24 26 34 44 48 45 42 39 36 38 36 36 35 29 28 34 38 43 50 61 72 81 85 88 86 86 84 81 81 82 81 78 81 82 82 82 83 81 78 76 74 72 71 71 71 71 72 67 70 71 71 71 68 66 67 72 71 70 69 72 73 65 53 28 21 21 21 20 22 21 21 23 23
33 31 29 28 28 30 30 29 27 26 26 25 25 24 24 24 23 22 22 26 33 41 48 55 51 47 45 43 42 40 33 31 31 34 38 46 57 67 76 82 82 81 81 81 79 79 80 78 77 79 80 79 78 78 79 78 77 76 76 76 76 75 75 76 77 75 73 72 71 69 69 74 71 75 79 76 67 54 38 24 19 17 22 23 21 21 21 24 22 22
28 30 31 30 27 28 30 30 28 26 25 24 23 23 24 25 22 25 26 23 22 26 39 52 53 52 51 48 46 44 43 44 38 36 37 42 52 61 69 74 78 78 78 79 78 78 79 78 78 79 79 77 76 77 78 78 75 75 76 77 77 76 76 78 80 78 77 78 77 74 72 74 76 71 65 56 40 24 17 17 23 21 22 23 21 21 21 21 21 21
26 30 33 32 29 28 28 28 27 26 25 25 24 24 24 25 24 25 25 24 23 23 27 32 45 50 55 57 54 50 49 48 52 49 47 51 58 66 72 76 75 76 76 76 77 77 77 78 77 77 76 75 75 77 78 77 77 77 77 77 77 76 76 77 80 80 79 79 79 79 76 73 65 49 33 25 20 18 20 24 22 22 22 23 24 23 21 19 21 21
27 27 29 30 30 29 28 26 28 28 29 31 30 28 26 26 25 24 23 23 24 24 23 23 31 40 49 58 61 60 60 58 58 58 57 60 66 71 74 76 73 74 74 74 75 75 75 76 76 75 75 74 76 77 77 76 78 77 76 75 75 77 77 77 80 80 79 77 73 66 55 44 30 24 19 18 21 24 24 22 22 24 22 23 24 23 24 23 23 23
33 27 24 26 28 28 28 28 28 28 29 31 31 28 27 26 24 25 25 24 23 22 23 24 20 27 32 42 50 56 63 64 61 65 66 67 69 71 73 73 73 74 73 73 75 74 73 75 77 77 76 76 76 77 76 75 77 78 77 76 78 81 80 77 73 65 58 50 41 33 25 19 16 18 21 22 22 23 22 20 22 25 21 21 21 20 23 23 23 23
54 44 35 31 28 25 25 26 25 24 25 26 26 24 23 24 24 25 25 25 25 24 22 22 23 25 23 25 28 33 43 45 51 57 61 61 62 66 69 71 74 75 74 74 75 74 72 74 73 74 73 72 71 70 68 67 67 69 68 64 63 62 56 47 41 30 22 19 16 15 18 21 26 23 23 24 23 21 22 23 21 25 22 23 25 23 25 23 23 23
49 51 49 43 36 33 30 27 28 25 26 24 23 25 24 25 25 24 24 24 24 24 23 22 23 24 23 21 22 25 27 28 33 36 38 43 46 49 57 59 61 62 64 67 69 68 67 67 66 64 63 63 61 59 57 54 53 48 44 41 35 28 24 23 21 21 20 21 22 22 21 22 23 23 22 22 23 23 22 23 23 23 23 24 23 24 24 23 22 23
43 46 47 43 40 39 37 35 31 28 28 26 24 25 23 24 24 24 24 25 24 24 23 21 23 24 23 22 23 25 27 27 25 27 27 29 29 30 36 37 40 41 43 46 49 48 47 48 47 44 43 43 42 40 37 35 27 23 22 23 22 19 20 21 21 21 21 21 22 21 21 21 23 23 22 22 23 23 22 23 23 23 23 24 23 24 24 23 22 23
