212 220 226 229 220 222 212 142 45 50 52 44 43 49 51 57 45 43 38 31 38 44 55 56 71 87 111 128 148 152 160 167 163 167 168 170 171 172 175 174 175 176 175 174 174 175 175 174 174 172 170 170 162 158 164 161 162 155 157 156 151 137 135 136 116 104 89 89 62 50 57 51 57 51 37 45 30 22 17 8 20 12 40 33 21 29 34 29 25 40
231 225 217 199 200 204 122 66 57 44 50 35 53 52 56 52 40 47 26 31 34 28 68 78 75 95 116 145 159 166 161 166 170 174 174 176 176 177 180 178 178 179 179 176 176 177 178 177 176 171 170 172 169 161 160 168 166 165 165 162 161 149 149 140 118 128 91 97 76 68 60 48 53 41 50 42 22 31 25 27 26 13 32 27 10 25 40 45 23 30
216 226 220 216 152 169 93 53 42 53 43 48 59 51 45 44 40 40 27 48 44 76 64 63 83 116 144 157 159 166 170 176 173 177 178 180 181 182 185 184 180 182 182 179 178 180 181 181 183 180 182 182 181 171 160 168 168 168 165 164 164 153 154 142 148 108 114 110 87 69 71 43 55 47 39 40 38 33 30 28 14 14 15 34 32 23 28 36 34 31
224 223 206 174 210 120 57 32 42 53 29 52 53 60 40 45 38 39 38 33 41 58 76 69 116 148 158 168 157 173 169 175 177 181 182 183 184 185 187 186 184 183 182 182 181 182 183 184 185 185 183 178 178 178 174 176 169 166 162 166 164 160 158 153 153 123 137 99 102 72 66 69 49 52 49 44 41 36 36 21 20 18 10 24 38 28 23 40 36 34
214 157 197 175 161 36 35 36 50 30 40 53 51 60 45 55 38 24 43 48 57 68 55 97 137 150 163 168 176 178 181 183 185 189 188 189 188 187 189 187 188 184 183 185 185 183 184 186 186 189 189 187 182 180 177 166 174 169 167 170 163 166 157 157 153 147 129 126 128 94 61 63 65 48 52 28 29 33 21 41 17 27 15 22 34 19 32 27 27 26
162 223 179 194 52 33 30 42 59 32 48 54 61 50 40 36 40 40 45 39 53 67 66 123 145 159 166 174 174 181 181 187 188 192 192 193 192 190 191 189 190 187 186 189 189 185 185 187 189 188 185 188 184 183 187 178 175 173 173 171 161 169 155 155 152 146 128 132 121 119 100 51 55 48 55 43 45 51 45 40 13 15 14 11 32 23 32 35 34 24
210 204 195 86 29 36 37 38 32 40 45 50 50 39 52 47 42 44 36 59 68 58 87 134 149 159 166 165 177 185 189 189 187 191 192 194 194 193 193 191 188 189 190 191 190 188 188 189 189 188 188 190 188 184 180 177 176 174 175 173 169 172 165 163 160 164 159 145 144 124 111 81 54 45 47 61 35 22 48 19 32 22 12 15 41 17 22 25 43 32
213 218 143 32 29 34 31 47 27 48 51 48 35 40 56 36 34 44 38 68 60 54 118 141 154 163 166 173 177 184 185 191 188 193 194 196 195 194 194 191 185 190 193 191 190 190 190 190 191 190 188 184 187 188 182 186 186 178 177 176 175 167 167 165 156 159 157 151 140 129 130 110 66 67 61 59 46 39 49 43 46 17 12 13 30 17 23 22 37 40
207 195 65 42 25 37 40 43 41 34 50 37 32 50 46 43 44 37 53 65 50 70 122 148 157 165 168 178 184 182 186 190 191 193 194 196 195 193 193 187 195 193 191 191 191 191 190 189 190 189 191 190 185 184 185 182 179 180 175 174 172 177 172 167 167 162 159 156 147 144 134 136 92 72 65 51 52 50 38 35 26 19 21 12 13 18 18 21 38 34
197 123 27 20 28 31 36 24 55 57 63 38 37 47 51 44 43 45 54 62 40 92 144 144 161 166 169 176 182 183 187 190 191 199 195 194 197 193 190 193 194 193 191 192 192 191 189 188 193 190 189 188 187 186 183 178 177 178 177 176 173 175 174 173 166 166 165 159 148 142 135 135 120 77 64 57 56 44 41 49 28 42 29 15 19 21 19 21 32 33
178 40 22 27 26 37 51 54 50 50 49 25 51 38 41 54 45 44 53 68 48 125 141 150 163 165 173 177 181 187 190 191 192 195 194 194 193 190 193 193 192 192 192 192 192 191 189 189 190 192 190 187 186 185 182 180 178 177 177 175 174 171 171 171 171 168 162 158 159 153 140 124 125 110 75 59 54 56 48 45 47 31 14 25 20 26 22 22 28 27
138 37 22 28 28 30 32 43 49 52 38 35 52 56 41 57 45 49 59 37 70 141 148 160 160 162 173 176 178 185 186 186 191 190 190 192 190 189 194 192 192 191 191 192 192 191 190 190 187 192 190 186 185 185 183 184 185 181 180 176 179 175 174 170 170 170 165 161 162 155 149 135 131 120 76 67 65 52 49 53 41 37 31 17 18 32 25 21 27 27
49 28 23 31 35 43 35 37 61 47 37 42 42 54 57 54 46 61 58 24 96 139 152 158 165 167 179 180 179 186 187 187 188 192 187 187 193 191 189 192 194 193 192 192 192 191 190 190 189 192 189 185 187 187 185 185 186 183 182 178 182 180 178 172 169 170 167 162 160 153 157 154 131 124 102 65 60 51 56 39 37 34 29 30 18 31 21 27 26 33
30 36 22 17 34 43 34 44 52 34 45 43 51 41 64 44 49 58 54 54 125 148 150 160 163 167 176 177 178 183 186 187 188 191 188 189 193 193 191 189 196 194 193 192 192 191 190 190 192 193 192 189 188 187 187 188 186 186 185 181 182 180 179 175 174 171 167 164 163 157 155 152 149 123 112 75 59 47 40 46 39 41 19 24 18 34 25 25 24 29
23 33 33 41 39 29 44 47 59 45 52 41 40 51 63 53 42 45 44 64 133 147 155 159 164 171 176 180 183 185 188 190 188 190 192 193 191 193 196 189 195 193 191 192 193 193 192 192 194 193 195 195 191 189 190 192 192 191 189 188 184 183 181 180 176 174 173 171 164 159 151 149 147 142 122 75 46 65 48 47 56 41 36 27 19 21 33 23 32 32
21 25 32 29 41 36 29 44 58 27 51 49 40 53 45 49 54 63 39 90 143 149 160 159 165 174 176 182 186 184 186 186 185 196 195 193 195 195 195 195 191 190 190 191 194 195 196 196 197 191 192 196 196 195 195 192 194 191 186 189 185 185 181 183 181 177 173 170 165 166 155 152 150 142 130 101 59 66 50 32 54 46 36 35 22 28 18 29 26 28
28 27 31 40 29 42 34 53 46 31 35 48 52 58 56 52 53 54 48 122 145 156 157 163 166 175 181 182 181 195 187 189 192 200 197 196 195 197 193 196 196 194 197 194 195 199 197 200 201 197 196 199 202 200 199 196 201 191 193 194 190 190 185 183 180 189 171 176 165 164 162 154 148 147 138 104 76 54 49 46 52 48 51 29 30 28 23 41 22 28
26 20 38 49 27 43 43 62 30 45 43 41 41 51 63 55 67 43 63 146 148 158 162 164 171 173 182 183 181 190 190 197 203 209 204 201 200 200 195 197 196 199 195 197 197 197 203 203 204 196 208 199 198 201 204 202 201 198 202 195 187 191 188 186 187 180 183 174 175 167 160 156 156 141 141 117 88 54 45 43 48 45 47 30 33 31 22 42 24 27
35 24 38 28 30 42 47 43 27 43 36 49 46 58 53 43 54 38 85 154 152 161 164 169 175 177 182 188 189 188 198 197 202 208 206 203 201 202 200 203 199 203 199 199 197 196 203 203 201 201 201 202 205 201 200 203 207 202 200 200 193 187 190 189 190 182 177 179 174 165 164 162 151 150 143 130 97 53 55 53 38 52 44 31 37 30 32 40 22 22
43 35 34 20 25 32 64 37 28 50 52 34 58 71 54 50 47 56 113 159 165 162 170 170 173 179 185 188 191 189 200 194 201 205 204 202 201 202 201 202 198 197 201 198 198 202 201 205 199 199 198 196 189 200 191 205 203 201 190 196 199 192 197 185 186 183 190 177 176 172 171 158 153 149 142 129 107 78 58 60 46 53 44 31 41 35 28 33 28 30
41 43 40 26 36 45 34 30 44 43 46 32 55 73 53 48 52 49 144 163 170 175 168 178 182 182 189 181 195 200 187 194 201 202 201 200 203 203 202 201 199 198 202 199 199 201 198 200 198 199 186 190 175 188 187 165 159 165 171 181 189 184 186 177 179 173 169 184 180 173 175 170 166 156 147 139 120 80 57 40 42 60 40 52 43 26 31 39 30 34
52 57 26 27 43 52 54 36 32 39 41 45 44 71 60 53 42 75 154 172 177 172 177 178 175 185 184 196 195 189 195 194 194 197 201 199 199 197 201 202 201 204 200 201 200 196 196 191 195 188 187 184 180 185 166 146 151 142 143 134 149 160 151 140 158 148 173 159 176 179 172 165 162 161 149 146 130 79 76 34 40 62 52 66 38 36 35 48 26 29
49 65 26 23 46 48 47 37 54 50 41 45 59 59 52 59 25 109 162 177 180 179 176 181 185 177 156 151 163 179 164 181 188 190 196 194 192 189 195 198 197 200 197 199 199 196 197 192 188 187 186 184 186 177 164 174 172 152 152 148 148 133 125 134 124 120 136 136 149 162 168 179 166 161 156 142 133 97 71 39 52 70 52 61 40 42 50 32 34 28
46 55 17 31 45 52 44 42 45 37 44 48 39 50 60 54 34 138 165 178 166 163 142 145 121 117 124 154 129 150 171 147 181 179 183 184 191 194 198 196 198 196 200 196 195 197 192 193 191 181 183 182 181 183 157 176 160 158 139 120 136 152 161 143 157 160 172 167 153 136 123 129 148 155 150 146 140 105 67 65 53 60 55 50 38 37 56 33 38 26
53 45 19 39 54 53 32 27 48 47 32 48 58 44 53 29 48 158 166 151 137 92 106 90 119 131 132 141 165 149 149 169 173 185 183 188 194 190 194 191 194 195 196 196 193 190 188 188 190 181 189 192 179 179 179 181 178 166 177 164 176 192 196 198 196 196 200 187 183 171 161 153 145 124 129 144 133 111 75 64 54 56 46 42 51 35 50 41 43 25
60 45 21 50 42 54 46 39 43 46 32 44 51 37 44 22 72 157 116 94 98 121 111 115 124 135 143 142 159 158 157 169 176 182 181 187 186 186 190 191 192 193 195 195 194 191 190 189 186 187 184 186 184 184 184 185 184 186 187 193 192 189 193 196 193 197 202 201 198 195 195 186 168 147 112 103 129 112 81 62 52 56 48 45 50 36 53 49 37 25
64 51 23 58 46 41 58 43 43 46 37 54 35 43 39 20 89 70 110 136 127 125 115 126 164 145 155 145 166 169 160 159 163 176 174 182 186 193 185 191 190 192 194 194 193 191 189 188 184 186 178 182 182 181 184 186 189 186 187 186 182 185 183 189 190 187 188 197 194 191 192 187 188 174 164 157 118 121 89 70 57 56 41 49 43 42 50 44 34 28
61 49 31 46 53 60 55 38 47 48 33 49 25 32 19 27 76 95 124 160 190 189 189 191 190 186 182 177 165 162 168 165 162 156 167 175 183 184 184 187 189 192 194 193 191 190 187 184 181 179 177 182 181 185 186 179 178 158 153 178 180 186 182 176 161 175 176 181 187 185 189 184 180 177 171 160 153 126 102 74 58 62 37 42 47 44 36 37 40 40
57 51 33 50 54 58 41 36 42 32 59 38 18 47 20 29 115 170 171 185 176 184 179 180 181 173 174 173 161 154 157 160 157 165 162 161 169 181 175 185 187 191 194 193 191 189 186 182 177 177 179 181 181 186 173 162 168 182 181 176 156 151 156 140 153 149 168 158 171 181 187 180 184 181 172 169 154 133 111 83 51 42 39 44 41 40 49 41 35 38
48 48 35 50 56 43 43 39 36 38 42 43 40 36 20 41 125 160 172 168 179 166 172 159 147 138 130 144 152 154 141 135 143 151 156 158 156 175 176 177 183 190 194 194 191 189 185 180 176 179 177 177 179 172 156 164 174 171 158 140 130 97 118 77 121 157 138 142 147 167 165 174 177 171 177 168 159 144 121 85 55 44 39 46 29 36 42 39 34 41
56 48 55 39 55 50 35 31 43 38 27 34 32 22 16 39 130 159 164 168 160 148 116 125 74 112 96 131 135 133 141 145 140 135 144 140 165 155 166 175 178 187 193 192 189 186 180 174 173 176 169 171 174 164 157 174 155 162 120 94 92 83 86 91 76 68 126 129 130 156 153 172 167 170 167 165 158 142 135 83 63 43 35 41 21 36 47 44 36 45
44 40 54 50 64 51 32 57 43 34 29 30 46 24 12 42 114 149 153 151 134 83 98 93 55 67 91 104 123 78 90 132 159 151 139 133 144 157 167 170 175 185 192 190 186 181 175 167 171 175 164 163 163 163 160 155 163 104 201 93 91 40 45 82 89 174 72 53 116 127 158 164 160 167 167 165 152 148 136 99 77 58 45 26 30 26 40 47 36 45
39 46 56 52 61 34 26 45 46 40 37 31 40 31 19 41 102 140 153 121 81 56 53 103 199 214 120 86 65 64 85 101 127 163 145 158 135 147 158 163 171 184 189 188 183 180 170 167 169 166 158 165 172 165 163 141 155 207 207 95 145 41 152 81 82 183 178 116 86 94 136 159 168 164 162 158 153 149 136 116 87 61 45 24 34 29 38 41 33 38
39 45 57 65 52 33 34 49 50 37 28 39 22 16 24 38 86 138 146 89 77 67 110 187 213 201 98 80 46 29 84 102 196 140 159 143 163 142 148 159 166 180 186 185 176 171 163 160 167 163 158 172 182 175 138 182 215 216 213 93 106 33 57 74 101 181 193 138 155 133 123 150 161 161 163 160 155 152 141 123 95 57 55 21 33 38 30 36 29 33
41 38 56 61 44 37 26 50 40 35 22 35 27 22 18 52 90 127 142 130 103 101 156 170 208 189 88 72 174 43 128 119 190 203 144 165 157 148 147 155 160 175 185 184 171 167 163 161 166 156 162 170 195 168 187 190 210 220 222 120 105 65 71 100 109 189 158 150 138 141 155 166 158 160 163 162 157 153 144 130 107 63 52 17 26 23 27 35 35 36
45 39 60 60 44 39 35 56 44 23 26 42 28 27 32 54 92 131 129 120 115 118 135 164 197 202 92 96 45 24 93 110 206 208 176 160 173 142 146 157 163 175 186 184 168 163 161 159 167 161 169 172 176 148 138 176 155 196 218 214 100 97 94 107 159 140 141 159 142 138 166 175 163 161 162 162 157 152 143 134 116 69 47 24 34 16 29 36 31 28
28 38 58 71 40 23 48 48 40 34 26 29 37 21 36 65 97 133 144 135 123 105 119 132 165 205 198 94 95 101 107 163 144 139 152 129 159 153 145 161 162 173 181 179 163 159 158 157 165 159 170 177 196 193 169 163 148 170 150 155 162 145 151 162 164 169 160 147 150 162 168 170 171 164 160 159 157 151 143 137 122 66 43 22 33 23 24 34 38 30
34 52 56 63 30 17 55 57 39 32 35 21 34 15 36 76 114 148 145 141 129 104 136 134 148 128 138 148 131 152 145 162 159 157 158 180 162 149 151 151 161 170 176 174 162 159 157 158 164 160 167 171 173 175 171 169 162 166 164 158 162 164 153 156 165 168 170 163 164 165 169 174 175 167 159 157 157 152 144 140 127 84 52 26 29 29 24 32 37 24
31 55 57 55 39 23 54 51 44 29 44 23 28 17 38 88 118 151 149 140 139 126 131 148 160 148 170 158 166 158 160 159 156 156 160 164 160 149 146 153 164 173 175 171 161 156 153 155 165 161 166 174 179 177 179 166 159 169 171 172 180 177 181 184 178 174 166 167 172 177 177 169 171 169 162 156 155 153 145 138 121 102 59 34 25 25 22 23 41 25
34 53 48 42 35 15 71 52 41 31 36 23 29 20 50 105 141 147 150 149 145 140 149 153 161 166 166 169 176 169 160 153 147 156 158 163 151 153 153 151 159 170 171 168 160 155 151 155 159 166 172 172 175 180 181 180 177 164 165 166 165 166 172 168 175 177 184 185 181 175 176 173 166 170 165 156 154 153 145 135 126 113 59 34 20 27 24 28 43 24
34 47 46 49 32 21 52 42 29 31 26 23 26 25 63 127 141 148 152 157 157 154 155 153 159 161 160 163 159 156 153 159 168 165 162 161 158 145 150 151 174 176 175 171 158 149 153 152 158 163 168 173 178 179 185 195 191 188 183 178 180 177 181 179 181 181 179 181 179 177 177 173 170 168 168 164 160 152 145 136 128 122 60 41 17 24 21 25 33 22
30 46 58 36 29 30 52 50 29 27 25 26 34 33 77 131 153 152 149 155 160 162 163 159 165 166 163 161 168 174 172 167 165 168 165 158 155 151 152 150 172 175 172 166 157 152 155 155 159 162 167 170 174 180 186 187 189 191 186 187 182 182 182 182 180 178 181 180 179 179 176 173 172 169 168 162 160 153 148 142 130 120 73 38 21 19 22 30 27 23
37 44 59 33 20 53 57 31 29 23 26 26 31 36 99 142 145 150 155 160 162 161 165 167 165 170 174 171 174 171 173 172 163 164 160 156 153 151 146 153 174 179 173 163 157 153 155 156 158 166 165 167 176 180 180 185 179 185 187 193 189 186 180 177 184 179 179 174 172 176 175 177 172 172 170 164 163 156 151 147 126 129 76 53 22 22 26 37 28 24
29 43 51 28 22 60 53 31 32 19 27 27 25 45 122 147 150 149 149 154 158 162 165 166 169 169 171 171 174 170 168 167 166 165 160 157 154 151 146 161 178 183 175 163 157 153 153 159 163 161 168 175 175 176 182 184 179 180 183 184 189 185 187 183 178 177 177 175 172 173 172 171 171 172 173 168 167 158 150 145 138 125 100 46 32 18 30 40 34 23
32 35 47 22 26 52 48 36 34 15 27 31 23 64 137 141 148 149 154 159 163 164 160 158 168 169 164 165 169 175 172 170 166 167 162 156 152 152 151 167 178 182 175 163 158 153 152 162 161 167 168 173 182 180 179 187 183 183 183 180 182 177 181 179 172 177 175 177 174 171 175 169 172 173 174 169 166 157 150 144 141 134 93 54 25 21 34 41 36 24
44 37 49 23 24 53 43 26 33 15 25 32 19 81 139 137 148 155 163 160 156 159 164 171 165 169 168 171 169 171 170 175 168 165 160 156 152 149 154 174 180 183 176 164 158 153 152 163 164 165 170 175 180 186 187 183 180 185 183 184 176 174 173 175 173 180 175 179 177 174 182 175 178 174 174 168 163 156 154 148 142 131 98 60 19 30 28 37 31 25
36 50 48 22 26 46 34 29 33 20 22 29 17 96 135 141 147 154 164 163 164 169 167 167 170 171 172 176 176 172 168 170 171 165 159 159 156 149 162 180 182 183 177 163 156 153 152 161 165 170 171 174 183 187 185 186 182 185 181 183 178 179 182 184 172 180 181 185 183 179 182 175 180 173 174 169 162 158 158 151 145 137 105 68 19 27 29 29 29 23
43 47 40 22 28 26 37 28 35 24 19 29 24 112 131 144 151 156 163 162 165 172 168 164 170 176 180 174 176 175 175 172 167 165 160 154 153 151 168 178 180 181 176 161 154 154 153 159 169 169 173 179 183 183 185 189 187 186 185 183 186 180 180 175 178 181 182 181 178 178 180 177 177 170 173 170 163 159 160 150 145 133 109 66 16 29 35 38 38 25
55 40 38 37 36 39 27 31 30 25 16 23 21 121 138 150 153 154 161 163 166 170 169 175 177 179 179 178 181 174 173 176 167 168 162 158 147 160 172 181 182 177 169 160 153 152 153 155 162 172 177 181 184 187 186 188 189 187 188 181 183 182 186 181 179 179 183 183 179 182 184 177 171 172 171 167 165 156 155 147 140 135 112 70 18 28 49 36 38 28
55 46 38 26 39 46 33 25 38 22 23 17 26 127 136 140 152 154 159 163 167 171 172 176 181 177 183 180 175 179 184 173 168 170 164 155 154 171 180 180 173 171 168 161 153 147 148 153 156 162 174 185 187 189 190 190 191 189 191 192 192 188 186 181 180 182 184 182 178 180 181 177 174 174 171 165 162 152 151 144 140 138 113 68 21 30 47 39 38 24
62 44 34 28 38 39 31 19 38 22 27 18 29 134 141 140 152 157 159 164 169 171 175 177 177 184 182 175 184 185 181 177 177 171 162 158 166 176 181 180 178 175 171 167 159 149 145 147 150 149 164 181 188 191 195 193 196 191 190 195 193 190 185 183 184 184 183 180 179 180 180 177 175 174 170 164 160 152 150 145 140 135 109 60 19 33 41 34 45 31
46 44 31 23 38 38 27 21 24 20 20 24 20 130 142 144 153 160 161 166 170 171 176 177 180 179 182 184 188 184 180 174 172 163 154 159 173 180 179 181 184 182 178 174 165 155 148 145 149 145 153 169 185 192 196 196 202 197 192 199 193 193 188 188 187 185 181 178 181 183 179 175 174 173 169 164 158 152 148 145 144 126 111 54 15 43 46 29 39 21
50 29 27 32 44 32 28 21 19 19 20 33 20 134 146 150 154 162 163 167 170 171 177 178 182 180 184 187 190 181 174 170 164 162 155 167 179 190 185 186 184 186 186 179 169 160 153 148 151 151 151 157 179 188 193 197 199 199 196 201 193 195 188 187 190 189 185 183 185 186 182 179 174 172 168 164 157 150 144 141 137 134 112 36 24 53 37 39 48 21
49 35 35 24 49 38 30 15 17 10 17 29 20 135 145 147 156 163 166 168 171 173 178 180 184 180 186 186 182 176 172 162 157 156 154 171 181 192 190 193 191 193 191 183 174 167 158 151 156 160 155 150 171 181 189 195 196 198 196 199 191 194 189 188 185 186 186 183 181 179 178 176 172 169 167 163 155 151 141 139 138 128 112 33 23 49 40 42 44 20
51 26 34 34 44 34 30 20 20 14 18 29 17 131 147 147 158 163 167 168 171 176 177 180 179 185 182 176 182 172 162 161 161 156 155 169 179 192 197 202 193 190 184 178 174 170 164 158 164 164 158 148 165 178 189 192 197 197 195 197 192 195 193 193 190 189 190 188 183 182 181 177 171 167 164 161 154 151 140 140 138 127 102 29 34 46 44 54 31 16
46 30 37 39 32 29 20 23 19 24 17 29 6 116 144 143 159 161 166 165 170 177 175 178 181 177 180 180 177 170 166 158 163 158 153 150 158 175 186 183 181 177 171 168 166 167 169 171 173 166 158 147 164 180 193 191 193 192 191 195 192 193 192 192 190 185 186 186 182 182 180 173 171 166 162 159 151 149 138 137 133 121 86 22 43 45 47 64 37 26
33 26 35 57 27 36 22 27 15 23 22 27 9 90 139 143 157 162 165 168 172 175 175 176 179 180 177 176 176 171 163 162 167 154 157 150 158 162 174 186 173 164 159 156 160 168 172 178 173 164 154 153 170 181 189 192 193 191 192 193 192 190 189 190 188 186 185 186 184 182 179 175 170 165 160 154 150 146 140 133 132 117 74 17 63 48 45 60 35 29
36 28 27 55 33 34 23 34 13 18 29 22 10 60 135 141 149 158 164 167 169 173 176 178 177 181 183 181 174 166 165 169 163 163 150 129 137 169 172 171 166 169 150 128 116 123 149 158 164 160 155 161 174 185 189 190 193 192 191 190 189 187 187 187 186 183 182 182 180 178 176 172 169 161 157 155 150 141 134 131 127 121 64 23 68 48 37 60 33 35
27 32 22 61 45 33 28 38 13 12 30 21 14 36 140 145 146 154 160 164 169 173 174 175 179 177 177 177 173 170 170 170 165 165 159 163 154 160 167 165 167 151 152 157 162 160 151 156 166 171 176 186 187 192 191 191 192 192 192 191 190 190 190 189 187 184 183 183 181 179 176 172 171 164 157 149 143 139 137 135 129 115 48 30 58 59 34 45 27 38
25 29 23 51 34 23 21 40 14 15 31 31 14 17 132 134 144 149 155 162 168 171 172 173 176 175 175 173 169 170 173 172 166 166 166 165 170 167 156 159 160 155 152 160 166 167 174 179 183 185 189 192 186 188 191 193 186 189 190 189 188 188 187 186 185 183 183 183 180 177 173 168 164 162 159 152 145 142 138 132 129 101 39 46 50 68 36 38 20 38
29 22 37 52 38 31 20 46 11 16 27 31 8 9 125 140 138 143 152 160 165 166 169 176 177 177 177 172 167 170 172 167 165 169 163 164 165 171 175 154 145 153 160 170 177 181 185 182 190 186 187 186 186 187 190 188 187 189 190 188 186 185 184 182 184 182 181 180 177 174 171 166 167 158 152 148 142 136 136 138 125 88 38 64 57 57 37 37 25 42
33 23 29 39 35 24 25 46 19 19 25 27 9 10 97 139 139 142 148 157 163 164 167 174 176 175 173 169 169 172 171 164 165 170 172 172 173 178 167 173 166 164 175 178 179 181 180 191 186 185 189 188 191 188 189 186 190 191 190 188 186 185 185 184 185 182 181 179 175 173 171 167 160 157 154 152 145 139 135 132 126 72 35 69 60 54 59 35 31 41
28 32 33 33 40 24 25 32 12 14 22 28 18 21 54 133 143 145 147 152 160 163 165 167 169 170 167 164 165 167 169 170 171 169 171 176 174 177 177 176 172 176 174 183 188 186 191 188 188 189 189 186 186 185 187 189 188 187 186 185 184 183 183 184 182 180 178 177 173 170 168 164 162 160 154 147 142 141 138 133 121 56 36 73 56 61 73 36 31 33
23 33 47 25 42 40 27 37 23 25 28 32 16 23 18 134 141 146 149 150 155 160 164 166 173 165 154 155 164 169 168 169 172 169 181 175 182 180 181 188 189 184 185 187 189 189 187 190 190 192 188 189 188 189 184 186 186 185 185 185 185 182 181 181 180 179 179 178 175 171 167 163 162 155 151 150 145 139 135 133 111 52 45 78 46 51 45 31 34 29
24 45 50 22 37 35 26 33 24 22 32 35 27 19 12 119 140 147 152 150 152 162 163 170 176 169 162 159 162 164 164 170 170 169 174 171 173 183 185 190 187 183 190 187 190 186 189 188 189 190 188 184 186 186 178 185 185 178 182 182 182 180 184 180 180 177 177 176 171 165 164 164 161 155 152 148 148 140 136 132 94 43 56 68 48 47 43 38 32 23
17 39 59 22 42 26 20 35 34 39 35 34 33 24 6 95 135 147 150 156 151 160 167 170 179 177 174 166 157 159 166 166 163 170 167 175 176 178 182 187 186 184 187 182 184 183 187 188 188 181 184 189 182 181 182 178 180 181 175 174 184 183 178 180 177 174 173 173 169 166 164 162 159 156 153 148 145 138 134 122 84 29 55 56 44 52 37 29 36 25
18 44 58 23 41 32 23 37 32 27 45 32 44 10 6 52 122 146 154 156 156 161 168 172 181 189 181 177 168 139 133 154 159 153 161 161 155 160 175 179 183 185 185 181 181 181 180 177 181 186 175 179 181 176 173 179 171 172 173 177 178 180 180 181 178 175 173 171 168 166 164 160 159 156 152 149 145 137 135 115 63 39 66 56 68 45 37 24 47 35
17 41 48 27 34 30 24 39 35 32 45 34 32 17 11 14 115 138 154 152 157 159 166 172 187 182 181 181 168 167 160 122 118 128 127 132 146 141 149 146 149 158 158 156 158 161 162 162 165 170 176 170 175 172 171 162 165 162 159 169 177 183 180 180 179 177 174 170 167 167 164 159 161 156 150 150 144 136 134 108 48 49 66 45 71 44 34 16 25 23
34 29 43 34 43 38 25 42 36 40 47 41 27 23 13 7 97 133 147 153 152 154 165 169 177 182 181 183 178 173 171 154 126 115 124 107 110 106 112 122 134 146 141 134 128 120 116 115 122 128 139 137 145 132 138 139 123 118 138 172 179 182 182 179 177 176 174 169 166 166 164 160 160 156 150 147 141 134 127 90 41 73 63 50 47 33 44 27 35 36
48 29 44 35 35 47 20 40 39 37 59 38 31 23 24 5 45 133 146 152 152 156 162 168 173 186 183 178 176 171 170 167 143 125 129 134 111 112 130 132 140 146 136 130 135 127 122 121 128 119 114 129 127 146 137 137 151 175 177 170 175 183 180 180 177 176 174 169 164 164 163 159 155 156 152 145 140 135 118 72 50 68 59 46 41 36 25 28 23 31
48 42 53 39 29 51 26 47 49 45 61 36 27 33 27 5 9 110 142 148 155 158 157 166 170 180 182 178 175 173 170 168 157 132 137 117 147 137 153 151 169 165 146 137 148 139 139 141 149 161 124 167 159 144 153 173 177 179 180 178 180 179 180 181 178 176 173 169 164 162 161 159 155 153 151 143 139 132 106 59 49 63 55 51 50 28 13 26 22 24
44 39 43 33 43 53 36 42 38 40 59 50 38 22 7 25 15 72 130 144 154 154 154 161 165 171 178 175 173 174 170 168 165 158 136 128 151 161 174 175 181 184 174 169 181 166 167 172 171 162 162 149 150 159 164 166 172 178 185 178 177 180 183 174 176 173 170 167 164 163 162 160 159 150 147 142 138 124 92 50 52 55 46 49 40 36 17 21 26 23
41 38 31 30 31 42 38 39 32 42 58 46 43 31 16 15 13 6 126 134 149 151 150 159 164 170 173 171 172 173 172 171 166 165 158 154 148 144 150 153 159 170 171 154 173 149 152 163 149 143 155 165 165 161 171 175 183 183 180 180 176 178 176 176 175 173 170 165 162 160 158 156 152 153 150 140 134 114 63 47 56 55 43 46 40 32 35 22 42 22
35 46 36 37 42 21 31 35 39 45 67 41 50 40 23 16 13 4 64 132 144 153 152 153 160 166 169 169 171 172 172 172 175 171 163 163 163 162 163 160 162 169 164 158 161 151 150 158 168 165 166 168 168 175 181 179 183 183 180 180 176 178 175 175 170 170 168 165 162 160 159 157 152 150 143 140 126 101 62 46 60 73 57 40 33 25 24 20 33 19
40 43 32 49 41 27 45 38 43 46 68 43 53 43 18 16 18 3 11 115 134 144 149 156 158 163 167 168 170 170 171 172 171 172 169 169 169 169 169 166 165 170 169 175 173 174 174 176 173 172 169 173 174 181 180 180 180 181 180 180 176 176 172 171 170 169 167 164 161 159 157 156 151 145 143 132 113 68 37 48 52 59 39 42 25 19 6 28 22 16
45 48 46 38 41 23 39 35 40 50 65 48 51 46 14 18 16 11 3 24 125 140 140 147 155 159 164 167 169 169 169 172 168 173 176 174 172 172 174 174 168 170 171 172 172 170 171 167 173 175 175 179 181 183 180 183 181 183 183 183 180 177 173 170 170 168 165 162 159 158 155 153 143 142 135 124 100 66 47 59 54 55 51 43 34 23 19 32 22 19
45 38 41 30 44 35 42 28 34 55 60 43 46 50 16 17 9 14 8 6 76 127 141 145 149 154 159 163 167 167 168 171 170 173 177 176 176 179 179 179 177 179 177 174 178 175 180 179 178 183 183 178 183 183 184 185 182 183 184 182 180 176 173 170 167 165 162 160 159 157 152 147 144 138 124 117 68 47 48 53 55 57 56 33 29 16 23 29 21 14
46 39 43 40 34 29 44 28 44 61 62 39 51 51 20 21 7 7 15 5 8 106 132 137 145 151 157 161 164 166 166 168 169 170 174 175 178 182 182 183 185 188 183 182 182 179 179 180 185 184 183 180 186 183 183 185 183 182 181 178 178 174 173 171 166 164 161 160 158 154 146 140 140 129 126 92 50 42 48 58 61 56 41 27 29 10 21 35 22 10
49 41 43 28 41 29 44 30 44 56 61 32 49 45 12 20 13 17 6 14 6 9 118 129 138 146 152 155 159 162 163 164 168 169 175 177 180 184 184 187 188 189 188 193 191 189 187 186 189 186 185 187 189 184 183 186 185 183 182 178 179 174 173 169 165 163 159 156 153 148 140 134 133 123 109 59 47 53 51 48 63 55 41 29 35 10 31 30 19 4
51 41 49 37 35 38 49 33 42 60 70 34 49 54 16 26 9 5 14 3 13 10 11 122 127 136 144 148 153 158 160 161 167 167 173 177 181 185 183 186 190 186 189 192 192 188 191 186 189 192 190 187 182 185 184 184 181 179 180 176 177 171 168 162 162 159 155 150 146 142 138 134 126 113 70 65 49 47 53 49 57 51 40 51 35 15 37 31 20 5
37 42 39 41 37 44 47 41 40 61 67 33 46 47 21 26 11 5 18 8 5 15 9 19 120 130 135 144 148 152 157 162 162 169 172 175 177 182 187 184 192 189 189 192 193 192 190 189 188 188 188 187 186 185 183 182 180 179 178 174 171 172 168 160 158 153 151 149 143 134 136 127 113 81 54 54 59 55 58 48 49 50 30 40 18 15 37 24 18 5
50 35 37 44 31 39 49 38 36 72 68 41 50 48 21 29 12 3 15 15 2 5 11 11 11 115 130 139 146 148 148 158 159 170 163 171 179 175 184 187 191 190 190 192 194 193 192 191 190 189 187 185 183 181 179 178 176 173 173 173 170 165 161 157 150 151 146 135 131 132 128 107 81 49 56 59 56 52 59 64 54 42 42 34 19 27 21 29 7 3
61 29 29 44 31 38 47 38 37 66 51 40 42 57 21 20 11 15 4 4 11 9 9 5 9 15 113 125 136 142 148 152 157 156 163 171 174 179 186 190 192 191 191 191 191 192 192 192 189 187 185 184 182 180 178 178 176 172 169 167 163 158 155 152 148 143 137 131 129 121 106 79 55 49 60 68 58 52 56 72 57 56 37 23 17 31 32 17 6 8
74 45 35 47 41 46 40 36 46 54 62 48 38 58 29 16 11 10 7 22 21 3 7 12 8 9 8 77 125 136 137 145 152 150 166 169 168 180 184 185 189 190 189 186 185 187 189 188 187 184 182 182 181 178 177 176 169 168 167 163 158 154 148 141 135 133 128 116 108 94 75 50 54 62 74 60 61 50 56 57 43 46 44 21 19 32 20 16 1 11
55 44 37 39 38 52 39 34 50 40 63 44 45 56 41 10 9 12 9 12 15 11 10 7 10 12 9 8 27 121 129 135 140 152 156 162 170 174 179 182 186 188 188 186 185 187 188 187 184 182 180 179 177 174 171 169 165 162 158 153 149 146 140 133 134 121 115 107 91 67 59 61 72 76 76 61 40 60 46 40 38 51 34 20 32 36 30 15 6 33
45 41 45 36 32 46 37 28 45 42 54 40 38 47 40 14 12 3 9 13 10 12 12 11 9 7 14 6 9 11 81 126 134 144 150 159 167 170 174 180 175 179 182 182 182 183 183 181 182 182 180 178 175 172 168 164 164 156 151 148 141 133 127 123 112 105 98 82 73 67 68 71 84 90 72 61 51 66 61 53 38 39 37 19 18 26 27 11 3 40
43 27 39 30 36 36 33 31 60 51 49 41 38 53 37 12 13 10 10 10 24 28 11 6 12 10 16 8 10 6 12 29 122 130 145 153 159 165 167 172 174 177 180 181 182 182 182 181 176 178 177 173 169 167 163 158 150 145 143 141 132 120 111 106 102 92 88 82 82 78 79 88 95 104 61 59 53 50 51 45 54 26 29 27 32 25 12 3 9 51
61 28 38 33 52 31 26 37 55 41 59 41 40 49 35 14 24 6 12 17 12 13 10 10 6 11 17 6 12 10 8 15 91 122 126 138 157 160 167 168 170 172 173 173 173 173 173 174 170 172 171 165 160 158 153 148 140 135 128 119 110 106 105 103 102 99 99 92 90 88 90 99 106 95 69 55 61 45 58 46 53 40 22 22 44 22 5 6 14 64
45 43 49 32 44 39 30 48 58 49 53 41 33 41 40 19 20 11 10 18 13 20 16 10 8 11 13 9 10 9 14 17 87 122 137 130 127 147 154 161 165 170 166 169 168 164 170 166 164 166 163 157 157 147 139 136 123 119 113 110 113 115 116 117 113 106 104 101 101 101 109 113 127 79 52 43 62 61 50 34 46 44 23 31 36 24 17 6 35 56
35 38 38 22 46 48 35 39 55 55 44 46 30 43 42 22 21 12 9 16 11 19 17 13 14 13 13 11 13 8 9 13 78 112 134 146 146 137 122 135 151 158 156 161 160 156 160 156 152 153 148 139 138 127 118 115 122 124 126 130 134 133 129 127 122 115 113 110 111 112 121 126 117 67 49 39 56 43 46 45 50 41 25 28 29 22 13 8 41 42
