45 57 58 60 82 97 82 102 103 71 77 50 57 62 57 71 92 88 86 108 119 86 49 55 60 39 32 38 26 29 33 45 55 66 75 75 57 40 37 32 29 30 25 25 28 30 33 31 31 25 27 30 26 23 24 23 23 23 25 25 25 28 30 27 23 25 26 25 26 28 29 28 41 58 110 129 121 126 125 124 123 123 122 122 123 125 125 124 121 121
61 68 70 85 93 88 116 123 88 75 52 47 67 58 55 84 79 88 101 113 94 59 50 68 64 52 41 41 30 34 32 29 43 61 77 81 66 46 37 33 32 33 28 25 24 25 29 31 31 26 24 24 22 21 21 21 24 22 25 25 23 29 32 24 23 26 26 25 25 26 28 28 31 38 87 126 122 125 118 126 124 124 123 122 122 123 123 121 121 121
73 80 97 93 90 110 126 94 79 57 44 61 70 67 69 88 107 107 118 84 68 53 55 66 57 57 47 44 33 38 32 23 36 47 57 65 64 51 39 31 31 33 30 27 24 21 26 29 30 28 25 23 22 21 22 24 25 23 25 25 23 31 33 22 24 26 27 26 24 24 26 27 28 33 53 115 127 124 124 123 124 123 122 122 122 122 121 120 122 122
93 102 99 103 112 119 97 77 60 40 63 76 68 78 86 104 117 112 78 77 58 45 57 62 46 52 50 45 32 34 28 30 37 35 36 43 49 46 37 30 27 29 29 29 27 22 25 27 26 30 29 25 24 23 24 28 27 25 25 25 25 30 30 22 23 25 27 27 25 23 25 27 29 38 38 91 122 122 128 121 123 122 122 122 122 122 122 121 123 123
107 110 117 120 114 106 71 58 54 58 73 73 88 106 114 128 117 71 69 73 38 51 64 57 39 48 54 45 26 28 21 31 35 32 36 40 39 37 35 33 29 29 27 28 28 24 25 26 21 27 29 26 25 24 24 27 26 24 22 24 28 28 24 23 22 23 26 27 26 23 24 27 26 33 41 64 110 122 119 124 122 121 122 122 122 122 122 122 123 122
106 108 124 113 110 91 64 65 68 81 78 94 119 127 135 117 66 72 75 46 42 48 64 47 35 49 56 44 23 25 19 25 30 27 35 39 36 35 37 39 35 33 28 27 27 25 26 26 23 25 26 27 27 27 26 25 24 25 22 24 30 26 21 24 21 21 24 27 27 23 23 26 26 33 38 51 110 125 120 123 122 122 122 123 123 122 121 121 121 120
113 119 122 117 107 84 78 68 76 101 107 126 131 134 113 50 62 84 54 38 45 50 54 36 35 53 52 45 24 23 24 21 25 20 25 29 30 32 33 38 36 37 32 31 30 28 27 24 28 25 25 27 28 30 31 29 28 30 28 29 31 26 21 23 22 19 21 26 26 22 22 24 28 39 34 48 106 125 123 121 121 121 122 123 122 121 121 121 120 120
119 124 117 104 96 87 68 87 114 123 125 137 117 94 59 52 64 56 40 36 43 52 43 31 39 57 49 48 25 17 26 20 20 19 22 22 23 22 22 31 32 36 36 37 35 31 28 23 28 24 25 27 26 29 34 35 33 35 36 34 32 28 24 22 22 18 19 24 25 21 20 23 28 39 43 47 90 121 115 122 120 120 121 122 122 121 121 121 121 120
126 99 92 96 86 81 101 129 138 135 127 103 74 53 49 58 60 43 35 37 43 44 36 29 47 45 53 42 24 21 20 20 17 22 20 22 24 25 20 23 26 28 27 33 36 37 33 31 29 28 27 26 27 29 31 33 31 33 35 37 38 35 28 21 20 21 20 22 25 21 19 28 28 33 38 43 72 115 119 119 118 118 121 124 122 118 117 119 120 120
113 89 92 99 99 121 145 146 128 112 84 61 56 50 46 55 50 38 35 37 39 38 36 37 46 42 53 42 32 24 27 31 33 39 33 35 39 39 32 40 39 34 29 31 30 32 34 37 35 33 30 29 30 31 33 34 38 38 38 38 40 40 34 27 23 19 19 23 25 24 24 26 28 35 39 34 55 100 113 111 120 120 121 121 120 117 117 119 118 118
105 106 107 114 135 145 132 122 91 74 65 55 43 44 49 50 37 31 33 37 35 34 40 50 51 47 56 45 50 46 53 57 61 63 67 73 71 81 85 79 82 75 71 68 61 56 56 57 60 62 64 66 68 68 66 65 56 59 55 41 28 24 29 34 35 32 23 18 19 18 20 27 29 22 35 31 45 60 106 113 117 118 119 119 119 120 121 121 118 118
114 111 129 144 137 119 100 91 86 72 60 54 52 50 42 38 36 29 32 39 44 47 48 52 50 61 72 62 61 62 67 72 76 87 93 100 105 113 115 121 122 120 122 121 123 124 127 131 134 136 137 138 140 141 142 141 135 137 131 112 86 61 40 26 33 37 35 24 15 24 32 26 21 41 35 27 42 61 103 117 115 118 119 118 118 117 116 114 117 117
109 127 133 126 121 103 81 78 71 59 51 46 45 45 41 40 34 35 43 47 51 56 56 57 66 77 77 71 63 69 70 78 85 98 104 112 116 119 121 133 141 143 150 149 158 161 164 167 164 166 166 164 163 163 164 164 161 160 158 157 155 148 133 119 93 82 79 54 22 46 73 43 76 180 159 78 30 70 107 110 110 113 115 115 115 115 113 111 114 114
136 132 123 117 117 102 86 89 94 82 79 71 56 51 48 43 47 56 67 62 53 56 65 73 81 80 68 72 69 83 86 96 101 108 107 103 104 127 143 148 153 154 168 166 174 173 174 174 172 174 175 173 172 171 170 169 171 169 166 163 162 162 161 159 161 148 151 135 85 74 86 63 158 237 171 175 38 78 109 104 108 111 113 114 114 116 117 116 113 113
144 125 109 96 86 83 81 82 85 86 80 71 69 61 54 61 66 59 58 59 66 76 76 72 73 75 73 83 85 96 102 109 110 101 82 87 118 152 161 162 160 154 174 175 178 177 183 183 178 178 176 173 174 176 177 177 173 171 169 168 167 165 163 163 163 164 162 161 156 150 129 87 139 164 160 164 59 97 106 101 112 114 115 116 114 114 114 115 113 113
83 67 55 46 45 57 63 61 55 53 56 61 67 73 73 76 79 77 79 79 77 77 74 73 78 79 82 91 100 109 113 109 86 66 76 121 147 156 159 164 152 144 174 183 183 177 182 179 178 178 177 176 177 179 178 175 177 174 171 171 169 165 163 163 164 166 163 166 167 165 166 156 149 146 137 77 86 91 101 100 110 111 114 115 114 112 112 114 112 112
43 49 50 49 51 51 50 52 53 56 64 69 74 81 81 80 86 84 83 83 78 70 70 77 83 91 100 108 110 114 105 85 80 85 128 148 155 156 148 154 138 140 176 185 182 188 185 179 177 180 179 179 180 178 179 179 176 175 173 173 175 171 164 162 163 163 164 165 165 164 164 164 163 158 152 126 125 72 71 98 111 112 113 112 112 114 114 112 112 113
43 50 53 54 57 63 66 66 75 79 86 86 84 83 81 80 84 81 79 78 75 72 78 88 96 103 109 116 106 100 82 75 98 126 162 167 156 147 141 136 98 141 180 186 184 185 187 184 182 183 182 183 184 183 183 180 179 178 175 174 175 172 167 166 161 160 160 162 165 166 166 165 164 161 160 160 149 114 93 95 106 110 116 115 109 106 110 115 111 111
47 49 53 58 65 74 80 81 87 89 94 90 85 83 80 79 79 76 75 76 78 81 91 103 112 118 115 110 91 85 70 88 119 151 165 166 157 140 117 86 82 156 185 184 185 183 188 186 185 184 183 185 185 184 184 178 177 177 176 175 176 173 169 168 165 162 160 162 165 166 165 163 168 168 159 157 159 167 146 121 117 112 111 114 115 113 111 111 111 112
55 52 55 62 68 74 79 80 72 71 71 68 66 68 66 65 67 67 69 76 84 92 101 111 119 130 129 108 88 79 73 108 140 165 165 161 147 110 71 45 107 173 183 177 181 183 188 186 187 187 186 187 185 184 184 177 171 173 175 175 175 172 169 166 166 162 160 161 163 164 163 161 162 159 161 159 164 153 149 146 137 127 118 114 111 110 110 111 110 110
51 53 55 54 54 56 56 54 58 55 54 51 51 55 54 54 61 66 74 85 95 103 113 122 132 144 147 110 89 72 78 123 155 173 171 157 122 68 30 46 138 175 174 172 176 182 187 187 192 194 193 192 188 186 186 180 172 174 175 175 174 171 167 163 160 157 155 157 160 162 163 163 160 160 164 154 164 155 156 154 148 143 135 126 118 114 114 115 115 115
39 51 54 47 45 49 51 49 51 52 55 54 55 59 60 61 70 79 90 99 106 114 126 136 151 156 153 105 81 61 82 135 162 170 166 137 87 39 19 73 154 169 166 175 174 177 182 187 196 201 199 196 192 187 185 182 178 178 177 174 171 168 164 159 156 153 151 152 156 159 162 163 161 159 159 157 157 158 156 149 150 145 140 137 138 141 141 138 135 135
40 50 49 40 41 46 49 54 57 60 68 71 73 79 81 84 93 100 109 115 121 128 140 150 163 165 152 101 71 60 90 142 167 169 158 109 50 26 27 93 157 164 156 176 173 171 178 187 196 204 202 197 194 186 182 181 180 178 175 171 166 163 158 151 150 146 143 144 149 154 159 162 161 159 156 159 152 157 154 151 150 146 142 141 142 148 158 165 165 165
42 44 37 36 45 52 60 74 81 84 93 97 102 109 112 114 119 123 128 132 138 146 156 163 173 176 153 97 62 66 101 150 171 165 143 82 27 28 39 94 153 160 145 170 171 168 178 188 196 206 203 198 195 186 179 179 176 174 172 168 162 159 152 143 139 135 132 134 142 151 158 161 159 162 160 159 155 157 153 149 149 146 145 144 140 139 147 156 167 168
40 41 35 45 64 74 87 99 107 115 121 124 127 130 132 135 139 143 147 152 158 163 168 171 178 182 149 91 57 70 109 156 171 157 121 52 32 44 62 101 159 154 141 162 171 168 180 187 197 198 199 196 189 182 178 176 173 171 170 165 156 152 147 136 126 122 114 117 130 141 151 158 158 158 163 158 157 160 155 154 151 148 147 147 143 139 140 144 157 162
40 44 45 61 81 96 112 124 132 138 142 144 146 147 149 152 155 157 161 166 172 177 180 183 187 182 141 79 51 78 117 155 162 150 95 31 29 57 91 122 162 148 134 162 173 167 178 188 191 190 190 188 183 178 175 172 167 163 161 156 147 142 134 124 117 105 103 112 121 131 143 148 153 155 161 161 157 154 152 156 154 148 145 145 145 142 141 142 138 146
41 48 58 78 99 117 135 145 152 155 157 158 159 159 160 164 170 170 172 175 179 180 181 182 182 174 127 64 63 85 119 155 159 140 68 21 24 43 98 134 164 143 132 163 175 170 179 187 189 185 182 179 176 173 168 164 163 153 146 143 138 132 121 110 102 97 104 114 118 126 137 142 146 152 156 158 154 150 154 157 154 148 144 145 146 144 142 142 134 139
49 58 75 97 117 137 155 163 170 172 172 173 174 173 174 177 179 179 180 184 187 187 186 188 182 168 110 80 61 88 117 151 152 116 49 46 49 43 106 143 158 136 133 164 172 172 180 180 184 179 175 173 171 169 164 159 155 149 143 139 130 119 110 105 99 102 107 111 118 125 129 136 139 148 148 148 149 151 156 154 154 152 150 150 149 146 145 147 140 134
54 64 86 109 131 154 171 176 180 181 181 180 181 180 181 184 181 183 184 186 187 187 186 187 186 169 101 86 84 100 123 145 144 92 33 42 37 31 108 148 153 132 139 172 174 178 184 179 175 172 169 168 168 167 162 157 151 142 132 126 119 107 98 96 100 103 110 118 127 127 119 123 136 146 144 144 147 150 155 152 155 155 155 154 150 145 145 147 144 137
65 78 103 124 146 169 182 187 189 191 190 188 187 187 187 188 189 190 191 191 191 190 187 186 183 173 104 64 95 98 125 139 124 74 27 23 13 25 101 134 140 124 140 172 174 176 179 176 173 172 171 169 167 165 159 152 148 139 126 115 107 100 100 108 104 104 117 127 126 115 111 127 143 151 153 154 154 151 154 158 162 160 159 157 154 150 147 146 146 145
75 92 117 135 155 176 185 190 195 198 197 194 192 192 191 192 191 193 193 192 194 195 191 187 182 174 116 59 60 80 119 130 113 61 26 23 31 58 109 131 133 129 147 173 177 181 179 177 175 176 176 172 167 161 153 146 140 129 114 110 114 115 117 125 128 132 145 148 135 111 106 136 155 163 169 165 162 159 159 167 171 169 166 165 163 160 156 152 145 146
83 102 128 144 163 183 191 197 200 205 204 200 198 198 198 197 196 198 196 194 196 197 191 184 182 174 128 63 62 86 116 119 109 53 28 31 50 72 102 130 130 138 156 172 179 187 180 177 173 175 176 172 165 158 150 143 132 127 121 127 140 143 143 147 158 161 159 148 135 106 94 127 161 172 179 169 164 165 164 171 173 170 167 166 166 164 160 156 154 149
97 109 141 148 168 182 196 200 206 204 203 203 203 202 201 199 201 202 202 200 199 197 191 185 179 167 139 94 74 86 110 116 107 55 29 30 46 70 100 136 137 150 165 172 176 178 179 177 175 181 179 173 165 155 147 140 131 140 145 148 150 150 163 162 162 170 166 158 142 98 60 101 166 177 175 171 166 167 166 170 168 171 173 170 168 167 165 162 161 157
106 122 152 156 173 186 196 198 200 201 202 204 205 204 201 199 199 201 202 202 201 198 190 183 176 168 147 104 79 89 114 119 106 67 40 40 53 85 122 136 146 157 169 175 178 180 179 177 178 181 177 171 164 154 146 138 146 149 158 156 159 163 167 166 169 172 166 158 145 102 46 53 150 179 168 176 173 170 168 169 168 172 175 173 170 169 168 167 165 162
116 136 161 161 175 183 190 192 196 198 201 204 205 204 202 201 200 202 203 203 203 200 191 183 173 168 158 126 98 97 115 119 113 85 60 64 64 81 131 156 157 165 174 178 181 182 180 177 182 184 179 173 166 159 154 147 151 158 165 157 163 169 169 168 173 171 167 160 146 99 29 11 102 180 179 180 172 173 171 166 168 172 175 174 172 172 171 170 167 165
132 150 167 166 178 184 188 194 197 198 200 202 203 203 203 203 203 202 201 200 201 198 190 183 173 168 166 151 128 111 115 118 127 107 84 97 104 101 133 163 164 170 176 179 180 180 179 177 179 181 178 173 167 163 163 159 149 161 170 161 166 171 173 172 172 169 167 161 141 88 28 17 67 166 189 179 168 171 171 167 169 170 170 171 173 174 173 171 169 168
147 157 163 167 182 188 191 198 198 198 199 201 201 202 203 204 203 201 198 197 197 194 188 182 174 169 168 162 153 132 124 125 129 123 109 117 138 147 158 170 168 172 176 177 176 175 174 174 175 176 173 170 166 166 168 164 136 133 165 171 168 172 172 175 169 168 167 156 135 85 50 65 85 139 177 175 169 167 168 171 169 168 168 169 172 174 174 173 175 173
154 157 157 165 182 190 192 197 196 196 198 199 200 199 200 200 199 198 197 196 195 192 187 182 174 172 168 162 162 150 141 140 140 140 135 129 139 156 165 169 170 172 175 174 172 170 169 170 172 170 166 166 166 167 166 158 115 82 136 166 166 173 169 174 169 170 166 150 129 87 76 111 122 125 163 174 169 163 167 166 166 167 168 170 171 173 174 176 179 177
156 162 163 171 182 190 192 195 193 193 194 195 195 193 192 192 192 192 193 193 192 190 185 181 176 173 169 162 164 158 155 154 152 150 149 146 147 155 162 164 170 171 172 172 170 168 168 168 167 164 161 163 164 165 162 150 112 60 98 146 163 171 171 172 171 170 167 147 123 80 84 131 147 134 150 172 170 158 162 158 163 164 166 169 171 172 174 176 179 178
154 166 172 178 180 185 189 193 191 191 190 190 189 187 186 185 185 186 187 187 187 185 182 179 177 172 171 167 165 158 159 161 159 164 163 161 159 159 167 170 170 169 170 170 170 169 168 168 165 164 164 167 167 167 164 152 125 70 74 125 159 165 171 166 171 169 168 149 117 67 77 132 163 145 133 167 174 153 152 156 161 160 162 167 171 173 174 174 178 179
149 161 171 178 180 182 184 181 185 184 182 180 180 181 181 180 181 184 183 182 182 181 177 174 173 170 167 167 166 162 162 166 166 173 172 169 171 171 170 171 172 173 170 171 170 166 167 167 164 165 172 180 181 176 164 151 133 93 74 106 146 157 169 169 166 166 163 143 113 70 109 155 173 165 135 164 172 169 154 153 153 158 160 165 168 172 178 174 176 177
154 163 169 174 175 177 180 177 172 174 176 176 177 178 179 180 178 181 181 179 180 180 177 175 175 172 170 169 168 166 166 169 173 176 176 175 175 175 174 177 176 177 173 173 170 165 166 165 168 173 184 192 188 177 163 152 132 109 86 94 129 145 158 167 175 164 158 141 108 69 117 168 179 178 146 162 175 181 148 145 143 153 161 167 169 172 176 171 172 175
159 163 165 169 175 178 179 174 169 171 173 174 174 176 177 177 178 181 181 179 179 179 177 176 172 171 168 166 166 167 168 170 173 174 177 180 180 179 179 180 179 179 174 173 171 168 170 172 175 178 186 189 181 168 157 149 133 121 101 91 114 133 147 163 175 171 158 134 100 52 84 132 160 164 114 155 171 190 151 142 136 146 154 161 164 170 176 173 178 182
148 158 164 170 173 174 174 172 175 174 173 173 175 177 178 177 179 182 181 179 178 177 174 173 171 170 166 163 165 168 170 172 178 176 179 180 178 177 177 176 176 175 171 169 168 167 170 173 174 177 184 187 179 164 150 139 132 116 104 89 100 121 140 157 168 172 151 119 94 73 116 161 183 179 125 153 163 184 152 138 132 137 144 153 161 169 176 176 184 188
153 159 160 164 170 173 176 176 175 174 173 173 176 179 180 180 179 181 181 179 178 175 171 170 168 167 163 160 161 164 164 165 169 169 169 168 167 171 174 173 172 170 167 164 162 160 161 165 169 170 176 179 173 162 148 136 125 112 110 96 100 117 134 150 164 168 156 123 92 90 145 175 180 178 162 150 169 181 148 129 127 129 140 154 162 168 173 178 185 187
150 161 167 170 172 170 172 174 173 175 177 177 177 178 180 181 179 181 182 180 180 177 173 171 165 163 160 157 157 157 154 153 158 162 163 160 159 161 161 158 159 157 156 153 151 150 149 153 154 158 166 169 164 157 146 134 116 115 113 93 93 106 121 139 156 162 149 118 86 85 138 171 178 176 157 147 171 173 146 131 126 127 139 153 161 167 172 179 184 184
151 159 160 163 168 167 167 167 172 175 177 177 175 175 177 178 179 181 181 181 181 178 174 172 168 164 159 156 155 153 150 149 149 154 156 156 156 154 151 150 150 147 147 143 141 143 144 150 150 151 153 152 150 150 145 136 124 126 116 89 84 93 114 137 159 164 142 114 88 80 122 161 174 170 129 153 164 159 138 128 125 125 135 146 157 168 173 177 179 179
151 158 157 159 164 164 165 167 168 169 171 171 172 174 175 176 177 179 179 179 180 177 173 171 168 163 156 152 151 149 147 148 147 149 147 145 145 140 138 142 140 134 132 126 124 127 130 138 142 143 145 144 145 146 139 126 126 126 118 95 83 85 105 126 150 150 133 114 85 71 102 128 147 147 124 156 158 157 136 124 122 120 130 140 157 172 173 171 176 176
151 154 157 158 160 161 162 163 165 165 167 168 169 171 172 171 172 179 178 178 178 174 171 169 159 155 147 145 151 150 144 145 141 141 140 135 131 127 127 132 129 122 122 118 115 116 117 123 129 131 135 138 145 141 137 125 125 122 109 97 86 82 97 118 138 142 124 109 87 79 120 155 168 172 137 149 161 147 134 120 121 122 126 138 156 168 170 171 172 171
148 152 154 155 157 159 160 161 165 165 165 165 165 167 168 168 167 173 174 174 172 169 168 164 156 144 135 137 139 140 141 138 137 132 131 129 125 121 116 111 116 117 118 119 116 114 117 119 124 125 127 126 133 136 136 126 117 119 111 99 86 82 95 110 125 129 121 108 90 98 141 167 175 170 144 147 157 148 132 119 123 124 127 139 158 168 168 167 165 163
147 150 153 154 156 158 159 160 163 163 164 163 162 163 165 164 165 167 168 170 167 166 164 157 149 133 118 120 123 124 131 130 126 129 127 120 113 106 102 104 104 112 113 119 119 116 119 115 116 117 120 119 126 134 134 118 95 111 116 106 92 86 95 105 119 121 117 104 93 109 144 163 170 161 145 147 152 144 127 119 120 123 128 141 159 168 167 165 160 156
147 150 152 153 156 157 158 159 159 160 162 162 162 162 163 162 167 165 165 168 166 165 162 150 140 128 106 104 110 112 120 123 123 121 113 105 99 97 101 102 104 111 112 116 120 122 122 117 116 115 115 119 125 134 137 106 70 104 121 114 100 92 98 107 115 117 112 100 98 110 127 143 155 148 129 146 146 138 127 124 120 125 132 144 159 166 165 163 157 153
146 149 151 152 155 156 157 158 157 158 160 161 160 161 161 161 167 164 165 168 163 161 159 146 130 121 103 98 103 108 115 116 113 104 99 97 90 95 107 103 110 114 119 118 122 128 125 124 124 118 108 115 119 128 138 96 66 105 121 113 103 95 98 108 114 115 111 94 90 100 111 122 141 132 101 142 145 137 130 126 127 130 133 143 157 164 162 159 157 153
148 150 151 153 155 157 157 158 159 158 158 158 157 158 160 160 163 164 166 166 160 156 155 145 121 107 99 96 98 106 110 104 98 96 90 93 96 101 112 114 113 120 129 125 127 132 130 134 135 127 111 115 119 126 138 98 86 112 118 108 103 98 101 109 115 116 112 95 89 111 137 147 163 134 93 136 140 133 131 127 131 129 128 136 152 161 160 157 153 151
150 151 152 153 155 157 157 157 159 158 157 156 156 158 160 159 161 163 164 165 160 156 153 144 118 98 93 92 96 106 102 95 90 84 76 85 97 106 118 118 117 128 135 134 134 136 138 142 147 140 125 120 125 132 139 114 103 113 111 105 102 102 107 110 114 117 114 104 103 129 161 173 169 123 101 130 132 128 132 132 132 130 129 135 150 159 159 156 156 156
149 150 151 152 154 155 155 155 158 157 157 157 157 159 160 159 162 163 162 163 162 159 154 144 122 99 90 88 99 108 96 94 84 65 69 83 76 93 125 119 120 133 136 139 140 140 145 146 150 143 130 116 122 131 134 126 104 105 104 103 101 103 111 111 118 121 112 104 103 110 126 134 114 73 97 129 135 131 133 134 137 138 138 142 152 157 156 154 153 155
146 149 150 149 150 154 157 157 157 155 154 155 157 157 157 159 159 164 160 164 165 161 151 128 102 89 76 86 97 101 95 92 71 53 79 67 41 90 134 122 122 131 138 147 146 149 150 147 150 151 142 126 118 118 111 99 96 101 104 102 101 106 112 114 119 122 114 100 95 109 106 112 82 69 115 130 131 141 140 138 137 135 141 149 149 151 155 155 156 153
142 148 152 152 151 152 154 156 155 154 154 154 155 154 154 156 154 160 162 163 160 155 141 114 87 70 66 83 100 105 99 85 58 65 62 43 51 105 133 129 127 131 136 150 152 153 153 153 155 155 150 138 125 112 96 82 95 99 104 104 105 111 116 117 121 126 117 101 109 129 137 128 91 90 112 126 141 137 132 136 138 136 141 147 151 154 158 159 154 151
140 146 152 152 150 150 151 151 151 152 152 152 152 150 150 152 155 157 160 159 157 155 135 104 73 63 64 82 99 104 110 81 47 60 39 50 80 114 130 124 127 131 135 149 153 155 155 156 155 154 152 148 137 121 105 95 94 97 101 103 106 113 119 120 120 124 118 97 95 106 118 93 73 93 119 138 140 131 137 131 137 139 141 146 153 157 158 158 150 146
138 141 144 146 148 150 151 150 148 148 148 149 150 148 148 149 152 152 155 156 158 149 110 71 71 65 58 75 104 116 127 75 40 52 57 115 123 116 135 125 123 133 137 146 151 158 158 157 159 155 153 152 146 133 119 111 100 99 101 103 108 116 122 123 126 124 126 109 80 62 58 31 59 108 127 135 136 129 137 135 138 143 145 147 153 154 149 148 145 141
138 139 141 143 145 147 146 145 147 147 146 146 148 148 147 147 145 149 154 152 150 139 108 81 73 52 51 85 124 126 127 87 53 56 71 125 126 114 129 119 120 134 137 145 153 162 162 161 159 157 156 155 151 140 125 114 109 106 106 109 114 120 125 127 131 125 124 114 69 36 28 35 83 125 135 133 135 136 135 129 133 141 144 146 153 152 148 148 143 138
130 134 138 140 141 142 143 142 146 145 143 143 145 146 145 144 145 147 147 148 150 140 107 73 63 51 67 96 133 147 131 92 72 58 44 56 100 134 135 120 118 131 134 144 155 163 163 164 158 158 157 156 155 149 137 125 117 112 110 113 116 120 124 127 129 130 127 112 57 15 20 66 110 133 133 129 135 141 135 138 140 146 146 146 147 145 141 141 139 135
116 121 128 132 136 139 142 144 141 140 139 139 141 142 142 142 143 146 147 151 151 143 114 68 52 55 82 113 136 149 137 107 81 71 56 48 103 141 134 118 112 131 136 143 152 161 163 165 164 163 160 157 156 154 146 138 124 117 112 112 113 115 119 123 126 129 125 105 53 18 48 99 114 118 131 141 133 141 142 139 143 144 144 142 142 140 138 139 137 134
114 118 122 125 129 132 136 137 135 136 135 136 138 139 139 140 140 145 147 150 146 146 128 78 52 56 72 117 139 149 147 114 63 32 14 26 95 131 136 113 107 136 143 143 148 160 164 165 166 164 160 157 155 152 147 142 131 121 113 111 110 111 116 121 124 120 119 105 67 43 85 107 113 120 127 138 136 140 137 140 142 141 140 140 139 137 137 137 138 135
110 110 117 121 122 126 130 134 136 135 134 135 136 138 137 133 139 140 143 144 147 145 124 75 47 58 87 122 140 148 150 118 62 24 16 33 88 125 132 110 100 134 144 151 157 160 161 161 161 161 159 156 155 153 151 148 141 132 123 116 111 108 111 117 118 115 115 100 78 82 102 111 121 130 134 134 136 137 135 137 138 141 141 142 143 138 134 136 137 137
101 101 107 113 118 124 126 129 132 132 132 133 133 134 133 132 133 134 140 143 146 146 126 73 46 62 90 123 141 142 141 123 65 33 48 75 94 109 129 107 100 135 147 152 155 158 159 160 158 158 157 155 154 153 152 149 145 137 129 123 118 112 110 111 115 112 109 101 95 101 113 118 123 127 130 130 132 134 136 136 138 140 140 140 141 137 133 135 138 138
104 100 102 107 113 119 120 122 125 126 128 129 128 128 129 129 132 132 136 140 145 144 127 82 48 58 84 121 137 136 135 127 80 45 62 93 98 108 130 102 102 137 148 151 151 153 153 154 154 154 153 152 152 153 152 151 148 142 134 129 124 118 112 108 113 114 110 105 107 112 118 124 126 127 129 129 130 134 137 136 138 139 138 138 138 135 133 135 139 139
100 97 99 103 109 111 109 110 118 120 123 124 124 125 127 128 132 133 134 138 146 140 123 90 57 49 76 120 131 134 135 126 92 47 40 59 82 111 127 97 112 143 153 154 153 155 153 153 152 151 150 148 149 150 151 150 147 141 136 131 126 122 116 110 107 108 105 104 112 120 125 131 131 130 133 135 134 137 139 136 138 138 137 137 137 136 135 137 140 140
93 91 94 97 101 104 105 110 113 114 117 120 121 123 126 128 127 129 134 138 144 139 122 86 62 46 73 120 129 133 131 124 97 51 32 39 76 120 123 99 122 147 154 154 154 158 154 152 151 150 147 146 146 147 148 148 142 139 136 133 128 124 121 115 112 110 109 115 127 135 136 134 134 133 137 139 137 137 138 135 137 135 135 136 137 137 138 140 139 139
86 87 90 93 97 99 100 106 108 109 112 115 117 120 124 127 126 125 132 135 136 139 130 88 59 47 68 114 127 133 125 127 106 60 30 26 65 114 116 102 130 149 154 154 154 157 152 151 150 149 147 146 146 146 146 146 141 138 138 137 131 127 125 120 123 123 128 135 139 140 138 134 135 135 136 137 136 136 136 135 135 133 133 135 136 137 139 140 138 138
86 89 95 100 104 102 97 100 102 103 106 109 110 113 118 122 125 124 127 128 130 136 136 108 73 54 62 100 121 134 121 126 114 78 39 27 62 109 115 107 140 154 159 157 155 156 149 150 149 148 147 147 147 147 146 145 143 139 140 140 134 130 129 126 125 129 135 139 138 135 135 135 135 135 134 135 137 136 135 136 135 132 133 134 135 136 138 139 139 138
84 82 83 85 90 91 90 96 98 99 102 104 104 107 113 118 120 123 122 124 130 129 133 127 99 66 59 91 115 135 120 120 120 99 54 32 62 108 121 121 144 157 161 158 153 151 144 145 147 147 148 149 149 148 146 145 145 140 140 140 134 132 132 130 131 132 132 135 137 136 135 135 134 134 133 134 139 138 135 137 135 133 133 135 135 136 138 138 140 140
75 78 97 96 89 94 94 94 97 93 92 96 98 99 105 114 114 121 124 127 125 129 127 128 111 81 66 79 114 127 117 124 122 112 87 53 72 106 119 134 146 154 155 149 148 147 145 143 146 148 150 149 148 147 147 146 146 144 141 139 136 135 134 132 132 131 133 137 140 139 137 137 134 133 134 136 138 137 135 134 134 135 137 138 136 136 138 140 141 139
75 78 88 102 106 103 98 93 85 85 87 91 95 96 100 106 109 115 117 120 119 124 126 130 122 90 68 74 105 128 128 129 121 116 113 85 77 110 127 137 142 145 147 146 143 142 142 142 143 145 147 148 147 148 148 148 147 144 142 140 138 137 136 134 134 134 134 135 135 135 137 140 137 136 136 137 137 137 135 135 134 135 137 138 137 136 138 139 139 138
65 81 84 96 101 93 89 73 76 73 71 76 84 90 94 98 107 113 114 117 114 116 117 122 125 99 73 64 83 117 133 125 119 116 124 104 77 107 130 138 145 141 144 146 141 137 138 138 141 142 144 145 146 148 148 149 147 145 143 141 139 138 138 137 137 139 141 140 139 137 137 137 137 137 136 136 136 135 135 136 136 137 139 140 139 139 139 139 137 136
77 89 89 102 107 95 90 76 74 71 68 66 70 76 83 90 94 99 103 111 111 113 112 115 122 110 91 72 72 107 135 128 123 121 122 114 86 111 135 142 146 142 142 143 139 136 137 138 140 141 142 143 144 146 146 146 146 144 142 141 140 140 139 138 136 136 136 136 138 140 141 140 136 136 136 136 135 136 137 138 139 139 141 143 142 142 141 139 135 134
101 105 99 93 87 84 84 76 71 67 63 64 70 77 82 85 83 86 90 99 103 107 105 107 108 108 103 86 72 91 122 128 123 121 115 119 95 107 132 136 140 140 138 135 136 137 137 139 140 141 141 141 143 144 144 144 144 143 142 141 140 141 141 140 140 140 139 138 139 139 139 137 137 138 138 138 138 139 140 140 140 141 142 143 143 143 141 137 134 135
91 79 72 73 74 69 62 61 59 59 57 56 58 61 67 73 77 79 80 89 95 104 105 108 105 108 111 102 86 85 104 123 127 123 119 125 101 105 132 134 135 138 135 130 133 135 135 137 138 139 139 140 141 143 143 142 142 141 141 141 141 141 141 140 138 139 141 142 142 141 140 139 139 140 141 140 140 140 140 140 140 141 141 141 141 141 139 136 135 136
62 64 58 52 55 58 55 55 55 51 47 48 52 56 60 64 74 77 76 81 85 94 97 100 102 104 107 104 99 92 92 111 124 120 121 120 104 107 126 130 132 133 132 130 130 133 134 135 135 136 137 138 139 140 140 140 140 139 140 141 141 141 141 140 141 138 136 136 135 136 138 141 141 142 143 142 142 142 141 140 141 141 141 139 138 139 138 135 136 137
44 58 51 39 41 44 45 46 49 46 43 44 46 46 48 51 59 65 68 72 76 85 89 92 94 97 98 96 106 104 92 104 115 112 119 112 108 111 118 123 125 124 127 129 129 132 136 136 133 134 135 136 136 137 137 137 138 138 138 140 140 140 140 138 137 133 131 134 138 140 141 143 143 144 145 145 145 145 144 143 143 143 141 138 137 138 138 136 136 137
38 50 50 31 36 32 34 38 41 42 44 44 42 44 50 53 51 57 62 68 70 80 82 87 88 91 92 95 100 102 101 101 104 107 107 108 111 111 112 117 118 120 122 125 128 131 132 132 132 132 132 132 135 136 136 136 137 137 137 138 140 140 139 137 136 124 131 141 144 145 144 145 145 146 143 144 143 141 144 141 142 140 139 139 139 138 137 137 135 130
42 46 31 34 27 29 27 34 41 39 37 35 35 38 43 47 42 50 55 57 57 69 76 82 83 85 87 90 95 98 100 102 102 103 102 103 107 108 109 112 114 115 117 119 123 126 127 128 129 130 131 132 133 134 135 136 137 137 137 137 137 137 137 137 137 134 141 145 144 144 143 144 146 144 141 143 143 143 144 138 139 140 141 139 136 133 129 127 129 125
41 44 25 40 30 31 26 32 32 34 35 35 37 38 40 44 39 43 43 48 51 62 65 67 77 80 84 88 91 93 94 96 100 100 99 100 105 107 107 110 110 111 111 114 119 122 123 124 126 128 130 131 132 133 134 136 136 137 138 138 137 137 138 139 142 141 142 139 140 145 145 146 144 144 144 143 139 139 142 139 141 139 135 130 126 123 120 117 119 119
35 38 29 28 28 26 29 35 26 32 33 32 33 34 37 43 45 43 37 42 45 51 53 54 61 65 75 84 90 92 94 95 99 99 98 99 103 105 107 108 107 108 108 110 114 117 119 120 122 124 126 127 128 129 131 133 133 135 137 138 137 137 137 138 140 143 141 137 137 141 143 144 143 142 141 140 140 139 138 135 129 122 113 108 104 101 99 98 96 104
34 28 31 23 26 27 30 31 26 31 33 32 31 31 32 35 36 43 43 46 43 46 49 50 46 48 58 70 79 85 91 94 97 98 98 99 100 102 104 106 105 107 107 107 109 111 112 113 115 117 118 119 121 123 124 126 127 128 130 132 133 134 135 136 135 136 134 135 139 140 138 134 142 141 141 140 137 125 112 108 94 89 86 87 87 83 83 87 93 105
42 25 29 32 28 35 29 24 24 26 28 31 32 33 31 28 33 46 46 47 44 49 53 51 42 38 41 50 58 68 79 87 92 94 96 97 97 99 101 102 104 106 107 107 107 108 108 110 112 113 114 114 116 118 120 122 123 124 125 127 129 131 133 135 132 134 133 135 135 137 141 141 147 135 123 112 99 86 81 90 89 87 90 94 94 92 95 103 100 111
48 34 28 33 28 35 27 25 26 21 21 22 23 29 33 30 31 39 37 43 43 51 63 67 47 38 35 37 41 50 65 76 82 85 89 91 92 95 98 98 101 103 105 106 107 108 108 109 110 112 113 114 114 115 117 120 121 122 124 126 128 130 131 133 133 133 133 137 139 139 137 125 99 70 63 78 91 94 90 89 102 102 103 102 100 98 101 106 101 112
43 45 35 35 37 34 25 27 29 24 25 25 22 28 34 30 30 38 42 53 45 38 48 59 60 48 40 36 32 36 49 60 70 74 79 84 87 91 94 93 95 97 100 103 106 108 109 109 107 110 113 113 112 112 114 118 117 120 124 127 128 128 128 129 131 132 132 129 115 94 67 35 24 15 46 84 95 96 98 101 105 106 106 104 103 104 104 102 101 114
32 44 45 38 33 32 32 28 27 24 27 27 26 25 33 27 27 35 39 33 49 52 43 52 53 50 37 39 30 26 26 37 46 50 59 64 69 74 78 86 91 94 96 98 102 103 104 106 104 104 105 107 107 111 115 116 113 116 120 127 124 119 122 118 106 88 57 42 32 24 18 19 16 17 51 88 99 102 105 106 105 103 104 104 105 106 103 103 107 108
47 52 45 33 28 32 37 36 29 23 27 29 27 24 33 33 27 32 45 39 40 44 45 49 57 51 37 42 35 30 25 30 28 32 39 42 46 51 55 62 71 75 79 82 86 88 90 93 93 92 92 94 97 103 107 107 108 109 112 111 106 113 97 44 26 26 13 11 17 29 32 31 24 27 54 84 98 100 101 105 105 103 105 105 105 106 103 103 105 104
