223 223 223 223 223 223 222 222 226 217 222 220 220 219 219 217 193 19 26 29 6 19 0 7 15 16 41 23 41 21 25 40 34 46 46 54 51 67 73 65 65 86 122 151 168 161 168 172 171 172 171 165 158 168 167 165 166 162 156 163 165 158 152 155 157 155 161 153 155 154 154 141 134 126 105 78 71 42 48 37 24 18 21 12 14 13 13 19 4 5
223 223 223 223 223 223 223 223 220 226 221 221 219 221 220 216 61 15 6 15 7 0 17 10 29 34 35 17 18 38 21 26 34 51 54 66 62 64 78 127 173 177 170 183 176 180 173 176 179 180 179 173 168 177 175 175 176 176 170 173 171 169 165 164 159 159 155 157 157 152 152 150 149 129 124 111 86 73 40 24 26 17 28 37 25 18 10 7 2 3
223 223 223 223 223 223 223 223 220 222 221 217 225 218 213 223 34 15 25 10 8 3 16 29 8 27 6 14 20 18 25 35 41 57 65 69 124 165 171 183 180 179 180 176 184 179 183 177 180 182 179 176 174 179 177 179 174 177 173 172 169 172 170 164 163 161 158 157 155 156 146 157 151 143 132 124 100 72 67 44 26 22 24 27 23 18 11 3 2 2
223 223 224 224 224 223 223 223 223 220 223 222 221 217 223 166 27 12 11 5 6 11 23 17 17 8 14 15 12 26 28 45 72 86 143 172 186 180 182 182 177 181 183 181 182 180 183 180 182 184 181 179 181 182 180 182 181 182 179 178 173 176 175 168 166 172 159 161 156 155 154 154 148 147 138 132 114 91 68 48 41 24 12 18 17 9 6 9 3 2
223 224 224 224 224 223 223 223 223 221 223 221 217 223 216 76 18 9 6 10 15 22 17 7 6 5 15 26 27 44 73 123 164 171 172 177 179 177 175 185 184 187 181 186 181 187 185 186 186 187 185 184 188 186 185 186 186 183 180 183 178 177 175 170 173 168 169 162 157 163 156 154 152 144 140 128 116 108 76 63 40 26 22 17 11 8 13 1 3 2
224 224 224 224 224 223 223 222 222 221 221 218 219 221 218 32 19 20 3 32 14 15 7 5 10 18 22 29 54 131 162 171 167 174 176 182 180 182 187 180 184 184 186 186 190 186 189 185 187 187 186 186 191 187 187 184 189 186 182 188 185 183 181 179 176 170 166 167 165 159 163 153 144 144 141 136 118 103 90 71 47 40 28 29 12 8 1 6 2 2
224 224 224 224 224 223 222 222 221 225 221 224 218 215 192 22 8 6 20 17 20 6 19 5 10 17 49 80 154 161 172 171 174 179 182 181 186 177 186 185 186 189 189 190 190 190 193 193 191 190 189 190 194 190 192 185 187 189 184 187 187 186 184 183 179 170 169 167 168 164 159 157 154 149 139 136 113 106 79 70 62 55 53 12 22 3 6 3 2 2
224 224 224 224 224 223 222 222 222 219 219 220 220 218 86 23 7 9 21 13 7 9 8 11 21 75 90 143 167 170 171 178 174 182 183 184 187 187 190 189 188 192 190 190 191 194 196 194 194 192 192 193 196 192 195 185 191 197 190 188 187 188 185 183 180 179 171 168 170 165 160 158 149 145 141 125 124 102 81 80 61 52 42 19 13 12 5 4 1 1
225 225 224 224 224 223 223 222 222 222 219 222 217 212 50 17 17 12 16 20 10 6 16 7 68 96 161 164 168 176 170 178 181 185 189 189 189 190 192 192 193 194 194 195 196 196 196 196 197 196 196 197 197 199 199 195 195 194 192 191 191 189 186 183 180 180 176 169 167 166 162 158 153 147 137 133 119 103 98 71 69 55 37 24 10 6 3 2 4 2
224 224 224 224 223 223 222 222 222 222 218 221 221 216 30 11 15 14 9 7 5 11 0 44 109 144 157 163 167 171 179 179 182 185 189 190 191 193 195 196 194 195 196 197 199 199 199 198 198 198 200 200 199 198 196 191 194 195 194 195 194 193 189 186 184 180 177 175 172 166 161 160 150 148 141 129 121 118 96 87 74 59 40 9 17 8 8 0 2 2
224 224 223 223 223 222 222 222 223 221 222 219 218 120 21 21 15 16 9 10 5 0 26 100 131 157 158 166 169 175 178 178 184 187 190 191 193 195 197 197 196 196 198 200 202 202 201 200 199 200 201 200 198 197 197 195 194 197 196 199 195 196 190 188 185 182 180 176 170 168 165 158 154 142 137 135 118 99 96 86 63 60 45 34 9 8 2 1 1 2
224 224 223 223 223 222 222 222 218 222 219 221 214 144 28 14 7 11 8 4 3 16 69 122 148 151 164 168 169 175 179 183 187 188 190 192 193 195 196 196 197 198 200 201 203 203 201 200 200 200 201 200 198 198 199 199 196 198 196 200 195 198 190 188 185 182 181 175 169 170 169 159 156 145 142 129 118 114 93 64 76 57 36 24 4 7 7 3 1 1
224 224 224 224 223 223 223 222 225 222 218 218 220 97 23 25 24 1 10 4 4 27 127 148 151 155 162 171 172 174 184 186 188 189 190 192 194 195 196 196 197 198 199 201 202 202 201 200 200 200 202 203 202 200 198 195 198 199 195 199 195 198 191 189 187 180 180 180 174 170 168 162 154 146 142 133 116 127 120 77 51 49 40 19 8 1 4 4 2 1
224 224 224 224 224 223 223 223 217 220 222 221 203 53 29 29 10 3 4 0 12 106 134 144 143 158 157 168 175 180 180 183 187 188 190 192 194 196 198 199 197 198 199 200 201 201 201 200 202 200 201 203 202 201 199 197 199 199 194 197 195 198 193 190 186 183 183 182 177 173 167 160 151 151 138 130 133 109 117 102 67 57 42 32 9 4 0 1 5 3
224 224 224 224 223 223 223 223 221 226 216 218 170 55 32 10 3 3 1 7 50 130 141 148 152 160 162 165 173 180 178 185 187 187 189 193 195 196 198 201 199 199 199 200 200 201 201 200 202 200 200 201 201 200 201 200 198 197 195 196 197 197 193 190 186 188 186 180 177 176 168 159 158 141 147 131 135 112 100 80 64 39 33 30 13 0 4 2 5 3
224 224 224 223 223 223 223 222 223 218 222 218 162 53 15 11 3 3 4 10 99 131 140 145 153 154 164 170 177 173 185 184 187 187 189 192 194 195 197 200 202 201 200 200 200 201 201 200 201 200 202 204 202 200 199 197 197 196 197 196 197 196 193 190 191 188 184 181 180 174 167 164 153 146 140 139 127 121 102 79 58 39 31 23 15 2 3 4 3 1
224 224 224 224 224 223 222 222 221 220 219 211 179 66 9 3 1 4 3 29 123 130 141 145 151 161 166 170 174 182 182 183 186 189 193 195 196 198 199 200 200 201 204 201 201 204 201 201 202 202 204 201 201 197 200 195 198 195 201 195 199 196 195 185 186 178 183 184 176 172 170 164 155 147 136 131 123 114 89 77 59 29 14 23 2 5 4 0 1 1
224 224 224 224 224 223 222 222 222 219 217 223 171 19 5 1 2 1 10 96 128 131 143 148 152 161 167 163 177 175 180 184 188 191 194 195 196 197 199 199 202 202 205 201 200 203 200 200 203 199 202 200 203 202 202 198 199 198 194 195 192 195 196 193 190 186 182 183 179 167 171 164 154 141 133 136 126 113 107 76 49 41 25 15 4 4 1 1 0 0
224 224 224 224 224 223 223 222 224 218 222 211 100 9 0 3 6 7 8 109 124 142 141 153 153 160 164 172 179 184 182 187 186 189 193 196 198 200 203 204 202 202 204 201 201 203 202 202 202 198 203 201 201 200 197 197 198 199 197 199 198 194 194 191 194 187 186 180 176 175 165 165 156 149 141 123 130 119 99 81 47 36 17 3 8 6 2 0 0 0
225 225 224 224 224 224 223 223 223 220 216 205 35 11 4 1 4 6 12 113 131 139 141 139 152 157 171 171 175 173 184 186 189 191 195 196 198 200 202 204 202 204 205 203 202 203 204 205 204 200 200 201 201 201 204 204 197 197 191 196 192 197 193 197 191 186 190 181 171 178 162 162 152 143 142 133 125 118 119 79 55 35 22 10 6 0 4 3 1 1
225 225 225 224 224 224 223 223 219 215 220 183 14 2 3 6 9 4 40 123 135 142 125 142 160 164 170 170 181 182 185 184 190 193 195 197 198 200 202 203 204 207 208 206 202 201 204 206 206 205 201 204 202 199 200 195 198 194 198 196 198 196 191 190 190 185 188 185 179 173 169 160 149 146 138 129 126 122 123 103 69 41 20 9 6 5 5 0 1 1
225 225 225 225 224 224 223 223 221 220 222 70 17 9 2 6 9 1 72 123 130 95 102 128 132 158 168 177 180 184 180 193 189 192 195 197 199 201 203 204 204 207 207 206 203 201 205 206 206 206 204 205 201 201 202 200 199 192 196 196 195 194 195 194 177 160 169 165 179 164 165 158 154 139 139 131 124 125 119 119 86 61 27 7 2 0 0 4 1 1
226 225 225 225 224 224 223 223 222 216 215 83 22 9 5 16 5 0 85 104 85 101 89 59 61 87 121 150 174 183 187 190 189 191 194 196 196 198 199 200 202 204 203 204 203 201 205 205 205 201 202 201 199 207 198 195 192 179 152 151 116 110 111 116 123 114 130 125 153 146 153 163 146 136 134 139 133 125 124 117 117 97 54 17 9 3 0 2 1 1
226 226 225 225 224 224 223 223 221 225 213 68 12 9 15 12 13 4 90 78 75 83 97 69 44 36 41 69 81 128 164 180 181 185 189 192 194 196 198 200 202 204 201 203 202 200 203 201 202 193 201 199 197 194 151 130 94 89 97 106 104 79 106 103 109 126 125 111 118 102 116 133 151 137 139 129 130 130 118 120 118 122 92 36 10 3 3 0 0 0
226 225 225 225 225 225 224 223 223 219 215 91 18 8 4 11 18 10 73 113 147 149 150 146 145 104 65 87 68 56 57 109 170 179 181 193 192 195 197 200 202 196 202 202 198 202 200 198 198 197 200 190 172 139 97 104 76 109 84 115 93 117 139 159 172 173 169 162 135 135 124 94 131 141 131 136 129 127 126 123 117 122 116 79 25 7 0 4 0 2
226 225 225 225 225 225 224 224 224 223 215 132 26 11 13 8 19 7 110 139 144 155 155 162 168 163 166 161 135 102 88 106 98 159 185 183 185 194 196 195 199 199 199 200 199 196 196 196 192 191 184 170 126 119 87 105 140 117 155 159 163 186 190 187 189 185 181 172 174 164 152 125 131 121 136 131 129 131 123 118 123 115 112 104 39 12 5 2 3 0
226 225 225 225 225 225 224 224 226 220 217 208 20 24 13 9 24 18 121 134 149 147 143 151 157 161 164 162 171 169 157 132 130 167 176 177 188 186 186 189 194 198 194 197 198 191 193 195 193 181 187 160 132 129 129 149 171 174 177 177 183 178 169 175 180 183 183 179 179 172 169 161 136 130 135 129 134 128 128 126 124 120 111 105 81 23 4 2 10 4
226 225 225 225 225 225 225 224 223 223 218 219 38 15 14 24 52 45 119 141 136 137 139 152 159 158 159 174 171 173 169 165 159 166 162 169 179 180 186 191 193 194 192 196 194 188 188 190 190 186 182 178 156 175 169 180 169 175 164 181 166 175 175 176 172 171 172 175 167 167 166 162 155 151 130 133 136 129 131 125 121 126 114 104 85 45 20 0 2 1
226 226 225 225 226 225 225 224 223 223 216 219 39 28 8 63 96 82 126 134 130 126 135 145 147 152 161 169 166 176 166 154 147 157 160 170 171 178 181 185 191 185 191 195 192 192 190 191 185 183 181 171 176 178 176 162 172 174 178 175 177 176 173 174 169 163 167 167 166 163 160 153 157 145 138 140 129 132 129 128 126 118 115 106 87 50 31 15 2 1
226 226 225 226 226 226 225 225 224 224 217 224 40 16 21 101 67 110 125 133 115 123 133 138 145 147 147 153 159 157 167 152 154 159 156 158 159 174 178 188 190 182 192 196 194 196 194 193 186 184 177 172 175 164 169 164 164 173 177 176 173 167 166 164 164 166 163 163 163 161 153 157 149 140 142 137 132 133 131 136 131 118 117 106 105 52 25 23 14 6
226 226 226 226 226 226 225 225 225 225 220 210 36 13 22 94 46 121 131 129 120 118 122 107 99 105 110 141 164 164 148 113 126 128 144 151 154 173 176 180 189 187 191 195 194 193 190 187 187 181 173 173 169 156 158 156 146 144 120 129 105 131 144 158 158 157 154 160 159 161 150 154 153 148 138 135 143 138 135 133 130 126 120 112 98 63 28 10 13 6
226 226 226 226 226 226 226 225 223 222 220 211 39 30 37 34 33 130 134 122 126 109 79 101 61 40 32 40 20 43 47 94 134 103 122 140 142 159 172 180 179 185 185 190 194 190 189 186 180 173 166 159 157 149 135 108 148 158 132 163 118 128 160 155 132 127 148 156 158 151 154 152 146 143 145 146 140 139 140 138 134 125 120 109 98 55 30 14 11 9
226 226 226 226 226 226 226 225 224 224 222 221 50 31 54 32 32 133 138 128 114 105 94 41 24 89 162 139 32 169 70 104 30 72 130 112 128 152 162 176 179 180 180 186 185 188 184 183 178 165 158 158 154 120 139 154 150 78 49 44 31 22 32 44 102 134 143 127 136 153 150 149 147 145 146 148 150 142 143 141 136 130 110 112 102 70 33 12 11 4
226 226 226 226 226 225 225 224 226 221 220 222 140 41 27 68 53 141 130 127 103 75 32 35 81 142 190 155 43 24 11 11 49 89 130 128 117 143 162 169 173 179 185 179 180 180 181 173 166 160 157 158 153 146 146 108 127 161 53 113 184 76 106 34 83 37 95 130 129 126 142 142 138 146 148 151 152 145 146 138 138 130 124 110 98 61 35 20 6 16
226 226 226 226 226 225 225 225 223 226 225 217 213 41 30 36 81 142 146 123 104 83 74 75 93 100 180 177 55 46 32 51 55 158 129 110 135 136 149 168 172 172 180 181 180 174 175 171 160 159 154 167 167 142 105 167 204 201 82 30 13 15 35 59 159 139 43 58 79 121 130 132 138 141 151 152 158 157 146 135 139 128 125 113 103 80 44 18 17 11
226 226 226 227 227 227 226 226 226 219 220 225 208 99 50 40 120 142 139 129 103 110 82 86 70 63 72 88 79 96 108 119 137 127 103 92 133 123 148 160 164 170 174 177 171 175 170 161 159 154 164 177 166 122 148 166 172 202 176 65 31 31 64 87 143 103 84 60 82 107 127 121 135 147 154 161 161 149 150 142 137 126 126 118 105 82 45 16 8 17
226 226 226 226 226 226 226 226 225 225 224 223 213 195 152 53 147 147 143 136 126 121 121 102 130 134 127 122 127 144 164 151 149 153 163 146 122 131 149 154 166 173 177 179 172 173 167 159 160 152 151 181 166 159 156 158 157 143 126 104 131 112 96 75 69 143 126 128 127 136 124 142 144 144 158 159 163 160 147 143 139 125 126 115 109 74 52 31 17 19
226 226 226 226 225 225 225 225 222 224 219 221 219 219 212 199 155 144 137 129 132 129 127 131 140 135 154 160 167 151 148 146 160 137 140 127 131 137 141 158 162 165 173 174 172 161 159 160 153 158 152 169 170 178 163 169 160 141 166 163 128 132 149 153 168 163 153 159 159 161 148 153 142 154 163 163 162 154 152 144 137 130 123 113 109 85 62 45 43 42
226 226 226 225 225 225 224 224 226 222 221 218 219 220 206 198 153 147 138 136 132 143 150 129 136 142 142 144 146 150 149 144 142 146 139 144 137 134 148 154 157 166 172 167 170 165 162 159 153 156 162 168 166 173 171 164 164 167 164 167 172 160 151 154 157 155 165 162 168 158 163 151 154 152 160 157 161 160 147 140 130 134 127 118 108 90 58 52 41 73
226 226 226 226 225 225 225 225 225 224 224 223 223 220 217 205 150 145 146 147 145 143 147 154 151 152 151 155 154 151 156 153 145 142 143 143 133 142 141 146 160 164 161 167 171 166 156 160 159 158 163 172 164 171 168 169 166 168 165 168 172 176 174 171 169 175 163 167 175 167 161 162 159 152 154 155 158 152 143 139 134 125 125 120 122 94 57 63 70 71
225 226 226 226 226 226 226 225 221 226 225 223 222 217 205 201 153 151 148 149 141 151 150 156 155 158 160 159 151 157 156 149 152 148 148 132 141 140 141 157 163 164 174 164 162 162 157 157 159 159 164 164 165 165 164 170 174 175 169 162 166 168 166 174 166 170 176 175 170 170 164 167 157 156 152 152 155 150 150 142 135 126 125 121 111 102 79 70 112 105
226 226 226 226 226 226 226 225 226 226 222 221 221 222 215 188 153 153 151 148 143 154 156 160 163 164 159 158 159 156 150 153 158 153 148 141 143 138 142 156 162 166 167 163 162 159 163 160 161 161 166 167 167 167 163 164 172 173 172 168 169 166 163 173 163 168 174 162 173 161 159 159 159 158 153 153 152 149 144 139 134 123 120 119 112 94 76 68 118 108
226 226 226 226 225 226 225 225 223 225 226 227 221 218 220 174 160 153 154 157 155 153 154 160 160 162 161 160 166 164 159 157 156 152 145 145 139 135 143 154 156 158 164 161 161 161 161 162 167 162 165 168 168 168 169 174 173 169 164 162 164 159 155 164 156 165 155 160 156 165 160 164 161 160 157 157 151 150 141 138 131 132 121 120 106 100 77 64 117 159
226 226 226 226 225 226 225 225 228 224 220 224 222 216 221 162 156 155 158 156 159 162 165 162 166 164 169 168 168 166 167 157 158 155 150 147 138 139 149 155 154 161 159 162 161 155 161 159 164 162 167 172 174 175 175 174 174 172 172 174 177 170 161 163 160 161 161 170 164 166 168 161 161 160 161 158 153 152 141 139 125 121 119 115 113 98 78 71 114 162
226 227 227 226 226 226 226 225 224 227 223 225 226 219 222 159 161 152 152 157 164 160 168 172 175 169 174 175 171 164 166 163 161 158 155 141 133 139 149 152 163 158 165 157 153 159 152 161 160 166 171 174 178 181 177 168 176 177 177 175 176 175 173 177 175 167 171 168 170 160 171 164 162 159 163 157 155 150 142 138 128 125 119 119 106 103 68 71 130 121
226 226 226 225 225 225 225 224 216 227 227 221 221 219 221 161 158 158 158 157 163 166 174 170 170 175 177 175 177 170 165 166 168 166 158 139 136 146 153 157 159 159 159 156 152 155 152 153 159 167 173 182 186 182 179 178 179 182 186 185 186 187 181 179 173 177 176 178 178 170 163 165 165 162 162 156 156 148 141 135 124 122 124 112 111 108 80 83 136 139
225 226 226 225 225 225 225 224 224 223 217 209 213 220 218 160 156 157 160 167 170 169 177 178 173 182 180 176 176 177 171 168 167 166 147 137 139 149 155 161 161 159 160 157 154 159 148 146 149 160 168 185 196 188 183 186 189 188 187 184 185 189 187 185 186 190 187 180 183 177 169 171 168 165 159 156 154 148 141 133 126 122 113 116 109 106 78 95 151 160
227 227 227 227 226 227 226 226 227 223 226 223 222 224 215 161 160 165 167 169 169 172 181 180 185 180 177 178 174 180 182 179 170 169 139 139 145 152 157 167 172 172 162 161 158 158 152 142 145 157 156 167 189 196 191 184 188 189 191 189 188 191 190 191 188 190 191 187 183 185 175 171 169 167 155 156 152 148 142 133 123 124 113 111 109 107 87 100 148 161
226 226 226 226 226 226 226 226 225 226 221 225 221 222 213 153 162 162 165 169 169 178 178 185 188 188 183 185 183 186 178 173 168 161 135 144 145 166 163 172 171 170 171 169 166 163 153 146 145 150 152 165 185 189 190 194 191 192 192 192 194 193 191 191 193 192 193 191 184 181 179 175 171 164 160 160 156 147 138 135 126 127 116 114 108 103 94 104 112 97
226 226 226 226 226 226 226 226 225 227 224 227 222 224 217 158 164 163 167 172 172 178 179 187 186 189 189 190 186 184 173 167 163 151 146 145 145 164 176 181 180 175 173 167 171 166 160 157 154 151 148 150 178 182 190 190 191 193 194 194 197 197 196 195 198 194 193 192 187 184 179 171 169 166 161 159 154 148 140 135 131 116 120 112 106 107 96 117 87 115
226 226 226 226 226 226 226 226 225 227 225 227 223 224 219 162 164 164 169 175 175 177 179 188 189 191 189 186 179 175 167 163 159 150 147 146 147 160 175 182 178 173 163 162 169 173 167 159 164 162 153 138 168 180 183 190 191 196 197 196 198 199 197 196 196 195 196 195 190 186 182 176 167 167 162 159 152 150 141 135 129 124 115 114 111 112 101 105 103 139
226 226 226 226 226 226 226 226 225 227 225 226 222 223 220 163 163 165 170 176 177 178 181 188 185 187 188 186 178 170 162 158 159 150 152 147 149 157 163 174 172 164 165 162 166 166 172 172 174 163 153 139 155 178 183 179 188 195 198 197 198 198 197 197 195 196 197 196 192 188 185 182 167 167 161 158 150 150 141 134 124 122 116 113 102 106 101 123 123 124
226 226 226 226 226 226 226 226 227 227 225 225 223 223 221 164 164 167 172 175 179 181 185 186 190 187 184 179 173 167 165 166 162 158 148 85 72 142 161 166 165 163 150 83 79 125 177 173 170 160 151 143 175 182 185 178 182 190 196 197 198 199 199 200 199 198 196 193 191 188 183 179 168 166 159 156 151 148 138 132 127 120 113 115 112 107 92 56 10 0
226 226 226 226 226 226 226 226 227 226 225 224 225 224 223 165 165 168 171 173 178 180 185 183 184 182 184 182 179 170 166 165 161 166 154 130 143 139 145 156 156 152 127 133 104 80 134 148 141 154 135 168 185 184 184 178 178 185 191 194 196 197 198 201 199 199 196 191 189 184 179 177 171 165 159 155 153 147 138 131 124 121 113 110 110 101 105 8 0 5
226 226 226 226 226 226 226 226 226 225 226 224 226 225 224 167 166 168 170 172 177 176 183 181 185 181 181 178 177 169 170 171 171 160 158 157 134 156 142 143 148 154 145 149 150 176 186 174 155 137 178 181 189 191 191 184 178 181 185 190 194 194 195 198 194 197 194 190 188 184 178 178 171 165 161 153 154 145 139 131 129 114 118 112 111 103 103 10 0 19
226 226 226 226 226 226 226 226 226 226 227 225 226 225 225 168 168 169 170 173 177 174 181 181 185 182 183 181 180 171 171 172 171 165 158 161 159 136 148 145 145 151 156 167 181 172 174 163 174 180 186 187 192 189 195 189 178 178 181 187 193 194 195 198 195 194 190 189 192 188 180 175 169 164 162 151 153 143 140 130 116 119 109 110 110 101 103 15 8 12
226 226 226 226 226 226 226 226 227 227 225 225 225 227 219 198 167 165 166 172 179 179 182 178 177 184 183 178 175 176 173 170 170 165 164 168 161 160 160 161 167 168 176 177 180 183 180 181 178 187 190 187 194 192 190 192 189 173 177 187 186 190 197 192 191 198 193 191 188 188 182 176 171 164 160 148 144 144 141 127 123 117 117 113 110 107 116 130 34 28
226 226 226 227 227 226 226 226 226 226 227 228 225 227 227 216 165 167 166 169 176 179 183 181 185 179 180 174 176 180 171 172 165 167 167 166 163 166 169 170 172 178 181 186 188 180 181 180 187 187 186 192 193 193 195 188 191 187 175 174 188 193 190 192 190 193 191 190 190 186 182 176 169 160 154 149 142 142 136 127 126 118 118 111 112 106 127 138 152 152
226 227 227 227 227 227 227 226 227 226 227 229 225 224 229 227 165 166 165 172 173 167 173 181 183 178 181 176 177 180 171 168 171 168 168 166 165 162 169 180 182 181 175 180 190 187 187 184 187 190 186 194 188 186 192 190 191 191 185 179 181 188 190 188 191 192 191 189 191 183 180 175 170 162 154 152 144 144 138 130 122 122 117 113 106 113 131 141 155 174
227 227 227 227 227 227 227 227 227 226 225 228 226 224 227 225 164 167 164 168 173 179 181 179 179 181 178 175 176 176 178 169 170 166 167 167 170 164 173 188 188 183 184 188 190 186 178 187 188 192 184 187 192 191 190 192 191 189 193 188 175 181 191 186 189 191 189 187 189 181 177 172 165 163 156 150 143 143 138 128 128 117 117 114 112 106 127 131 156 164
226 226 226 226 226 226 226 226 225 226 225 227 227 227 227 224 172 165 167 168 166 172 180 186 184 183 179 178 179 173 174 162 164 166 168 164 167 165 172 181 184 185 185 187 185 190 183 190 186 188 188 183 191 194 189 193 192 191 187 184 181 181 184 189 184 188 185 185 183 181 176 170 162 162 157 151 146 139 137 127 128 121 115 115 107 115 126 126 133 141
227 226 226 226 226 226 226 227 225 228 227 227 226 226 228 226 217 167 162 170 174 175 178 185 190 180 183 179 177 170 166 161 165 164 164 163 164 164 173 183 186 181 172 183 180 179 183 189 187 186 197 188 186 189 189 190 189 190 185 184 190 185 181 189 184 190 185 185 180 179 172 168 163 161 158 155 152 138 135 129 122 124 118 109 110 101 0 6 34 18
227 227 227 226 226 227 227 227 226 229 227 227 226 224 226 227 226 163 164 166 167 174 181 184 190 181 182 174 172 166 165 157 147 143 142 144 138 135 140 150 172 184 185 176 167 172 182 172 186 183 189 188 187 190 187 185 188 188 188 190 191 189 186 187 188 191 187 185 181 174 169 166 161 161 155 156 152 139 134 129 126 118 114 117 107 55 5 14 26 3
227 227 227 227 227 227 227 227 227 228 226 228 229 226 226 228 227 154 165 169 167 170 179 185 188 189 186 180 178 164 156 125 119 126 136 144 140 144 147 149 148 133 144 146 148 145 156 165 165 175 176 180 181 180 178 186 190 190 187 186 189 192 189 187 189 189 187 184 182 171 169 166 161 165 156 157 152 144 137 129 123 122 117 107 101 45 9 23 20 104
227 226 226 226 227 227 227 227 227 227 227 227 227 227 227 226 227 179 156 167 168 167 176 177 189 189 186 181 172 163 150 131 103 102 130 135 136 159 160 161 147 152 161 156 163 162 154 161 159 149 154 157 149 152 161 172 182 181 189 186 193 188 191 191 191 194 187 182 179 177 168 165 166 161 162 156 152 147 134 133 126 120 120 107 98 29 4 24 15 98
227 226 226 226 227 227 227 227 227 227 227 227 227 227 227 226 223 227 151 167 169 169 172 184 187 187 183 178 172 168 162 149 127 121 119 113 126 120 128 136 143 159 136 163 153 173 163 170 164 167 159 156 140 118 128 121 157 166 182 189 191 187 195 190 193 192 186 183 179 175 166 165 164 159 159 151 146 144 133 130 119 121 112 114 64 7 12 27 88 96
227 226 226 226 227 227 227 227 227 227 226 227 227 227 227 227 224 228 153 162 172 165 171 175 181 184 184 182 176 170 163 152 123 118 134 131 129 133 133 116 108 102 95 112 98 103 124 104 108 116 120 143 137 161 147 154 167 155 168 181 186 191 193 196 194 191 185 185 179 173 166 168 170 164 163 153 145 143 135 129 119 121 118 103 30 2 18 21 119 108
227 227 226 226 227 227 227 227 227 227 226 227 227 227 227 227 227 227 201 161 167 172 171 170 183 187 187 183 176 169 165 158 142 127 133 134 164 147 145 158 143 149 139 139 139 148 136 152 155 167 144 155 147 146 156 154 179 183 180 186 186 192 199 191 192 189 184 184 177 172 168 172 172 164 162 154 143 140 134 128 121 120 118 99 17 7 24 99 107 92
227 227 227 227 227 227 227 227 227 227 226 227 227 227 227 227 226 226 230 154 166 168 166 173 178 183 184 182 176 169 166 162 155 148 131 143 155 160 166 163 163 173 178 179 188 169 165 158 158 162 153 156 159 164 174 183 184 183 184 187 188 193 186 195 190 188 184 182 174 172 171 174 169 160 158 154 144 137 132 127 121 115 116 92 5 7 23 118 93 101
227 227 227 227 227 227 227 227 228 227 227 227 227 227 227 227 230 223 227 185 161 165 172 171 172 179 180 179 174 166 162 161 164 159 150 145 153 155 162 161 165 157 180 163 171 165 159 165 147 148 155 158 177 170 182 182 183 196 185 181 186 194 196 195 189 188 184 181 173 174 174 174 170 161 157 154 145 136 130 126 119 123 111 91 0 20 185 159 122 163
227 227 226 226 227 227 227 227 228 227 227 227 227 227 227 227 224 229 225 225 154 164 171 163 177 181 179 175 171 165 164 167 164 167 168 166 161 165 152 162 164 157 167 155 158 153 152 159 165 174 171 182 178 179 186 193 188 192 192 187 185 186 183 191 189 186 182 181 174 176 174 171 168 161 153 149 143 134 128 124 123 115 100 75 4 32 196 182 153 136
227 227 226 226 226 227 227 226 228 227 227 227 227 227 227 227 228 224 227 224 190 161 167 171 169 176 176 177 175 168 166 168 169 167 168 173 173 170 170 170 170 172 159 174 172 179 179 179 181 180 183 182 186 188 192 195 194 191 186 185 188 192 191 185 187 182 178 179 175 175 172 169 165 161 151 145 142 136 130 126 120 117 114 59 13 164 184 175 98 169
227 227 226 226 226 226 226 227 227 227 227 227 227 226 226 226 226 227 227 226 226 154 164 168 168 173 177 176 168 173 170 169 175 171 171 168 174 174 178 178 170 172 178 182 179 183 181 187 187 189 189 188 190 193 195 195 192 188 185 183 183 187 191 190 188 184 182 176 174 171 171 168 163 159 151 147 138 133 125 123 116 111 122 54 54 166 198 175 159 152
227 227 226 226 226 226 226 227 228 227 227 226 226 226 226 226 223 228 225 224 225 217 165 165 173 170 175 171 164 172 168 172 175 174 175 173 176 174 175 174 178 176 180 178 182 186 184 185 186 188 189 189 190 192 193 192 191 188 186 184 184 188 191 190 186 182 181 177 175 172 172 168 162 157 148 144 137 132 126 124 117 107 126 95 156 164 198 172 189 161
227 227 226 226 226 226 227 227 227 227 226 226 226 226 226 226 228 225 229 227 223 224 166 166 167 175 169 169 168 172 175 166 172 175 179 178 181 181 182 180 180 180 184 179 183 185 187 186 187 188 189 188 189 191 191 191 189 187 185 183 183 187 189 187 184 182 182 178 177 173 172 167 160 154 146 142 135 131 124 121 113 122 124 112 171 147 194 190 196 167
227 227 226 226 227 227 227 227 227 227 226 226 226 226 226 226 225 227 225 228 227 226 221 159 172 167 172 172 162 166 175 173 171 176 180 181 185 188 190 188 191 192 194 189 188 186 187 185 189 190 189 188 189 191 192 191 187 185 183 182 182 185 186 184 180 178 178 174 173 168 166 160 155 151 144 141 134 130 123 120 123 122 124 122 183 167 191 192 203 188
227 227 227 227 227 227 227 227 226 226 226 226 226 226 225 225 227 228 225 222 224 225 227 219 152 171 175 169 170 171 173 173 172 177 180 182 185 189 189 186 189 190 189 193 193 195 195 195 191 191 191 191 190 191 191 190 186 184 182 181 180 183 184 182 183 180 179 175 173 168 166 160 152 148 142 139 132 129 124 123 123 133 121 119 202 185 151 198 190 183
227 227 227 227 227 227 227 227 226 226 226 227 227 226 225 225 224 227 224 231 224 224 226 221 208 158 168 170 163 167 164 173 172 176 178 181 182 186 184 182 191 192 189 194 191 191 192 194 191 192 193 193 192 190 188 187 186 184 181 179 178 180 181 179 180 176 175 171 169 164 162 156 152 148 140 136 129 127 125 127 130 128 125 146 194 187 138 205 199 197
226 226 227 227 227 226 226 226 226 226 227 227 226 226 226 226 227 226 227 225 223 226 221 222 223 181 162 166 169 165 171 169 171 174 175 179 179 183 183 184 189 193 193 195 193 192 195 195 192 193 193 193 190 187 186 186 185 182 178 176 174 176 177 175 178 174 174 170 168 163 159 153 150 145 138 135 130 130 128 130 132 134 129 121 174 203 157 197 201 185
226 226 226 226 226 226 226 226 227 227 226 226 226 226 226 226 226 225 225 225 222 225 222 222 221 219 178 165 167 150 165 167 171 173 172 176 175 181 184 188 192 194 194 193 196 193 193 185 192 192 192 190 187 185 185 186 183 179 175 172 170 172 173 171 174 171 172 168 166 160 155 148 143 139 134 135 133 135 134 135 135 131 125 121 176 187 135 202 211 165
227 226 226 226 226 227 226 226 224 225 225 226 226 226 226 226 224 225 225 225 224 223 223 222 219 222 221 175 162 166 161 165 168 168 171 171 176 179 187 192 193 191 196 195 195 195 191 193 194 193 192 191 188 185 184 185 183 177 170 167 166 168 173 177 173 170 168 167 162 157 151 144 136 137 137 137 138 138 138 137 137 132 127 118 189 195 158 182 201 165
227 226 226 226 226 227 226 226 225 225 225 225 225 225 225 225 224 224 224 223 222 222 221 221 220 218 219 220 164 160 162 166 165 166 168 171 173 178 184 189 191 190 193 193 194 194 191 193 191 190 188 186 185 183 180 176 174 169 165 164 166 169 172 174 170 167 165 161 156 151 147 144 137 138 140 140 141 141 140 139 136 136 133 127 159 186 195 194 203 143
227 226 226 226 226 226 226 226 226 226 225 224 223 224 224 225 224 224 223 222 222 221 221 221 219 221 216 219 166 156 161 157 162 164 164 170 170 177 180 186 188 187 189 190 191 191 189 190 187 187 185 182 180 181 178 175 166 163 161 163 167 170 170 169 165 163 161 158 151 148 146 145 142 144 146 147 148 147 146 144 142 140 133 127 111 142 200 203 185 190
226 226 226 226 226 226 226 226 226 225 224 224 223 223 224 224 224 224 223 222 221 221 220 220 216 219 222 217 190 158 157 157 159 161 162 167 169 174 178 183 183 184 185 187 187 187 185 184 184 182 179 176 176 174 170 167 162 161 161 164 166 167 165 163 159 157 157 154 149 147 146 145 147 148 150 151 152 151 149 147 144 137 137 132 113 122 197 199 191 184
226 226 226 225 225 225 225 225 225 225 224 224 223 223 223 223 222 222 222 221 220 219 218 218 220 213 215 215 193 159 161 159 156 156 159 160 165 168 175 178 179 181 182 184 185 183 181 179 182 177 174 174 173 167 159 155 160 161 162 162 163 162 160 158 157 155 155 153 151 150 151 150 153 154 155 156 156 155 153 151 149 144 138 137 120 119 126 194 194 192
225 226 225 225 225 224 225 225 224 224 224 224 223 223 223 222 221 221 221 220 219 218 217 217 219 217 217 216 195 157 164 160 156 154 156 155 160 161 167 170 174 177 178 180 181 179 178 175 175 172 170 168 163 157 155 159 159 160 161 160 160 159 158 157 157 154 153 153 152 154 156 156 160 161 161 161 161 159 157 154 148 149 140 132 129 116 113 111 185 196
225 225 225 225 224 224 224 224 223 223 223 223 222 222 221 221 221 220 220 219 218 217 217 216 214 215 220 213 196 157 160 163 158 156 155 154 154 155 159 161 164 167 167 169 169 168 170 167 163 161 160 158 154 153 156 162 159 160 160 159 158 158 158 157 154 153 153 154 154 157 161 162 164 165 164 164 163 161 158 155 153 153 145 137 133 125 125 112 105 198
225 225 225 225 224 223 223 224 223 223 222 222 221 221 220 220 220 219 218 217 216 216 215 215 217 201 184 153 147 161 160 152 161 160 155 155 152 154 153 156 154 157 155 156 156 156 160 158 158 154 152 154 159 162 160 157 159 160 159 157 157 158 158 157 156 156 160 162 163 166 169 170 170 171 170 170 169 166 162 159 156 149 149 143 132 127 127 132 119 113
224 223 225 223 225 222 223 223 223 222 222 221 221 220 219 219 217 215 218 217 215 220 204 188 162 151 143 144 153 160 158 159 161 160 160 158 155 153 154 155 156 156 152 149 151 153 154 155 157 158 158 158 158 158 158 158 159 159 158 158 159 160 160 159 160 163 164 165 169 172 174 175 175 173 177 174 173 170 166 161 161 156 150 142 137 130 133 131 133 127
223 222 224 223 224 221 222 222 221 221 220 220 219 219 218 217 219 215 216 212 197 179 152 140 150 151 151 148 151 156 158 162 163 161 161 160 158 156 156 155 151 153 153 152 155 156 155 154 155 156 156 156 156 156 156 156 158 159 159 159 159 160 162 162 166 169 170 171 175 178 179 180 178 175 179 175 174 171 168 164 159 155 151 146 142 137 140 138 141 135
