234 231 233 234 231 233 235 232 225 229 230 190 131 56 41 42 42 27 73 67 65 48 53 49 38 49 22 24 45 84 131 154 164 170 172 174 164 176 177 172 166 161 176 167 166 153 165 177 175 173 173 163 166 153 158 131 130 147 157 148 142 143 130 115 106 99 82 74 77 75 73 71 69 51 42 31 41 34 51 44 50 51 45 53 54 38 47 58 46 46
234 233 234 233 232 234 234 229 228 228 200 159 52 43 40 36 38 53 46 57 44 57 44 52 45 36 24 41 82 139 170 167 181 184 176 171 179 184 174 164 166 175 181 172 168 167 177 180 177 179 180 178 173 171 166 151 149 156 161 169 172 161 161 154 146 117 108 101 71 56 72 67 79 65 51 50 46 45 40 47 48 48 50 43 49 55 45 51 47 45
233 234 234 232 232 234 232 228 231 216 207 88 43 42 38 44 39 49 53 45 44 52 71 48 54 18 34 79 144 170 180 180 182 185 177 172 182 160 158 184 179 181 180 175 183 176 185 180 182 185 184 182 173 176 167 164 161 163 155 166 162 158 159 160 165 159 135 99 95 77 48 59 59 61 59 61 47 45 45 41 47 49 40 55 43 46 59 62 49 47
231 233 233 232 233 233 230 228 234 229 158 49 45 22 30 38 47 39 51 59 50 61 45 38 34 25 55 135 175 179 184 182 177 176 177 168 172 178 188 186 183 187 182 190 185 183 182 190 187 189 189 185 185 183 179 180 167 162 165 157 161 158 162 164 163 162 160 134 117 107 68 60 61 49 48 47 58 58 43 50 51 40 50 35 51 57 49 46 52 53
231 232 232 233 234 231 228 227 207 215 59 29 28 34 36 39 39 37 51 41 40 70 45 59 25 34 108 171 178 185 185 185 186 187 187 186 187 183 186 192 190 187 190 187 196 197 194 190 190 192 191 187 192 183 180 176 183 173 165 170 166 166 154 154 153 170 166 163 136 142 105 61 61 52 44 46 50 61 58 39 42 30 33 44 45 57 62 53 50 51
233 232 233 234 233 230 226 223 218 170 39 34 38 27 40 39 32 47 45 50 63 57 51 60 34 60 150 174 184 184 180 191 191 187 189 196 194 197 197 194 192 195 199 200 192 200 195 198 191 194 191 191 196 193 192 191 180 181 180 180 177 162 169 169 163 162 178 171 167 141 127 94 59 47 50 45 50 47 43 47 49 47 42 35 39 47 51 47 50 48
233 233 233 233 232 232 226 215 217 58 31 28 36 33 37 35 35 52 28 46 78 46 61 42 38 116 157 175 185 187 188 193 194 198 195 197 200 202 198 201 205 196 202 202 202 198 202 198 201 199 198 192 194 195 195 197 192 192 179 183 182 181 179 171 171 171 171 170 173 176 145 125 89 64 47 43 42 43 53 40 29 28 34 44 33 41 49 60 50 46
233 233 234 232 231 234 227 210 164 32 44 35 25 33 38 27 47 24 23 73 60 36 57 36 57 141 173 179 188 192 187 194 193 193 199 202 199 203 207 201 207 203 206 210 203 199 208 204 203 198 206 193 196 196 197 200 197 196 197 191 187 183 180 179 177 172 173 172 173 173 164 134 127 86 45 53 43 50 41 33 30 31 27 26 40 49 59 47 62 61
233 231 236 234 232 224 230 225 72 52 26 31 23 35 31 48 32 31 49 76 52 44 66 41 84 158 175 179 183 190 194 193 198 196 201 202 206 205 209 207 215 208 209 214 211 207 208 209 208 208 206 205 201 197 198 199 199 196 195 196 196 192 189 188 186 183 179 178 175 179 168 160 148 134 79 41 45 48 44 41 35 44 34 39 34 46 43 45 50 55
230 228 233 232 233 230 230 218 38 31 24 26 29 39 48 22 16 24 82 60 47 34 67 49 112 169 178 180 182 188 193 196 197 201 208 207 206 204 209 210 209 207 204 214 206 209 204 206 203 204 203 205 203 200 202 202 200 198 197 198 197 193 188 186 187 186 185 184 175 171 167 174 168 146 129 89 49 25 37 46 34 35 40 41 41 36 36 45 51 56
234 233 233 232 232 230 220 150 35 31 39 29 39 48 25 20 23 72 67 61 59 53 80 65 138 173 179 181 183 188 192 199 200 206 211 207 209 214 214 204 209 206 210 211 213 209 209 206 205 206 205 207 207 204 204 202 206 202 198 197 196 194 194 194 189 189 188 186 180 174 171 180 166 164 144 132 112 60 46 45 49 38 36 36 39 30 34 41 47 52
233 235 233 233 228 228 220 75 35 31 23 41 41 32 30 25 28 71 61 61 40 69 67 94 153 172 180 185 186 191 191 200 200 199 206 213 213 207 206 208 208 210 209 215 212 215 210 209 205 206 204 205 204 201 200 198 200 198 197 197 197 195 193 192 190 192 190 185 186 185 176 178 166 169 155 155 136 110 87 49 54 46 34 53 47 39 48 27 43 50
231 233 234 232 228 226 221 46 40 30 27 34 39 29 25 28 62 78 53 49 42 79 72 123 166 176 185 187 189 194 192 199 199 204 209 210 211 215 211 203 203 207 206 210 209 213 209 208 206 206 203 203 202 201 201 199 200 200 201 202 201 199 197 195 190 193 191 185 187 185 179 178 179 174 168 163 149 132 102 93 67 62 49 37 38 40 25 40 37 44
236 232 235 230 232 224 209 40 36 26 26 31 31 30 39 45 77 76 56 29 56 68 85 139 174 180 186 185 188 193 193 200 206 205 205 212 215 218 212 204 203 206 208 205 210 209 210 208 208 208 205 203 202 201 202 201 200 199 199 197 196 195 194 194 196 192 189 185 187 182 178 182 178 173 178 167 150 146 135 110 100 78 58 52 50 43 36 20 32 38
235 231 233 230 231 228 206 34 33 30 26 19 32 26 37 64 68 52 56 33 81 67 123 146 176 180 184 183 189 194 195 201 197 206 210 209 205 213 212 206 206 212 206 211 206 212 205 209 206 207 203 200 197 196 198 197 197 199 201 202 200 197 195 193 198 189 189 189 190 182 179 182 178 171 169 171 148 139 147 121 105 83 80 66 52 40 38 22 19 25
231 236 233 232 223 231 216 30 48 22 44 18 40 33 52 70 48 43 31 33 74 70 126 158 177 181 184 186 193 195 196 201 202 204 206 212 210 213 212 212 207 211 209 207 208 205 203 205 204 206 202 200 196 195 198 197 198 199 199 198 197 197 197 197 193 187 194 195 193 183 181 183 179 175 167 172 153 148 143 133 113 87 88 67 48 47 38 22 19 25
230 234 235 232 221 229 158 31 30 19 22 38 30 58 36 57 51 54 34 34 60 93 147 168 179 177 187 188 191 197 194 200 203 200 209 214 212 209 210 214 204 210 205 212 211 208 206 203 205 203 204 205 202 199 198 197 197 200 199 199 194 195 193 195 196 193 190 194 190 190 186 184 182 183 171 173 164 153 138 117 117 99 90 72 55 30 33 24 25 19
238 234 222 235 221 203 160 33 32 31 43 41 55 59 44 54 39 26 39 58 75 141 149 175 178 180 182 187 191 193 198 199 197 203 206 210 210 210 211 206 211 214 211 209 212 209 209 205 206 204 204 205 204 202 201 200 200 200 196 197 195 199 196 195 196 193 195 197 197 193 190 187 189 179 172 168 171 162 144 120 105 89 93 72 67 42 30 24 19 17
231 234 226 231 226 215 120 37 36 29 45 33 56 34 39 40 36 26 34 62 83 144 170 180 178 180 181 186 190 193 197 197 202 199 205 207 209 209 206 214 208 211 211 208 209 212 208 206 207 204 204 204 202 202 201 200 202 201 197 196 196 199 197 195 196 192 195 193 195 191 193 190 186 185 177 170 165 153 149 135 115 103 87 67 67 48 31 24 20 25
233 227 234 228 217 220 84 44 27 29 23 59 50 34 43 29 25 26 42 80 148 141 180 184 180 178 185 185 189 196 192 196 194 208 206 208 209 206 213 212 214 217 215 215 208 216 205 208 209 207 207 206 204 204 205 204 201 202 201 199 197 197 196 195 197 193 194 193 193 191 193 192 188 182 182 172 160 161 148 146 129 115 98 82 52 76 46 20 10 18
234 232 226 227 228 194 49 30 33 38 51 66 30 27 27 29 21 19 43 100 150 177 184 180 184 181 188 186 189 195 192 195 197 204 209 205 206 210 210 214 212 209 214 208 206 206 200 206 204 205 205 204 201 202 204 203 200 203 205 202 201 200 199 196 193 193 192 194 191 191 189 188 184 184 176 177 170 165 156 144 124 112 107 90 69 53 60 36 12 17
233 232 231 234 223 180 47 50 23 22 54 31 37 40 24 20 20 29 83 148 160 186 189 190 187 189 188 188 189 191 195 194 198 204 199 209 213 207 213 211 207 212 209 221 204 216 199 211 210 210 210 207 203 205 207 205 205 205 205 203 206 205 201 194 194 193 190 191 186 188 185 185 184 178 181 172 169 163 153 145 139 130 125 95 73 66 59 36 14 11
235 235 230 222 224 179 30 28 32 45 37 23 32 26 20 14 29 67 117 161 173 199 184 188 189 192 192 191 191 191 194 193 191 198 203 208 211 215 214 206 213 211 220 212 217 208 207 207 211 211 209 205 202 205 206 203 207 205 203 200 206 206 203 194 199 196 192 190 186 187 187 186 185 181 170 168 168 158 157 142 126 120 133 114 84 57 62 46 25 12
232 232 234 223 213 147 47 25 24 32 29 28 35 28 15 28 58 68 152 151 152 176 164 187 189 190 198 193 192 195 190 193 196 196 193 202 204 206 219 219 213 213 212 207 207 209 208 210 211 209 207 203 203 208 209 206 203 200 200 196 204 206 205 198 197 194 194 189 188 185 185 181 180 180 171 173 165 161 157 149 135 132 129 108 104 67 36 43 29 9
232 231 238 225 172 79 32 42 33 40 29 33 25 16 14 57 29 111 150 154 154 169 177 169 143 153 176 187 195 196 187 191 192 191 194 196 203 204 208 207 211 206 203 204 207 208 206 208 210 210 205 206 208 206 204 198 194 193 181 176 183 201 205 204 199 199 192 191 185 176 185 182 182 178 176 166 161 159 159 148 143 134 128 122 107 75 44 41 25 12
231 233 230 223 192 78 29 37 29 26 15 26 19 30 28 23 47 102 147 178 151 146 145 109 121 122 113 147 136 146 158 167 182 186 190 187 203 206 197 211 208 197 202 204 201 204 211 207 201 193 190 186 173 164 164 164 176 182 166 179 157 160 177 191 199 198 191 199 192 190 179 182 176 173 171 172 170 164 154 146 145 142 137 123 94 87 52 27 27 16
227 227 226 171 80 47 40 44 22 18 25 16 38 6 9 19 54 121 140 149 148 108 111 98 127 83 110 87 93 115 114 147 158 161 182 188 187 196 198 209 209 202 203 204 202 192 186 180 162 148 117 122 108 119 137 119 117 106 114 123 168 191 185 199 189 160 172 180 176 182 188 181 179 179 173 172 165 163 156 154 144 136 128 129 110 97 61 32 22 15
231 232 225 166 118 37 35 33 27 25 38 27 8 8 8 21 83 147 154 165 165 152 171 165 158 124 105 81 102 95 103 123 159 165 164 187 191 189 201 203 199 202 198 197 193 170 148 138 123 95 90 110 100 89 97 125 122 138 156 155 174 175 187 173 151 155 157 152 168 179 174 182 178 174 171 172 166 165 159 152 152 139 138 131 106 81 70 34 16 12
232 227 198 127 44 40 41 21 40 20 17 9 7 4 5 29 108 163 175 176 181 187 188 185 182 169 169 139 115 108 109 111 108 134 168 183 186 196 197 209 206 209 203 198 182 161 139 123 112 116 115 88 106 128 134 148 159 164 168 178 177 190 182 197 193 168 163 154 164 155 171 180 182 173 176 175 169 167 168 158 148 137 131 114 104 70 51 29 14 11
227 227 171 101 44 27 27 23 20 12 6 10 5 11 22 32 52 36 36 30 37 38 47 71 89 106 123 124 121 109 126 121 119 130 143 175 191 194 202 200 205 207 200 196 181 156 139 128 123 129 123 112 101 97 95 95 100 110 125 147 159 182 183 187 189 192 192 195 174 176 178 172 168 167 173 166 159 155 144 116 76 34 22 17 15 12 10 11 12 7
224 218 169 48 30 41 17 15 17 21 19 18 24 15 15 13 17 37 54 69 69 64 50 36 22 25 44 77 116 85 57 85 129 138 153 173 193 200 206 211 206 203 209 198 148 72 55 60 71 56 44 44 32 35 39 35 33 33 40 54 75 87 117 128 121 99 71 63 73 106 142 155 153 147 123 76 36 22 21 16 23 15 15 15 13 15 12 9 15 5
225 224 61 41 28 21 17 22 27 27 23 17 75 53 29 28 88 134 143 140 126 98 132 125 103 83 101 101 87 28 28 59 145 72 93 155 191 201 203 211 185 89 41 36 33 26 96 143 158 154 126 137 171 158 183 164 165 156 160 157 125 150 140 75 24 33 42 46 42 42 41 42 46 38 24 22 21 20 15 21 15 19 15 18 14 27 55 42 24 8
213 154 52 37 27 24 9 27 32 28 23 154 47 39 28 29 78 114 114 108 72 95 70 80 153 111 98 65 69 78 114 122 25 30 21 23 44 84 189 58 42 37 28 98 165 154 152 158 142 111 149 151 124 98 156 94 76 46 48 97 139 138 103 126 140 143 27 40 39 38 34 40 46 44 20 22 19 20 21 16 18 21 14 16 112 88 64 37 20 11
224 110 40 29 25 16 13 20 32 25 66 115 43 38 27 25 65 100 107 90 87 82 95 144 178 75 45 197 54 117 132 113 147 19 26 22 21 26 36 32 44 36 133 152 148 144 159 149 150 147 147 108 156 189 176 112 185 40 61 83 93 99 110 98 82 121 122 23 37 43 32 33 47 44 19 22 21 18 23 17 16 19 64 132 109 88 72 46 17 13
201 43 36 17 28 17 7 26 25 32 121 69 43 35 25 22 56 93 100 96 80 87 117 162 182 98 73 35 50 106 146 157 126 162 25 17 20 15 15 32 34 27 151 150 153 145 149 162 182 157 123 135 187 197 187 128 41 35 55 90 137 107 74 88 116 117 122 77 41 38 34 32 46 44 25 20 20 44 109 159 156 139 132 129 117 87 71 41 18 15
126 50 25 27 22 14 15 13 24 26 120 77 33 29 23 22 53 98 101 95 99 111 135 149 188 167 120 106 112 112 164 162 168 153 24 16 47 104 96 31 33 36 148 152 157 149 154 165 170 132 132 175 190 207 211 125 115 100 107 113 157 122 95 107 101 122 136 121 37 42 27 25 44 109 177 177 166 169 160 158 146 140 132 120 113 94 79 47 23 19
61 51 39 31 20 11 14 13 17 21 82 116 36 28 24 21 60 103 119 114 108 115 150 161 176 186 184 154 168 163 153 140 144 151 23 40 173 197 200 198 26 44 125 156 155 155 162 165 163 152 141 145 164 181 203 204 163 123 156 185 158 145 131 130 142 140 137 134 33 28 38 155 174 187 179 177 173 163 164 149 145 135 133 116 119 96 81 45 28 20
41 33 16 28 21 22 15 13 13 17 47 183 52 32 27 23 64 108 123 138 126 129 129 132 115 152 128 165 178 186 178 173 180 176 17 45 184 186 196 187 140 30 132 158 166 165 178 189 187 194 194 192 201 192 193 187 166 158 148 153 159 149 141 139 154 165 171 150 28 54 179 183 184 182 180 172 164 160 151 151 140 133 131 126 115 105 83 43 26 19
50 25 27 19 19 16 19 15 19 7 21 228 64 38 31 30 71 100 132 146 141 147 155 150 155 169 156 176 164 168 155 169 175 170 18 134 183 189 186 185 172 35 187 142 167 168 176 188 195 186 184 168 171 180 184 184 174 176 180 175 177 170 171 171 167 172 178 114 27 185 177 188 182 182 174 170 164 163 154 149 145 136 127 125 113 102 75 43 12 10
82 25 30 19 27 26 14 16 10 13 17 186 83 42 36 32 79 110 138 141 153 148 145 150 157 160 161 160 163 167 169 164 160 166 21 168 187 183 182 183 170 71 121 124 173 170 169 177 176 178 184 180 177 171 173 176 174 174 176 180 180 182 187 188 185 177 176 60 22 186 180 179 179 182 167 169 162 158 153 147 142 135 130 126 115 108 73 26 15 20
25 17 25 26 24 27 17 20 15 11 11 70 179 60 34 35 95 123 141 153 157 159 152 154 154 161 165 170 170 172 170 170 159 165 31 168 189 187 184 178 170 155 53 141 168 172 172 178 187 178 187 193 190 187 185 175 169 169 169 174 179 183 187 181 180 176 181 29 51 179 182 179 177 176 172 165 160 158 153 148 143 139 131 126 115 103 63 20 11 25
29 21 26 31 27 32 17 19 9 6 10 21 201 79 41 39 108 139 154 156 157 163 159 159 162 160 169 171 162 169 172 170 169 60 129 172 185 186 185 174 170 171 48 165 115 177 175 177 183 190 181 182 191 188 184 186 193 189 188 186 183 179 176 180 180 183 198 24 184 188 175 182 176 174 169 164 161 158 153 147 146 141 130 125 116 101 65 15 17 26
40 28 26 33 29 39 21 21 13 10 7 16 66 173 79 48 117 143 158 161 160 163 163 168 173 169 170 170 171 166 166 167 175 18 164 180 187 193 184 168 172 172 160 47 148 177 182 184 189 187 195 194 195 188 196 189 183 180 185 185 182 180 177 184 190 196 90 20 193 185 183 179 176 171 166 163 162 158 153 148 143 140 129 124 115 98 70 16 15 19
52 38 31 35 33 43 21 18 12 9 3 8 16 103 149 76 123 144 159 165 166 166 166 172 169 176 177 180 176 174 170 175 83 33 169 182 204 191 178 169 176 175 184 73 53 156 195 191 192 189 185 193 189 196 193 196 194 189 188 185 183 184 189 195 202 190 30 113 190 186 182 185 175 170 165 163 161 157 152 149 139 139 129 124 112 94 77 24 20 23
43 39 36 37 39 46 23 20 9 15 6 6 9 14 58 68 116 140 161 167 171 175 179 182 187 182 186 187 186 179 172 39 24 160 173 188 197 185 178 170 171 171 180 179 41 87 120 172 195 200 193 192 195 195 200 201 198 199 193 193 193 197 201 189 102 34 22 195 188 190 185 180 174 169 164 162 158 153 149 147 140 139 128 122 110 95 81 32 37 37
29 38 37 32 37 46 25 26 10 13 9 10 9 12 136 63 19 18 24 43 77 106 128 137 133 142 107 60 23 19 23 35 72 170 174 184 181 183 178 168 170 176 177 185 180 95 38 34 86 123 109 124 144 157 160 168 170 156 156 148 115 118 111 36 23 120 199 196 191 185 176 181 173 169 165 161 157 151 147 145 142 134 124 118 110 101 81 37 37 36
28 45 37 29 35 51 24 25 12 16 10 7 7 12 151 145 125 124 130 134 130 110 99 97 109 118 120 107 85 90 108 154 166 164 182 191 188 173 159 176 165 166 175 178 181 188 165 133 126 134 120 84 50 27 32 28 26 33 34 48 93 164 211 202 204 202 193 191 185 181 177 176 173 170 166 162 157 151 146 143 139 129 121 114 107 103 74 39 38 42
25 46 35 31 41 63 29 27 12 15 10 7 14 10 150 148 134 128 128 128 132 128 131 132 134 145 155 160 177 180 174 176 161 179 183 188 187 175 174 166 164 160 168 181 179 187 190 197 187 169 167 149 152 164 169 175 180 184 187 190 191 193 197 196 188 191 186 189 181 176 175 174 172 170 166 162 157 151 145 141 137 126 122 113 102 99 65 37 35 47
25 45 41 46 36 48 32 28 15 12 9 11 14 12 146 147 147 151 154 158 167 175 180 183 186 187 184 185 182 177 177 167 169 178 188 190 189 183 181 170 159 152 159 164 177 185 193 199 205 207 203 196 197 186 180 175 178 176 175 175 178 183 186 188 184 185 184 181 179 178 173 169 173 169 165 160 153 151 146 138 135 125 118 107 101 98 40 34 44 41
40 40 44 49 61 62 39 27 11 13 9 9 11 12 142 149 158 162 165 168 172 175 180 185 183 183 181 185 179 182 176 163 169 184 190 192 192 191 183 171 155 143 138 151 168 174 191 199 204 207 209 209 215 210 209 206 198 195 191 188 186 186 187 187 186 183 179 178 177 175 174 172 173 169 166 160 153 149 143 134 129 124 120 110 98 96 20 34 51 52
33 44 50 49 58 48 46 28 17 14 7 7 10 17 124 151 157 160 164 168 170 171 175 182 179 176 182 177 178 179 179 167 178 197 199 197 193 194 184 173 158 141 147 163 162 161 185 203 209 210 210 211 213 209 209 206 208 206 201 197 193 191 190 189 189 184 179 178 178 177 176 176 174 169 166 160 152 147 141 131 129 123 118 108 93 67 28 36 33 39
35 35 43 52 57 44 48 28 30 15 8 10 11 16 77 141 152 156 160 164 168 170 174 179 178 174 183 176 182 178 174 171 184 202 207 202 193 191 182 170 154 141 161 173 165 154 161 193 206 206 206 208 208 207 210 208 205 203 201 198 196 195 194 193 192 187 183 183 182 181 178 177 175 169 164 157 149 144 139 131 124 121 117 109 87 39 39 33 36 44
38 24 42 33 43 58 55 24 25 10 15 17 10 9 32 142 152 156 159 162 168 172 174 176 178 178 179 184 182 179 160 170 182 194 204 202 197 191 186 169 165 154 163 171 175 164 153 185 204 206 205 207 204 203 205 202 203 202 200 199 197 196 194 193 191 189 186 184 184 183 180 176 174 167 162 155 146 142 137 129 121 122 116 104 69 36 31 37 35 41
44 25 43 38 46 51 57 35 35 13 12 13 13 15 12 133 149 154 158 161 167 172 173 173 174 177 179 182 179 171 154 166 182 188 194 193 195 192 188 172 172 164 171 178 175 167 156 165 188 196 199 202 200 201 202 200 201 200 198 197 196 195 192 190 190 189 186 183 183 183 180 176 173 167 161 155 146 140 134 126 123 120 116 94 56 44 35 38 36 38
35 33 37 41 44 44 49 28 23 16 17 12 11 13 17 127 146 151 157 162 168 171 172 174 172 173 180 176 178 167 155 150 171 181 179 177 183 182 175 165 164 163 172 169 160 160 148 150 185 198 199 200 199 201 199 198 197 195 194 194 194 193 191 189 189 187 185 183 182 181 179 176 172 165 159 153 144 137 131 124 117 116 114 82 59 51 41 27 36 33
41 36 29 38 33 38 38 44 32 27 17 8 14 13 9 80 142 148 156 163 167 166 168 173 176 173 177 179 181 178 155 127 149 170 166 164 170 168 153 150 153 152 138 109 120 142 127 151 181 197 197 196 195 198 196 197 194 192 191 192 193 193 191 188 188 185 184 184 183 179 176 175 171 163 156 149 140 134 129 123 116 120 108 60 55 56 32 24 34 28
44 41 25 29 35 35 37 41 28 25 16 9 10 12 12 42 129 149 154 160 163 166 166 173 176 173 176 176 175 180 175 155 107 144 143 144 160 148 144 134 142 147 135 123 130 140 151 164 188 196 196 192 191 193 197 198 199 194 192 189 193 190 190 187 183 185 183 182 183 179 173 173 163 160 151 147 140 130 126 121 116 116 103 27 50 55 25 23 29 28
54 34 36 44 36 29 28 36 36 32 14 16 13 13 14 36 120 142 149 158 158 165 171 172 173 173 176 176 173 178 177 165 137 102 120 114 132 142 130 131 136 139 138 141 151 157 169 186 190 197 197 195 195 196 199 198 196 194 192 195 194 194 189 186 186 184 181 178 177 175 172 170 163 158 146 140 136 130 127 119 113 119 86 10 38 43 24 32 36 29
64 31 33 29 20 42 34 29 35 27 25 8 14 13 15 25 71 127 145 156 157 164 170 170 170 172 175 175 175 178 180 176 165 144 131 119 104 113 123 141 151 156 161 164 168 171 178 187 195 200 198 196 196 195 196 194 196 196 190 195 189 192 185 185 186 183 179 175 173 173 171 165 161 156 144 137 134 132 127 119 116 110 67 9 11 16 24 34 25 39
62 43 36 33 25 22 39 31 34 33 28 16 8 13 10 16 24 122 140 149 157 163 164 169 170 172 173 174 176 178 179 180 175 169 162 157 156 142 138 156 165 172 179 182 183 188 193 195 198 201 198 196 195 192 192 191 194 194 188 193 186 190 183 184 183 180 178 175 173 173 170 161 156 152 144 139 135 130 125 119 118 101 33 10 14 18 21 32 31 33
63 53 33 30 28 38 30 25 31 37 19 26 14 7 12 12 20 116 132 141 153 160 160 167 169 170 170 172 175 176 177 182 186 181 187 184 179 166 155 166 185 185 190 194 193 193 196 197 197 200 197 195 194 191 192 192 188 189 188 192 189 189 184 183 180 177 176 174 172 172 167 157 153 147 142 140 136 129 121 117 116 98 13 10 9 17 19 40 38 40
59 57 33 33 26 27 23 35 30 36 23 22 18 11 15 8 22 83 126 142 150 156 159 162 166 168 169 172 175 177 181 187 185 188 187 198 195 190 184 178 193 196 198 199 198 200 201 198 199 201 198 197 196 192 193 193 190 189 188 189 188 187 184 182 178 177 175 172 170 168 163 155 156 146 141 140 138 131 121 117 114 86 10 14 13 26 28 38 40 23
65 55 59 28 30 20 23 28 30 39 32 22 12 23 10 8 12 38 123 141 148 153 158 159 164 164 166 171 174 176 179 181 185 179 189 192 204 193 198 201 197 201 201 197 196 199 199 195 199 201 198 199 199 195 193 192 193 191 188 187 186 185 182 181 178 178 175 172 171 167 160 157 156 148 145 141 138 132 121 118 110 69 12 8 14 25 43 52 23 55
80 55 45 37 30 16 20 24 19 30 30 16 16 16 16 14 12 15 123 131 145 154 158 161 165 162 163 168 172 172 169 164 161 164 169 172 176 180 191 182 186 184 184 186 189 188 190 195 196 198 196 199 201 197 195 193 191 190 188 191 188 187 181 179 178 179 177 175 174 168 160 159 152 149 148 142 136 130 120 117 106 27 7 19 22 29 51 18 41 34
98 72 53 51 28 20 22 18 28 30 29 28 23 8 12 12 16 13 120 131 142 152 154 162 163 164 166 159 157 146 135 129 135 149 160 155 162 177 180 174 175 182 178 173 176 166 156 167 175 181 189 190 196 202 194 191 193 187 189 188 188 187 181 183 181 178 178 177 170 167 165 160 128 148 149 142 137 125 125 116 95 17 10 14 29 48 56 21 22 23
116 54 54 47 33 21 19 23 20 23 24 23 15 16 11 11 10 10 95 136 135 150 163 157 165 166 167 146 127 101 80 97 85 93 99 136 144 157 154 161 161 135 108 105 110 112 111 126 121 137 154 172 183 195 192 192 187 184 187 189 190 188 182 182 183 180 179 177 172 168 165 160 151 155 146 140 137 128 123 116 67 13 12 20 22 55 21 21 20 14
190 65 67 38 35 28 21 21 19 19 26 24 19 24 10 8 13 7 45 136 137 144 159 161 166 166 167 165 175 171 142 138 140 143 140 137 125 116 102 121 127 132 140 151 148 157 153 154 144 147 132 154 166 174 189 192 185 183 187 190 191 189 183 182 184 180 178 176 172 169 165 160 155 151 143 138 133 127 124 115 34 12 17 19 50 64 19 14 13 17
197 72 72 39 30 25 21 21 22 14 25 23 25 24 13 11 13 11 16 132 138 145 155 158 163 172 169 166 164 168 156 138 137 156 178 160 168 194 150 164 178 182 191 193 171 160 154 159 160 181 188 187 179 180 183 182 186 186 189 190 189 185 182 182 182 179 177 175 172 168 164 161 153 149 145 141 131 126 122 93 17 14 19 24 50 51 12 15 10 17
222 125 47 31 27 31 24 16 26 15 18 16 18 17 16 12 13 8 11 127 138 144 151 155 164 170 167 166 160 163 160 151 126 137 151 150 165 151 151 161 157 158 161 157 146 145 160 184 192 194 184 185 185 174 182 181 186 188 189 189 186 182 181 181 181 180 178 174 171 166 162 160 153 147 142 138 130 126 117 59 19 30 22 45 43 12 8 15 8 14
216 184 37 37 27 29 18 17 17 12 10 14 12 20 24 20 14 6 7 91 137 142 141 155 160 167 169 165 165 164 152 153 155 146 139 142 137 146 144 138 137 142 142 138 154 174 180 179 179 179 189 183 190 189 186 187 184 187 188 189 186 182 182 181 182 182 179 174 171 165 159 158 151 145 138 133 128 124 103 39 30 18 23 30 36 10 18 17 7 13
212 222 59 44 26 27 16 18 24 18 15 19 11 14 16 13 11 12 9 37 126 144 141 149 163 166 166 159 166 168 159 156 154 139 127 126 126 131 137 125 133 138 141 144 153 171 177 181 182 182 185 189 191 179 181 185 184 187 186 188 186 182 183 181 180 180 177 173 170 164 157 156 152 148 139 134 125 117 76 30 21 37 44 48 27 6 15 8 21 25
221 235 93 49 28 33 20 15 24 11 14 15 12 8 15 18 12 7 13 15 119 140 144 148 155 161 167 168 166 163 176 172 169 173 173 171 167 159 154 154 153 158 167 178 176 185 183 186 187 190 189 188 189 188 187 187 186 187 184 185 184 181 182 179 176 177 173 170 169 164 156 154 146 143 133 131 122 109 51 23 33 34 20 24 15 18 21 11 13 33
229 222 148 34 25 28 25 15 19 18 12 17 12 14 15 16 12 8 8 14 92 126 138 142 151 160 165 165 166 165 169 176 175 183 184 189 187 186 183 183 190 192 192 195 192 187 188 189 189 190 188 187 189 187 186 188 187 183 184 185 181 179 179 175 174 175 171 166 166 162 156 154 148 141 133 125 119 72 46 31 38 27 22 24 15 17 16 15 14 21
235 227 156 39 32 24 13 17 14 14 16 23 11 23 19 17 9 10 6 13 20 115 127 137 152 151 159 163 167 169 172 175 181 188 189 188 186 183 185 186 187 192 194 196 196 196 197 193 190 192 191 189 189 188 186 185 188 185 183 182 179 177 176 175 172 173 169 162 159 155 151 151 133 135 131 122 101 58 45 54 49 32 58 26 12 18 17 20 24 23
232 226 147 44 33 17 15 14 17 14 11 16 8 26 50 13 6 7 12 12 18 99 122 131 141 147 161 161 164 166 173 182 178 182 184 183 190 190 195 194 195 192 193 201 201 192 191 194 192 192 191 187 185 189 190 187 186 184 180 177 176 173 171 171 165 166 163 158 155 150 144 141 135 129 121 110 61 53 39 50 41 21 33 34 13 20 20 23 30 24
230 221 182 67 30 22 13 14 14 15 10 19 13 23 18 12 8 6 10 13 21 26 108 122 134 146 159 156 167 170 170 177 176 179 182 187 196 197 200 198 195 196 195 196 197 196 195 192 192 190 189 186 183 187 190 187 183 184 180 177 176 172 168 169 165 164 160 156 153 148 140 133 127 119 117 86 65 59 65 46 30 9 28 26 11 18 19 30 33 27
232 222 210 75 23 21 15 11 17 8 12 15 32 30 14 10 7 12 12 15 20 11 67 112 122 133 149 153 164 169 169 172 175 181 185 195 199 200 202 205 197 200 197 195 195 197 198 193 192 189 190 190 187 185 185 181 180 180 176 172 171 167 163 164 163 159 153 147 142 138 133 127 124 120 94 57 62 50 67 45 27 22 30 37 21 22 23 38 36 30
232 225 209 77 17 15 20 11 17 15 14 19 12 19 15 6 10 9 13 18 26 11 15 91 116 124 141 154 155 161 170 172 173 180 183 195 198 201 202 206 203 202 198 197 196 194 194 192 193 190 190 189 187 184 182 179 176 174 170 166 163 160 157 157 150 148 146 140 132 128 125 121 111 97 68 69 60 72 46 39 34 28 31 28 28 28 30 43 35 30
232 229 221 118 18 19 14 15 17 10 17 12 24 23 10 19 10 18 22 26 34 19 14 17 87 112 127 146 152 160 164 165 173 180 182 187 191 193 195 195 193 201 199 194 193 196 196 188 189 188 185 182 181 179 175 174 170 166 163 161 156 153 151 149 141 139 137 133 126 122 118 112 100 70 67 69 57 72 36 32 15 39 32 38 32 36 35 21 34 34
230 233 207 155 18 19 20 12 10 18 16 17 18 15 16 18 13 17 25 31 31 21 11 23 16 81 108 131 147 154 155 166 167 178 184 182 185 184 189 188 191 194 194 196 195 191 191 188 182 185 182 176 175 172 165 160 158 154 154 153 147 144 142 138 139 131 126 121 115 112 107 98 73 65 79 66 63 53 40 33 32 29 39 27 40 42 40 26 38 44
235 227 181 98 21 14 26 14 13 22 26 17 38 22 23 19 12 27 36 21 25 21 11 24 17 13 72 102 138 153 156 158 164 169 171 177 178 181 178 181 182 185 188 188 186 182 179 178 173 176 173 163 157 157 156 152 147 143 142 140 136 132 130 128 125 114 114 109 105 102 95 74 65 86 80 74 66 38 38 21 25 48 39 38 41 48 46 19 37 41
235 217 118 67 23 21 18 15 21 20 17 17 19 25 20 23 18 25 45 22 25 24 12 19 13 17 15 46 103 137 147 156 160 169 166 171 171 165 169 180 179 180 179 177 174 172 172 172 165 166 162 153 147 145 142 137 137 133 130 127 121 116 114 112 110 106 103 100 93 86 78 71 85 85 88 63 51 46 30 27 48 48 45 30 45 55 50 25 45 48
229 207 153 97 18 17 24 17 13 38 13 39 16 19 18 23 19 21 49 19 20 22 10 14 29 17 22 20 30 106 132 140 144 156 155 160 165 155 160 166 167 168 169 168 165 162 160 158 153 151 145 138 133 131 127 123 122 118 116 112 107 104 103 101 98 99 93 93 88 81 76 84 95 96 90 69 54 49 30 20 33 40 43 37 52 51 52 23 40 43
221 187 104 44 26 22 24 19 37 14 17 14 7 24 20 21 17 20 46 17 17 22 11 17 24 13 32 20 23 22 84 114 122 132 136 139 148 148 152 150 155 153 151 147 145 142 141 140 139 134 128 122 118 114 111 108 106 103 102 101 98 97 97 95 93 94 90 91 90 86 85 95 108 96 83 57 45 48 19 18 22 43 44 47 50 44 55 31 42 47
196 182 108 24 21 20 27 28 18 17 17 17 13 19 22 27 12 20 32 15 18 24 10 17 30 27 24 25 25 34 20 54 84 86 100 102 108 114 116 113 122 121 121 121 121 121 121 121 113 111 108 106 104 102 100 99 99 97 96 96 95 96 96 93 96 95 99 97 95 92 96 99 105 98 78 54 38 34 26 41 18 41 46 44 42 43 53 40 33 41
192 188 49 21 31 20 30 27 16 9 15 8 13 12 30 18 10 18 21 17 21 28 11 13 33 16 25 29 23 31 18 28 64 54 60 60 63 70 70 75 72 75 79 84 88 90 91 91 93 94 95 97 96 95 94 94 94 94 95 96 96 98 99 98 102 101 107 103 99 100 109 107 97 84 67 50 38 25 29 45 15 49 51 45 42 42 56 42 26 37
155 109 54 27 26 30 29 10 14 19 18 9 13 21 19 17 12 18 22 20 20 30 14 12 48 20 30 23 29 24 29 19 78 66 54 45 45 49 50 63 70 71 73 76 80 84 87 89 90 90 91 92 91 90 89 90 91 93 97 98 98 101 105 106 110 108 110 108 106 109 113 109 101 79 45 49 48 21 43 26 14 56 48 38 29 36 46 33 26 42
169 137 45 45 27 28 18 14 7 16 27 9 10 13 14 13 9 13 23 19 12 24 13 11 50 20 20 24 27 32 28 17 77 83 68 56 49 43 39 52 57 61 66 71 76 79 81 82 85 86 86 86 88 90 92 94 97 100 105 105 104 108 114 116 120 120 117 119 119 120 110 101 81 52 46 50 45 21 41 23 12 52 49 38 23 51 35 30 25 42
146 70 80 26 22 33 16 14 8 100 16 8 19 15 12 11 9 14 11 13 15 21 12 15 54 23 17 29 23 37 36 19 87 92 83 71 62 54 47 45 40 44 50 58 65 69 73 76 78 82 85 88 89 93 100 101 104 105 108 114 114 117 116 124 122 124 119 119 118 114 108 87 63 47 40 56 44 49 46 20 10 48 42 32 24 45 39 38 43 42
119 73 26 17 39 31 19 9 13 60 7 17 25 21 14 8 9 14 10 13 15 21 12 15 49 20 16 28 19 34 40 30 84 99 94 86 76 67 59 52 48 47 48 51 56 63 70 76 83 87 91 95 97 101 108 110 113 113 115 118 117 118 116 123 123 129 126 126 120 108 92 64 61 38 35 54 47 40 41 19 9 35 32 37 27 39 37 47 43 38
