142 142 129 118 114 111 107 99 95 88 90 93 91 95 97 89 90 86 93 85 80 88 87 82 85 78 86 85 86 79 83 84 88 84 84 88 89 87 83 80 72 80 77 78 76 73 77 72 79 74 74 80 85 82 79 80 79 81 82 80 82 83 78 78 81 88 81 85 91 94 101 105 105 85 76 77 74 72 72 70 67 72 71 66 66 70 68 62 66 74
131 126 119 113 106 102 103 103 100 96 97 96 89 87 87 81 84 79 85 83 84 94 92 86 92 87 91 92 94 89 85 83 80 75 74 74 73 72 73 74 69 74 72 71 70 73 79 78 80 79 76 76 78 80 81 83 88 84 80 76 75 75 77 85 100 103 102 99 115 102 98 85 75 73 74 78 75 67 64 68 69 68 70 74 77 76 75 75 75 79
126 120 116 113 110 107 104 106 103 98 94 92 91 92 92 90 94 94 102 97 89 88 85 82 89 83 75 71 69 70 63 63 69 65 64 64 62 63 67 70 70 71 73 72 74 81 83 84 86 83 78 76 80 86 85 82 77 79 82 81 82 85 92 107 110 108 97 101 101 89 80 79 74 81 78 71 70 67 65 69 77 69 66 72 75 72 72 74 72 74
139 134 125 117 121 123 115 117 109 102 96 99 111 120 119 115 106 95 89 84 82 83 77 71 65 68 63 66 65 72 66 69 73 70 70 72 72 73 75 75 75 74 80 77 77 79 70 69 73 77 79 79 78 79 79 77 78 83 88 90 96 101 101 105 98 101 100 96 85 76 80 86 81 76 65 63 68 65 62 69 67 69 71 72 70 69 71 74 77 82
143 138 133 127 124 120 113 110 115 123 127 127 122 114 104 99 92 86 83 79 78 79 79 80 77 83 81 82 79 84 76 78 81 76 75 77 80 81 80 78 79 74 77 69 67 73 70 76 78 77 79 80 79 81 84 85 93 98 101 99 99 99 95 96 84 88 85 83 71 82 82 74 64 70 73 72 72 73 74 78 84 85 84 83 85 88 90 90 96 102
142 137 141 144 131 127 136 136 129 128 123 114 106 99 93 89 87 88 89 89 89 87 87 89 89 89 85 83 82 88 85 86 85 78 73 73 73 74 73 70 64 67 79 79 78 81 78 84 83 78 79 87 94 98 100 99 100 95 93 94 98 94 85 85 80 78 71 81 63 74 70 71 68 66 70 79 82 79 79 80 82 83 86 88 88 84 82 82 86 90
153 146 140 148 146 140 141 127 112 107 99 91 86 88 90 89 90 89 84 84 88 89 89 91 92 89 89 83 83 83 82 80 77 75 75 76 77 79 82 82 88 86 87 82 78 78 78 83 92 94 101 105 102 97 95 92 88 86 86 85 85 81 75 79 81 66 70 71 73 60 62 64 67 68 68 66 67 71 73 70 76 73 73 77 80 79 77 77 78 82
153 160 146 141 134 121 118 107 96 93 92 90 89 91 92 88 92 91 83 82 86 87 87 86 88 84 90 82 82 79 81 78 82 83 87 88 84 83 84 86 84 83 85 88 92 96 95 96 98 95 94 91 84 82 84 84 83 85 84 79 79 80 79 81 84 75 75 65 73 65 68 67 69 73 73 70 70 74 76 76 77 79 80 81 82 83 85 86 87 93
151 146 133 132 126 119 109 106 102 100 98 97 96 98 95 88 90 86 85 87 91 84 82 75 82 81 82 81 86 93 90 91 92 91 89 88 88 92 93 90 92 92 92 94 95 87 89 84 89 84 80 83 84 86 90 88 86 87 87 85 82 81 80 77 76 73 71 67 71 75 69 68 69 68 70 74 72 72 80 82 80 80 81 79 84 82 88 95 104 100
150 138 134 142 131 126 125 122 118 111 104 102 102 100 97 95 92 89 89 90 96 97 101 98 99 100 105 104 104 106 101 99 100 99 98 99 101 104 103 99 100 101 96 94 96 90 95 95 96 95 94 96 98 101 104 101 95 92 89 87 85 82 79 76 76 70 72 71 69 69 66 67 73 69 66 69 71 70 72 69 78 79 81 80 87 86 87 86 96 92
152 139 137 146 133 126 124 119 119 116 111 107 104 99 95 96 100 101 104 108 116 119 126 124 118 117 120 118 115 118 118 117 119 117 118 119 120 119 113 107 110 115 112 112 118 110 111 111 114 113 108 103 98 95 94 89 88 83 81 82 81 78 75 73 76 70 72 72 68 70 72 72 74 74 71 73 75 74 75 74 75 77 78 76 85 87 88 85 88 86
148 143 135 138 133 125 115 108 107 115 116 112 111 109 110 114 117 117 121 124 127 124 128 127 128 126 128 128 125 126 127 124 121 119 119 122 125 127 126 124 120 120 112 109 112 103 102 100 101 100 95 90 84 78 76 72 67 64 63 65 64 60 61 66 68 66 65 61 60 67 71 68 70 73 71 72 76 75 76 78 77 79 80 78 83 81 82 83 87 88
138 136 124 124 124 119 109 106 115 122 121 119 123 126 130 136 136 132 131 132 133 126 131 133 134 131 130 130 129 129 129 125 127 125 125 127 125 121 118 116 106 102 95 93 96 90 91 84 80 79 73 71 66 59 57 56 51 50 51 52 52 51 53 59 59 61 59 56 57 60 62 62 66 69 67 69 75 74 73 73 75 77 82 82 86 80 81 85 88 91
137 131 123 127 126 126 125 126 135 131 128 131 137 137 136 138 134 129 127 129 131 125 130 132 138 137 133 134 133 131 130 127 128 123 120 116 105 93 84 82 76 76 77 82 86 80 80 71 65 64 57 55 54 53 58 62 67 70 72 73 74 69 62 59 57 59 57 59 59 53 53 57 55 64 67 69 69 69 72 74 72 72 76 79 85 81 85 91 85 89
138 135 131 139 139 144 145 143 134 129 129 133 135 132 127 123 117 114 112 111 113 108 109 106 125 129 124 120 113 98 89 84 84 79 75 73 67 59 56 58 58 62 62 63 65 58 61 57 54 63 67 71 81 94 108 115 124 129 129 127 125 116 100 89 79 73 65 65 61 51 51 51 45 52 56 58 56 58 67 70 69 69 71 70 75 73 78 84 79 84
130 134 130 133 136 140 133 122 121 122 125 123 116 111 106 100 89 87 83 79 80 78 80 72 71 78 72 68 61 47 40 40 37 37 42 51 51 46 43 45 45 54 56 56 62 58 65 69 78 98 111 120 132 147 159 163 172 178 176 171 170 165 152 142 121 107 89 81 72 65 63 55 48 43 39 42 46 54 61 57 58 63 68 65 68 66 71 76 74 79
125 123 123 125 136 133 126 124 124 114 101 91 84 78 71 63 64 62 58 53 45 42 46 44 38 43 48 59 76 88 90 84 71 69 68 62 47 40 43 38 49 56 60 61 70 69 91 109 128 152 163 167 171 182 186 185 191 193 190 185 184 181 173 166 153 143 130 123 105 81 75 77 69 59 49 38 32 34 38 42 52 61 62 59 58 57 59 68 70 73
126 130 137 136 132 128 125 115 90 80 68 64 63 57 49 47 39 37 34 41 47 46 54 64 78 98 127 155 159 152 145 124 109 118 116 80 48 39 40 48 62 73 79 80 96 115 141 162 174 191 194 195 194 199 200 199 197 196 192 188 187 184 177 170 163 158 154 150 144 122 110 100 92 86 80 69 49 32 24 23 30 34 40 43 46 56 63 62 62 66
143 147 140 132 121 104 90 77 68 66 55 43 40 38 38 45 49 57 65 84 104 111 126 148 170 181 194 208 193 171 164 143 130 140 130 75 46 51 51 67 82 107 122 127 141 165 178 189 196 208 209 211 209 209 206 204 196 192 189 189 187 186 182 176 168 168 166 161 160 150 146 137 127 114 105 97 82 66 49 34 24 19 23 29 30 37 43 42 46 50
140 142 126 109 88 79 74 63 54 47 38 38 43 50 65 85 110 135 155 172 184 184 192 206 209 214 217 219 199 172 158 144 137 138 118 72 58 64 62 74 112 150 161 159 160 181 193 201 215 223 222 222 217 215 210 205 200 192 190 190 186 183 180 173 169 170 166 165 163 164 159 154 151 146 140 130 115 103 90 71 40 25 17 23 27 23 19 20 34 38
140 131 100 85 80 82 67 49 35 36 42 58 87 123 150 163 174 185 190 195 203 206 209 211 210 211 221 219 197 168 144 133 138 136 101 59 52 68 83 93 140 175 170 162 165 190 206 209 215 222 220 220 217 219 218 214 210 200 195 194 190 185 182 177 170 168 159 167 164 172 162 161 155 153 150 150 147 140 125 101 81 54 27 17 20 25 26 24 27 30
126 106 88 87 71 60 45 39 39 59 97 138 169 187 193 192 193 201 206 210 210 211 218 223 224 212 220 221 204 178 143 121 125 130 83 46 67 114 133 114 149 183 180 166 174 199 211 206 217 223 221 223 220 223 221 215 210 200 193 190 185 181 178 175 171 167 160 164 158 165 162 169 165 162 157 161 161 154 145 130 118 98 67 34 15 21 28 22 18 20
102 91 95 91 51 36 34 48 74 123 173 195 198 199 201 202 197 202 206 212 212 209 213 217 225 220 224 222 202 171 142 126 131 121 65 39 78 130 152 138 155 189 193 162 170 201 213 212 217 221 221 227 225 224 219 214 212 205 196 191 186 178 171 168 165 159 159 154 153 155 159 166 168 170 163 162 159 152 153 150 143 134 112 75 38 20 19 20 19 20
100 125 95 48 35 47 55 110 163 191 210 210 209 209 208 210 211 211 207 209 215 217 221 223 219 222 219 222 212 175 139 119 126 101 49 29 39 58 110 163 170 188 187 143 164 211 220 217 216 215 214 224 223 221 217 214 203 199 192 188 184 175 165 162 152 137 138 130 148 153 163 165 174 183 177 173 169 162 162 159 153 150 141 124 90 45 22 28 30 30
135 80 39 50 47 67 127 179 210 218 220 216 214 212 209 208 213 210 209 211 217 219 216 219 220 224 225 217 210 186 138 106 120 87 76 87 61 47 87 142 169 167 176 140 159 210 219 216 218 219 220 222 222 217 211 208 199 188 187 184 172 164 157 151 141 119 118 127 154 171 181 180 181 184 183 180 174 168 164 163 159 153 151 148 131 97 53 20 17 25
111 49 41 59 80 129 186 221 228 227 221 215 217 218 215 212 216 214 213 216 221 220 219 222 219 223 222 216 214 184 130 100 110 80 71 76 45 36 84 137 156 157 169 123 165 212 214 222 214 216 217 220 222 216 206 201 189 184 182 175 164 157 144 133 113 109 127 148 170 176 182 184 181 183 182 179 175 170 167 167 158 155 155 153 147 133 94 50 18 23
65 50 68 78 122 182 215 221 224 226 222 217 216 217 217 217 218 216 216 219 222 219 219 222 218 221 216 213 215 181 122 96 106 71 34 27 20 30 77 135 158 166 163 117 179 210 210 222 214 216 217 218 218 210 199 193 187 181 174 166 158 145 124 111 101 127 156 173 183 176 175 175 174 178 181 180 177 173 168 166 166 161 156 150 152 159 140 104 54 40
59 66 83 120 182 219 228 225 222 226 226 220 216 215 216 217 218 217 217 222 222 218 219 221 219 218 212 209 210 176 120 98 103 66 28 25 30 48 89 135 153 166 142 120 190 209 219 222 219 217 218 217 210 202 194 187 182 174 166 156 143 122 105 108 129 166 178 172 177 181 181 174 177 180 181 178 175 173 173 173 171 167 164 159 158 163 159 143 107 71
66 90 122 178 212 222 231 233 228 224 219 215 216 219 219 216 220 221 221 226 225 220 222 222 218 214 210 207 204 171 122 102 96 69 32 36 58 76 100 137 152 160 126 136 193 208 222 214 223 217 217 215 203 196 190 178 167 164 156 144 127 110 114 139 163 176 180 184 189 186 177 174 184 188 189 186 182 180 180 181 176 176 175 172 168 163 161 160 140 100
85 134 179 214 222 232 231 229 225 219 214 213 216 220 220 216 221 223 223 228 226 221 223 221 216 210 209 206 199 170 125 103 103 69 45 58 75 103 133 150 148 144 126 159 199 217 224 218 222 214 214 212 200 192 182 167 154 152 144 134 130 131 146 173 178 189 198 198 190 186 181 186 191 196 199 196 193 189 186 185 184 184 180 177 174 169 165 166 156 130
135 179 211 222 228 230 224 224 223 220 219 218 216 217 218 216 221 224 223 227 225 221 223 217 212 207 205 202 197 171 128 106 107 81 54 70 105 135 145 148 146 136 138 184 208 220 222 221 219 216 214 209 198 186 173 161 154 152 148 147 157 169 178 190 201 201 203 207 198 174 160 195 203 204 202 196 194 193 192 191 187 187 186 184 182 178 171 166 168 155
172 200 220 225 234 228 229 224 221 217 215 216 217 220 222 220 221 225 223 227 225 221 223 214 210 205 200 196 195 173 131 109 114 94 62 69 106 136 143 146 150 141 154 204 219 218 221 221 217 220 217 208 196 181 167 160 165 167 172 178 189 196 197 202 207 211 210 212 191 134 111 186 209 208 204 198 197 197 195 193 191 190 190 189 185 182 178 171 171 165
196 212 225 228 229 230 229 227 223 221 218 217 218 221 223 224 225 224 223 225 223 220 217 210 207 203 201 198 191 174 145 117 117 106 78 63 88 129 152 157 149 155 185 213 218 218 220 214 216 217 216 206 188 174 173 177 189 196 197 198 198 206 200 208 210 211 212 205 172 96 53 158 207 213 204 202 202 194 194 192 195 195 191 189 188 182 179 182 171 167
207 221 231 231 229 228 226 223 222 220 217 217 219 221 223 223 223 223 223 225 223 218 216 209 204 203 200 193 189 183 161 133 120 113 95 81 94 134 168 180 167 181 205 220 218 213 212 210 212 216 209 197 189 182 184 194 198 205 207 208 202 203 200 208 210 216 219 196 153 77 24 113 194 212 208 204 203 196 192 188 191 196 195 191 189 186 183 183 175 171
209 220 228 229 228 228 226 224 221 218 216 216 218 220 221 222 222 222 223 224 220 215 214 208 203 203 199 191 189 188 174 153 133 124 115 110 120 153 182 188 191 207 218 218 214 209 206 208 209 212 207 198 195 193 195 202 200 196 201 213 204 199 202 206 216 213 213 185 135 60 23 87 174 202 206 200 199 197 195 192 190 198 199 194 192 193 190 187 181 176
213 221 226 226 224 222 221 219 219 215 213 215 217 218 219 220 222 222 222 222 217 212 212 208 205 203 200 195 192 188 178 165 152 139 130 129 141 171 196 199 205 214 215 212 213 210 205 205 206 206 206 203 198 200 203 202 201 181 177 199 203 200 208 208 215 207 209 177 118 51 54 79 154 182 195 192 189 191 194 192 192 198 199 196 198 200 197 193 190 184
217 222 225 224 221 219 216 215 216 214 212 214 216 217 217 218 220 221 221 221 216 212 213 209 205 206 204 200 195 190 182 175 170 164 158 153 157 175 195 205 205 209 210 211 212 208 202 200 203 201 202 200 197 201 205 203 200 172 144 153 183 197 207 211 210 208 216 166 105 61 106 117 151 168 185 188 183 183 189 189 191 193 196 199 204 205 203 199 197 191
211 215 218 219 219 218 216 215 214 212 211 212 214 215 216 217 217 218 219 221 217 213 213 208 204 208 206 200 195 194 191 186 184 188 188 184 181 183 190 197 203 205 207 207 205 199 197 198 200 201 200 197 197 197 196 197 190 168 116 100 149 183 198 212 213 208 215 158 94 64 129 166 168 168 179 185 176 171 176 178 182 184 190 199 206 207 206 204 198 192
206 210 212 214 214 213 211 210 210 211 210 209 211 214 215 215 215 215 216 218 215 211 210 204 202 204 202 197 195 196 195 195 196 201 205 205 203 201 200 201 201 204 203 201 201 198 198 201 199 201 201 199 197 193 191 193 186 169 116 83 127 167 187 208 216 212 203 155 84 62 124 173 171 162 170 181 176 167 167 171 170 174 184 195 201 205 209 210 203 195
204 206 209 211 212 211 209 208 208 209 209 207 208 212 214 213 215 214 213 215 211 208 206 200 200 198 195 196 196 193 193 198 202 208 217 220 216 212 208 206 200 203 200 200 206 207 203 203 201 197 201 201 194 193 197 197 188 170 128 91 119 152 175 198 215 221 192 151 81 84 148 185 179 169 176 189 185 168 156 156 161 169 180 189 194 202 211 215 213 205
199 206 209 208 209 210 209 209 208 204 205 208 209 212 214 212 212 219 212 211 213 208 205 203 201 199 194 193 198 196 196 203 204 215 225 225 222 219 216 215 207 205 210 210 213 209 206 206 204 200 203 201 198 195 202 203 192 180 154 120 113 140 163 196 218 211 180 144 75 107 183 229 234 216 180 188 192 172 160 148 151 159 170 183 192 202 211 214 216 212
199 200 205 206 204 207 210 207 202 201 202 205 208 210 211 210 211 215 214 213 212 209 207 203 205 201 195 194 197 196 193 195 202 212 221 225 224 223 223 223 217 216 221 219 222 218 215 215 207 204 207 207 211 214 215 206 200 183 161 133 118 128 150 197 206 211 183 143 77 119 184 215 230 210 179 185 199 184 166 147 140 149 161 176 190 201 208 209 211 211
200 200 204 205 203 206 209 205 201 202 202 205 209 210 209 211 211 211 216 214 211 211 207 203 203 198 192 189 190 191 191 191 198 206 212 214 214 213 214 216 212 211 216 214 217 214 214 216 210 207 210 212 222 227 225 211 190 182 169 149 130 122 130 175 195 201 177 138 78 113 162 185 182 163 148 167 204 197 171 142 130 138 154 175 194 206 211 211 210 215
196 200 201 201 204 204 201 200 200 202 202 203 207 207 206 210 211 210 216 212 210 211 204 201 199 195 190 183 179 181 187 189 195 200 203 203 200 197 198 201 202 200 203 199 199 196 197 200 195 195 200 202 209 212 209 197 185 182 165 147 144 136 120 146 184 191 173 129 80 114 172 204 202 199 188 176 201 200 178 145 122 126 145 172 194 206 210 214 209 215
196 199 200 201 204 202 199 199 201 203 202 202 206 206 207 211 211 211 214 209 209 209 200 198 197 195 191 183 176 176 181 182 190 196 200 199 195 192 193 196 192 190 193 189 190 186 186 188 193 190 191 189 192 192 194 191 176 173 153 137 143 134 111 136 175 186 171 120 90 128 198 230 238 238 218 182 188 184 169 144 125 121 139 167 190 201 207 216 214 217
197 196 200 203 201 202 203 200 201 202 202 203 206 207 209 212 209 211 210 207 207 206 198 196 195 193 190 184 180 177 176 176 184 190 194 192 188 187 187 189 181 180 184 183 187 184 183 183 183 181 185 186 188 182 181 179 186 172 150 143 147 125 95 122 173 186 170 127 99 121 187 222 230 239 216 176 182 190 177 148 117 113 135 169 197 209 210 216 219 216
193 192 197 201 198 198 199 197 197 197 199 202 202 203 205 206 204 206 206 206 203 201 199 193 192 190 183 177 176 172 170 172 177 181 181 175 172 173 175 175 176 173 176 175 180 177 175 174 177 176 178 179 182 178 180 181 179 169 163 162 150 109 70 91 165 177 148 113 75 94 162 210 226 230 203 178 181 182 169 151 128 118 130 156 188 208 209 213 218 210
189 194 197 200 201 197 194 196 197 196 200 203 202 202 204 202 199 202 203 205 199 197 200 192 193 189 177 168 165 161 160 166 173 174 169 160 158 163 167 168 171 166 167 166 173 173 172 172 173 172 173 170 173 174 182 187 178 165 159 154 138 107 78 95 147 165 127 108 81 110 157 183 213 212 184 175 186 188 169 148 125 115 126 152 188 215 214 211 218 206
192 197 201 202 202 202 200 197 198 200 201 200 200 201 203 204 201 202 204 203 205 200 198 189 188 183 182 165 151 140 152 160 158 146 142 136 134 144 153 159 163 164 166 170 170 162 161 171 170 173 170 168 166 166 174 181 180 163 148 148 139 116 81 84 130 148 112 100 83 130 185 214 228 223 194 179 183 176 160 146 129 116 121 148 189 210 207 212 205 201
195 193 195 198 198 199 201 199 198 199 199 197 197 198 201 203 202 201 200 199 203 198 196 189 189 182 177 155 145 146 146 149 140 131 130 132 134 140 145 155 166 167 168 170 172 170 168 171 168 173 168 161 161 168 177 178 164 150 145 151 139 111 80 91 128 138 121 111 97 143 194 222 233 222 191 190 195 172 152 139 122 116 127 154 190 207 202 206 198 195
194 188 191 197 196 198 200 199 196 196 196 194 194 196 198 199 200 200 197 196 200 194 193 190 189 184 169 143 125 135 137 132 125 116 112 121 139 147 150 160 167 171 170 167 168 170 170 169 166 169 163 157 159 168 177 178 164 146 142 142 123 97 80 98 137 127 111 101 111 160 201 223 229 219 186 183 182 161 149 135 122 121 134 159 188 203 200 205 194 192
189 188 192 197 198 198 197 195 194 194 194 194 194 194 194 194 195 198 198 196 198 191 191 193 190 181 148 132 119 130 132 106 87 81 78 101 142 159 157 162 171 179 178 169 164 166 169 170 169 167 164 167 168 169 174 176 159 137 136 131 112 99 99 116 147 132 109 93 121 161 194 214 221 199 179 183 178 156 145 137 129 128 141 164 189 199 197 203 194 193
186 192 195 195 197 197 194 193 194 192 192 192 192 191 191 192 194 197 196 194 197 191 194 196 191 174 131 121 118 118 101 73 62 67 74 112 161 174 166 169 175 182 184 174 165 163 167 170 167 163 163 173 176 172 176 179 149 120 119 114 101 103 118 133 151 133 101 83 116 142 167 173 162 151 163 175 165 152 146 142 133 132 145 171 192 194 190 193 191 191
186 194 194 190 192 193 191 193 193 191 189 189 189 188 189 191 195 195 194 192 195 194 198 196 192 164 121 105 109 93 60 56 69 86 104 140 176 174 164 173 177 183 186 181 173 169 170 172 171 165 162 168 172 175 182 184 149 119 120 117 109 112 128 141 156 132 100 94 134 162 194 195 152 144 162 163 150 153 150 143 139 137 148 173 190 189 184 185 187 189
184 189 190 187 188 188 188 190 190 187 186 187 187 186 188 190 193 192 194 193 195 195 200 194 187 146 108 98 105 77 49 68 99 128 145 163 179 169 162 173 182 187 192 190 184 181 181 181 172 164 157 160 164 169 177 176 140 120 122 116 115 121 137 152 161 131 97 109 165 196 221 221 179 155 157 162 157 158 154 148 148 148 156 174 186 187 184 184 186 189
181 183 186 188 187 185 185 185 186 184 185 187 187 186 186 189 189 190 196 196 195 195 200 192 172 132 106 104 99 55 50 83 133 170 181 179 180 169 161 165 183 189 194 192 187 186 188 187 179 168 157 155 150 143 138 130 120 118 128 120 126 134 146 158 165 138 106 114 159 170 172 174 158 153 160 165 160 159 159 151 153 157 165 178 188 189 187 184 187 189
181 181 184 185 185 186 187 187 185 185 182 181 183 184 185 186 189 191 193 196 194 196 197 186 157 122 106 107 87 43 43 71 107 149 178 186 180 166 151 159 183 194 195 197 193 194 193 194 187 181 171 161 150 137 124 117 118 124 124 125 127 136 154 161 169 146 104 122 144 143 119 122 142 155 164 163 162 163 160 154 153 161 173 182 188 193 193 189 188 180
179 180 183 185 185 185 185 184 182 183 181 181 183 184 185 186 184 188 190 191 192 197 193 174 149 115 105 104 76 48 65 61 62 100 149 178 172 166 158 153 185 198 197 197 193 197 202 199 195 193 186 176 168 159 148 140 138 136 132 133 135 142 159 168 174 150 100 128 157 145 121 126 153 165 172 170 168 166 161 157 154 164 178 187 193 197 195 188 182 174
178 179 182 184 185 185 184 182 183 184 183 181 182 181 181 182 182 185 187 188 190 196 188 165 146 115 106 110 75 57 85 62 49 71 120 158 163 172 167 151 181 200 198 199 196 200 207 201 198 200 195 185 179 174 164 152 150 147 142 142 144 150 164 171 178 157 110 110 133 139 133 150 162 172 174 170 169 165 159 159 159 169 182 190 194 196 192 184 178 169
178 178 180 182 183 184 183 181 183 184 183 181 180 179 179 180 184 183 185 187 189 191 182 161 129 116 112 125 82 48 53 35 30 59 109 146 159 170 160 146 178 202 198 201 201 201 208 204 204 206 201 193 187 181 169 156 150 150 148 149 152 159 168 172 181 165 113 66 60 92 134 164 169 174 170 166 169 165 160 163 169 178 187 189 189 190 188 180 177 170
178 178 178 178 179 181 182 181 180 181 180 179 180 180 180 183 183 181 183 184 187 189 175 151 111 120 121 134 84 42 22 24 37 67 109 141 161 173 154 140 179 205 199 202 205 203 210 213 209 208 204 199 194 186 173 162 154 149 149 154 161 168 172 174 181 174 126 53 29 80 151 174 176 176 168 164 169 169 165 169 178 184 189 188 184 185 183 179 177 170
177 177 177 176 177 179 181 180 180 180 179 178 179 179 179 181 181 181 184 182 187 192 171 138 107 129 132 133 84 54 39 60 78 90 117 142 160 175 156 140 179 205 201 204 207 206 210 214 206 204 200 198 195 187 177 171 165 151 146 151 163 171 173 177 175 169 142 52 44 123 174 180 175 174 167 164 169 169 167 171 177 181 185 184 180 180 179 177 175 169
176 177 178 178 178 179 180 179 181 180 178 177 179 178 177 176 179 179 184 181 185 190 165 130 112 135 143 136 95 62 61 94 118 107 118 138 156 174 159 144 182 204 205 206 206 209 209 208 204 202 199 196 193 188 182 179 172 157 147 143 154 170 175 177 179 169 143 62 86 161 178 177 170 171 170 169 169 168 168 171 173 174 177 179 178 178 178 176 175 169
175 177 180 180 180 181 180 179 178 177 176 176 179 180 177 177 177 175 181 180 182 183 158 128 124 141 150 144 113 66 75 117 125 121 140 161 168 172 154 146 191 207 209 205 201 210 211 205 203 203 199 194 189 186 183 181 174 165 152 137 145 169 178 177 179 174 133 95 142 169 174 168 167 172 176 177 174 171 172 174 172 171 173 176 178 178 179 177 178 171
172 174 177 180 179 179 178 177 178 182 176 179 181 177 179 177 177 181 175 181 181 175 148 128 138 154 159 141 130 97 96 145 143 117 144 171 179 171 146 152 196 208 212 205 206 210 208 200 201 199 196 192 188 184 182 181 174 169 159 141 140 159 173 175 177 168 142 145 170 168 171 172 170 171 174 174 172 174 177 174 171 167 171 178 179 177 176 173 179 172
163 170 178 180 178 178 180 181 176 179 173 177 182 180 181 177 180 174 174 178 175 166 134 118 140 164 156 153 125 123 89 86 83 110 159 182 179 161 150 168 200 209 210 202 200 204 204 201 198 196 193 190 187 183 178 175 180 170 165 152 136 140 158 172 177 174 159 155 169 167 170 170 171 171 173 172 170 172 174 171 167 170 173 176 177 176 174 173 174 167
165 170 174 175 175 176 176 174 176 180 176 177 179 176 177 175 179 171 176 176 172 159 120 112 143 161 163 155 122 125 101 60 80 130 169 183 180 161 157 179 200 209 211 206 202 202 200 198 191 189 187 185 184 181 177 174 173 171 172 163 149 149 159 169 172 167 162 156 160 160 164 167 172 173 175 173 170 173 176 176 173 178 177 173 175 177 178 179 174 168
153 161 168 172 175 179 178 173 176 182 180 176 171 167 174 179 173 173 178 174 173 160 124 114 135 149 164 167 133 125 116 79 99 141 165 172 171 158 165 193 200 204 205 201 199 198 198 200 196 193 188 184 180 176 172 168 170 171 166 161 165 166 159 162 154 143 147 151 159 163 168 172 174 176 178 174 170 172 177 179 178 181 180 178 177 177 174 172 170 161
143 158 174 177 174 173 173 170 173 175 175 177 179 177 175 171 169 173 174 170 170 163 142 116 124 152 176 177 153 124 122 112 109 137 163 170 170 169 180 205 200 201 198 194 191 187 185 186 189 188 185 182 180 179 176 174 164 164 162 162 165 163 164 178 177 164 171 176 184 186 182 181 174 175 174 170 167 170 173 175 176 175 178 180 179 179 180 177 161 146
139 153 167 172 172 172 173 171 171 174 177 175 172 173 176 178 177 174 172 171 169 170 164 121 123 168 188 177 168 133 126 133 134 148 169 172 173 179 185 199 206 205 202 198 194 188 182 182 184 184 183 180 178 176 172 169 160 161 167 170 172 173 170 169 181 173 175 173 180 181 176 172 171 169 166 165 168 173 174 173 182 179 181 180 175 173 175 172 143 128
134 143 154 161 166 170 170 167 169 172 176 173 170 171 174 176 176 169 168 169 167 166 165 123 126 170 178 180 176 165 141 140 138 149 165 169 173 182 188 200 200 197 192 188 187 185 185 189 186 185 183 179 177 174 169 164 159 160 166 167 170 178 178 174 176 172 168 162 169 168 166 167 169 168 165 165 171 176 175 173 175 176 178 178 175 172 163 154 137 127
122 134 150 158 161 162 162 162 166 167 170 170 170 173 174 174 175 171 172 173 174 166 162 131 127 154 175 176 181 174 167 155 149 157 166 175 184 184 185 192 195 193 189 185 184 182 182 186 189 187 183 180 179 178 174 169 166 163 166 173 179 176 171 176 180 177 169 167 175 167 165 171 172 172 170 168 171 173 171 168 174 176 174 172 176 174 159 144 135 130
110 119 128 146 145 153 161 160 162 166 165 164 165 165 167 172 171 173 172 173 171 174 162 144 127 149 181 186 178 172 173 168 164 170 177 179 180 185 189 186 186 191 188 183 185 183 179 184 186 186 186 185 181 178 174 168 172 167 165 169 175 178 177 175 177 173 169 172 175 170 168 172 171 169 170 171 168 167 169 171 174 176 179 174 172 166 147 136 122 115
96 106 125 128 138 142 150 161 162 161 155 153 159 163 163 167 168 172 173 174 170 175 169 160 136 150 175 181 178 174 175 170 164 171 178 178 177 181 184 182 182 186 184 182 184 184 182 185 186 186 186 186 184 182 177 172 171 169 168 169 171 173 175 176 179 175 171 174 177 174 170 173 173 174 175 177 176 175 174 174 177 174 177 176 165 145 129 130 130 124
97 102 114 117 132 133 133 140 143 147 145 143 147 148 149 153 161 169 174 175 168 171 172 171 151 156 169 174 174 171 173 170 164 173 179 178 176 181 184 184 179 179 179 180 182 184 184 184 186 186 186 186 185 184 180 175 173 172 172 172 171 172 174 176 177 177 177 179 181 177 173 173 176 176 175 175 177 177 177 178 179 179 175 160 143 131 127 133 129 123
97 101 99 114 122 128 129 127 126 133 138 137 134 134 137 139 149 161 172 179 173 174 173 175 166 164 168 170 171 166 171 171 170 177 181 177 175 178 180 180 178 176 177 179 180 182 182 179 187 187 186 185 184 182 179 176 175 174 174 175 178 178 177 176 175 178 180 180 179 176 175 176 176 177 175 175 179 181 179 178 179 174 160 144 139 142 136 127 123 117
89 96 94 104 107 115 121 125 119 120 124 123 118 122 127 124 135 149 165 179 178 176 170 170 172 167 163 163 167 162 168 169 170 174 175 173 172 175 177 177 179 176 178 180 180 181 181 177 185 187 185 182 180 179 177 177 176 174 173 176 180 181 178 176 178 179 178 176 174 175 177 180 178 180 178 178 181 183 182 180 172 157 142 138 139 136 129 120 119 111
82 87 94 88 99 102 103 109 107 111 117 112 103 106 113 112 119 131 147 167 174 177 172 170 176 172 163 162 167 161 164 162 168 170 169 170 173 176 177 179 179 178 179 181 181 182 182 180 181 184 182 179 179 178 178 179 175 174 174 175 177 178 178 179 179 177 177 177 177 179 180 180 177 179 181 180 178 177 172 166 152 144 137 138 133 121 112 106 105 94
80 81 87 80 90 95 95 95 99 110 115 107 98 97 103 106 102 110 122 143 159 171 173 176 176 178 171 170 173 166 168 165 173 171 169 171 174 174 173 176 178 178 179 180 180 180 180 182 178 181 180 178 179 179 179 181 179 179 179 178 177 177 179 182 179 178 180 182 181 182 183 183 182 184 187 183 173 167 159 147 139 128 116 114 112 106 98 86 91 81
84 87 81 83 76 87 97 92 98 108 106 97 95 95 95 98 95 98 103 119 135 152 158 164 165 174 173 172 175 168 172 171 172 170 168 171 175 173 172 175 176 177 178 178 178 177 178 182 177 181 180 178 180 181 180 181 184 184 184 183 180 179 181 183 182 181 183 183 180 181 187 192 187 181 175 161 144 140 139 131 115 100 86 90 90 82 75 65 72 64
87 86 85 75 74 80 85 97 95 95 94 95 97 93 91 95 85 91 96 101 110 131 142 145 142 156 159 164 162 164 168 170 169 169 171 171 170 172 174 174 170 171 176 176 177 175 179 179 177 178 182 176 182 181 183 180 184 183 185 183 186 184 185 182 185 184 185 185 185 188 187 180 161 139 123 108 113 119 118 95 72 69 71 76 71 65 66 63 73 66
98 81 87 81 70 74 76 85 93 92 89 90 96 93 84 81 83 79 85 95 97 104 114 126 130 135 137 146 143 143 149 157 163 170 170 169 173 174 171 171 171 172 172 174 175 176 176 177 175 178 179 176 181 178 180 187 184 183 184 183 189 189 191 189 189 187 180 175 166 156 134 115 93 76 70 86 116 107 78 53 46 53 64 71 67 66 75 79 87 87
123 90 91 96 88 72 59 76 83 89 88 88 94 92 84 82 83 72 81 90 88 89 97 111 108 110 116 129 128 127 130 135 147 158 165 170 176 177 175 175 172 173 171 176 173 179 177 178 179 178 177 181 182 184 183 185 184 181 180 174 171 164 160 155 148 139 120 107 88 74 52 43 51 63 78 101 117 83 46 43 55 64 73 80 82 86 94 93 95 101
135 121 110 94 88 86 71 64 65 74 76 78 88 93 87 85 79 72 83 88 87 87 90 93 92 93 95 105 110 123 131 133 136 145 161 171 172 174 180 182 175 177 174 180 171 181 179 179 181 179 177 179 160 157 150 141 140 136 128 111 95 76 64 56 45 42 35 37 27 30 37 52 70 90 103 102 90 59 48 65 76 88 98 101 99 100 103 97 99 102
137 127 121 116 105 100 95 76 62 63 59 62 80 91 88 83 86 77 83 84 84 80 87 89 88 87 87 90 95 113 123 128 133 140 154 163 167 175 182 181 177 183 183 188 175 185 183 179 166 166 160 150 106 72 53 46 35 34 34 26 25 21 21 19 25 28 30 36 30 39 52 66 73 85 93 87 71 68 80 96 107 112 111 105 100 99 100 93 88 82
133 137 134 137 127 113 108 94 79 70 58 54 64 77 82 81 81 74 79 90 93 77 84 87 83 85 87 90 89 97 103 115 129 139 145 149 158 169 173 171 178 185 180 177 172 177 165 153 140 142 139 139 107 52 24 29 35 35 36 34 39 40 42 39 40 41 42 41 45 53 60 61 62 69 81 88 84 100 116 119 117 116 107 100 98 101 103 98 110 101
139 138 122 124 137 135 126 117 102 88 74 64 60 65 70 69 68 66 63 72 83 69 82 82 72 73 75 77 78 86 97 122 135 130 125 128 144 162 172 174 178 182 162 144 151 157 147 139 143 145 148 161 145 78 41 46 44 45 48 45 48 46 47 44 45 50 55 52 64 55 47 41 55 74 93 110 116 129 126 117 112 113 108 103 99 97 98 96 97 93
148 145 135 127 128 134 135 132 121 104 92 85 75 70 65 54 58 62 50 49 65 62 80 69 61 63 62 63 68 81 97 128 134 123 116 107 94 105 141 168 173 153 104 82 127 155 145 132 135 141 154 172 159 85 48 48 47 49 52 46 46 44 48 49 53 54 51 41 57 44 47 59 84 116 131 133 125 124 111 107 101 94 82 79 81 81 80 76 92 96
153 159 150 141 133 124 127 133 133 127 109 94 83 70 61 56 51 52 45 48 41 47 59 78 76 89 88 108 117 120 127 141 136 124 112 98 84 77 72 71 78 107 123 129 161 153 143 139 139 149 152 175 143 72 46 52 50 50 51 53 51 50 51 46 55 54 51 48 50 57 74 100 134 145 134 111 107 94 83 76 69 66 64 67 68 65 66 73 99 100
193 178 162 161 154 137 133 131 128 133 130 122 109 90 78 71 58 52 44 47 34 41 73 117 145 168 169 178 170 153 140 141 135 125 117 108 99 90 76 65 67 114 158 162 163 148 156 161 156 157 156 174 133 63 43 47 48 45 44 49 52 51 47 37 47 44 42 54 88 117 125 127 123 105 95 92 89 76 74 74 73 71 70 71 72 76 88 102 103 88
