197 221 214 215 221 209 157 116 82 59 46 47 46 46 48 45 48 48 46 43 42 43 42 42 43 42 42 41 39 37 37 38 35 39 33 43 39 41 35 38 35 39 41 39 40 40 37 41 36 30 35 36 33 36 39 41 39 35 40 45 42 43 45 41 43 50 63 69 64 68 64 60 65 57 55 54 53 47 41 53 52 53 54 51 47 44 44 45 40 38
218 222 209 182 135 91 60 43 46 46 46 50 54 48 43 47 39 45 46 42 42 43 42 39 42 41 40 40 39 38 38 39 41 38 36 33 31 32 39 42 42 43 44 38 37 39 36 34 40 38 35 31 35 37 32 33 35 33 34 37 37 41 47 49 45 45 50 57 51 49 43 45 40 42 46 46 50 56 55 52 57 58 59 57 55 53 49 44 39 37
204 175 119 70 56 54 55 51 52 52 45 42 48 47 43 46 40 43 41 39 39 42 42 41 41 40 40 40 39 39 40 40 37 43 37 38 35 47 37 35 37 38 41 41 41 39 38 44 37 35 37 38 38 38 37 41 38 39 40 42 42 40 37 36 39 46 50 49 46 50 42 38 41 44 44 41 37 41 45 37 39 42 47 50 53 55 53 47 43 42
105 70 55 52 57 53 58 51 44 45 46 44 43 45 45 42 47 41 37 38 40 40 40 43 41 39 39 40 40 41 41 41 39 41 38 36 42 38 39 54 92 110 123 121 108 79 47 36 39 38 39 39 36 36 37 38 39 37 36 37 40 42 42 41 41 41 39 39 37 40 39 47 49 44 38 41 41 40 44 39 41 40 39 39 40 45 49 51 52 51
60 53 63 59 49 42 48 40 43 42 45 43 38 40 41 34 44 40 39 41 42 39 38 41 40 38 38 39 39 40 40 39 38 33 38 43 39 33 78 133 182 183 180 169 160 138 90 50 29 35 37 37 36 34 33 33 37 36 39 41 40 42 42 39 35 38 42 45 44 46 44 52 45 53 57 63 61 55 59 58 52 47 43 41 39 38 40 42 43 44
51 50 53 48 48 47 46 45 44 44 42 39 39 41 40 37 38 41 42 40 39 39 39 39 38 37 37 37 38 39 38 36 35 34 40 46 25 50 128 180 171 141 120 112 108 110 101 87 60 35 28 40 40 36 41 41 33 33 37 37 33 36 41 42 39 45 48 47 46 54 55 58 52 65 70 68 63 61 60 55 59 51 46 45 45 45 45 46 38 39
52 44 48 49 40 44 45 44 43 45 42 37 36 35 38 44 40 42 41 37 37 39 40 39 39 38 38 38 39 40 38 35 39 38 46 36 31 72 160 166 115 79 59 59 62 72 94 117 119 73 39 39 42 40 42 38 39 40 41 39 38 41 46 50 50 43 41 45 41 44 45 51 50 59 73 74 67 63 58 53 49 47 45 45 46 46 43 39 40 41
44 49 48 49 46 50 42 47 45 42 39 40 41 41 41 41 45 42 39 39 41 41 39 37 40 39 39 40 41 42 40 36 39 41 43 42 36 78 140 119 57 51 47 47 49 50 65 93 115 114 73 42 46 44 36 36 34 38 37 37 42 45 46 49 52 47 47 49 47 53 50 47 60 46 53 59 55 54 53 55 46 48 48 43 41 44 44 39 41 43
48 44 45 46 42 41 42 40 39 40 40 41 42 41 39 38 40 39 39 39 40 41 41 40 41 41 40 40 39 39 39 40 43 43 41 37 36 50 63 55 36 44 41 42 44 43 46 46 58 74 69 56 45 44 48 40 41 47 48 42 45 45 39 44 50 49 51 50 56 49 52 50 63 51 47 51 50 47 49 50 49 46 43 41 39 41 42 40 44 41
47 44 44 45 44 42 41 39 38 39 39 40 42 40 37 35 39 43 42 37 37 41 41 37 36 40 42 39 38 41 43 43 45 41 38 39 38 39 45 44 37 39 39 45 48 43 40 40 32 41 41 41 41 42 47 39 52 57 60 61 66 63 52 54 51 49 47 44 51 48 50 44 56 46 43 46 43 41 46 52 49 42 39 40 39 38 39 41 41 38
47 45 41 40 40 39 40 42 44 42 39 38 39 41 41 41 38 39 41 42 41 40 39 39 43 45 45 42 45 49 46 40 41 37 35 42 46 46 52 58 60 58 59 62 64 59 52 54 50 50 47 47 40 37 45 43 44 46 48 52 59 59 55 61 59 50 43 41 45 40 42 41 43 40 41 42 39 37 39 40 44 39 39 43 43 40 40 40 40 39
38 41 40 41 43 41 39 42 40 39 38 39 41 41 40 40 39 38 38 39 40 40 41 44 47 48 47 45 47 50 48 44 44 46 49 57 65 69 76 79 86 85 88 84 81 78 71 72 71 61 54 55 50 46 47 41 41 40 41 44 48 46 46 55 54 56 49 40 35 33 39 41 37 40 41 38 34 37 41 40 39 37 35 34 34 38 40 38 43 44
42 45 44 42 43 39 37 39 39 39 39 40 41 40 39 39 39 40 39 37 40 47 51 50 42 47 50 49 48 53 63 71 82 93 108 121 126 133 141 140 141 140 143 139 134 130 121 120 106 93 84 79 69 62 56 45 46 43 42 45 46 42 43 49 53 56 60 69 67 54 41 34 34 36 39 37 34 34 36 37 39 37 36 34 33 36 38 36 34 38
49 48 45 41 39 38 39 41 41 41 39 40 40 39 39 41 37 37 41 48 48 44 42 45 48 53 60 68 76 90 109 123 137 148 162 169 165 163 170 170 175 171 173 176 177 174 170 171 161 154 149 139 120 100 82 66 56 51 44 44 44 41 41 40 41 48 52 66 78 87 84 78 59 43 30 29 34 36 35 36 34 31 33 35 33 31 30 30 31 36
41 39 40 41 42 43 43 41 37 38 39 41 41 39 37 39 39 38 43 50 49 45 50 60 79 86 96 109 125 142 154 160 160 168 172 174 172 173 180 183 187 186 185 188 188 186 187 185 181 175 171 169 165 156 142 132 107 95 75 62 52 45 44 38 36 38 35 42 44 55 68 83 97 84 66 50 38 30 30 35 36 33 33 33 31 31 34 36 31 36
42 38 37 38 39 41 42 37 40 40 40 40 41 40 42 46 41 48 48 39 44 70 98 112 121 132 144 151 157 162 161 157 166 173 168 164 169 176 180 179 178 187 190 193 192 192 195 189 189 184 182 180 179 175 170 169 164 161 149 134 112 88 68 48 38 41 34 39 37 44 47 52 62 73 83 86 82 71 53 39 30 32 34 32 31 34 37 36 34 38
38 44 40 37 42 40 39 44 39 43 45 38 33 40 47 45 46 39 38 62 96 121 137 144 156 163 166 166 166 164 163 162 172 164 168 167 180 176 172 181 178 184 188 196 195 196 194 193 193 190 187 186 185 179 175 177 177 172 170 169 164 157 147 137 119 107 84 59 47 43 42 47 63 62 69 69 63 69 74 69 55 39 31 33 32 34 40 41 39 41
41 39 43 43 38 40 41 35 38 38 38 41 45 45 41 38 42 49 68 110 144 149 154 167 170 170 171 171 167 168 175 176 153 131 159 176 181 181 176 172 176 180 190 199 196 200 198 198 196 193 190 191 189 182 178 181 178 174 172 169 167 166 165 162 162 156 154 150 141 122 88 62 47 59 66 75 85 75 59 60 61 65 57 46 42 36 29 31 34 35
48 44 43 44 44 44 44 41 41 42 45 45 45 48 48 42 54 88 124 150 166 176 183 183 174 168 172 179 181 184 174 153 126 126 162 181 178 171 164 159 163 179 195 202 199 203 203 203 199 195 193 193 190 182 179 182 181 179 178 176 173 172 172 170 164 159 160 156 152 160 160 151 129 96 59 41 44 56 61 58 55 51 53 61 64 54 45 44 39 40
49 44 39 42 48 46 43 46 44 47 47 45 42 42 48 57 92 131 156 169 183 183 182 187 184 186 191 187 180 179 163 137 135 161 175 182 181 169 157 140 137 180 197 202 201 203 203 203 199 198 197 196 194 191 191 194 188 186 183 178 174 173 174 173 165 148 147 151 149 152 159 165 166 161 135 97 68 52 44 38 42 41 45 47 45 49 52 48 44 44
48 45 46 48 48 46 46 44 45 46 40 40 47 46 61 95 136 160 184 197 193 185 187 190 187 188 192 189 185 177 151 126 148 176 181 178 171 156 134 103 117 184 198 200 204 202 203 201 202 203 202 199 196 195 194 192 190 188 183 176 172 169 166 163 165 154 148 146 150 156 158 159 164 161 164 164 134 85 54 40 40 42 41 38 38 39 40 40 46 46
55 60 57 49 48 48 47 47 47 46 45 45 50 72 109 138 171 187 186 181 185 188 190 191 191 189 194 192 182 160 132 123 150 174 184 180 164 132 90 77 125 189 198 201 209 207 208 206 205 206 206 204 202 202 200 195 189 188 185 181 181 180 175 171 164 159 154 150 149 149 149 157 161 169 162 157 161 151 114 68 43 36 37 41 39 39 40 37 37 36
64 65 54 45 48 46 44 48 45 40 46 57 78 125 170 184 186 187 188 188 184 187 194 192 187 186 194 192 171 136 111 115 147 173 181 175 149 94 55 86 155 188 193 200 210 214 215 215 212 208 207 206 203 200 196 192 194 192 186 181 181 180 175 172 166 166 161 151 148 149 147 150 164 159 159 166 161 157 153 132 92 48 27 34 34 29 31 30 31 30
72 55 48 51 48 46 46 43 45 42 55 97 149 179 184 184 188 184 183 188 190 191 195 195 197 195 203 196 166 126 98 101 143 177 184 174 121 53 51 123 180 182 186 197 206 217 217 220 220 211 208 209 207 203 200 199 193 193 188 184 184 180 171 165 162 161 162 158 154 149 148 157 160 162 151 157 168 161 154 149 131 94 51 29 29 30 29 31 32 31
66 47 56 56 49 47 50 44 45 63 111 158 182 186 182 183 189 190 189 190 194 195 195 198 201 203 205 193 161 117 88 87 135 178 187 158 85 47 73 143 187 184 182 191 204 218 220 223 221 218 214 212 210 207 203 198 193 191 187 185 183 175 167 165 160 162 160 160 157 154 155 153 165 162 155 154 162 164 157 153 148 135 94 56 36 30 26 34 32 28
57 47 65 51 50 44 45 48 61 112 166 192 195 189 186 187 190 193 193 193 196 198 199 203 203 203 205 194 162 115 84 84 131 178 183 140 52 77 123 155 189 189 177 185 203 215 220 222 222 221 220 217 213 209 206 202 196 192 187 185 184 177 170 169 166 164 160 162 164 163 160 155 165 163 161 157 157 162 163 157 146 146 135 104 56 36 33 34 34 27
56 63 66 48 54 51 51 68 114 165 194 196 192 188 189 189 192 196 197 196 199 202 203 204 204 205 205 193 160 112 78 76 130 180 181 115 38 100 154 162 187 186 167 175 201 215 222 221 219 220 221 220 216 212 207 203 197 192 185 182 180 175 170 168 165 164 161 164 166 164 162 156 155 160 164 160 156 161 163 159 153 148 140 129 96 59 31 26 33 25
65 78 52 49 57 60 69 106 166 196 202 198 194 186 189 192 195 199 199 198 201 205 204 202 204 206 205 191 159 110 73 66 115 171 174 79 33 71 125 170 187 177 160 167 199 216 222 219 216 217 219 221 220 216 208 201 199 193 185 181 178 173 170 168 165 168 168 169 166 162 162 161 151 163 166 162 161 159 156 156 155 150 140 140 128 93 48 30 35 30
81 73 48 57 62 69 101 155 198 208 205 206 202 188 188 190 196 200 202 200 200 204 205 203 203 202 201 191 160 108 68 64 114 167 162 59 39 40 74 160 190 168 156 162 197 218 219 216 216 216 219 222 222 219 210 202 196 191 185 180 175 171 169 168 167 170 170 169 163 155 154 154 153 160 162 161 162 159 156 158 152 152 153 150 136 125 89 47 38 34
87 57 64 69 70 85 141 198 217 220 217 215 205 193 196 201 197 203 207 205 202 204 207 207 203 197 196 192 163 105 65 66 114 156 135 52 46 42 58 148 182 153 148 158 198 218 218 216 215 217 220 222 221 217 210 203 192 187 182 178 174 170 169 167 166 164 159 158 152 142 135 129 137 141 152 160 161 158 155 150 153 153 155 151 137 136 115 78 44 29
76 56 80 72 76 112 178 218 222 221 216 212 208 203 201 202 202 208 214 214 210 209 208 206 201 196 193 188 160 104 64 65 106 145 105 37 37 39 59 142 167 141 138 158 206 220 217 216 216 217 220 223 222 216 207 198 188 181 177 174 170 168 166 162 157 153 146 142 135 121 109 99 111 118 131 141 145 150 153 151 157 159 157 157 149 141 126 118 65 29
66 71 88 75 83 142 206 224 221 223 221 213 210 209 207 212 207 211 218 222 219 215 208 202 199 198 195 183 155 104 64 61 98 136 84 28 46 46 69 141 159 139 137 164 216 221 216 213 218 218 221 225 226 219 205 193 179 171 166 163 160 158 155 151 143 140 134 128 115 97 84 75 69 91 113 129 145 154 156 158 159 163 161 163 162 155 139 132 113 60
73 94 72 67 106 174 217 222 226 220 218 215 218 211 211 215 214 219 215 217 213 221 214 204 198 193 191 187 159 99 68 69 97 117 74 33 69 59 86 147 148 138 136 181 221 219 215 217 221 222 218 226 226 218 198 183 173 165 161 160 152 144 140 137 136 144 133 117 110 91 82 60 47 82 116 137 150 162 169 169 165 169 169 167 171 172 160 145 132 89
88 80 60 77 152 208 222 225 225 224 219 216 225 217 211 215 219 221 216 221 220 223 218 209 196 192 188 183 160 104 72 71 97 110 80 45 90 102 118 155 148 135 146 191 218 216 217 216 217 222 223 228 220 205 186 175 159 153 146 139 127 129 147 155 157 152 143 143 148 140 115 53 53 123 161 169 168 176 173 174 178 175 173 172 173 176 172 162 150 123
81 65 67 101 181 217 215 223 223 222 218 215 224 220 218 221 219 222 217 224 221 219 217 207 200 196 187 181 166 118 82 74 108 118 89 60 85 129 129 148 153 140 167 208 218 217 218 213 216 220 219 222 215 200 178 161 149 132 125 125 131 151 169 172 169 172 180 182 172 165 136 53 54 148 173 176 178 185 182 185 184 179 179 179 177 180 179 171 167 156
73 64 85 128 189 219 222 227 226 221 220 217 218 216 220 219 216 220 217 223 220 214 215 204 188 187 183 182 177 143 107 84 106 120 105 83 74 110 122 157 164 158 187 215 216 215 214 210 215 222 222 221 208 192 168 147 132 115 120 134 159 186 190 189 188 188 188 187 179 181 149 60 45 140 171 175 180 183 185 184 185 185 187 187 185 185 183 176 172 166
67 83 113 164 203 225 227 224 224 219 221 219 219 217 220 217 220 222 220 222 221 219 221 208 189 188 186 182 177 159 134 105 110 113 116 107 105 113 141 179 185 185 204 213 212 215 212 212 214 217 215 213 194 171 145 127 119 131 153 176 195 204 203 204 197 197 190 187 186 184 138 60 34 98 163 172 167 168 180 179 179 185 186 184 184 186 185 179 180 173
73 112 141 186 210 221 224 226 222 218 216 215 220 218 220 222 222 218 216 213 215 216 216 201 190 189 188 180 173 164 152 128 127 125 121 121 133 150 171 182 196 202 209 208 210 213 208 209 206 203 202 206 185 157 136 127 142 167 179 198 209 205 209 203 202 205 198 191 188 175 128 88 95 89 154 179 173 163 164 168 172 181 185 184 188 193 192 188 181 176
86 134 165 195 218 222 223 222 222 217 216 212 213 210 216 222 220 211 215 212 215 215 212 201 189 188 189 181 173 161 152 132 127 133 127 129 137 173 192 195 193 199 204 204 207 207 203 202 206 204 200 196 172 158 165 179 191 199 189 184 191 201 210 205 196 197 198 200 196 167 106 88 120 117 155 169 167 163 164 160 162 169 176 181 186 192 194 192 187 184
105 153 184 194 212 214 221 217 215 209 216 215 207 204 215 219 204 195 208 208 212 211 208 202 192 187 183 178 174 165 162 152 151 145 145 145 146 169 189 197 195 197 200 204 206 206 206 205 203 204 198 192 175 176 192 207 204 202 195 167 164 189 197 200 198 195 199 198 186 155 108 120 164 171 161 173 178 161 161 160 160 161 170 178 183 191 198 196 192 190
123 167 180 200 204 211 212 213 212 208 207 204 206 213 213 211 191 181 212 210 211 208 209 199 194 190 188 184 177 172 168 162 163 155 160 171 168 178 182 190 193 195 198 202 204 203 201 200 199 201 199 193 189 189 192 195 195 197 187 163 119 134 180 194 197 196 199 199 183 146 97 115 166 184 153 161 187 172 161 156 150 151 159 172 181 188 195 201 196 192
140 175 183 197 196 202 205 207 209 205 204 202 204 211 212 212 202 190 210 208 213 211 210 199 191 188 186 184 179 176 173 170 171 169 175 184 183 192 190 191 195 196 198 201 202 201 201 202 201 199 197 196 195 195 195 195 186 185 177 146 86 97 160 193 194 194 193 196 171 132 93 110 164 165 149 163 179 179 167 152 148 144 150 165 176 184 193 200 199 195
152 175 179 189 188 194 199 199 199 197 200 202 204 208 208 208 204 203 214 207 206 204 207 198 191 188 187 185 180 175 174 175 179 176 178 186 192 201 200 201 200 200 200 201 200 199 200 202 198 199 200 201 199 198 200 203 189 180 166 129 76 96 158 183 191 195 195 194 164 136 109 145 184 184 180 173 174 190 177 156 148 137 138 152 167 179 191 201 199 197
164 175 179 187 187 193 194 192 193 191 195 199 201 204 203 204 205 214 216 207 202 202 204 195 189 186 185 184 178 172 171 173 174 172 176 194 209 214 210 212 206 205 203 202 200 199 199 200 200 202 204 204 204 207 210 210 194 181 171 141 97 110 157 177 186 191 196 186 160 139 104 157 189 201 194 158 167 196 186 162 148 133 129 145 162 174 188 200 198 199
166 173 179 186 187 191 192 190 195 189 191 193 195 200 202 205 208 211 203 203 203 204 197 186 184 182 182 181 176 170 168 171 171 171 178 199 221 224 222 221 214 212 210 210 210 209 208 207 210 209 207 206 213 222 221 210 198 178 174 160 125 113 143 174 188 191 198 187 159 131 90 136 190 202 186 142 171 201 193 167 149 131 126 141 158 171 185 197 200 202
164 170 179 181 183 186 187 189 191 187 189 191 193 197 199 202 204 201 192 201 202 200 187 183 183 182 180 177 173 167 164 166 171 171 175 187 207 214 219 218 213 212 211 213 215 216 215 214 213 214 213 210 215 225 223 208 199 177 172 159 138 122 136 163 176 184 196 189 155 122 109 154 200 203 188 152 174 196 189 168 156 132 120 131 149 165 183 198 202 201
172 176 182 178 180 181 179 181 182 182 188 190 190 194 195 196 200 200 195 205 197 196 183 186 184 183 179 173 169 164 161 162 165 166 171 179 193 194 202 200 199 199 199 201 204 205 206 206 206 209 210 206 206 214 215 204 192 178 173 150 134 122 128 144 149 165 189 180 146 115 131 187 209 213 205 172 167 194 188 171 160 132 112 118 138 159 181 198 203 199
173 174 178 172 178 180 174 175 177 178 184 185 185 189 192 195 199 201 197 202 191 196 182 182 182 181 175 169 167 165 163 165 165 164 171 180 187 182 191 192 190 190 190 192 193 194 196 197 201 200 198 196 197 206 207 197 192 172 166 144 129 112 110 120 141 158 189 175 149 117 128 190 211 220 213 175 153 194 184 166 158 129 107 114 134 156 178 194 204 199
169 166 173 178 174 173 177 177 178 178 180 181 182 188 193 192 197 196 198 195 190 187 183 181 176 177 172 168 167 158 152 158 160 169 173 186 181 184 180 181 184 188 186 186 186 185 188 189 189 189 188 189 193 200 201 198 188 177 164 144 126 113 96 101 131 160 190 173 147 118 122 176 212 211 213 171 144 184 176 165 159 129 108 115 137 157 174 192 203 199
167 168 171 171 169 170 174 175 177 175 176 179 181 183 188 192 193 192 195 192 187 184 180 179 174 174 168 158 151 149 150 151 156 163 169 172 177 169 171 171 176 181 180 180 181 181 183 183 183 185 186 188 194 198 196 193 187 173 162 156 145 119 90 96 133 165 189 169 145 114 112 152 192 212 188 147 127 177 174 164 155 130 111 116 138 160 176 192 204 199
164 169 170 168 169 171 173 173 173 173 172 176 180 181 181 185 187 187 192 192 188 185 181 181 177 170 165 157 144 139 144 147 150 155 149 156 153 153 155 161 169 172 170 173 180 183 182 178 178 181 182 186 192 194 191 191 181 168 155 155 153 117 87 104 141 170 181 156 131 108 128 179 206 218 192 127 133 197 186 164 149 127 112 116 137 159 175 189 200 195
164 167 169 170 171 171 168 163 169 176 175 171 172 175 180 187 187 184 186 184 179 176 175 177 172 164 150 136 126 125 131 136 143 143 137 137 137 139 146 154 163 173 175 175 176 177 179 178 178 177 178 182 185 188 189 189 178 167 155 140 128 114 110 115 141 174 178 145 117 110 147 190 209 213 210 147 150 194 175 160 142 119 110 117 135 160 179 190 194 187
151 157 169 175 167 163 165 166 165 171 171 172 178 181 179 180 181 180 184 183 180 178 175 175 169 160 128 97 100 119 127 126 128 125 123 130 135 155 158 158 163 174 179 179 180 182 186 187 182 177 177 177 177 181 185 185 173 157 132 127 146 135 123 124 140 160 159 138 121 119 160 194 207 215 197 141 144 194 181 164 141 115 110 122 135 158 181 189 194 187
158 151 158 169 170 170 169 164 161 162 164 168 174 175 176 181 181 180 183 181 179 177 172 167 173 146 101 75 88 110 116 113 108 102 111 151 175 186 163 175 173 178 178 179 183 184 185 182 185 180 176 172 170 173 179 180 171 152 125 123 151 143 136 134 147 163 154 130 122 138 183 211 210 223 196 123 142 192 178 156 137 113 112 125 135 157 180 189 192 185
166 155 153 161 167 169 166 161 159 157 158 165 171 174 175 175 186 182 181 177 178 182 180 176 155 109 74 73 91 109 116 114 100 105 127 93 107 147 169 168 174 181 182 181 179 178 181 183 186 185 175 165 166 169 173 179 180 161 125 122 154 139 132 140 155 165 152 129 122 128 162 192 200 192 165 115 158 177 162 151 129 114 117 127 139 160 181 192 193 187
155 148 145 151 160 164 165 165 162 162 163 163 163 171 178 180 181 179 180 179 180 184 177 169 129 80 56 66 80 99 110 101 90 74 60 52 146 188 171 181 191 194 191 189 186 182 183 184 186 188 173 160 164 168 171 182 183 165 131 118 141 138 146 146 154 168 157 134 131 130 145 165 184 167 119 118 169 169 160 146 134 127 128 133 142 160 176 187 187 181
136 147 151 149 156 161 165 164 162 166 168 161 158 166 173 176 179 174 178 178 184 187 180 161 105 64 59 63 82 102 109 84 65 74 88 104 169 184 160 178 187 193 191 187 188 188 185 187 186 186 176 155 151 164 173 181 182 171 142 130 136 141 149 158 157 166 161 137 133 160 178 197 204 175 92 128 170 167 154 136 127 130 136 139 144 162 179 183 183 180
133 145 150 147 152 157 162 162 161 164 168 166 162 165 170 174 177 180 181 182 182 179 174 145 95 67 69 64 78 110 102 60 82 140 179 157 171 160 157 163 186 196 197 193 193 191 188 191 191 190 181 159 146 147 153 164 172 162 141 132 135 141 152 160 166 171 165 137 129 166 187 202 200 163 107 150 171 165 145 130 129 132 139 144 150 165 180 182 180 179
130 140 147 148 151 155 158 161 161 162 166 169 167 165 167 169 177 182 177 181 181 175 169 126 75 64 68 72 102 124 85 68 121 171 195 157 173 166 146 162 181 192 196 195 197 196 194 197 194 194 191 177 157 138 127 128 133 131 130 134 139 148 160 164 167 174 173 138 112 132 147 163 152 126 139 168 167 156 140 140 135 137 145 152 158 170 181 182 181 180
122 131 141 150 152 154 153 159 163 161 161 167 169 167 166 164 173 178 175 179 180 176 167 116 66 58 70 89 120 132 74 70 83 101 148 171 174 161 134 156 187 193 198 199 199 200 199 198 198 194 192 187 176 158 141 134 134 132 137 144 146 155 166 167 169 175 171 135 115 141 148 150 135 97 161 169 159 148 140 143 145 146 151 158 164 174 182 183 180 176
106 120 136 147 146 151 148 152 161 161 159 163 166 167 169 165 167 172 179 180 180 176 157 107 68 67 82 112 139 129 72 102 68 44 68 144 168 152 137 153 185 190 199 201 199 201 203 199 203 198 192 188 182 171 158 148 144 140 145 149 151 160 168 169 174 173 173 145 124 158 178 176 147 110 166 162 151 146 151 150 154 154 158 164 170 176 181 180 177 173
88 110 131 141 139 151 147 149 158 162 160 162 163 166 173 170 167 166 175 176 180 175 139 85 63 77 97 135 161 127 65 105 64 47 51 118 173 150 125 153 177 186 199 203 199 200 203 200 201 200 197 193 187 180 174 165 154 150 152 152 155 163 169 172 174 175 180 151 115 142 158 126 110 132 153 145 145 152 156 156 159 160 163 169 174 178 179 176 176 174
77 96 118 133 136 154 149 151 157 162 160 163 163 164 171 170 172 166 170 171 178 171 129 75 63 82 115 153 165 126 55 45 41 37 49 115 166 152 126 149 183 195 205 206 202 200 200 201 198 199 194 190 182 177 178 173 162 160 156 149 151 158 163 173 171 174 175 151 120 144 142 77 94 144 146 146 157 165 162 160 164 165 168 171 175 180 179 175 174 172
72 82 101 126 136 155 149 153 159 162 159 164 164 162 168 166 173 172 174 172 174 163 130 84 67 95 129 163 168 119 53 40 55 56 52 130 159 147 133 146 186 199 205 204 205 202 199 202 198 198 193 192 186 179 179 172 168 171 166 154 153 151 149 159 169 165 164 153 112 101 105 77 118 135 146 162 163 158 164 166 168 169 170 171 175 180 181 177 174 170
66 73 86 111 125 145 152 154 157 161 164 164 163 165 167 165 170 169 175 177 171 153 120 92 80 111 153 166 171 114 58 54 87 100 85 130 163 146 137 155 188 201 206 206 204 201 201 200 194 194 195 191 186 182 179 175 174 169 168 164 156 147 140 142 148 146 147 136 77 44 49 85 121 147 158 166 162 163 164 169 167 169 173 176 177 177 175 173 171 166
67 67 70 97 123 140 145 157 156 158 158 158 161 167 168 163 173 171 171 172 172 157 121 92 94 136 169 174 171 123 65 86 122 133 130 145 168 144 137 163 189 201 204 204 204 202 201 200 196 193 191 187 183 182 181 177 174 170 170 167 162 156 150 147 131 125 124 109 53 36 62 107 136 153 156 161 159 165 168 169 171 173 176 174 174 178 176 168 166 160
64 68 66 81 108 132 140 149 157 152 153 162 167 166 164 165 169 169 169 170 175 163 126 96 120 156 171 175 168 129 69 116 155 145 137 150 174 155 148 167 192 203 206 206 204 201 200 200 198 194 189 186 184 185 184 180 173 169 171 168 164 163 158 151 138 115 94 75 39 46 79 115 139 146 151 162 162 163 165 167 172 173 175 173 170 174 174 166 163 151
64 67 65 70 92 122 137 139 154 157 156 154 157 164 166 163 166 168 171 171 173 165 134 103 135 166 174 178 173 142 78 97 140 130 129 163 176 161 161 177 195 204 206 204 201 196 196 196 195 191 187 184 182 182 180 176 173 168 170 167 163 164 161 155 144 127 108 88 65 75 96 114 132 143 155 163 162 166 168 165 167 166 171 173 168 167 168 163 154 136
67 63 59 61 82 109 130 139 148 155 157 153 155 160 161 158 163 163 169 169 168 168 145 112 136 176 185 179 175 158 103 64 80 99 133 169 175 164 171 189 198 202 199 198 196 193 192 192 195 192 189 185 182 181 179 174 172 167 170 170 165 164 162 161 153 141 129 123 122 132 137 142 148 148 158 164 163 160 166 173 163 162 168 170 166 163 159 152 140 125
65 70 68 58 69 89 117 135 141 146 154 162 165 160 156 157 160 160 168 168 166 171 149 111 126 169 185 181 175 163 130 70 61 91 152 165 178 173 178 193 202 201 194 193 195 193 193 192 197 194 190 186 182 181 180 176 168 166 170 170 167 165 162 163 159 148 139 137 141 144 149 160 158 158 161 154 154 156 161 165 160 163 165 163 162 160 150 136 123 118
62 72 77 63 60 69 97 114 127 141 149 148 153 159 159 156 159 162 169 166 164 169 146 108 116 157 177 185 178 165 148 104 72 82 139 153 171 175 185 196 199 199 194 194 195 193 192 192 192 189 187 184 181 180 178 174 168 169 169 166 167 167 162 162 155 150 150 147 147 145 149 157 156 153 155 150 152 148 150 157 156 160 160 156 156 152 139 127 124 126
63 57 69 69 62 57 79 92 110 127 137 136 140 148 152 153 154 159 164 158 160 170 153 121 121 162 175 180 174 169 163 136 99 75 108 148 167 179 190 190 192 197 196 197 195 188 188 190 189 187 185 184 183 182 179 173 173 174 169 163 167 170 164 163 159 156 159 155 155 156 153 146 147 149 155 147 153 150 150 155 152 155 154 152 151 143 131 127 130 135
72 58 66 75 70 63 65 80 93 101 111 122 132 135 138 145 151 149 160 158 158 169 162 150 140 154 171 179 178 175 167 155 134 105 130 164 174 182 185 194 197 195 194 193 190 188 189 190 188 184 186 189 185 180 176 171 169 169 163 160 166 171 170 170 164 158 150 144 144 152 157 150 149 157 153 151 153 150 151 156 149 148 148 150 147 135 127 128 131 131
72 68 64 64 68 63 56 62 76 84 91 103 117 117 118 130 133 138 151 153 153 161 165 168 152 159 168 173 174 175 168 158 146 128 142 169 182 187 187 188 187 186 186 188 187 187 188 189 187 184 188 191 186 182 180 178 168 167 163 161 165 169 171 172 167 162 157 157 157 159 160 154 146 155 157 155 150 144 148 153 152 150 148 143 130 122 126 133 131 131
66 76 69 63 69 68 62 58 60 65 69 77 89 95 101 110 119 124 134 144 152 157 162 167 165 168 171 173 176 179 175 168 161 155 157 171 182 186 187 186 183 182 184 189 191 190 189 187 189 188 191 191 185 181 180 179 170 167 165 163 163 166 167 166 169 164 161 163 161 159 163 162 161 160 158 156 150 145 149 151 148 145 145 139 129 129 131 126 131 134
55 69 71 69 66 67 71 62 59 62 68 70 70 78 85 81 83 99 111 125 139 147 155 161 160 164 168 170 173 177 177 175 168 169 170 173 179 184 186 187 189 187 187 189 189 187 185 183 188 189 190 188 183 182 180 175 167 166 166 165 165 170 170 164 162 164 166 171 167 162 165 165 161 164 165 164 154 144 145 148 149 141 133 124 120 127 124 107 127 133
54 63 71 75 69 68 75 67 61 61 64 61 56 63 69 64 62 79 85 93 111 129 143 151 152 158 162 164 166 170 174 175 171 173 180 180 181 186 184 188 186 183 181 181 181 182 185 187 183 185 185 182 182 185 181 172 163 165 167 163 162 168 169 161 160 166 167 170 167 163 167 164 158 162 161 160 156 148 148 151 149 137 124 116 117 124 121 108 132 138
54 56 61 68 70 69 70 69 61 62 63 66 67 64 61 62 60 67 61 56 72 97 119 136 148 154 158 159 162 166 169 172 176 174 181 180 181 186 183 186 187 185 183 182 180 178 179 180 181 182 181 178 180 184 179 169 163 169 170 163 160 165 167 162 165 170 165 166 165 163 168 162 158 161 158 158 162 160 156 150 145 122 105 106 115 126 132 131 136 140
59 56 58 63 70 73 71 73 70 66 62 64 68 64 61 65 64 66 64 51 46 54 69 91 121 133 146 155 163 168 172 177 177 178 177 177 180 182 183 184 184 183 184 184 182 180 178 177 180 179 177 177 179 179 174 169 166 171 171 168 168 170 170 169 166 172 168 170 170 165 169 162 161 166 164 161 159 158 152 141 117 97 91 99 104 115 126 127 135 139
61 55 58 59 61 69 69 70 74 66 62 65 68 69 70 69 65 65 72 68 57 44 35 48 67 88 114 134 149 157 164 171 174 182 177 180 184 181 183 180 182 180 179 179 178 177 177 177 175 173 173 177 179 177 174 174 169 171 169 169 172 170 165 164 165 171 166 167 165 160 167 166 161 164 165 165 162 156 137 109 94 86 93 97 89 100 122 127 128 130
62 66 63 62 56 62 69 70 72 70 62 59 65 69 69 70 71 70 76 69 73 64 55 49 45 48 61 84 111 137 156 165 170 173 179 178 180 182 177 180 180 179 178 178 178 177 178 180 180 174 171 174 175 176 177 173 170 171 171 170 170 170 168 165 167 169 167 168 166 165 169 170 167 167 163 160 152 130 101 82 86 93 96 84 73 102 120 125 116 120
60 69 66 68 64 59 57 63 66 76 74 63 62 65 66 68 68 64 66 61 69 70 71 75 64 58 49 49 63 87 119 147 159 168 175 175 177 179 177 179 179 179 178 177 175 174 175 176 175 177 172 167 172 175 172 174 171 171 171 171 172 172 170 167 171 173 171 172 173 172 170 165 165 162 156 142 116 90 80 84 93 101 94 72 66 99 112 106 110 113
53 65 62 63 65 66 61 58 61 66 75 71 58 60 68 67 67 66 68 65 69 66 64 67 74 76 71 63 58 58 71 92 122 144 162 171 173 173 176 179 175 177 177 174 172 172 172 172 173 174 171 165 173 175 166 167 173 170 168 167 168 169 170 171 170 173 172 171 170 168 165 157 155 141 120 97 81 81 88 91 94 99 84 61 62 92 97 84 86 87
72 73 66 65 63 70 71 64 62 61 62 72 73 56 54 73 73 73 71 64 63 61 62 66 64 66 66 66 67 64 61 62 70 90 109 133 152 160 168 170 169 172 174 172 171 172 172 171 166 163 167 167 169 168 158 160 160 160 162 165 168 168 169 170 169 167 162 161 162 157 149 137 109 84 65 62 66 74 78 75 73 75 62 50 56 72 70 61 62 60
70 72 69 72 66 66 67 68 69 65 58 62 72 67 57 56 62 71 72 70 68 68 66 66 61 61 62 61 59 61 60 56 59 64 66 81 98 112 132 146 157 160 162 162 164 165 165 162 154 152 155 155 155 154 150 155 155 155 157 158 157 155 154 155 155 155 150 145 129 103 81 67 49 38 37 43 44 44 45 43 48 50 47 46 53 52 47 45 46 45
69 75 65 62 64 69 66 64 70 69 68 56 46 58 69 59 58 70 71 74 73 74 70 66 68 64 62 60 57 62 65 60 55 59 60 64 67 70 84 101 105 108 110 111 113 114 113 111 113 114 108 108 118 123 123 125 128 132 137 139 136 129 124 121 113 101 84 73 62 47 39 34 33 34 37 38 38 39 40 37 40 46 49 49 54 45 41 40 38 39
67 81 78 75 72 70 65 64 64 66 68 67 62 55 56 63 65 70 66 73 75 78 75 74 62 63 67 67 62 59 61 61 51 50 51 51 56 60 62 68 77 78 81 82 82 82 82 83 79 82 74 74 75 72 72 66 66 67 67 64 60 56 52 49 45 42 37 37 36 33 36 37 33 28 29 39 43 38 37 41 45 50 51 48 51 41 42 39 39 43
61 54 58 82 87 79 71 71 70 70 70 70 68 64 59 55 72 68 55 64 68 74 76 80 74 70 69 70 66 59 57 60 65 59 53 43 46 51 49 51 58 60 62 63 62 61 63 65 68 77 83 87 66 48 54 50 45 44 41 38 36 36 35 32 34 34 32 34 36 37 38 36 33 36 38 38 38 37 40 47 53 53 50 45 49 40 44 42 42 47
55 52 55 57 58 63 67 72 75 74 67 69 72 70 69 61 52 61 64 58 56 70 72 74 79 76 70 69 69 68 65 57 54 66 64 48 47 40 48 51 51 49 42 46 44 43 45 50 48 56 77 85 56 41 43 40 38 39 38 39 36 32 34 36 38 36 35 33 34 39 36 32 39 44 48 41 36 41 46 53 56 50 48 50 52 42 41 39 45 44
48 49 57 60 59 60 60 63 72 76 73 73 70 67 69 66 70 63 55 52 52 60 61 67 78 79 78 78 74 71 71 69 57 53 59 66 66 42 42 44 43 47 42 43 41 41 42 44 46 45 50 55 41 41 45 39 40 41 42 44 43 38 38 38 36 38 40 36 35 39 40 40 37 41 45 40 38 43 49 55 60 54 53 57 58 48 47 45 54 53
