76 69 61 54 49 43 39 37 41 41 40 40 39 38 38 40 38 39 39 39 40 40 39 38 40 36 44 38 36 44 40 40 42 43 41 43 34 41 41 38 37 41 40 40 37 41 38 43 41 37 37 39 41 37 43 39 45 46 46 50 52 47 44 43 44 47 52 59 55 52 58 53 51 51 50 50 53 55 57 58 60 61 56 48 49 56 56 49 42 41
71 62 51 42 38 38 39 41 39 38 38 40 40 37 37 41 40 40 39 38 40 40 40 39 43 40 38 38 42 37 41 73 85 70 66 61 61 57 43 40 35 35 39 41 36 40 38 35 35 42 40 44 35 39 44 48 48 50 48 47 48 47 48 49 50 52 51 50 48 48 52 48 54 55 57 57 56 53 53 57 58 56 54 51 48 47 47 47 41 40
48 44 41 39 39 40 40 40 39 38 38 40 40 37 38 42 41 41 40 39 41 41 40 39 39 42 38 41 40 31 76 160 111 42 47 56 60 83 97 83 64 45 34 38 36 41 39 41 43 41 40 47 54 52 53 53 54 53 50 49 50 50 49 50 49 48 51 52 53 50 49 54 58 57 59 62 61 59 62 69 63 59 56 53 48 43 43 46 41 40
41 40 39 39 39 39 39 38 40 41 40 40 39 38 39 41 40 40 40 41 42 42 39 38 40 42 38 42 40 38 83 143 92 48 48 48 51 68 92 121 125 107 76 50 36 39 41 49 49 52 62 69 78 65 58 55 53 51 52 52 49 46 47 53 47 49 53 45 44 51 53 58 62 62 64 69 71 69 68 70 67 65 59 50 45 46 46 45 44 43
43 42 41 40 40 41 41 41 40 43 41 38 38 40 40 39 40 40 40 40 42 41 38 38 39 42 38 39 42 48 57 55 40 38 38 44 67 108 119 118 117 134 140 124 93 72 55 56 50 55 55 63 63 62 51 52 49 47 49 48 46 47 45 47 45 39 44 45 43 45 46 53 50 51 51 52 54 55 54 52 57 58 54 46 42 45 45 43 42 43
40 42 44 45 45 44 43 41 38 41 40 38 39 41 41 39 41 40 39 38 39 39 38 39 38 42 41 43 43 41 42 35 36 41 37 43 52 85 108 116 101 134 167 178 176 184 170 148 131 118 89 54 36 41 47 52 50 50 53 46 43 47 45 45 44 42 44 42 41 47 48 45 46 51 55 54 53 52 48 45 42 44 46 45 42 41 41 42 43 44
43 43 43 42 41 41 41 41 39 40 40 41 43 43 41 40 40 40 39 38 38 38 38 40 42 41 41 44 42 36 36 40 41 41 39 38 35 39 48 49 52 71 107 145 172 201 212 214 202 191 198 186 150 86 45 33 43 42 50 48 44 45 42 44 46 46 46 50 50 45 43 42 50 52 51 48 45 42 42 43 41 41 42 44 43 41 41 43 46 47
37 38 39 40 40 41 42 42 42 40 40 45 48 44 41 42 39 39 39 39 39 38 38 40 36 38 39 35 37 44 42 34 42 41 41 37 46 42 47 57 60 56 67 100 134 158 170 185 207 188 183 199 210 209 179 156 109 73 51 44 48 50 41 40 41 48 44 43 45 43 48 51 45 43 42 41 41 40 42 47 49 45 42 41 41 42 42 43 41 42
43 46 49 48 48 47 43 41 44 40 41 43 45 43 39 40 37 38 39 39 39 39 39 38 40 41 41 47 43 39 58 80 87 85 80 72 66 67 73 77 79 75 78 95 118 134 142 147 168 186 187 188 201 205 206 213 211 200 161 89 32 48 40 39 39 39 40 44 45 43 44 49 48 42 42 44 43 43 44 43 46 47 43 39 40 40 39 39 37 37
61 58 53 52 50 45 44 45 41 39 41 43 44 43 40 42 38 39 39 39 39 39 39 39 39 39 40 45 52 74 116 145 150 153 156 156 152 149 147 145 141 133 135 134 125 122 125 122 122 140 156 167 178 191 200 197 198 201 210 199 76 28 41 44 41 42 40 39 43 46 43 38 36 43 44 38 38 44 44 40 39 43 42 41 43 43 40 40 40 40
68 66 57 54 49 43 44 44 39 38 42 43 42 41 39 42 39 39 39 39 39 39 39 40 38 42 41 47 75 118 156 170 178 178 181 185 186 186 187 188 183 183 182 179 174 168 163 160 157 152 156 166 164 165 175 176 181 186 198 205 150 41 35 38 41 42 44 44 44 44 46 48 44 41 37 39 42 40 37 42 41 44 42 41 41 41 40 40 40 39
72 78 69 57 44 38 44 44 40 39 42 42 40 39 38 41 40 40 40 39 39 39 39 39 37 40 36 47 89 139 172 184 190 188 189 192 190 188 188 189 190 190 186 186 191 192 190 191 194 192 188 187 184 180 176 168 164 161 159 168 165 88 49 43 40 35 35 41 44 41 40 43 39 41 41 40 40 38 38 41 43 44 43 41 40 39 39 39 37 36
76 73 58 47 42 41 45 43 45 42 42 41 39 38 37 40 39 39 39 39 39 38 38 38 39 38 37 42 70 119 166 192 187 187 190 193 192 190 190 192 191 189 194 195 188 189 194 190 193 195 191 189 191 190 187 180 173 164 158 157 150 144 127 125 102 84 59 40 33 37 41 39 43 40 39 39 38 39 40 39 37 39 41 42 42 41 39 38 38 38
65 52 41 39 43 43 42 42 48 44 43 40 39 39 37 40 39 39 39 39 38 38 38 38 39 42 44 35 51 111 165 180 186 186 188 190 190 190 193 195 193 192 194 195 192 194 198 199 197 196 195 196 193 189 189 185 177 172 167 154 160 163 161 161 165 161 154 136 101 66 43 33 35 37 42 41 37 39 41 38 38 38 39 40 39 39 39 38 40 39
53 45 46 44 41 39 37 46 48 43 42 40 39 40 38 40 39 39 39 38 38 38 38 38 39 40 43 44 79 147 186 184 186 187 189 191 191 192 193 194 191 192 191 194 200 199 195 197 195 200 199 195 191 193 194 184 182 173 159 148 151 154 158 162 167 168 168 166 169 166 137 100 56 39 30 36 42 39 38 41 42 40 39 38 37 37 38 38 39 39
51 41 42 38 42 48 42 47 45 42 41 39 39 40 39 41 40 40 39 38 38 38 38 39 43 36 41 72 129 178 189 187 187 187 187 186 186 188 191 192 192 188 192 197 194 194 197 197 195 197 195 197 198 193 189 187 181 173 163 152 157 155 156 162 162 166 173 174 168 167 171 172 155 122 74 42 37 41 40 39 40 39 39 40 39 39 39 38 38 39
53 40 50 49 49 48 46 49 40 38 43 42 38 41 43 42 37 40 39 36 39 39 36 41 39 39 63 110 146 170 186 185 187 187 186 182 178 175 178 187 193 190 191 195 196 196 198 200 198 201 200 197 196 194 190 186 186 181 174 167 161 157 158 161 168 169 168 168 173 175 173 172 167 165 148 110 68 46 41 39 35 39 41 40 40 40 41 40 40 39
53 58 55 53 57 50 51 48 39 40 45 45 40 40 39 39 37 39 39 37 39 39 37 40 40 56 96 135 162 180 187 187 190 188 188 184 170 151 165 182 189 187 187 191 193 194 197 199 199 200 199 196 195 196 195 189 185 181 174 168 162 158 157 158 163 165 167 168 171 171 170 171 173 163 160 158 137 100 64 43 45 44 42 40 38 36 38 43 39 39
66 59 64 61 60 55 49 42 42 44 47 44 41 39 37 40 38 37 39 38 38 39 38 40 49 77 118 147 173 193 193 193 194 188 189 176 144 129 164 184 187 185 185 189 192 195 199 201 206 206 206 202 195 197 196 189 187 182 176 169 163 159 156 154 155 159 163 167 169 168 169 172 169 173 169 157 152 149 125 91 51 37 38 44 41 40 41 37 39 39
63 62 81 77 63 56 50 45 46 47 48 44 42 39 36 40 39 37 39 39 38 39 39 39 55 96 130 151 181 199 195 194 193 193 185 148 97 115 170 189 185 182 184 188 193 198 203 205 205 208 211 207 201 200 198 190 187 182 176 169 162 157 154 150 149 151 157 164 167 167 169 173 171 172 171 165 157 152 142 129 105 64 37 39 44 44 45 43 41 41
69 82 82 72 64 54 58 49 51 50 48 44 43 40 36 38 40 37 40 39 38 39 39 40 70 121 142 157 188 200 201 204 194 197 161 102 67 128 181 189 182 178 180 187 195 200 206 209 208 212 212 208 206 203 195 188 184 180 175 168 160 156 153 149 147 147 151 160 165 167 169 172 171 169 170 168 162 157 152 145 134 117 79 45 38 43 45 46 45 45
97 88 80 72 64 56 59 52 59 52 47 41 40 39 37 39 40 38 40 39 38 39 39 42 88 133 144 163 197 202 199 197 196 193 127 67 67 136 178 185 181 174 175 186 198 205 209 212 217 218 213 209 209 204 193 186 183 179 176 169 161 158 155 150 145 144 148 156 162 166 169 170 172 170 171 170 166 161 155 148 139 139 116 71 39 39 45 41 40 40
79 67 78 75 61 57 63 62 60 50 45 40 37 39 40 41 39 39 40 38 39 39 39 45 89 120 132 159 198 208 204 203 198 176 98 61 88 127 171 187 181 169 168 183 200 208 211 213 217 216 214 212 209 203 196 190 183 180 177 171 163 159 155 147 141 141 145 153 158 164 169 170 169 171 173 170 165 163 159 151 149 140 135 118 76 42 37 44 43 43
77 90 87 73 62 60 72 61 53 45 45 44 41 41 40 38 38 40 39 37 40 40 39 48 92 118 143 174 205 212 204 205 207 152 68 65 123 138 184 198 180 164 161 178 199 208 210 211 215 214 217 215 204 196 192 189 182 178 175 170 162 157 151 140 136 138 144 151 156 162 169 171 176 173 171 169 166 164 161 156 152 148 138 133 116 71 38 41 45 45
89 102 84 68 66 68 70 54 48 48 45 46 43 39 40 39 41 43 41 35 36 38 43 60 103 123 138 171 207 217 215 210 205 138 55 106 150 169 178 194 179 155 149 175 201 206 207 210 215 217 216 208 197 194 192 187 184 179 175 170 162 154 145 136 136 132 138 145 147 160 165 168 171 174 169 164 164 163 161 155 149 151 147 139 130 113 77 36 38 41
94 84 71 77 71 61 64 56 52 53 47 45 45 41 40 40 39 42 39 36 41 39 44 70 105 118 135 174 210 217 215 212 204 124 45 73 119 164 171 189 171 151 147 180 199 199 202 209 217 217 215 207 197 193 190 184 181 174 170 168 159 147 137 132 125 128 134 142 140 149 158 166 172 176 173 168 165 162 160 155 155 155 152 148 139 129 104 70 44 42
88 73 67 73 65 63 71 58 56 59 49 44 45 41 38 38 37 40 38 42 50 43 50 86 105 110 130 175 207 211 209 206 200 117 51 42 47 150 179 181 169 147 141 182 198 197 202 211 216 215 212 203 192 187 184 179 182 174 167 161 153 142 132 125 126 128 127 134 135 142 151 158 168 173 172 170 168 164 163 161 160 157 155 151 141 136 124 100 68 59
88 76 72 71 63 66 73 59 59 58 46 39 41 40 40 41 41 41 39 46 53 48 65 107 109 109 130 175 201 204 203 199 192 114 56 45 35 139 174 177 161 141 137 180 193 194 202 211 216 214 209 199 189 185 183 179 177 172 164 155 148 142 130 119 120 123 123 133 137 146 155 157 164 170 171 172 170 166 167 167 166 163 159 154 145 140 135 121 102 88
77 78 77 72 70 75 73 59 50 50 44 43 43 42 42 39 39 42 48 58 58 55 81 123 110 106 127 166 188 194 194 189 188 112 45 37 28 135 181 162 150 137 142 181 189 192 204 211 213 206 199 191 185 183 181 176 165 163 157 149 143 135 125 116 113 122 132 144 145 152 158 157 162 168 169 171 171 167 168 168 168 168 163 157 152 145 140 133 110 93
69 77 81 76 74 74 61 47 51 49 47 48 46 42 41 36 41 48 59 67 62 65 100 138 120 113 129 160 180 188 190 185 187 129 37 43 35 142 171 152 150 134 146 176 190 196 208 207 205 195 186 182 179 178 173 164 159 154 148 142 135 125 120 122 130 135 144 153 155 156 149 148 153 161 165 169 171 168 168 168 167 169 164 160 156 148 140 134 122 106
68 69 80 81 75 67 57 55 62 57 47 44 44 42 45 48 55 62 66 68 65 80 121 153 133 119 127 151 169 179 181 178 175 143 83 112 99 156 155 154 147 128 151 175 191 194 204 199 198 190 184 180 175 170 161 151 151 145 139 138 137 133 134 141 150 149 154 159 160 148 121 124 146 158 167 173 175 173 172 170 170 171 167 165 162 154 146 136 128 115
71 77 90 79 63 67 67 62 60 58 47 46 50 47 50 57 61 69 72 74 78 97 132 153 147 127 128 148 164 173 175 174 166 163 93 65 113 167 151 146 136 126 166 187 197 190 198 196 192 188 185 180 169 159 149 140 136 134 133 139 149 155 156 158 159 161 167 167 159 128 86 94 150 165 175 181 182 178 176 173 171 169 168 170 167 162 155 142 131 121
76 93 94 78 72 77 70 55 58 52 53 54 54 55 58 65 73 75 77 79 86 108 133 147 145 135 137 144 157 170 171 173 165 160 138 72 92 155 149 149 129 138 172 188 189 192 190 196 194 190 183 172 162 152 139 129 129 132 137 159 175 168 175 173 174 170 175 170 156 129 64 82 165 184 182 179 186 182 176 176 173 176 169 170 171 168 166 154 141 131
94 96 90 80 73 65 60 64 62 61 62 60 57 58 63 69 75 75 78 86 99 119 137 144 145 140 141 143 149 159 168 173 163 154 153 123 91 150 157 141 137 159 183 184 186 197 195 193 193 189 179 165 152 142 134 129 132 147 159 172 183 180 178 176 178 178 170 174 162 146 67 62 154 176 180 184 188 181 179 180 175 178 172 172 173 171 170 160 152 142
90 89 77 68 69 69 69 76 71 68 67 62 60 64 69 74 76 77 85 99 116 132 144 148 152 147 140 141 146 156 167 170 164 156 146 150 130 153 148 148 154 172 182 185 195 201 198 197 200 188 171 156 149 150 156 161 162 162 167 195 188 178 174 177 178 185 173 175 162 144 70 47 131 159 165 172 181 179 181 177 175 178 173 172 173 172 172 165 162 154
73 80 78 76 83 89 87 83 79 72 67 63 65 72 76 79 82 87 98 113 127 139 148 154 155 152 141 140 145 154 165 165 167 161 151 149 149 150 144 145 156 173 184 200 209 201 195 194 192 179 166 161 167 175 181 183 177 164 151 197 202 184 176 180 180 181 175 174 163 133 76 46 106 151 160 157 163 169 180 178 176 178 174 172 172 172 172 167 166 160
77 79 85 91 91 88 84 81 82 74 71 70 71 75 80 87 92 98 110 125 136 143 148 152 157 159 152 148 148 153 165 168 165 156 153 146 155 152 151 152 173 193 204 210 205 194 192 187 183 174 169 175 186 192 188 183 174 154 126 145 199 194 179 177 178 179 182 183 156 113 71 57 77 143 166 158 154 157 169 174 176 179 177 176 175 174 174 170 167 163
67 62 66 79 87 91 89 84 77 74 78 78 75 75 82 94 100 106 117 131 144 150 151 152 156 157 151 147 147 151 158 161 162 162 165 166 175 176 177 191 198 204 203 201 194 189 191 186 183 179 178 183 192 193 186 178 167 115 100 94 177 199 189 181 177 181 184 182 141 108 81 95 112 154 163 151 149 151 158 163 172 176 179 179 178 177 176 173 169 166
63 69 78 82 80 77 76 74 76 76 82 82 80 82 89 100 107 116 127 138 148 152 154 157 160 158 155 150 152 156 159 164 169 171 173 177 182 194 197 194 196 193 191 193 194 192 191 188 182 183 185 188 191 189 182 174 144 63 67 81 152 198 192 186 188 189 185 169 133 105 69 84 88 129 156 153 145 142 145 154 162 168 177 180 181 180 177 175 171 168
69 70 75 83 85 78 73 76 81 80 83 83 86 94 100 105 117 130 141 145 147 148 153 160 159 161 163 156 153 157 162 174 177 180 179 183 191 187 194 198 196 200 201 195 192 194 193 191 188 190 191 190 190 188 183 177 150 67 60 94 139 198 188 189 189 190 185 148 130 111 85 105 101 138 172 167 148 141 142 149 154 163 176 181 183 183 179 177 171 168
62 68 74 81 86 81 76 79 81 81 82 89 93 96 105 113 124 134 144 150 152 150 153 161 161 164 165 162 163 166 169 178 180 197 192 187 193 195 197 195 195 197 198 197 195 193 190 188 188 192 186 191 196 191 186 173 158 113 76 99 137 188 186 188 192 197 182 148 132 108 86 127 132 135 176 188 148 138 131 135 140 160 174 183 181 186 179 177 172 166
57 59 62 66 70 75 80 84 79 82 88 93 95 98 109 119 137 141 144 148 152 153 153 155 164 164 166 167 168 170 174 184 190 199 201 200 201 201 200 197 196 198 199 197 195 193 192 191 191 195 196 204 210 205 194 177 164 133 92 92 138 179 188 187 192 192 178 143 132 108 90 129 111 117 179 209 160 134 124 129 138 154 173 185 178 183 181 177 172 165
57 60 67 72 77 86 93 94 94 95 98 101 103 107 113 118 121 133 145 154 160 160 158 159 162 160 163 166 168 169 173 183 194 196 206 211 210 211 208 204 204 206 206 205 205 206 207 209 210 209 212 217 217 211 195 176 165 144 110 86 135 173 184 181 179 186 187 143 128 105 109 162 149 141 181 201 161 140 120 115 138 149 167 181 180 186 187 183 173 166
60 63 71 80 89 96 100 100 102 104 109 112 117 124 129 134 134 139 142 144 152 158 158 158 164 162 164 165 166 169 171 178 188 188 201 207 208 210 206 204 207 208 208 207 209 211 213 214 216 208 207 204 200 198 187 172 161 145 129 96 117 157 163 171 174 182 186 137 126 105 118 168 176 164 179 186 159 140 115 118 142 153 165 178 186 188 183 180 174 167
65 70 79 93 105 107 105 108 113 111 113 115 123 131 131 131 146 159 164 157 150 150 158 168 164 163 165 162 163 167 169 171 179 182 191 191 194 197 193 192 195 195 193 191 193 194 193 193 190 187 191 192 190 190 182 170 159 139 129 111 99 139 148 161 172 180 179 131 127 104 114 151 167 173 183 175 154 144 114 112 137 151 168 179 186 184 179 175 176 168
78 83 89 100 109 106 102 106 117 119 126 125 127 134 137 143 150 160 164 159 154 153 156 161 158 157 158 155 156 163 165 165 171 178 181 179 182 184 181 182 184 184 182 181 183 183 182 182 185 185 185 184 181 180 176 168 154 138 127 122 88 116 141 161 175 186 177 133 130 104 118 153 160 163 177 176 156 143 112 109 133 148 171 177 177 177 184 180 169 162
87 89 93 98 103 106 110 117 118 117 124 124 128 136 138 145 158 163 164 164 166 162 153 146 154 151 152 151 153 160 162 163 166 174 174 174 175 173 172 173 170 171 171 170 171 172 172 172 173 178 177 179 179 176 176 169 158 143 130 119 93 104 133 154 179 183 158 124 126 99 111 143 134 154 180 175 151 144 118 113 134 150 171 171 171 173 182 177 169 162
91 93 98 100 99 102 108 111 114 113 122 122 124 133 136 145 152 161 168 171 171 166 157 153 150 145 146 148 150 156 159 161 164 172 171 172 169 162 163 162 163 165 165 164 164 163 163 164 167 176 172 176 178 174 176 169 154 140 138 113 101 102 128 154 181 183 149 125 131 101 111 142 134 160 186 175 149 141 116 115 128 146 164 164 174 177 178 170 165 158
99 101 102 101 100 101 107 114 111 111 121 122 122 130 136 141 153 163 170 174 171 167 164 154 148 138 143 144 147 157 157 157 156 159 163 166 163 167 160 161 162 162 164 165 163 163 162 159 161 169 171 166 172 172 171 167 157 139 128 122 112 112 122 147 172 171 143 132 117 111 122 143 160 168 181 168 147 136 114 117 131 150 158 156 165 177 177 172 166 156
107 107 105 102 101 100 103 106 113 111 113 119 120 122 133 142 157 166 166 166 168 165 158 149 140 136 140 141 146 154 154 155 155 154 152 163 170 166 164 170 167 166 168 170 169 168 164 158 156 155 158 160 165 167 170 160 125 118 122 123 117 115 125 139 159 161 136 128 120 114 134 159 158 168 177 161 141 133 118 123 133 148 157 160 168 174 172 169 163 154
106 103 103 106 104 97 100 109 115 120 115 115 119 124 136 138 145 154 157 159 162 162 154 140 126 130 132 137 147 157 161 162 168 156 161 162 169 179 178 170 173 170 169 168 168 168 165 160 157 151 153 159 161 163 167 143 76 86 114 108 107 114 126 140 152 148 135 132 118 115 158 177 161 160 168 160 136 130 123 125 137 148 158 166 173 173 168 167 159 152
110 115 111 100 99 103 99 90 105 113 114 118 122 125 136 146 148 150 156 158 156 160 155 137 120 125 129 137 150 161 168 166 162 154 159 168 179 178 182 181 177 174 170 167 166 167 166 164 153 149 150 158 161 166 168 132 45 69 114 101 105 119 128 142 151 147 137 128 114 114 148 131 93 146 167 152 138 132 123 134 141 150 161 170 175 172 167 166 160 153
116 113 111 111 105 93 86 87 85 97 108 110 117 127 134 144 157 157 162 162 159 159 145 122 111 117 128 144 156 167 171 163 150 147 167 174 176 178 176 181 179 178 176 171 168 167 166 167 157 153 151 158 165 170 172 141 67 81 102 94 109 119 132 142 151 151 136 127 122 119 141 121 96 154 163 143 138 135 127 136 143 153 163 169 172 171 167 166 162 156
108 111 118 127 129 121 107 98 96 89 100 118 134 136 130 137 143 150 155 158 166 163 137 117 102 111 133 154 166 173 169 158 150 165 163 153 149 166 176 178 181 181 178 173 169 167 167 169 166 157 150 156 165 167 172 157 136 119 95 97 118 119 138 143 152 154 140 125 114 127 155 135 108 142 146 143 140 139 140 142 148 158 166 169 171 172 170 167 161 156
102 111 114 112 118 126 124 117 106 92 88 98 117 134 143 146 148 153 154 153 160 154 128 113 106 119 147 166 175 176 166 159 164 129 79 141 170 157 171 179 180 181 178 173 172 170 169 170 164 152 145 148 155 156 163 160 148 118 90 109 130 131 146 148 150 159 148 123 105 143 159 104 103 146 142 137 145 146 144 147 154 161 167 170 172 174 173 169 161 155
101 97 95 99 106 111 114 118 122 115 102 96 97 112 136 143 151 154 157 154 152 144 120 105 111 126 156 172 181 182 171 171 122 53 75 176 172 164 170 173 177 179 179 178 179 176 171 169 166 155 150 145 147 147 150 148 134 106 98 123 136 143 147 150 152 159 147 127 105 129 124 69 104 140 139 142 147 144 150 154 157 161 166 169 172 174 172 168 163 157
93 100 92 84 91 92 92 101 111 118 118 121 116 107 117 130 145 148 158 157 157 143 111 106 113 137 162 183 191 178 176 147 59 86 138 179 164 163 161 170 175 175 179 180 181 183 180 176 171 165 159 151 141 135 128 119 106 97 108 131 143 149 153 153 155 156 152 121 112 152 143 99 113 134 141 147 151 146 153 161 161 165 167 171 176 174 169 167 161 156
79 90 94 97 105 100 89 87 91 100 104 112 122 126 126 126 124 132 145 152 156 139 110 110 114 144 169 185 191 188 180 89 39 101 158 176 155 158 156 169 173 174 180 181 183 185 184 184 179 174 170 163 153 142 129 115 105 111 125 142 152 153 154 158 154 163 160 124 110 137 106 77 113 136 144 150 154 152 157 160 162 165 168 171 174 172 168 167 160 154
88 78 70 79 99 108 104 102 94 90 87 93 107 114 117 128 129 130 131 135 141 133 112 103 119 146 176 189 193 193 170 53 47 47 103 169 159 151 153 168 170 172 181 185 186 188 187 189 185 180 177 173 168 162 152 140 134 135 139 146 153 157 159 163 161 162 158 134 99 75 36 72 119 142 150 153 157 159 162 161 162 166 168 170 170 168 164 163 158 153
76 90 91 74 66 81 102 112 109 105 97 87 98 113 116 124 127 135 145 140 117 98 101 113 126 150 178 183 188 194 134 33 45 43 79 139 150 150 145 165 168 171 182 188 189 189 187 189 190 184 178 174 171 168 162 154 154 148 149 153 153 156 160 158 161 155 155 135 76 62 52 94 133 150 156 157 159 161 164 163 163 165 167 167 166 164 161 160 156 150
61 55 63 80 80 70 74 88 106 119 124 106 92 91 95 108 121 119 129 143 132 103 92 100 123 160 186 181 180 193 101 27 40 33 75 139 144 146 145 158 170 172 182 188 190 190 188 189 190 187 183 179 174 168 160 153 154 150 152 154 151 150 154 155 153 156 155 125 43 38 70 120 149 158 162 162 163 162 164 164 164 164 164 164 164 163 161 158 152 147
88 71 53 50 59 69 69 62 70 86 111 125 128 120 107 101 116 117 117 116 115 106 102 115 134 165 177 180 181 192 89 32 53 50 81 135 145 148 144 161 173 174 182 186 189 191 190 190 189 189 188 186 182 176 169 165 160 155 146 144 149 148 147 151 154 151 151 122 36 47 111 145 155 159 164 167 166 164 163 164 164 163 163 163 163 163 161 156 149 144
80 74 66 57 51 50 53 57 51 57 67 84 104 125 130 116 105 116 123 103 89 96 108 129 144 164 173 179 177 180 83 51 115 116 109 126 144 156 143 159 175 176 182 185 188 192 190 190 190 190 188 185 182 177 173 172 165 158 145 139 147 149 143 139 149 154 145 121 72 80 124 148 152 155 162 166 166 165 165 164 164 163 163 163 161 160 156 150 144 139
73 71 64 58 54 52 50 49 45 47 48 52 54 69 97 105 97 101 123 112 88 89 102 120 142 159 175 173 177 185 92 71 143 144 125 133 152 162 145 163 175 177 184 186 188 191 189 188 189 189 185 182 179 175 171 170 164 157 146 137 136 143 144 138 140 155 151 136 116 121 136 141 147 150 159 162 163 166 166 165 164 163 163 162 158 155 151 144 138 132
58 54 53 52 48 48 49 45 46 47 46 47 47 44 47 57 69 74 96 105 92 83 91 109 133 160 173 170 177 178 107 86 169 140 126 139 162 162 152 167 176 180 184 189 191 190 187 187 185 186 185 182 179 175 171 168 164 155 145 138 135 139 144 145 145 148 150 146 141 141 145 146 146 152 158 162 163 163 162 161 163 162 161 158 155 151 146 139 134 130
51 47 46 45 45 46 46 43 47 49 52 52 49 44 41 39 41 44 53 61 65 65 75 102 124 155 167 170 174 179 125 64 118 104 120 152 170 163 153 166 179 182 186 190 194 193 188 185 183 184 183 181 178 174 169 166 160 154 147 140 136 137 142 144 147 150 154 153 150 149 150 150 152 154 157 159 160 162 163 163 162 160 157 154 150 147 143 138 133 129
52 49 45 43 43 44 44 45 45 48 52 53 52 53 50 43 42 46 43 39 46 52 60 79 105 146 162 170 169 176 153 66 58 96 134 152 164 167 163 172 179 185 189 192 194 193 188 184 182 182 182 180 177 173 168 163 158 155 150 142 135 135 140 144 148 149 150 150 149 150 152 153 155 155 155 155 156 159 161 162 161 157 154 149 144 143 140 136 130 126
43 47 48 48 48 46 45 48 48 50 52 52 53 57 56 51 49 45 44 43 40 38 43 52 76 122 153 167 168 172 170 100 65 98 131 150 168 175 170 173 176 185 191 191 190 189 187 184 183 183 181 178 175 172 166 161 158 156 150 142 135 134 139 145 148 148 147 147 149 151 154 156 156 157 157 156 156 156 157 157 157 153 149 144 140 139 137 133 130 125
44 46 45 44 44 44 45 50 50 53 53 53 56 55 52 52 49 52 52 48 42 45 47 42 49 81 128 158 170 170 171 133 93 98 130 160 168 169 173 175 177 185 190 189 186 186 184 182 183 181 178 174 172 168 162 157 157 154 149 143 137 135 138 143 146 148 151 154 158 158 158 159 160 161 160 158 155 154 153 152 150 146 144 141 138 137 134 130 124 117
41 41 42 45 49 51 53 54 53 57 57 57 60 58 56 60 57 56 51 51 51 46 45 45 45 50 92 136 166 171 168 153 115 113 131 156 166 172 177 174 181 186 187 185 185 185 182 178 181 179 175 171 169 166 160 154 154 152 148 144 141 139 139 142 145 149 153 158 161 160 158 160 163 162 159 155 151 149 147 146 146 143 142 142 139 136 131 125 111 104
49 45 44 47 49 51 54 54 58 60 61 60 60 60 61 64 59 62 56 54 56 52 49 47 50 45 63 109 155 166 165 162 140 130 132 153 169 171 174 179 182 184 184 183 184 183 181 178 180 179 176 174 172 170 162 155 153 151 148 146 146 144 143 145 147 151 154 157 159 155 153 157 161 158 154 150 148 147 146 144 146 142 142 141 138 132 123 114 101 95
47 44 46 49 47 48 49 47 50 54 59 60 59 62 64 62 63 65 63 66 64 55 52 51 49 52 50 93 146 159 160 164 156 139 140 158 164 166 173 175 179 182 184 183 182 182 181 181 181 181 179 178 177 175 167 158 154 152 148 147 148 147 147 150 150 155 158 160 159 153 149 153 159 156 152 149 150 150 149 146 145 141 139 139 134 125 112 102 94 89
41 42 44 44 43 42 43 45 46 47 49 51 52 53 56 59 59 61 64 64 64 63 58 52 54 47 51 87 136 153 152 166 160 151 151 161 167 169 172 172 179 182 183 184 180 176 180 182 183 185 186 184 180 176 169 160 156 153 150 147 147 148 152 154 157 159 161 162 161 159 157 156 159 154 151 148 146 146 147 145 144 140 139 135 124 112 102 97 91 85
42 41 40 41 43 43 42 41 42 44 46 48 48 48 49 51 55 56 58 59 61 64 63 59 54 55 48 68 125 152 148 159 163 159 159 163 166 171 175 173 177 179 180 180 178 177 182 183 185 186 186 182 178 176 171 163 154 151 150 151 151 153 155 157 159 160 162 163 163 162 161 160 157 153 152 151 149 148 148 145 141 135 130 123 112 101 94 90 83 77
65 59 51 47 45 44 44 43 46 47 49 49 49 48 49 51 50 50 51 51 53 57 60 60 61 59 51 58 99 140 155 159 162 163 166 168 168 172 176 175 176 179 179 179 179 180 184 184 185 186 184 179 175 175 172 164 154 151 151 154 155 155 157 159 157 157 158 159 160 160 159 159 154 152 153 152 148 146 145 142 139 131 121 109 98 89 82 77 69 64
47 51 56 58 57 52 47 43 46 45 45 44 44 44 46 47 46 48 49 47 46 48 52 54 58 54 56 56 70 109 139 147 155 158 165 170 169 169 172 174 175 178 178 179 179 181 184 181 182 183 181 176 172 173 170 164 157 153 152 155 155 154 154 157 157 157 158 159 160 159 159 158 158 152 150 148 146 144 140 133 125 115 102 90 80 74 67 60 52 48
43 44 44 42 42 43 46 49 49 49 48 47 46 46 47 48 46 47 48 47 46 46 48 49 49 53 55 53 61 77 98 122 147 155 164 169 170 171 173 174 174 176 175 176 176 178 181 178 179 179 178 174 171 170 168 162 157 154 154 157 157 154 154 156 158 158 159 160 161 160 158 157 152 150 149 146 140 134 128 120 107 96 82 70 61 56 50 43 41 39
40 40 40 40 40 42 45 46 49 49 49 49 49 49 48 46 45 44 44 46 48 49 48 46 47 48 48 51 58 60 71 96 126 141 154 157 161 169 172 170 173 174 172 173 173 175 179 178 175 175 175 174 170 168 165 161 154 153 156 160 160 158 157 157 158 159 161 162 161 159 156 154 151 147 143 137 128 120 111 101 81 71 59 51 46 44 41 37 38 38
42 42 42 41 41 42 43 42 47 48 49 49 50 51 50 48 47 44 43 45 47 48 48 47 48 42 45 48 49 52 59 70 95 117 137 145 155 167 172 170 171 172 171 172 172 172 176 175 171 170 170 171 167 164 161 159 153 154 157 160 160 159 159 160 160 161 162 162 159 155 151 149 145 138 131 125 115 101 80 60 50 43 39 38 37 38 40 41 38 39
40 42 43 42 42 43 44 44 43 44 44 45 48 50 50 50 50 48 47 47 46 46 47 49 49 47 51 50 48 49 49 51 60 84 111 128 142 154 161 163 168 169 170 172 171 168 170 169 168 166 166 168 164 160 158 156 155 155 157 158 157 157 159 160 157 158 159 157 153 147 142 139 134 130 120 99 74 56 47 41 40 37 37 38 37 36 38 40 38 39
43 42 40 41 43 44 44 46 45 45 46 48 48 46 44 45 44 46 48 47 44 44 45 48 48 46 46 48 49 50 52 52 48 50 60 81 112 140 153 155 157 164 170 169 167 168 168 167 169 169 167 163 161 159 156 153 150 153 154 155 156 158 158 156 152 152 153 149 143 140 135 125 119 98 72 53 42 36 37 40 40 40 40 39 38 38 38 38 38 38
40 40 40 42 45 46 47 49 50 50 51 51 50 47 45 44 45 46 47 46 45 45 46 47 51 50 51 51 49 48 49 50 47 49 46 46 61 88 125 154 154 154 155 159 165 168 170 169 167 167 165 162 159 156 152 148 147 149 151 151 153 154 153 151 151 144 140 135 128 121 107 91 62 50 39 37 39 39 37 36 39 39 39 39 38 38 38 39 39 39
40 41 42 43 46 47 48 50 52 53 54 54 54 54 53 52 46 46 46 46 45 44 43 43 43 45 49 52 52 52 53 54 54 51 46 47 45 40 54 81 116 139 156 155 153 156 158 154 158 159 157 153 150 147 144 142 143 143 143 143 143 141 137 133 127 123 119 107 86 66 50 38 36 37 38 39 37 35 37 41 38 39 39 39 39 39 39 39 39 39
42 43 44 44 45 45 46 48 47 50 51 51 52 54 54 53 52 52 52 52 52 52 51 51 46 44 43 43 44 47 50 51 53 56 54 51 50 45 39 39 44 59 80 101 118 130 133 132 125 125 123 121 120 121 123 124 124 123 120 118 115 110 104 98 89 74 56 44 38 37 40 39 44 40 37 39 41 41 40 39 38 39 39 39 39 39 38 38 39 39
42 44 44 43 43 43 45 47 49 51 52 51 51 52 52 51 51 51 50 49 48 48 48 49 55 53 51 50 47 46 45 43 45 48 52 52 52 55 56 52 50 44 40 41 46 50 52 53 50 50 51 51 54 58 63 66 69 67 64 60 57 52 45 40 37 36 38 40 38 36 37 39 38 38 39 40 39 38 38 39 39 39 39 39 39 39 38 38 39 39
40 42 42 41 42 43 45 47 46 46 47 46 46 47 47 46 49 49 49 48 47 47 49 50 46 47 47 46 45 47 49 51 48 43 45 48 44 43 48 52 51 52 49 45 45 46 45 41 40 40 39 37 35 35 36 36 35 35 36 36 37 37 37 35 38 38 39 40 38 37 39 42 40 40 40 41 41 40 39 39 40 40 39 39 39 39 39 38 39 39
39 41 41 41 42 43 44 45 45 44 45 46 46 46 47 48 45 45 46 46 47 48 50 51 49 49 51 50 48 47 46 44 43 45 46 44 42 45 44 38 43 43 44 45 44 41 42 45 45 45 45 44 42 41 41 41 41 40 40 39 39 39 40 41 43 42 41 41 41 40 38 38 42 40 39 39 41 43 42 41 40 40 39 39 39 39 39 39 39 39
41 42 42 41 41 42 42 42 45 43 43 44 44 43 43 44 51 50 48 46 44 42 41 41 46 45 45 46 48 50 50 48 44 46 44 42 43 43 42 41 41 44 43 38 39 44 43 38 41 41 41 41 41 40 40 40 42 41 41 39 38 38 40 43 40 41 40 40 40 40 41 42 39 40 41 40 40 40 40 40 40 39 39 39 39 40 40 40 40 40
41 41 41 42 44 44 42 41 42 43 44 45 46 45 45 46 47 45 45 48 48 47 47 46 48 49 47 45 46 46 46 48 45 45 42 45 45 42 44 46 44 41 40 41 41 41 41 39 39 39 40 42 42 41 41 41 39 41 42 43 43 41 39 40 39 38 38 39 40 40 40 40 40 40 40 40 40 40 40 40 40 40 40 40 40 41 41 42 41 41
42 42 41 42 43 44 43 42 42 42 42 43 44 44 44 45 47 45 45 48 49 50 50 50 49 50 48 46 47 47 47 49 51 50 48 50 51 47 49 51 50 48 49 48 46 44 44 44 43 41 41 42 42 40 40 41 41 41 39 39 41 40 39 40 40 39 39 39 40 40 39 39 40 40 40 40 40 40 40 40 40 40 40 40 41 41 41 42 42 42
