101 88 66 69 84 87 94 107 108 106 105 101 105 102 94 103 94 71 66 50 42 53 51 56 51 45 45 42 28 26 33 27 21 10 5 6 12 9 11 15 12 18 28 30 31 28 29 26 27 23 24 19 19 19 16 22 19 21 23 26 28 27 23 20 17 13 17 19 12 18 16 10 11 9 12 14 21 36 32 36 32 52 79 92 84 99 81 68 67 67
66 62 89 85 87 107 99 105 109 106 110 107 92 87 88 82 52 50 41 51 53 43 47 47 34 39 34 31 30 20 16 20 14 14 13 6 8 7 8 6 6 6 11 12 16 18 24 25 17 18 21 21 21 28 30 20 19 20 21 22 23 24 23 21 17 15 18 20 15 16 11 9 6 10 11 12 13 34 43 32 40 36 46 92 94 85 97 72 59 60
79 91 78 88 100 97 104 96 103 107 104 85 82 77 53 43 48 51 52 44 36 45 52 46 48 53 46 36 27 20 17 13 15 12 10 6 11 11 9 3 6 4 7 7 10 11 19 22 21 24 15 16 19 14 16 16 19 23 26 25 24 23 25 26 21 20 19 19 14 13 7 10 8 10 6 12 16 28 38 43 43 45 54 68 87 79 84 79 68 63
85 96 100 100 103 107 107 100 94 82 72 72 59 45 50 49 49 50 60 67 62 68 73 57 39 25 16 17 9 7 14 13 15 10 9 8 11 6 8 11 11 11 18 18 18 15 20 23 17 34 30 23 25 20 17 18 14 19 25 29 31 30 26 22 25 19 13 12 11 16 11 11 8 10 11 9 13 26 31 48 52 49 67 80 71 89 86 80 65 62
102 99 97 102 104 102 91 74 66 71 56 34 40 51 54 73 83 83 78 77 71 53 36 25 23 21 14 13 16 13 9 4 10 9 11 11 19 21 29 33 40 40 46 45 43 36 38 39 38 34 32 26 28 34 29 24 30 26 21 21 25 29 26 20 22 20 18 14 7 11 11 11 8 3 9 10 6 19 25 36 47 56 53 89 95 77 83 82 73 63
95 100 107 111 98 77 69 69 60 39 38 65 71 72 91 95 76 76 70 49 31 35 37 24 22 22 19 16 10 2 8 18 20 30 41 45 56 61 58 48 49 45 47 45 45 42 46 46 46 40 41 39 38 34 28 35 32 30 23 14 10 13 17 20 17 18 21 20 10 12 10 9 8 6 2 8 8 11 15 21 43 49 49 65 83 84 74 72 71 66
113 112 107 90 67 62 68 63 47 58 73 89 99 92 79 75 73 51 19 31 49 32 18 12 5 11 19 19 16 35 63 70 73 71 65 50 42 33 32 32 31 28 30 28 31 33 40 40 34 35 29 22 24 21 18 24 24 32 38 34 25 19 17 17 14 10 9 14 14 15 7 6 16 24 12 6 9 13 11 13 46 52 17 47 65 79 73 64 77 71
103 96 76 54 61 62 44 46 84 106 106 90 76 69 63 48 34 25 47 42 19 13 5 4 14 28 51 68 74 81 78 57 46 37 38 44 44 29 26 33 29 29 32 28 27 26 31 30 27 16 14 34 49 65 92 104 120 127 133 133 127 116 101 90 87 82 72 62 43 25 11 19 39 27 23 18 10 12 9 19 38 51 30 13 50 65 67 55 60 59
87 57 53 67 60 45 64 104 122 97 74 61 55 45 29 29 35 35 29 13 12 10 11 39 74 91 89 89 89 70 60 67 61 57 57 59 60 52 40 38 39 43 44 38 42 42 43 43 44 64 88 116 142 158 163 159 161 157 152 151 154 155 152 150 151 150 147 142 133 116 86 56 40 22 25 17 10 6 7 19 29 42 37 20 30 43 65 55 50 53
57 68 69 57 56 90 114 92 68 57 55 34 38 32 44 40 28 36 18 12 24 56 99 107 91 86 73 66 61 55 50 43 44 44 38 31 30 32 34 36 33 32 37 44 52 42 53 79 115 143 164 169 168 167 167 160 158 157 154 151 151 149 148 148 154 155 155 152 150 153 155 152 127 96 58 14 2 7 10 9 8 36 28 23 39 28 45 55 42 51
71 74 59 64 94 92 67 62 58 40 32 37 43 40 38 30 35 32 40 69 109 115 91 77 71 61 56 53 41 32 29 21 18 19 13 15 19 18 18 12 20 25 38 32 28 58 111 135 160 168 170 171 170 167 168 166 163 164 164 162 158 152 146 143 143 144 147 149 150 151 153 152 148 149 134 87 39 10 7 8 6 26 27 25 20 36 31 43 33 35
89 67 73 76 56 46 42 32 29 33 46 49 39 19 28 59 77 98 110 95 75 65 58 53 53 50 41 29 22 21 21 16 9 11 10 18 14 3 14 23 32 47 40 40 86 123 141 155 169 174 174 174 173 171 171 167 172 168 164 161 159 155 150 146 148 143 140 143 148 152 154 155 155 145 144 153 140 82 32 3 11 10 4 23 11 22 20 27 31 16
71 78 63 40 35 26 23 46 57 52 52 43 21 68 99 110 108 108 98 82 75 68 54 43 42 37 29 22 18 13 14 21 21 29 23 22 24 27 33 24 34 35 35 57 111 144 161 175 181 180 178 180 177 169 170 175 172 166 163 162 161 159 155 151 146 141 136 137 140 145 151 157 160 152 154 152 145 142 116 44 5 7 6 6 13 11 9 12 25 13
68 46 22 28 29 46 82 74 44 39 58 77 116 134 126 106 105 100 87 81 85 69 45 46 48 49 53 50 47 48 47 45 41 36 32 41 43 36 31 23 24 27 43 83 138 164 173 179 178 182 179 176 178 182 182 174 171 168 169 169 166 161 155 150 145 141 136 134 137 141 145 149 148 155 159 157 156 149 150 139 78 16 5 7 7 9 11 5 13 20
37 20 35 44 74 105 74 44 48 84 111 130 126 115 116 126 119 110 96 105 98 79 81 74 76 61 56 55 52 50 46 46 43 35 33 36 32 25 25 28 20 33 65 112 159 169 173 183 182 186 185 185 186 185 184 180 178 172 169 166 159 154 151 147 139 138 132 129 134 139 141 142 152 153 153 152 157 149 147 147 145 91 27 14 11 8 10 8 5 22
34 52 72 106 101 50 44 77 118 140 119 122 119 119 109 95 74 61 54 42 40 42 33 34 35 31 29 24 21 18 14 21 22 23 31 31 22 19 22 29 37 56 92 131 167 177 180 184 184 189 191 195 197 194 190 186 178 172 169 166 160 154 149 143 133 134 127 118 120 132 145 154 158 153 155 153 152 149 148 145 139 147 118 50 11 5 12 7 5 17
74 89 109 76 44 77 118 129 125 125 129 113 98 83 75 54 38 32 35 23 22 26 19 29 24 24 34 28 26 26 22 28 28 33 36 20 18 21 19 33 55 85 119 148 169 183 181 184 186 190 191 195 204 205 197 192 177 170 165 162 155 151 144 137 129 119 116 104 110 121 139 153 156 155 158 159 156 155 151 142 141 134 135 130 68 8 5 5 4 6
94 102 67 65 117 136 126 129 121 111 83 68 72 70 74 70 72 62 57 59 51 46 50 46 42 36 36 28 25 18 17 35 44 46 28 24 21 14 25 43 72 97 134 164 178 181 176 182 183 186 193 198 204 212 205 187 179 169 162 157 150 145 137 125 119 109 98 94 93 117 139 143 155 159 162 158 152 150 148 143 140 138 130 124 128 82 13 7 2 1
80 73 102 125 119 120 121 111 96 81 71 100 111 102 97 83 86 79 71 73 62 52 53 37 39 24 17 13 7 9 25 54 67 56 31 26 27 28 38 64 101 111 143 171 185 186 177 177 179 181 189 194 201 214 210 188 176 161 154 154 146 139 132 120 105 101 90 77 92 103 137 153 155 159 158 154 155 158 153 147 139 138 137 132 129 123 87 41 13 4
86 101 116 119 131 131 102 85 87 102 102 108 93 79 71 69 58 54 50 40 35 35 31 30 31 29 17 16 21 23 38 75 85 59 44 27 38 63 67 80 116 121 153 175 183 183 177 176 181 183 187 191 200 208 201 185 170 159 153 146 135 131 124 108 99 87 56 48 72 97 123 144 154 161 159 154 155 153 149 149 151 149 135 140 134 122 125 111 58 20
110 121 133 143 126 96 91 90 105 107 101 94 81 83 76 73 67 56 55 48 52 50 32 34 32 29 22 29 29 33 52 83 99 65 39 38 74 107 119 102 121 121 159 180 183 177 173 171 170 173 178 182 189 195 189 175 161 146 139 136 124 113 103 92 81 44 36 53 74 95 118 135 151 155 152 150 153 151 151 157 156 157 154 148 137 127 122 122 129 105
121 120 126 127 99 77 95 116 113 101 108 108 87 77 62 52 51 55 52 33 23 29 32 35 36 43 28 37 43 42 57 97 105 65 16 18 30 69 141 141 132 122 161 182 182 171 169 170 175 175 179 178 178 186 182 164 154 141 130 123 110 99 90 82 48 32 64 83 91 96 124 139 142 143 143 146 152 151 151 157 155 154 160 155 145 136 124 121 117 124
114 120 112 80 72 100 115 113 85 74 57 40 41 41 40 41 41 25 16 23 30 35 49 63 76 75 47 43 37 42 68 109 93 57 41 53 37 40 79 154 140 126 166 182 175 165 171 176 173 171 173 175 176 179 171 154 135 127 112 100 95 89 68 44 50 75 96 94 80 93 115 132 135 141 145 147 148 152 162 175 175 167 162 165 156 147 143 126 122 117
119 109 76 85 124 118 78 41 29 22 25 37 53 44 38 25 24 24 31 43 54 63 76 95 106 110 69 50 38 44 69 110 86 40 101 94 20 52 60 147 147 128 164 177 176 173 177 174 171 171 171 178 185 175 154 142 126 110 98 94 78 54 49 62 83 103 116 103 83 71 104 134 141 153 166 171 172 170 171 173 172 176 172 167 165 161 154 145 130 124
113 102 121 95 42 22 28 33 46 63 64 45 29 27 32 39 47 54 67 78 88 106 123 129 138 131 86 54 42 42 71 94 85 48 18 11 14 52 57 146 148 128 170 174 173 177 177 183 177 178 173 182 182 169 155 130 105 90 80 69 59 70 87 114 133 135 144 137 109 31 96 152 158 168 173 170 179 176 177 180 174 179 170 167 171 167 157 146 137 126
111 106 53 15 22 37 63 66 61 40 28 37 49 52 61 75 85 90 97 108 123 136 141 140 151 147 94 49 44 44 68 86 79 49 10 24 43 63 59 147 133 125 165 168 168 175 181 188 184 186 183 186 177 158 139 108 87 75 63 74 91 113 127 137 152 159 169 161 129 38 68 149 176 171 177 172 174 180 180 170 175 180 175 174 174 168 163 158 150 139
63 23 28 51 77 84 65 51 52 66 78 84 89 97 105 107 116 127 136 146 157 161 158 156 157 155 109 51 44 48 69 67 75 45 25 85 72 54 97 145 112 122 160 165 168 176 185 187 181 189 184 182 176 159 126 81 67 66 89 122 129 142 158 160 170 170 168 161 143 53 32 105 158 181 177 175 175 174 175 177 175 177 177 179 177 171 168 165 155 147
17 49 91 85 63 59 78 95 108 111 118 123 124 126 132 137 139 151 162 168 171 170 167 165 163 155 109 47 42 47 69 58 75 54 57 70 70 104 135 136 101 124 156 163 171 181 189 187 180 186 181 182 175 145 103 65 66 102 132 146 153 162 159 161 174 166 167 166 142 54 32 85 118 165 180 174 176 170 174 173 173 172 175 179 178 176 173 166 169 162
84 86 66 61 87 104 123 129 139 137 138 140 141 144 154 164 168 169 173 175 175 175 171 164 163 163 120 48 42 57 76 53 64 78 60 117 133 131 122 126 116 140 158 164 172 181 187 181 178 177 181 187 163 117 87 73 109 151 153 153 165 169 166 169 169 178 172 167 142 44 32 83 106 121 164 174 184 174 179 170 172 170 173 175 177 181 179 171 171 166
73 56 73 96 120 138 143 145 150 150 151 156 162 164 170 181 180 180 184 185 181 178 173 165 160 160 136 75 46 54 79 60 52 83 51 81 118 112 116 128 136 155 164 169 176 181 181 173 171 170 178 175 145 117 106 96 148 170 153 159 166 159 169 173 173 176 174 167 122 47 53 61 105 114 127 158 176 172 171 172 170 169 172 171 174 182 184 181 176 172
70 73 101 122 136 148 160 160 168 169 165 167 176 178 175 179 179 186 193 193 187 179 173 168 164 149 135 107 69 49 72 85 52 82 91 49 81 89 125 153 148 160 165 173 178 180 176 169 168 174 173 158 142 143 142 128 158 174 159 159 167 166 167 171 173 177 177 163 103 59 81 91 106 119 121 141 157 173 167 171 166 165 168 167 170 178 180 183 184 182
83 101 125 140 156 161 167 173 171 179 177 175 180 179 178 186 186 192 194 192 189 181 172 169 159 160 139 121 105 77 74 96 75 66 100 92 72 122 131 170 163 169 168 172 172 171 167 164 166 174 167 153 153 163 167 165 161 152 164 167 154 160 165 174 180 175 174 160 86 55 93 143 106 64 121 134 145 164 163 168 162 160 162 163 167 172 172 179 181 181
106 114 137 157 160 165 173 174 178 183 178 170 183 176 177 188 191 195 192 188 189 182 171 165 164 154 145 134 108 89 85 99 100 77 82 112 109 136 144 183 173 173 174 172 168 167 167 165 171 170 161 162 168 160 164 162 168 152 132 161 172 162 153 167 172 179 175 155 72 68 133 166 145 120 112 127 143 159 166 164 169 158 155 162 168 169 179 177 182 184
117 133 150 158 163 172 178 176 182 186 185 177 183 177 179 185 189 193 193 189 186 179 170 167 160 157 147 142 128 107 93 108 117 110 102 119 166 155 174 180 174 171 169 167 164 165 168 169 170 167 163 161 159 156 164 161 160 161 144 120 150 170 155 147 175 175 182 144 80 61 115 151 170 168 123 116 136 159 169 159 164 159 154 154 163 165 176 178 178 181
128 147 158 160 169 180 183 183 182 181 181 176 177 178 184 186 189 188 188 189 186 177 171 169 167 166 154 146 139 124 106 115 121 127 116 145 164 176 174 177 170 168 167 165 163 165 169 171 173 166 164 162 166 167 167 158 161 154 153 96 116 161 168 168 177 183 179 139 80 48 88 148 166 134 91 112 151 156 170 160 157 161 158 153 161 163 170 175 178 181
136 151 160 165 174 180 182 185 180 180 181 180 181 183 183 178 179 188 191 184 177 179 178 170 166 164 159 155 146 141 129 126 132 129 141 146 148 164 168 174 173 166 159 159 164 170 172 170 165 161 161 156 162 162 161 161 160 142 138 75 75 145 171 173 183 177 183 140 77 67 146 192 190 189 155 109 141 146 160 160 154 159 156 146 153 160 171 179 182 185
143 153 163 169 175 177 178 180 176 178 178 178 179 181 178 174 181 180 181 181 180 180 177 173 170 163 162 160 148 148 145 143 139 145 151 157 161 168 169 172 163 163 163 164 167 169 168 167 164 161 162 157 159 157 158 161 159 143 128 82 60 134 164 172 177 184 178 139 86 70 116 173 178 182 149 88 132 165 166 158 146 149 151 143 147 157 171 177 183 185
147 156 165 170 174 177 179 177 180 184 181 180 178 182 180 183 177 179 180 179 178 177 175 174 169 161 158 158 150 149 152 163 163 161 165 159 168 162 166 161 162 163 163 163 166 167 165 165 167 158 157 153 151 154 164 162 158 154 141 108 57 115 155 164 168 182 177 143 84 79 82 131 155 171 144 106 130 173 159 153 141 140 148 146 146 152 164 168 181 184
151 159 165 167 171 176 178 177 180 184 183 185 179 179 175 176 180 176 174 179 181 174 168 171 164 162 162 162 153 152 152 162 169 165 175 168 167 164 163 158 159 165 169 169 167 164 163 164 157 156 157 157 161 175 197 196 178 156 146 133 80 95 133 147 154 167 184 148 84 70 100 177 188 191 183 146 112 163 167 152 142 135 141 140 139 144 159 169 178 181
158 163 164 165 169 170 171 175 180 181 179 185 179 182 178 178 176 180 178 176 178 173 166 166 160 161 164 162 152 159 164 166 170 177 178 175 176 171 172 165 165 169 169 168 168 166 164 165 167 174 172 177 193 203 210 195 172 154 144 131 102 88 114 131 136 164 172 146 87 67 97 187 193 179 181 142 96 141 148 146 132 124 132 134 137 141 156 172 175 178
164 163 166 169 171 175 178 175 177 177 177 180 183 180 178 180 179 175 181 182 178 178 173 169 165 161 158 158 163 166 164 166 169 185 192 190 192 189 181 177 167 172 169 163 166 167 167 172 181 181 179 196 198 192 196 182 154 140 139 119 107 97 91 117 126 151 170 149 91 79 70 138 178 172 172 141 93 130 147 137 131 127 132 137 137 136 158 175 179 173
163 167 167 169 176 177 175 177 182 178 180 181 176 176 179 180 187 179 181 181 180 177 170 168 167 159 157 158 157 158 159 165 169 171 174 176 178 180 177 171 163 163 156 152 161 170 169 166 166 169 167 173 173 173 178 165 149 135 124 113 102 90 85 100 117 153 171 156 93 75 66 100 144 152 167 134 78 123 140 128 129 133 128 131 138 134 149 169 175 171
162 168 171 173 175 173 172 178 175 173 176 179 177 179 183 182 182 178 180 184 184 177 167 165 154 155 157 154 150 146 146 154 157 157 161 163 159 155 154 153 158 154 150 149 153 157 156 153 156 157 155 153 152 158 165 161 148 137 118 105 90 87 80 93 111 135 158 162 101 73 64 88 134 160 172 125 60 117 137 132 126 135 122 124 134 132 149 171 172 170
166 164 168 174 174 173 173 172 174 175 174 174 178 179 177 177 180 179 179 179 178 172 165 166 156 159 153 145 148 150 144 147 151 153 153 155 158 153 147 148 143 145 145 139 138 147 150 143 147 146 149 147 146 150 153 155 155 140 121 103 95 103 78 84 104 132 152 143 100 77 60 111 168 163 165 144 68 123 139 128 121 132 118 123 129 130 151 169 165 165
164 165 170 174 171 169 171 173 178 178 174 172 174 176 176 177 180 182 179 176 174 169 165 163 155 157 153 144 142 144 142 144 145 147 145 144 146 144 142 143 140 133 130 130 129 133 138 139 140 140 141 137 135 140 142 146 148 143 129 114 106 106 74 81 102 122 144 127 83 69 64 128 167 170 163 147 73 119 132 129 117 130 115 123 129 131 147 162 160 161
165 167 166 168 173 172 169 172 171 170 174 175 173 175 180 179 177 180 177 175 175 172 168 160 160 150 148 145 138 138 138 137 143 142 144 140 131 130 133 130 131 131 131 125 119 121 126 125 126 133 137 132 133 138 138 138 140 141 127 112 98 87 74 90 104 128 140 117 76 61 67 135 166 173 165 129 72 123 137 117 118 130 113 121 131 137 146 163 159 159
160 165 166 166 168 168 167 171 165 166 172 175 172 172 175 175 176 176 172 172 170 169 169 163 155 145 139 129 120 118 123 131 133 126 126 126 122 123 124 118 120 121 125 127 121 114 115 121 120 128 127 123 126 131 137 140 140 129 112 93 86 85 83 94 102 120 133 113 74 70 69 94 126 138 137 84 84 123 124 119 119 127 116 126 130 139 147 162 157 155
159 160 163 165 163 166 168 167 164 166 166 168 170 170 169 173 172 172 172 175 169 163 163 157 149 147 133 118 116 114 112 121 120 117 114 113 114 114 115 119 117 115 116 120 122 118 115 116 116 121 117 117 119 119 127 135 133 117 111 84 81 93 88 92 101 118 134 111 71 66 70 108 138 154 161 77 93 116 110 112 117 122 123 136 128 135 142 151 157 154
157 159 162 162 163 167 167 162 169 161 162 166 164 163 166 165 168 168 175 169 169 165 159 156 150 135 111 102 100 95 102 109 112 109 110 103 110 104 108 114 120 119 120 121 119 121 122 120 118 117 116 113 110 110 117 123 119 116 115 78 92 111 103 102 108 122 135 107 79 66 88 147 169 160 159 71 92 116 113 112 121 119 132 127 124 134 138 149 158 153
153 159 165 165 162 161 162 160 165 166 165 161 159 162 165 166 167 164 171 168 167 164 159 152 140 131 105 100 103 92 101 98 105 101 98 94 94 102 113 113 115 120 122 118 115 119 122 123 124 115 110 110 110 111 115 116 113 122 116 76 94 113 106 109 114 122 129 115 74 69 82 116 135 131 98 61 97 118 116 121 120 120 133 128 122 132 139 147 148 146
162 158 157 160 164 166 163 157 162 161 160 163 164 157 157 165 165 160 167 163 159 155 153 145 133 139 117 95 89 90 102 87 96 89 77 62 80 115 122 116 112 118 126 125 120 120 125 126 127 120 116 114 111 110 112 114 116 121 120 92 95 100 105 113 117 118 127 125 77 64 80 101 112 119 75 60 108 116 121 123 120 125 134 130 123 130 138 142 149 150
158 157 158 159 159 160 162 163 156 158 159 160 161 159 156 156 163 161 166 161 156 153 154 149 140 119 99 93 85 86 90 91 92 63 44 83 116 96 117 134 119 115 122 129 123 122 128 129 132 129 122 113 110 112 118 125 126 123 119 104 101 99 107 114 119 125 126 112 78 65 103 133 137 139 126 96 109 116 125 129 123 133 136 131 126 128 135 136 153 154
155 151 150 155 160 162 160 156 155 155 156 157 156 156 156 155 154 156 159 156 156 153 155 152 137 115 89 87 79 88 85 88 75 40 70 120 52 55 120 152 127 122 126 134 134 132 130 127 131 133 123 112 114 116 117 119 119 125 114 98 99 99 104 110 120 123 133 122 73 70 123 132 125 114 85 89 111 114 125 125 130 139 134 128 128 127 131 135 153 152
154 150 149 152 156 158 157 154 154 150 153 158 156 151 152 157 155 157 157 156 161 157 156 150 126 107 73 76 72 78 82 83 48 60 112 60 47 69 126 155 138 141 136 133 139 142 138 135 134 139 132 119 117 117 116 116 118 110 95 88 91 96 102 104 115 125 124 129 86 65 84 94 99 47 69 97 106 115 124 130 136 138 130 125 127 128 133 142 156 154
151 151 152 152 151 153 155 155 148 153 154 151 152 152 151 151 154 153 153 153 156 153 154 145 129 90 65 68 67 72 82 64 35 95 78 47 112 130 136 147 136 145 147 142 141 145 143 139 138 143 143 134 120 107 95 86 73 69 77 91 90 95 102 105 118 123 123 133 89 69 97 122 93 59 80 100 109 121 129 133 136 131 127 127 128 132 140 151 157 155
145 147 152 152 151 151 152 149 153 152 146 146 151 149 147 154 152 149 150 152 153 152 158 150 114 61 66 64 58 66 83 51 68 93 46 134 166 168 139 143 137 143 155 153 141 144 151 147 144 140 144 144 131 115 95 76 66 77 86 89 90 98 102 109 121 121 127 126 88 60 69 56 32 68 78 93 98 129 133 136 134 124 127 131 131 137 147 158 157 154
147 149 149 149 149 148 147 148 145 150 148 146 147 147 145 146 147 149 150 150 151 153 153 152 98 48 67 63 60 63 84 49 99 67 91 186 190 188 147 141 139 146 154 158 154 148 147 152 146 146 145 145 140 127 105 80 84 89 89 86 93 100 103 111 124 119 128 129 89 46 33 24 43 69 79 94 119 133 136 129 128 124 121 126 137 145 150 154 159 155
138 141 143 146 149 148 146 146 148 149 148 149 151 147 144 148 146 147 147 148 149 149 147 146 92 58 58 60 54 71 83 64 104 68 140 126 133 186 178 131 131 144 156 161 160 156 151 149 149 151 150 148 144 137 121 99 84 99 102 96 100 103 103 113 119 125 120 120 101 23 9 24 53 61 94 119 126 128 125 125 125 127 129 134 142 149 152 152 147 142
136 139 141 142 144 144 145 146 148 148 145 144 146 143 143 147 145 144 144 146 148 148 146 145 89 57 52 56 45 77 97 81 114 53 132 73 48 93 170 133 121 139 156 160 160 159 155 149 151 151 150 150 147 141 131 117 95 96 103 104 101 102 105 111 115 117 122 120 103 22 18 30 45 86 119 131 125 117 121 126 127 133 138 141 146 150 149 146 138 134
133 139 142 142 141 141 143 148 141 145 145 142 143 143 140 138 141 141 141 144 148 148 147 148 90 68 59 50 59 81 101 91 104 40 148 92 49 67 86 137 121 142 159 162 161 164 164 162 159 154 151 156 154 145 138 133 118 97 94 102 103 100 104 113 122 121 122 112 104 28 9 26 75 117 119 112 117 117 125 131 131 136 139 140 141 141 139 136 133 130
124 132 139 142 142 141 142 145 141 144 142 138 139 142 142 140 140 140 140 142 145 146 146 147 98 72 57 42 61 82 110 105 105 34 36 19 23 60 64 122 117 137 155 161 162 166 169 171 168 161 156 161 160 153 149 147 132 112 93 91 99 97 96 110 110 115 115 113 93 19 10 56 101 106 114 119 128 129 124 132 134 135 136 138 138 135 132 131 133 133
123 129 133 136 140 140 139 139 136 137 139 141 141 141 139 139 142 142 141 141 142 143 143 143 100 69 51 50 60 91 121 117 91 35 18 15 26 72 67 107 109 131 153 164 168 171 172 172 171 168 161 160 161 160 159 155 139 129 111 94 91 94 94 99 113 116 112 112 64 12 38 82 97 113 123 125 128 132 133 128 132 132 133 136 136 132 129 129 126 127
121 125 127 129 134 136 136 135 134 135 136 135 135 136 137 137 140 141 139 138 141 143 142 140 108 81 53 57 69 99 122 130 85 32 29 95 105 68 75 119 96 124 152 163 165 167 168 167 173 174 168 164 165 165 164 159 149 139 133 116 96 96 99 95 101 112 104 89 41 17 55 88 108 119 115 124 128 121 126 128 129 131 131 130 129 126 123 122 123 123
109 115 121 125 130 132 132 132 132 136 137 133 131 135 136 131 133 134 134 134 138 143 142 139 107 73 55 67 74 100 127 127 86 43 27 73 84 85 137 124 93 126 157 165 164 165 168 168 174 174 170 169 168 163 160 156 154 142 137 128 110 97 94 98 101 100 99 87 59 56 86 103 108 111 113 113 118 125 128 130 134 137 135 129 125 123 120 117 121 119
101 104 111 118 123 126 128 128 130 132 132 132 129 130 132 127 131 133 136 139 140 142 142 141 107 79 54 72 85 118 129 133 105 45 24 83 115 152 155 109 102 126 150 158 163 171 170 166 169 170 174 170 169 167 156 153 146 144 140 131 118 106 99 95 93 93 99 96 97 103 115 124 128 128 134 132 135 143 143 142 144 139 135 132 127 122 121 122 118 119
96 100 107 113 118 121 123 125 129 131 129 128 128 130 131 127 129 130 135 138 140 141 142 141 96 76 71 71 97 115 129 126 116 65 35 79 150 139 120 120 106 125 150 153 160 170 163 161 168 171 168 164 164 162 157 152 143 143 142 136 127 119 109 100 89 88 90 87 99 115 129 136 144 142 144 143 143 146 145 144 148 137 130 128 124 121 121 119 117 118
88 94 101 106 110 113 116 119 121 128 129 128 125 122 126 132 129 129 131 134 136 138 141 144 104 63 69 74 90 108 130 123 127 87 58 33 87 111 109 120 108 130 150 155 162 167 161 158 161 166 162 163 163 157 155 148 142 140 136 130 126 124 117 108 100 87 77 77 104 129 144 151 151 148 145 146 144 141 140 136 133 128 122 119 119 120 120 118 119 118
82 87 93 97 102 106 110 114 123 126 123 126 128 123 127 135 126 127 131 135 135 135 138 141 111 73 71 67 81 106 127 129 127 112 70 44 32 67 104 117 107 139 148 159 167 162 164 157 152 156 156 160 160 152 149 145 141 139 135 132 130 128 122 114 106 100 101 113 140 150 151 154 151 150 145 147 144 139 138 131 125 125 117 112 117 117 112 112 119 117
74 79 84 89 95 100 105 110 109 117 120 126 130 126 123 125 127 127 129 129 128 129 134 139 117 76 74 65 75 85 111 129 129 122 96 52 46 46 92 103 111 141 147 158 165 160 163 155 154 155 157 153 152 153 148 148 141 137 134 133 130 125 120 117 115 106 104 112 137 145 143 143 142 144 140 139 136 132 130 121 116 121 119 112 111 114 117 120 119 115
62 68 73 79 87 93 99 105 106 118 121 120 122 127 131 130 123 125 127 127 125 125 127 128 136 90 73 71 66 73 98 129 124 125 120 72 46 50 75 99 120 139 149 155 161 162 159 156 154 158 159 148 147 154 149 146 145 140 137 136 131 124 121 122 113 112 113 113 126 134 136 137 140 142 139 136 131 130 127 118 121 117 119 120 116 117 122 122 104 99
50 58 64 70 78 83 88 95 101 107 109 112 119 126 129 122 123 123 121 119 119 120 121 120 125 118 84 61 57 71 85 119 125 120 124 113 84 61 76 99 123 139 152 155 158 161 158 157 150 153 151 144 146 149 145 140 140 137 136 136 132 125 119 115 117 113 111 106 116 127 132 131 136 135 136 132 128 127 123 120 118 123 122 119 124 128 109 80 58 52
41 51 58 63 70 73 78 86 93 97 103 112 115 118 122 121 121 120 118 116 117 119 117 112 109 123 109 70 60 61 85 109 115 126 128 121 106 89 74 103 117 139 152 159 157 154 159 156 153 152 144 146 150 146 146 143 143 139 135 132 129 127 123 119 120 113 114 111 118 124 130 132 131 127 131 128 124 124 121 123 121 121 122 131 128 88 47 37 33 27
32 42 43 56 62 65 72 77 83 89 97 104 115 122 118 114 116 112 111 112 114 117 107 112 109 106 108 97 68 59 80 96 102 127 124 125 121 110 90 103 127 143 154 154 152 153 152 150 143 147 145 144 143 143 144 140 141 137 134 132 128 123 120 120 121 118 115 116 121 124 124 124 127 132 127 128 128 124 125 120 121 119 135 115 63 23 26 25 25 31
25 27 30 43 49 45 60 71 82 88 96 102 112 119 114 105 104 104 108 107 104 109 103 106 102 101 104 105 90 79 85 90 94 106 122 121 123 125 109 111 131 144 150 147 146 148 148 147 142 144 142 142 141 140 141 138 137 134 130 128 128 127 121 115 117 121 116 113 121 123 122 128 132 128 127 130 131 127 126 128 129 133 108 40 15 22 21 30 29 28
23 26 29 39 47 45 50 55 68 76 87 92 100 121 125 107 97 92 94 96 95 104 101 100 102 102 102 103 99 94 93 92 95 101 111 118 122 121 124 113 133 140 144 143 142 141 140 140 142 143 140 140 139 137 138 137 136 134 129 124 125 126 119 109 115 124 123 120 125 125 123 128 128 126 134 128 126 127 123 137 133 74 21 14 20 32 36 27 17 15
50 24 30 21 54 64 35 48 38 54 69 86 100 102 101 102 100 87 80 81 82 90 86 83 89 94 94 92 90 91 95 93 96 100 99 112 116 114 128 123 138 139 141 144 144 140 137 140 138 137 134 134 133 130 131 131 133 133 129 122 121 125 125 121 122 123 125 126 127 128 130 130 126 129 125 126 125 134 135 98 44 6 10 24 28 51 36 27 14 17
80 60 48 41 24 62 59 62 53 49 53 63 69 85 97 84 86 82 74 69 64 68 67 70 65 70 75 79 77 80 86 85 92 92 95 103 97 108 114 122 131 133 134 136 138 136 134 135 132 132 129 130 129 126 128 129 125 128 130 129 127 126 126 125 126 124 126 130 131 131 132 133 133 125 129 136 140 120 65 19 13 15 17 40 40 45 43 21 18 20
73 96 72 76 73 44 80 58 78 62 57 69 75 80 88 80 67 76 75 63 43 38 39 45 34 31 32 41 46 49 58 62 68 76 80 90 82 99 106 108 112 122 127 129 132 135 132 128 127 127 125 127 126 125 128 129 133 132 131 130 129 129 130 133 133 131 126 127 133 132 130 134 131 137 139 115 67 20 7 28 14 20 37 37 32 46 38 21 20 18
66 64 83 79 95 102 92 88 67 81 87 81 74 88 100 79 62 64 65 62 42 31 26 27 29 24 15 14 16 16 22 26 28 43 45 58 67 83 92 92 93 103 112 119 125 130 130 128 125 127 125 125 124 123 126 127 128 127 127 127 128 129 130 131 129 135 136 132 132 133 135 141 137 97 72 30 2 12 19 28 26 33 44 20 33 49 24 23 14 15
57 60 65 74 69 84 99 122 111 100 82 82 80 68 78 94 83 65 60 72 61 45 30 21 17 23 15 7 7 6 6 7 9 15 20 19 44 56 49 61 71 75 83 94 104 108 115 124 131 133 131 131 129 128 131 130 133 134 135 134 133 133 132 131 134 130 127 128 128 122 101 74 47 34 10 2 13 20 25 36 40 44 28 28 53 35 20 18 13 23
63 60 60 69 67 61 74 86 95 108 106 78 70 83 69 75 85 84 71 60 65 69 55 37 21 23 24 17 9 7 10 10 14 12 11 14 21 22 24 35 42 50 59 67 65 65 72 75 91 100 108 112 113 110 112 121 115 108 101 101 105 106 103 101 105 101 105 94 77 44 24 32 27 52 29 10 18 27 38 40 42 34 30 46 47 24 12 11 22 26
61 66 57 58 72 70 62 62 78 94 117 97 77 69 74 73 75 82 94 87 68 65 70 64 45 33 25 23 20 15 10 7 4 10 13 8 8 12 11 13 10 26 37 42 43 43 43 41 34 36 36 38 42 43 39 39 44 46 49 51 51 51 49 48 48 46 45 55 44 58 78 40 32 33 23 19 23 30 41 46 38 37 47 49 35 21 16 17 26 30
58 57 64 62 62 76 79 65 53 69 91 106 102 90 80 74 72 75 71 76 91 88 79 82 82 75 64 49 38 34 31 26 31 26 21 15 21 30 25 15 25 34 32 28 30 33 37 38 40 43 42 40 42 45 44 43 45 41 39 41 44 45 46 47 42 44 44 56 56 127 84 55 27 22 20 23 34 44 46 46 37 41 51 40 24 21 20 22 29 32
65 63 61 59 64 63 62 81 78 58 52 83 101 107 95 84 74 77 79 70 63 75 83 73 72 61 53 55 59 60 59 59 58 53 57 60 60 64 70 77 74 70 62 62 63 58 59 64 58 60 58 52 48 46 44 44 44 42 43 47 45 39 37 41 41 45 57 56 42 32 33 42 33 24 28 38 41 50 53 42 39 43 40 24 16 18 20 27 33 38
72 66 70 69 66 65 60 60 75 84 78 59 74 86 93 95 98 83 73 79 81 72 72 84 73 71 72 76 79 78 77 79 78 76 75 71 77 88 81 66 59 68 69 67 71 78 76 60 61 57 55 58 63 65 64 63 63 59 56 54 51 47 45 46 45 45 39 38 26 19 20 21 24 32 34 49 58 47 42 45 49 48 35 25 19 17 26 32 34 32
107 92 80 72 69 71 72 71 71 72 78 76 74 82 85 77 83 90 93 93 95 93 86 80 79 83 83 82 85 89 88 85 89 83 86 93 98 95 82 74 78 77 80 89 94 95 94 87 75 70 68 69 68 61 54 49 45 44 40 37 38 41 37 29 23 28 15 14 23 27 30 39 48 56 57 57 49 40 45 47 43 31 19 22 22 21 31 29 22 27
112 120 115 100 85 77 79 79 75 76 67 74 71 80 87 87 76 78 85 91 94 99 104 103 98 96 94 97 100 99 98 100 100 102 105 102 98 95 97 107 107 102 96 95 92 83 77 72 68 65 60 53 43 36 34 33 38 39 38 34 29 27 25 24 24 21 29 33 45 53 57 66 58 59 50 43 46 48 41 33 40 27 21 24 25 26 26 22 32 33
122 115 109 116 112 102 97 89 75 82 82 89 86 75 86 78 84 82 76 73 73 73 71 70 67 77 81 79 78 79 78 78 83 88 86 78 76 72 61 57 58 60 52 48 50 47 45 45 42 47 54 56 54 53 49 43 45 39 37 41 41 38 41 47 50 53 65 60 67 65 60 53 50 39 45 43 36 36 32 31 26 26 28 25 27 29 26 32 34 35
122 126 126 125 125 128 117 112 103 104 85 71 81 78 75 79 87 88 92 88 75 75 72 70 67 64 58 62 64 65 70 67 63 69 56 42 40 48 56 53 52 57 59 67 67 73 77 78 76 76 74 70 69 69 69 68 65 66 64 66 68 71 75 72 71 69 63 58 54 50 49 46 43 42 42 37 34 34 32 33 33 32 30 27 24 27 33 37 30 32
130 123 116 122 131 135 117 107 113 117 111 101 95 73 60 56 56 53 55 60 59 68 68 67 62 65 62 59 52 52 69 78 69 61 49 47 46 48 53 47 45 43 37 37 34 39 44 45 47 51 55 60 67 73 75 75 73 71 66 65 64 62 61 55 49 52 53 55 55 52 50 46 44 42 43 40 39 40 38 38 34 33 28 24 26 34 35 31 29 31
