158 144 158 161 167 139 109 111 108 76 27 26 31 19 24 18 14 22 32 22 20 26 20 25 23 27 21 17 22 47 72 64 28 19 17 28 25 24 25 25 25 22 23 24 23 24 26 26 25 32 37 24 20 20 22 22 23 25 20 33 42 42 27 34 38 38 29 24 28 49 35 39 28 27 21 21 27 25 20 22 23 22 21 24 25 26 28 24 23 23
138 144 169 119 103 113 98 70 57 34 17 20 23 24 27 25 34 35 27 20 29 31 23 24 22 25 22 24 21 22 32 31 60 46 28 28 25 22 21 25 27 23 23 24 24 25 26 25 32 28 29 23 23 23 24 22 40 32 44 39 31 14 25 36 46 36 22 46 36 24 27 27 20 27 29 26 26 24 21 22 22 22 22 24 23 25 29 27 24 24
158 154 105 55 81 84 69 13 15 27 26 22 29 25 23 43 38 42 30 23 26 23 22 24 24 23 21 27 28 24 34 43 51 38 32 36 25 23 24 20 22 21 22 24 25 27 28 27 28 26 34 34 36 38 42 40 45 38 36 23 27 15 48 66 39 34 29 49 51 38 22 21 24 26 27 24 23 24 24 22 20 24 25 26 24 24 27 27 25 25
62 43 50 69 94 57 24 15 27 22 25 30 23 23 28 19 24 25 21 20 19 21 24 20 24 23 20 23 23 22 28 31 31 28 32 39 25 22 25 21 22 23 24 24 23 22 23 24 22 22 29 28 37 45 50 47 29 24 15 26 33 39 56 41 14 24 44 40 24 30 24 32 30 23 22 23 21 21 23 23 21 26 29 30 27 23 24 22 24 24
28 31 26 35 34 19 26 22 23 24 23 25 25 22 23 26 26 21 22 21 19 21 20 20 20 21 21 21 20 23 25 20 24 31 28 31 29 25 21 24 21 22 23 22 22 22 21 22 26 29 31 24 27 25 24 25 15 22 22 34 32 38 32 14 23 30 30 30 26 26 28 27 23 21 25 27 21 19 22 24 24 28 28 28 26 22 22 20 22 22
37 35 17 23 33 30 24 26 21 22 25 23 28 29 25 38 33 24 20 20 25 25 21 27 21 20 22 21 18 21 24 21 20 24 19 24 28 29 24 22 21 22 21 21 24 25 23 23 19 21 24 19 22 20 26 40 47 41 41 28 32 35 21 23 31 36 22 22 32 27 22 20 21 21 24 24 22 24 25 23 26 28 24 22 22 20 22 22 21 21
26 23 28 28 35 38 24 20 24 22 23 21 23 24 21 25 27 28 24 21 19 18 23 26 20 21 23 23 22 21 20 20 23 21 18 22 19 26 28 20 25 27 25 23 23 22 21 21 25 20 20 20 26 24 24 31 43 28 39 28 26 26 27 27 30 27 30 23 19 24 29 28 24 22 21 21 23 26 26 24 24 26 21 20 21 21 22 22 20 21
30 21 28 24 27 21 20 24 22 25 19 22 24 22 27 19 23 28 24 24 22 29 39 24 21 22 20 18 22 23 20 22 17 23 22 22 19 22 21 19 23 28 29 25 22 20 21 25 25 22 24 20 23 23 24 25 37 32 30 26 26 23 26 25 24 19 18 19 27 28 28 25 23 23 23 25 23 20 22 28 20 24 22 23 24 22 21 19 21 21
27 25 26 26 23 23 23 21 20 25 23 23 20 26 35 23 23 21 32 23 21 52 35 18 21 20 20 21 21 19 21 24 20 21 28 27 23 24 21 20 21 22 23 21 22 23 21 23 23 20 19 24 23 21 27 26 29 39 31 23 27 24 21 24 23 23 22 24 24 22 22 22 21 26 25 21 23 25 24 24 22 23 23 23 22 21 20 21 22 21
23 21 22 26 16 22 25 20 23 23 20 23 21 20 28 24 22 22 21 23 35 36 17 18 22 22 21 20 20 23 22 17 23 19 22 22 20 19 19 26 24 21 22 25 25 20 18 23 20 26 23 23 24 22 30 39 38 39 29 23 23 22 21 21 21 21 19 20 21 21 22 23 26 22 20 22 22 20 20 23 22 22 23 22 22 21 21 21 22 22
20 22 27 26 25 25 23 23 22 23 20 23 22 19 25 27 23 27 25 26 30 21 20 22 19 19 21 22 22 24 24 20 23 21 22 21 23 25 21 18 19 23 23 20 20 23 24 21 23 20 22 25 21 23 28 22 18 21 20 20 23 29 31 22 21 23 21 19 22 25 24 21 20 21 22 21 23 31 31 20 22 22 21 21 21 22 22 22 23 22
26 30 31 18 26 18 19 21 22 28 25 21 21 21 24 25 19 23 27 24 23 16 25 19 20 22 24 24 22 20 23 27 25 23 23 22 21 24 25 22 23 22 22 24 22 20 22 21 20 22 21 20 21 20 19 18 22 19 21 29 29 26 28 27 25 21 23 27 24 17 17 25 25 24 26 27 24 25 26 24 22 21 20 20 20 21 22 22 23 23
20 44 28 20 24 19 27 18 23 32 29 21 20 21 21 20 24 20 18 16 29 21 20 24 22 23 20 18 19 17 15 17 18 11 12 13 6 3 8 9 11 8 6 8 6 9 18 19 23 26 27 26 28 29 25 24 18 19 15 12 8 6 12 15 14 15 19 17 20 25 23 23 23 21 19 18 20 21 22 21 22 21 20 19 20 20 21 21 23 22
33 80 30 18 20 19 25 19 21 26 25 22 21 20 19 20 21 22 24 25 35 30 19 22 20 20 12 3 8 19 23 20 29 27 28 33 42 55 65 61 66 61 49 45 54 84 122 134 143 139 145 147 142 141 136 125 124 119 106 92 70 42 31 33 30 24 16 5 6 17 17 19 23 23 23 23 24 23 21 21 22 21 20 20 20 20 21 22 22 22
42 80 39 19 24 21 18 20 19 20 21 21 22 21 21 22 18 22 27 27 22 27 24 20 15 8 29 72 107 129 149 163 166 170 164 162 165 166 160 148 151 159 172 188 184 175 175 165 170 167 159 148 147 148 147 157 153 160 160 158 159 163 170 173 164 157 133 88 59 48 25 7 10 16 23 23 19 22 24 22 22 22 21 21 21 21 22 23 23 22
56 56 51 22 25 20 21 22 22 21 23 22 21 22 20 19 20 22 19 25 21 24 21 19 22 59 118 153 152 150 154 150 138 144 143 151 150 133 132 145 170 178 184 187 177 173 175 161 168 159 159 159 160 164 161 159 152 155 150 142 136 135 135 130 130 132 140 143 151 145 103 66 35 9 6 24 29 22 20 21 22 22 22 22 22 22 24 25 23 23
77 68 68 35 24 20 20 22 21 22 23 22 21 24 25 22 20 21 22 22 17 27 20 20 80 138 140 137 135 120 110 97 99 134 144 139 149 145 146 117 165 200 197 183 189 188 182 177 193 170 185 181 168 173 165 167 163 164 156 147 135 136 127 125 117 116 119 116 119 130 135 142 116 73 28 10 15 24 23 22 22 25 28 29 24 20 22 24 22 22
50 76 64 16 23 23 22 23 24 22 22 22 21 22 22 21 23 24 20 26 29 19 21 71 152 142 128 128 97 80 88 99 112 104 119 117 115 127 151 91 162 222 206 188 195 189 205 218 201 184 200 193 184 192 182 179 176 168 155 144 135 126 126 123 119 118 118 115 115 116 116 121 131 130 115 69 21 9 19 22 22 21 29 23 22 26 19 25 22 22
29 95 69 7 18 23 23 20 21 21 22 24 24 23 23 23 22 23 22 23 20 12 35 112 148 138 132 112 75 85 112 101 124 131 126 114 97 115 117 70 159 227 200 198 196 197 227 248 219 204 202 191 190 199 190 189 183 177 167 143 134 126 128 125 121 117 112 116 118 113 112 114 121 119 122 121 92 38 8 11 18 20 23 22 21 23 24 21 22 22
50 94 45 11 22 21 20 24 21 22 23 22 21 21 22 23 26 27 31 21 22 47 90 149 157 165 159 75 101 108 105 115 152 147 123 95 69 51 50 74 177 201 174 200 183 215 238 235 219 216 209 208 210 207 201 199 177 175 172 151 146 138 123 118 104 97 95 110 119 116 117 115 117 113 115 119 115 98 60 15 12 26 22 18 21 19 21 25 23 23
48 74 19 17 23 22 18 23 23 24 23 20 22 24 25 25 24 27 31 36 69 111 138 157 179 172 122 74 120 106 102 142 174 152 111 50 18 24 7 77 171 175 142 160 176 240 234 226 225 228 223 226 219 211 216 204 187 180 154 144 142 134 115 110 92 81 81 100 110 113 121 120 105 112 119 115 106 113 110 83 29 19 27 25 21 26 21 21 23 23
48 71 19 20 18 23 21 23 21 23 22 22 25 25 21 19 15 15 42 76 111 145 171 172 180 158 83 117 125 84 125 163 164 141 55 31 93 46 2 68 136 165 148 132 157 242 229 235 245 241 240 243 230 225 221 184 169 180 146 139 133 124 113 97 93 83 85 100 107 111 120 124 115 117 114 115 112 109 107 96 81 29 14 30 31 25 23 24 21 21
40 45 9 20 23 22 22 22 21 21 21 23 23 19 16 20 27 64 91 121 159 158 172 199 183 124 99 136 103 78 170 191 167 99 25 125 122 17 22 50 94 133 148 128 108 229 241 229 250 241 244 244 237 235 213 173 153 165 146 134 126 116 109 91 82 80 87 97 105 108 111 118 125 122 120 121 113 111 115 101 105 82 35 14 21 27 28 24 21 21
39 39 18 22 20 18 28 24 22 21 21 24 25 23 32 49 75 104 122 147 179 175 189 202 171 137 106 110 57 84 180 194 145 55 88 170 42 23 93 74 66 131 157 140 69 210 242 239 251 247 255 246 242 237 207 189 176 154 142 126 120 102 90 84 75 73 75 79 93 102 105 120 125 133 128 129 127 115 114 115 106 98 80 35 7 19 24 19 22 22
23 24 24 22 21 21 21 21 23 22 22 26 31 32 49 82 103 118 150 167 170 176 177 181 173 138 95 105 43 59 184 201 121 31 135 129 19 94 130 89 103 138 154 149 67 182 235 230 250 247 249 251 242 235 197 171 159 140 131 117 103 94 79 71 66 72 66 69 71 89 111 106 112 126 134 135 128 125 119 119 114 114 99 73 26 7 19 25 22 24
25 25 23 21 21 20 21 22 23 22 23 25 26 45 73 96 112 142 164 169 182 187 181 188 190 137 113 100 45 50 188 190 89 47 187 70 51 192 170 139 128 128 135 147 72 133 234 233 255 245 244 248 242 228 193 164 147 132 119 102 93 87 74 70 68 66 52 54 71 71 73 89 96 126 139 152 147 135 124 123 124 133 114 95 65 23 11 22 20 21
27 25 22 21 21 21 21 23 18 25 20 25 38 70 94 113 128 162 174 174 191 194 183 189 192 154 124 96 52 34 143 175 83 79 209 54 22 67 57 94 148 115 128 134 70 102 227 239 248 243 247 255 248 212 172 142 130 116 107 93 82 81 71 60 36 19 18 27 29 29 31 31 38 73 109 142 161 165 150 141 141 119 117 109 103 75 21 8 23 26
27 24 22 23 23 21 20 22 20 26 24 46 70 99 114 129 155 172 183 194 205 199 192 197 205 172 140 73 18 12 131 173 72 105 206 54 28 10 0 32 135 115 124 133 66 81 226 245 250 248 246 247 236 187 157 139 119 107 95 89 87 68 35 17 17 31 38 42 36 42 49 69 83 93 115 148 173 173 173 155 144 134 128 124 116 101 65 7 11 21
25 23 21 22 22 21 20 21 25 24 42 83 100 115 133 145 166 183 194 198 198 197 194 182 191 179 131 59 9 20 110 162 56 104 156 43 143 27 15 24 151 135 133 123 51 81 231 244 249 245 244 238 211 160 139 121 110 90 82 74 44 13 23 56 74 79 79 56 27 67 92 121 139 150 154 165 190 189 210 176 153 157 145 123 110 111 104 51 11 21
24 23 20 19 20 21 21 21 20 32 62 101 115 118 141 160 180 206 214 210 206 208 206 186 190 188 140 79 4 20 89 144 55 93 149 26 60 14 23 21 137 113 128 119 41 100 234 247 236 237 244 230 178 133 125 109 90 85 65 34 19 39 80 109 112 120 104 39 24 106 127 145 166 165 171 166 192 200 218 203 188 170 156 150 140 121 113 73 33 22
23 23 21 20 21 23 23 22 24 52 86 106 123 128 160 178 195 210 214 224 227 221 219 208 198 191 150 71 7 17 89 129 59 85 161 31 4 17 8 29 150 112 114 113 30 139 242 248 234 231 231 213 160 131 118 94 77 66 32 21 60 102 124 137 133 148 119 27 27 123 160 163 184 175 182 166 171 187 199 203 215 178 184 178 169 150 126 105 58 17
21 24 24 22 23 25 24 22 42 72 110 118 131 149 192 193 211 228 229 234 239 242 239 214 217 203 150 77 23 19 76 123 77 54 136 42 17 62 40 21 129 112 134 107 19 210 254 240 234 237 229 199 142 116 99 81 50 19 39 97 128 142 158 160 155 150 107 18 17 96 154 141 154 162 177 194 173 161 180 186 200 202 198 184 183 169 163 133 110 50
23 21 28 25 18 23 25 19 45 83 123 117 139 169 194 214 227 230 228 240 245 238 235 221 212 200 153 72 13 16 53 111 83 30 112 87 11 34 27 43 122 106 132 76 35 221 246 222 221 218 225 181 134 104 84 58 21 54 113 139 167 160 172 168 158 158 81 10 11 77 162 131 126 139 163 185 183 170 172 176 178 184 190 186 204 181 181 160 131 100
24 22 24 23 22 23 22 22 53 94 126 127 146 195 207 223 242 237 233 240 249 244 242 228 206 192 162 82 21 18 49 112 101 50 61 108 27 51 91 89 117 102 114 42 113 241 225 207 209 206 196 153 107 96 52 24 64 134 168 153 200 168 168 167 171 143 56 4 4 31 136 145 126 123 141 162 167 169 172 171 166 173 186 187 186 188 184 167 153 136
20 20 20 22 26 25 23 31 68 98 116 140 157 206 200 221 241 238 241 245 249 242 238 228 200 174 150 93 19 30 68 105 109 94 48 53 52 22 37 64 119 126 68 80 222 207 182 194 186 166 130 108 92 84 52 68 149 180 171 166 180 173 164 169 170 111 43 9 18 7 61 154 128 107 103 139 171 166 162 178 170 178 178 182 184 188 183 183 162 145
22 23 23 22 25 23 23 36 70 105 112 144 158 205 204 221 241 240 242 247 245 244 238 233 194 184 153 93 54 43 93 103 116 110 101 81 62 27 5 36 136 130 58 173 225 186 191 186 158 129 119 140 167 164 144 118 163 187 166 171 181 177 168 178 178 99 37 7 11 16 27 118 140 115 106 118 152 159 142 160 167 181 175 182 192 186 183 178 167 144
20 22 23 22 23 27 31 41 78 105 106 143 158 200 220 220 245 246 240 249 244 245 226 218 203 201 153 102 83 67 112 117 129 113 109 127 110 98 46 40 138 147 160 211 193 199 184 157 139 147 176 193 206 183 156 98 90 181 186 170 166 174 184 186 163 95 38 13 51 97 84 111 139 98 106 102 127 170 154 153 164 176 177 179 174 185 197 179 163 148
25 23 24 22 23 29 33 38 76 100 111 148 154 183 227 221 239 248 240 248 246 247 231 226 219 196 161 139 84 88 131 137 142 129 117 123 135 135 122 106 127 149 173 180 196 184 177 167 163 171 178 164 157 140 127 101 56 91 142 154 161 166 197 201 154 86 40 33 95 130 120 105 127 107 104 94 109 156 165 141 144 161 181 194 177 191 188 173 174 163
22 21 22 22 25 31 36 42 67 101 115 142 146 172 222 220 227 245 243 241 247 238 233 228 220 202 164 143 129 114 121 143 143 142 137 134 148 148 146 137 149 165 190 190 182 174 170 178 178 175 175 167 153 135 114 69 20 12 53 121 141 166 190 205 136 98 39 46 141 168 158 131 127 134 106 97 102 120 154 148 138 157 170 187 186 188 178 178 172 156
21 22 23 23 26 29 33 43 68 102 114 137 137 145 196 226 235 248 239 227 245 235 241 236 238 204 173 170 158 149 151 155 169 166 145 149 161 161 156 178 197 202 183 184 201 187 188 191 183 186 184 187 176 132 106 57 5 11 15 85 119 152 202 203 116 101 60 15 81 145 120 84 161 167 125 91 95 120 146 144 138 159 165 175 197 192 190 179 178 160
23 18 24 27 29 29 32 53 84 105 111 126 130 141 200 217 222 246 229 229 247 242 241 240 247 232 213 200 185 163 168 177 172 175 169 173 178 183 189 189 163 174 187 191 195 191 189 194 191 203 220 202 174 146 109 57 7 25 32 73 97 138 204 204 123 102 63 43 148 221 196 115 182 217 163 98 87 112 127 140 145 161 187 197 203 202 201 202 186 150
25 23 26 24 25 29 34 51 78 93 109 116 124 149 160 188 209 220 232 233 241 247 242 243 247 247 235 211 195 176 190 183 183 178 172 183 193 180 174 196 177 186 188 197 197 199 182 181 211 244 249 214 167 144 117 68 11 14 42 74 91 112 197 201 128 101 69 36 148 230 221 114 174 213 164 104 88 97 122 136 141 156 190 214 219 213 204 211 193 159
21 21 23 20 23 29 36 51 79 97 106 104 127 142 155 197 199 225 228 229 236 241 246 238 248 224 227 243 213 191 222 227 207 218 203 210 228 184 178 213 218 219 215 227 236 245 214 190 230 248 246 224 163 137 125 92 44 14 37 67 79 95 195 213 125 100 84 24 85 164 158 49 169 247 188 108 88 91 122 133 145 152 199 210 207 219 205 202 197 167
24 23 26 26 29 33 40 57 77 87 99 111 123 123 155 182 207 227 210 228 242 232 249 244 246 245 234 244 225 237 243 234 213 227 245 248 253 245 233 253 245 238 228 231 245 224 194 193 232 246 242 213 157 134 121 86 59 46 41 67 77 83 164 230 142 91 86 23 75 161 151 44 160 242 168 109 94 82 111 134 125 142 188 205 217 216 201 192 195 170
22 22 23 23 25 28 36 51 67 83 97 114 117 127 149 187 201 224 220 223 233 240 241 217 228 235 231 241 220 211 178 170 170 199 220 227 209 197 181 204 218 211 209 210 212 199 192 200 202 227 224 184 157 137 115 87 69 68 36 58 68 78 135 207 151 89 83 23 107 212 208 73 166 235 149 110 86 81 112 134 132 148 186 203 204 192 216 201 186 166
21 24 22 21 25 32 42 53 68 79 96 110 117 131 150 164 196 213 209 210 230 240 234 223 234 219 217 215 188 157 135 152 147 166 137 125 165 171 163 161 162 176 183 184 173 186 184 184 195 193 188 166 156 134 111 90 88 107 54 56 73 80 116 182 169 107 81 34 91 170 186 65 173 216 118 109 96 88 109 138 127 134 175 195 206 197 204 192 175 160
20 23 22 23 29 36 47 58 66 89 98 105 123 125 145 154 183 207 206 218 234 223 224 234 228 218 198 178 176 173 162 169 159 147 145 125 163 173 158 170 156 170 168 176 186 194 180 187 195 175 168 169 155 137 118 87 116 129 65 59 58 69 108 161 167 117 76 37 62 132 168 69 169 202 114 116 106 88 104 140 134 117 173 213 205 199 193 185 172 161
23 22 21 28 34 35 45 58 73 91 101 113 120 132 144 156 185 197 201 214 230 227 214 201 188 190 174 157 147 169 151 112 121 111 130 152 176 179 130 153 176 169 173 170 167 172 178 175 178 165 160 181 163 140 120 94 111 127 55 62 56 68 97 149 153 106 74 32 61 125 164 60 177 201 123 117 99 87 115 142 125 126 171 220 197 191 191 170 170 161
22 22 20 26 30 33 48 62 77 92 94 108 117 128 139 153 169 191 186 208 204 192 201 196 181 170 156 141 144 151 125 120 140 154 150 171 180 163 127 65 146 170 176 171 148 158 166 162 170 166 182 185 167 142 116 78 94 116 76 71 65 54 98 129 121 91 71 41 107 188 179 75 191 180 121 113 104 89 110 130 128 150 179 219 206 189 185 180 168 145
20 26 26 29 35 43 56 62 78 92 98 111 116 127 139 150 160 181 180 200 192 181 192 190 173 178 155 141 134 129 134 148 145 153 159 160 169 134 169 113 135 170 181 181 173 162 160 163 169 170 182 180 159 131 110 51 99 108 97 86 62 60 87 122 109 91 65 35 126 195 131 90 212 167 123 109 92 96 112 122 124 152 177 205 192 178 180 169 157 143
21 20 20 30 40 47 62 76 86 94 100 110 113 125 138 147 160 169 181 184 178 184 186 190 182 164 139 121 113 117 110 104 106 121 146 152 151 137 160 182 154 172 178 173 171 167 167 149 156 156 162 167 159 135 116 25 77 119 107 104 87 70 84 117 100 88 67 48 148 187 103 121 190 142 123 108 83 99 119 128 128 149 176 196 173 168 180 160 154 148
21 23 22 26 37 54 70 81 88 96 104 112 120 129 139 146 157 163 166 188 189 181 189 182 170 151 130 108 98 95 94 126 140 124 126 146 147 162 170 170 162 160 172 174 160 158 162 153 144 136 145 155 158 142 128 30 48 130 134 116 93 87 96 114 96 87 66 44 100 116 94 133 162 131 113 102 92 106 118 115 126 141 171 190 168 171 171 153 151 145
22 24 25 26 35 49 61 71 85 95 101 105 115 125 138 151 152 164 168 180 187 189 193 170 168 142 112 92 79 84 103 133 139 144 134 145 150 150 155 164 166 171 186 187 167 163 150 157 140 123 137 147 157 148 139 62 46 126 128 116 103 95 104 124 98 92 56 54 95 115 122 123 132 127 112 98 100 112 123 121 123 144 162 175 171 181 159 158 153 143
23 20 22 26 32 39 50 66 89 102 112 111 119 125 138 154 160 163 178 176 184 194 187 175 162 133 114 85 58 84 112 120 124 126 132 136 130 127 111 137 147 161 176 182 176 183 157 152 139 129 155 159 159 152 149 108 54 118 122 113 106 95 108 132 107 88 45 105 174 183 143 111 127 122 112 93 104 125 130 126 121 140 156 165 169 180 156 154 150 140
22 24 26 22 27 41 54 68 83 100 121 123 129 129 135 145 154 174 180 181 189 189 192 169 160 132 99 67 51 76 102 122 116 112 119 113 114 102 92 100 124 140 162 180 184 189 171 155 139 133 153 155 157 156 148 125 88 97 125 118 107 101 106 132 109 88 42 99 165 176 131 106 125 116 112 97 115 139 139 127 127 139 162 172 179 173 160 149 145 144
25 22 25 25 29 37 50 71 83 96 120 124 131 134 142 148 155 170 173 180 189 180 185 172 158 136 79 50 39 64 109 115 113 107 115 118 111 73 46 51 112 140 156 163 178 187 181 154 140 133 142 145 156 166 159 143 94 107 125 115 113 101 115 140 119 88 45 64 69 50 68 117 118 115 116 110 129 145 143 127 130 137 154 160 175 152 152 149 141 148
24 21 21 26 30 35 49 65 83 100 111 117 129 141 148 145 156 163 169 174 192 193 169 162 163 130 65 56 47 79 108 101 107 113 117 98 61 31 5 58 113 123 162 167 171 169 168 164 141 130 128 133 143 148 140 112 92 125 129 117 109 113 118 146 131 77 38 109 150 137 104 114 127 113 109 120 144 144 138 132 136 142 150 159 169 161 153 143 140 136
24 22 23 29 32 33 40 51 91 96 114 118 116 129 150 143 146 160 160 172 189 178 162 161 160 117 71 49 41 76 94 92 106 102 70 34 16 8 16 110 129 104 131 172 176 179 171 174 166 142 119 104 113 103 97 95 118 117 114 117 115 114 118 154 139 83 42 123 159 112 82 119 111 115 110 133 146 147 140 134 127 143 158 161 178 160 150 145 138 132
21 19 21 26 27 28 40 55 79 90 110 125 131 125 138 151 150 155 161 178 183 170 159 149 148 108 55 40 39 87 102 96 99 46 27 35 19 6 41 128 131 115 119 177 185 184 164 171 170 149 119 97 97 88 81 96 111 112 119 120 111 113 120 144 138 78 45 92 101 53 50 123 111 107 121 150 145 139 138 136 134 145 163 163 174 156 155 147 139 131
36 29 26 27 25 25 34 46 63 95 104 114 130 127 126 147 157 150 161 168 165 165 160 149 144 100 34 46 65 107 97 105 66 39 97 35 22 90 92 138 152 124 88 165 200 204 192 182 175 171 152 126 109 107 87 86 105 109 111 110 110 118 126 134 147 72 81 160 135 73 86 123 107 107 145 157 150 140 137 139 136 144 160 163 166 153 150 139 136 126
23 25 31 34 30 28 37 48 50 76 86 109 119 131 134 150 153 151 157 168 174 168 151 137 137 76 34 38 49 105 106 110 33 75 100 14 68 157 137 134 130 138 75 140 209 203 203 194 187 175 166 144 129 114 94 87 105 116 110 111 119 114 121 133 146 90 52 95 60 35 104 112 104 132 157 141 142 142 135 139 139 152 154 158 160 152 141 139 126 116
25 22 23 25 24 27 36 43 52 62 75 106 113 125 131 142 145 147 151 172 177 164 158 144 125 82 40 22 69 116 121 92 25 91 66 8 38 77 114 127 117 155 69 101 208 205 204 200 184 185 188 152 147 127 104 70 82 119 123 112 117 115 122 131 145 100 27 32 11 35 116 109 115 148 150 142 136 138 133 134 153 161 157 158 148 144 134 131 120 111
21 22 25 26 22 23 27 28 46 65 72 79 102 119 128 131 139 145 150 165 161 150 155 148 106 68 32 30 99 127 139 83 37 133 50 10 15 4 71 137 126 143 68 89 205 224 227 217 188 195 200 173 163 149 134 102 53 86 126 123 115 117 127 127 141 107 16 0 15 65 111 120 136 145 137 141 136 136 141 145 145 148 149 151 141 139 134 124 118 112
21 19 21 22 23 29 34 32 40 61 69 66 104 117 130 134 140 144 140 146 160 159 148 140 100 57 33 37 109 143 146 80 63 159 41 18 29 10 54 114 112 139 88 83 183 224 230 225 212 215 209 197 161 153 143 124 79 47 94 127 121 118 124 120 140 113 17 3 30 84 116 124 144 141 134 127 137 134 137 143 146 148 143 136 138 132 128 121 116 112
21 21 19 20 23 27 32 36 45 62 82 68 72 104 126 128 139 148 153 139 154 162 162 132 96 66 45 62 124 154 148 79 63 136 13 9 18 7 36 95 112 132 94 69 172 216 233 236 221 232 223 212 179 157 155 138 109 54 41 119 124 115 120 119 137 109 12 12 51 103 126 134 132 131 133 132 137 142 138 137 141 140 140 138 131 124 121 119 121 101
21 23 24 23 23 24 27 31 48 52 61 83 86 86 107 119 131 138 145 138 153 150 150 114 88 73 49 64 125 156 152 75 70 135 10 15 43 30 47 116 121 136 100 63 163 212 227 225 228 224 210 205 191 167 148 134 124 102 45 59 115 116 121 119 127 98 14 30 77 115 122 127 125 132 131 129 136 133 127 138 141 137 137 135 129 123 119 114 105 91
24 22 20 19 22 24 25 25 39 56 56 86 96 90 100 116 125 135 144 138 144 156 134 112 95 73 57 74 139 172 152 85 65 145 20 19 55 42 58 112 121 143 105 64 153 218 216 228 225 228 216 202 199 180 157 143 129 123 93 38 63 109 116 104 120 92 14 42 97 115 111 121 124 130 137 133 127 130 135 139 142 135 131 127 121 117 112 105 93 85
24 23 23 23 25 27 29 29 34 40 41 67 82 98 101 116 120 128 141 135 136 159 132 98 89 81 75 83 134 166 151 98 57 167 60 20 43 91 86 109 134 142 100 64 157 229 218 232 234 235 220 207 205 181 160 149 138 129 116 70 34 65 116 106 109 87 24 54 98 106 113 121 129 126 122 125 136 143 141 139 131 128 124 121 118 112 104 97 89 81
23 21 21 23 25 29 28 24 23 35 35 46 68 102 103 115 128 125 132 126 134 146 151 97 69 94 89 88 122 159 166 104 48 161 85 26 171 177 97 120 145 136 97 78 184 226 226 220 223 229 214 207 200 179 168 152 141 131 117 109 70 28 70 93 94 91 26 40 93 106 115 119 124 115 118 134 144 145 144 142 129 127 119 111 109 104 98 96 90 73
17 19 23 23 21 26 34 38 29 34 31 43 62 91 102 106 120 121 124 115 125 135 146 128 71 92 103 103 124 162 168 116 62 130 119 30 165 140 59 131 158 140 78 89 206 229 227 218 218 226 208 204 190 178 169 145 146 131 116 113 97 61 32 46 60 68 18 16 68 93 105 105 102 111 134 149 143 139 138 123 121 121 114 108 107 102 95 92 80 54
24 22 22 19 16 20 25 26 54 36 29 33 35 70 107 98 103 115 124 122 126 139 128 147 104 78 95 105 123 160 157 132 79 61 160 57 35 60 90 137 150 136 89 125 219 231 216 223 212 202 184 199 190 186 173 159 148 139 120 109 94 91 60 50 38 42 54 63 80 98 108 98 113 140 148 142 134 128 126 124 113 109 106 103 101 100 94 85 52 29
20 20 23 23 20 22 23 20 26 28 31 35 35 32 59 91 100 104 114 122 124 130 123 130 117 71 80 97 111 146 163 162 115 48 121 115 15 39 122 140 147 119 116 157 224 230 212 220 211 202 184 193 175 178 163 156 149 136 128 118 109 92 80 77 97 91 112 119 136 141 132 137 142 140 131 131 129 118 110 103 113 105 105 105 97 93 83 64 30 15
22 21 20 21 20 22 25 22 27 22 24 34 39 35 32 60 104 109 110 113 122 125 123 124 124 69 75 111 105 134 161 176 157 81 51 126 56 40 121 126 134 104 131 163 214 216 218 212 209 218 213 193 185 185 171 156 151 142 131 123 110 100 89 65 98 88 120 147 133 132 142 129 130 129 128 117 115 102 107 101 109 106 97 96 96 87 68 44 20 20
20 24 20 19 23 22 21 21 21 24 27 22 20 33 32 33 49 96 115 112 120 119 123 123 122 80 61 87 123 129 127 162 160 135 57 45 106 69 104 121 131 114 139 164 211 212 210 206 201 203 206 203 199 190 175 167 153 145 131 123 117 108 96 77 97 105 114 121 125 125 124 124 121 114 111 103 103 97 108 100 91 98 92 90 88 70 41 17 25 25
22 25 19 18 23 23 23 24 23 23 22 24 25 28 24 35 33 64 102 112 113 124 123 125 121 101 83 89 125 124 116 143 165 164 125 50 87 69 96 124 117 118 141 154 201 214 211 201 200 196 202 203 191 172 161 163 155 158 146 132 122 110 103 100 103 112 111 109 116 119 116 117 113 108 106 101 107 112 120 100 89 98 92 88 80 45 18 19 24 25
21 21 21 22 22 23 26 22 20 24 22 24 27 26 22 36 33 29 63 104 107 121 119 129 126 104 95 95 105 121 133 147 161 151 142 117 89 63 92 132 134 129 142 152 191 206 199 189 205 198 200 198 186 175 170 172 154 157 148 135 129 121 117 120 108 109 113 117 117 116 113 109 107 103 104 106 107 102 106 94 90 85 86 77 46 19 17 24 21 21
31 29 26 24 21 24 30 28 22 24 26 26 20 26 27 28 34 27 30 75 111 116 123 124 125 122 112 99 90 113 126 137 144 148 144 132 115 91 106 134 140 144 156 153 170 189 191 184 192 184 183 181 179 179 174 168 154 152 145 136 130 125 123 126 117 114 109 109 110 107 106 109 104 105 102 100 101 99 100 90 81 80 71 47 24 16 19 22 21 21
34 37 31 27 27 25 25 26 25 23 21 26 25 26 25 29 28 29 24 36 89 106 121 116 121 126 120 121 110 110 105 125 140 144 157 143 128 103 118 139 158 150 157 159 166 180 180 177 175 175 181 185 185 181 172 165 153 148 144 137 132 128 125 128 125 122 118 115 113 109 106 105 100 101 99 103 100 91 93 94 79 62 48 31 19 24 26 19 21 21
33 34 26 21 22 22 22 24 20 25 19 20 24 26 23 27 30 31 31 19 44 73 98 120 117 121 120 123 123 123 112 112 131 139 140 148 140 107 129 135 158 158 167 166 163 178 175 170 177 175 176 174 172 168 161 162 158 148 142 137 136 132 123 121 124 118 116 115 109 108 107 100 103 105 100 102 97 92 86 73 57 38 23 18 22 22 18 22 20 20
31 28 24 23 22 24 27 23 24 25 23 26 20 23 25 25 24 32 26 34 30 36 46 82 107 116 124 123 128 129 126 119 129 134 136 134 133 118 137 146 150 156 169 169 159 166 162 163 166 165 164 168 176 176 165 159 146 142 142 138 136 131 124 128 121 118 114 115 117 112 107 105 103 100 96 99 91 85 75 56 32 19 20 21 19 22 22 22 21 21
28 25 24 25 24 25 25 23 22 25 26 24 23 24 24 26 26 27 25 33 37 32 23 27 69 95 112 114 116 122 124 122 118 118 120 121 123 127 135 142 156 158 154 154 158 161 161 157 157 156 155 162 181 184 164 148 141 138 132 135 127 129 126 127 120 123 121 114 107 108 107 101 97 97 93 87 79 59 48 26 19 20 22 22 19 20 22 21 21 21
29 27 25 25 25 23 26 31 26 21 20 23 25 24 25 26 26 27 30 29 26 39 41 29 28 53 87 106 108 109 111 111 108 111 111 111 112 112 117 125 145 152 150 148 151 154 154 152 155 149 148 151 158 161 151 143 140 125 126 139 128 127 124 119 121 124 117 107 110 112 102 95 87 90 77 64 45 36 22 14 21 21 22 23 21 21 22 21 22 22
32 28 22 21 24 29 40 56 34 27 24 26 27 26 25 23 24 27 23 21 26 28 29 33 32 23 30 54 78 91 94 91 94 103 106 108 113 110 110 118 123 137 144 145 143 141 146 152 149 141 142 142 139 141 139 135 135 135 131 132 128 127 124 125 124 111 113 112 104 101 92 81 69 53 44 40 23 19 17 25 23 21 22 23 22 22 22 21 21 20
30 29 27 27 26 27 31 37 28 29 27 25 26 28 26 23 23 25 26 22 23 22 24 25 31 21 12 15 26 36 47 61 62 71 78 85 92 93 94 100 106 116 130 147 155 157 162 163 162 155 158 156 153 156 156 151 145 141 138 136 124 117 113 111 105 98 100 92 81 71 57 54 50 39 26 14 22 19 19 23 24 21 21 23 23 22 22 23 22 21
29 26 25 24 22 26 29 25 28 33 33 30 33 32 27 26 22 21 24 20 24 27 31 25 25 28 25 21 18 13 11 13 14 16 21 27 34 39 44 49 50 51 58 71 81 94 108 109 107 108 113 113 110 109 102 94 94 94 86 76 75 74 68 61 65 66 68 59 52 51 43 38 29 23 18 17 21 19 27 18 23 21 21 22 22 20 21 23 22 21
27 25 28 27 25 31 33 24 29 30 30 31 33 28 22 22 23 22 23 18 31 34 31 18 23 23 25 24 22 25 25 18 19 16 16 17 16 16 17 17 12 15 15 10 4 6 10 3 7 8 9 5 5 7 5 7 9 10 9 16 35 34 38 54 54 45 46 50 42 35 29 20 14 23 15 26 27 21 19 22 23 22 21 21 23 21 20 21 21 21
23 25 30 30 28 31 33 28 28 25 28 32 29 28 27 24 25 20 23 17 32 42 45 25 19 20 23 23 20 22 24 21 20 22 23 24 25 22 20 20 23 23 16 13 15 17 18 16 19 18 20 21 22 23 24 30 29 26 36 37 33 27 34 34 32 32 23 31 36 19 8 10 11 24 25 25 13 15 19 22 22 22 21 22 26 26 23 21 24 24
26 30 34 33 28 27 30 32 27 25 30 29 20 23 27 19 22 22 24 33 60 39 21 22 23 22 20 20 23 21 19 23 20 25 25 26 30 27 24 28 27 35 40 50 55 42 33 35 40 34 37 40 36 29 25 29 26 24 32 34 36 30 35 34 37 47 43 47 51 50 56 49 57 40 28 23 36 34 26 24 21 22 22 24 30 31 27 23 24 23
26 36 34 27 30 34 29 23 30 29 31 26 25 26 21 22 21 33 49 43 25 19 22 24 21 22 21 25 21 21 24 25 27 25 33 34 29 27 26 34 38 41 36 26 34 47 46 48 52 55 49 59 49 29 24 21 24 19 18 18 24 23 23 21 37 38 43 52 61 64 78 56 68 57 45 64 75 52 26 27 31 25 20 14 23 26 24 25 25 27
24 37 37 28 27 30 29 27 33 34 39 34 29 29 26 31 44 38 36 30 26 27 22 13 20 23 23 28 22 22 25 27 28 23 29 31 29 29 26 30 25 35 40 35 43 50 41 37 38 45 34 34 27 23 30 29 39 34 37 32 32 40 53 53 51 46 41 43 47 50 68 50 47 40 47 62 51 50 61 64 34 38 48 37 22 13 17 24 29 30
