13 30 18 21 23 22 22 27 22 23 24 24 23 22 21 23 20 20 22 25 22 18 22 30 25 21 19 19 19 17 16 16 17 18 18 18 18 18 19 19 19 20 21 20 19 20 21 21 21 23 22 21 23 24 24 25 27 26 25 26 27 30 30 27 32 32 31 29 27 28 29 29 23 28 29 25 25 28 29 27 28 29 27 27 20 13 14 10 41 94
26 27 28 25 26 24 23 24 26 26 25 23 20 20 22 25 25 23 22 23 24 25 25 26 23 20 19 19 18 16 16 16 16 17 17 18 18 18 18 19 19 19 18 18 20 21 21 19 23 23 23 24 23 20 21 27 24 25 28 29 29 31 33 34 31 32 32 32 33 35 36 34 37 35 34 34 32 27 25 26 28 25 22 27 29 28 26 19 7 15
31 23 25 20 24 21 24 24 29 29 28 26 23 21 23 25 28 27 24 22 24 27 25 20 20 19 18 18 17 15 15 16 15 16 17 17 18 18 18 18 20 19 18 19 20 22 21 20 20 21 22 24 25 24 26 29 25 26 29 31 33 36 40 42 36 37 38 39 41 46 49 50 39 38 41 46 45 37 32 31 29 29 26 25 24 25 31 31 25 14
28 27 23 26 31 23 27 26 30 29 28 27 24 22 23 24 26 26 24 21 20 22 21 17 18 17 16 16 15 15 15 16 15 16 17 18 18 18 18 18 18 19 20 20 19 20 20 20 18 21 22 22 26 31 32 29 35 31 29 31 32 33 35 36 37 39 40 37 34 35 37 37 38 39 40 39 39 40 39 37 31 29 27 25 23 24 26 23 25 23
28 29 23 29 28 26 25 27 29 27 24 22 22 21 22 23 22 23 22 20 18 18 18 18 18 17 15 15 16 16 16 17 16 17 17 18 18 17 18 18 16 17 18 19 18 18 19 19 21 22 21 20 23 29 30 26 33 30 28 30 32 32 32 32 28 31 34 34 33 34 34 32 30 35 36 33 33 39 43 42 33 31 31 27 24 25 24 21 24 29
25 23 31 37 30 36 25 25 26 24 22 22 23 23 22 21 21 19 18 19 19 18 18 19 18 17 16 16 17 17 18 18 17 17 17 17 16 16 17 17 18 17 17 19 21 22 22 22 22 19 18 20 21 22 25 26 27 29 34 37 38 37 38 39 38 37 35 33 35 38 37 34 32 35 36 34 32 32 33 33 40 38 38 32 28 28 26 23 24 27
23 21 29 27 24 30 24 23 22 21 22 24 25 24 21 19 20 18 18 18 19 19 18 18 17 17 17 17 17 17 18 18 17 17 17 16 16 16 17 17 19 18 18 20 22 24 26 28 28 23 23 27 26 25 25 25 31 36 41 42 38 36 36 36 37 34 30 26 26 30 31 27 29 28 27 26 26 28 32 36 36 43 52 45 32 27 23 24 23 23
26 31 29 20 27 23 22 19 20 19 19 19 20 20 20 20 19 19 19 17 17 18 17 16 15 17 18 18 17 16 17 17 18 17 17 16 16 17 18 19 17 17 18 19 19 21 27 32 39 36 36 37 37 35 29 22 31 35 39 37 32 30 29 28 23 25 26 24 22 24 24 21 22 24 25 26 28 33 36 38 39 42 49 42 33 31 26 23 24 23
32 27 28 32 32 26 19 21 26 22 23 22 23 23 19 22 22 17 18 20 18 17 19 18 18 18 19 19 17 16 17 18 18 18 20 19 15 20 22 15 17 16 19 20 23 19 25 28 38 56 60 58 60 48 54 54 43 20 13 12 22 21 23 25 20 25 23 21 26 25 22 25 25 25 26 27 27 29 36 42 38 35 32 30 28 25 23 23 24 23
29 25 26 27 26 24 25 33 28 25 24 20 18 19 17 20 19 20 21 20 18 17 17 18 18 18 18 19 18 17 16 15 20 21 22 20 16 17 20 20 15 18 22 20 23 24 31 31 38 59 75 85 86 77 72 87 100 95 77 48 31 21 28 24 25 24 23 27 30 27 24 28 25 26 28 30 31 31 33 35 35 32 28 27 25 22 21 21 23 23
26 26 29 30 33 35 34 37 30 28 26 22 22 23 21 21 20 23 22 19 20 19 18 20 19 20 20 20 21 20 19 18 18 17 16 17 19 19 19 21 20 24 28 25 29 30 33 30 36 45 55 63 76 97 82 82 98 111 114 108 88 58 47 32 22 24 26 27 28 28 27 25 27 27 28 30 31 30 28 28 32 29 26 25 23 21 21 21 20 20
24 34 41 35 30 30 26 25 27 33 37 33 29 28 28 29 28 25 23 22 24 24 24 25 22 25 25 25 25 24 24 26 24 23 22 25 28 24 22 28 36 35 40 39 44 44 44 43 42 35 36 29 29 46 42 46 44 51 54 65 78 84 89 81 60 36 20 22 26 26 27 29 28 26 24 25 25 25 25 24 28 26 24 23 23 21 21 22 21 21
34 35 36 29 25 24 22 23 20 27 32 33 35 36 36 35 38 32 31 33 32 30 32 32 29 32 32 31 32 30 29 30 26 29 31 34 36 33 38 51 53 55 64 63 64 59 53 50 45 42 45 39 40 39 38 39 29 31 32 35 43 55 64 73 70 44 24 19 20 24 27 28 26 24 23 22 23 23 23 23 23 21 20 21 20 19 20 21 21 21
48 35 27 25 26 25 24 29 37 45 47 45 41 39 42 44 46 42 44 47 41 37 38 39 38 39 37 36 37 33 28 28 34 35 36 41 49 55 65 78 73 73 78 66 63 62 60 60 58 59 57 52 60 51 51 54 47 45 44 45 42 39 29 32 39 39 36 26 20 23 24 17 22 22 23 24 24 24 22 21 21 19 19 20 20 19 19 20 18 18
30 25 25 26 26 27 34 47 51 52 46 45 44 43 47 48 50 51 54 52 48 45 45 44 44 46 42 37 35 30 27 29 38 39 38 40 47 56 69 81 73 71 77 69 69 71 68 69 77 67 62 67 69 58 55 61 55 62 54 50 47 54 50 47 45 41 40 40 36 29 23 21 22 21 21 22 24 24 22 20 22 21 20 20 20 19 19 21 19 19
18 20 26 26 28 35 44 56 49 48 41 40 40 40 47 49 51 56 55 51 51 52 49 47 47 50 46 37 30 25 26 34 31 38 44 42 38 46 66 83 76 69 76 77 84 82 75 75 80 73 72 72 62 70 69 63 63 65 52 61 61 60 59 58 55 53 51 50 47 40 35 36 24 21 19 18 20 22 22 21 22 21 20 20 19 18 18 20 19 19
19 20 32 38 42 54 53 42 45 51 53 60 56 65 58 65 65 70 67 53 57 58 54 54 48 42 38 34 23 32 39 39 51 51 42 43 51 54 66 80 70 69 86 94 79 87 79 83 83 86 78 82 82 69 73 79 77 81 80 79 67 66 72 69 67 66 65 60 65 57 49 48 45 33 29 20 20 20 20 19 22 21 18 17 20 21 20 21 19 18
21 36 39 37 46 46 41 47 61 55 62 73 72 82 68 73 69 78 77 66 64 71 66 59 55 50 35 25 25 35 40 47 58 55 39 45 57 58 58 65 74 77 95 87 89 89 85 89 85 78 74 85 87 84 79 80 84 83 84 82 78 76 77 74 67 69 70 68 67 58 58 58 57 48 40 33 26 16 19 15 20 21 23 23 20 21 21 18 18 17
31 41 47 47 48 55 65 68 65 62 65 73 70 77 73 80 74 78 73 72 74 81 74 76 58 40 27 29 28 31 45 73 75 44 45 64 59 57 49 60 95 92 88 78 91 96 98 96 97 93 97 99 90 94 87 91 94 93 99 88 89 84 80 79 71 77 76 66 59 55 61 54 68 69 63 49 44 31 23 19 20 19 20 21 21 20 20 18 21 19
33 45 49 51 55 60 65 61 64 77 66 72 77 75 74 73 79 82 70 74 78 86 74 81 47 34 32 33 27 39 60 84 49 47 52 54 32 30 44 80 90 98 82 89 86 98 102 102 88 89 98 95 85 98 89 95 96 96 106 89 98 94 86 84 90 97 97 93 86 74 72 59 55 56 67 58 59 53 32 25 23 22 18 18 20 17 16 22 21 19
39 45 51 57 60 65 69 67 74 72 74 85 76 82 98 83 79 85 79 83 80 86 72 72 51 43 31 26 37 61 60 59 59 55 35 32 19 25 54 74 90 99 81 89 84 106 95 91 83 89 100 95 89 98 90 104 116 109 113 99 114 113 103 105 120 111 103 105 106 92 89 88 71 51 55 57 65 65 52 44 25 25 23 22 22 21 19 20 19 18
46 46 57 65 66 67 70 79 75 75 79 81 79 81 85 87 79 74 79 91 82 80 76 82 60 43 28 35 58 65 54 71 84 42 21 22 23 32 48 53 72 91 99 88 90 110 96 105 103 104 106 100 104 104 103 120 117 110 116 109 119 114 109 121 121 115 111 112 121 119 117 116 102 101 78 56 58 58 65 65 47 38 26 19 22 37 43 37 31 30
49 57 58 57 74 76 70 93 86 83 84 82 88 92 93 98 83 79 91 106 102 91 87 95 70 32 31 59 59 43 56 114 68 24 17 25 32 22 38 64 88 92 97 81 94 110 106 113 120 122 115 102 109 99 107 118 113 110 110 106 110 114 118 135 115 116 125 119 122 127 122 116 113 126 113 104 93 56 50 62 70 62 41 22 22 37 54 67 57 53
45 50 60 59 73 84 73 80 74 88 93 92 94 93 99 100 90 96 97 89 93 89 85 89 42 23 33 32 23 65 103 114 38 11 41 100 82 11 45 77 99 95 91 87 95 101 109 112 127 127 116 105 125 120 125 115 109 113 114 116 122 130 122 121 122 118 138 140 138 137 136 141 133 130 126 126 123 99 75 51 56 73 64 42 29 17 30 67 76 70
57 75 88 98 92 91 89 92 92 94 98 98 107 91 84 92 79 91 89 89 94 89 74 56 35 40 22 20 64 138 136 118 24 17 92 149 123 16 36 78 107 89 100 97 96 108 119 124 109 123 128 134 132 118 121 111 117 115 123 117 121 125 123 129 131 113 120 127 128 128 145 151 147 146 143 138 138 139 118 101 72 56 70 66 49 30 20 29 64 75
78 84 89 97 99 101 107 96 98 82 88 89 104 101 92 89 83 103 112 115 93 51 45 69 60 26 20 31 94 117 126 93 15 20 39 40 79 25 46 81 93 83 99 95 94 96 114 133 107 101 124 134 140 138 127 123 128 118 121 128 125 131 118 112 99 86 86 90 103 111 127 138 136 144 158 153 146 146 140 131 124 91 69 67 63 47 24 13 32 65
75 85 89 90 94 94 106 88 89 93 106 109 119 107 97 95 108 111 93 50 31 48 56 47 65 48 21 36 83 140 156 97 8 25 21 25 23 21 71 106 90 75 97 97 90 103 135 140 127 119 140 152 140 135 137 118 130 133 128 127 127 118 88 79 77 79 103 118 121 122 125 120 125 129 139 135 140 142 148 148 138 141 114 95 71 59 47 32 13 22
52 71 83 88 87 78 90 97 97 97 91 97 108 97 101 86 76 51 44 43 53 55 46 59 98 64 13 41 88 131 147 90 12 20 21 19 24 24 69 104 100 91 96 94 94 113 125 120 137 125 135 147 153 147 141 134 142 150 139 123 114 90 74 91 111 112 127 136 137 132 122 117 133 127 122 114 130 126 130 136 136 142 129 133 107 81 61 50 31 9
29 38 57 84 93 95 102 126 115 133 121 115 120 79 49 29 27 44 53 48 59 85 103 112 127 85 25 41 105 127 138 85 22 33 132 26 18 35 80 112 85 87 101 105 94 115 120 116 131 126 120 131 145 150 160 141 147 151 134 116 92 98 99 98 100 102 120 125 116 124 135 145 126 117 106 97 117 115 117 116 103 108 103 116 108 105 86 68 52 33
28 23 32 64 96 126 117 108 104 103 81 44 29 14 25 41 39 36 39 79 108 115 130 126 134 89 20 27 101 119 110 60 10 23 85 22 16 51 97 100 82 90 109 103 93 125 124 105 118 133 119 142 167 149 150 135 141 139 118 115 89 105 100 86 90 103 110 108 114 130 130 142 122 120 114 98 96 97 111 111 108 106 96 93 85 92 87 78 74 53
23 25 27 30 43 60 51 34 28 23 14 8 31 35 34 34 75 103 108 123 124 102 108 121 135 87 27 18 84 92 90 72 15 16 13 15 8 65 114 115 123 85 108 113 110 129 127 100 102 114 135 144 153 149 141 142 149 145 119 112 108 114 101 77 81 87 92 85 92 129 129 113 123 122 116 105 94 94 105 104 106 112 109 99 88 85 89 91 83 61
18 22 20 15 21 13 20 25 17 15 21 35 60 75 97 92 107 112 107 104 105 102 101 106 115 84 38 22 69 85 85 86 28 14 26 27 48 76 115 108 107 85 111 99 110 117 114 103 125 125 142 146 152 148 143 155 142 129 116 106 116 93 91 74 80 82 80 57 55 115 134 118 116 119 115 119 112 104 100 99 99 109 105 99 99 89 89 83 78 79
20 21 21 22 22 26 27 39 62 78 115 124 119 115 131 105 83 108 111 124 136 126 89 83 111 103 77 44 58 78 76 102 52 56 149 166 107 71 120 98 88 105 103 101 104 103 87 108 145 138 143 141 135 145 152 141 119 128 111 92 110 84 76 75 79 83 65 37 14 64 99 99 94 94 102 103 108 102 103 104 104 96 103 99 108 98 102 94 93 89
17 16 18 24 32 21 36 47 78 104 123 106 87 86 88 98 122 118 119 114 117 127 105 99 111 109 91 72 57 73 89 103 64 41 92 160 81 83 133 109 101 101 100 100 102 74 87 110 136 130 125 105 95 116 123 113 117 127 106 93 96 80 73 78 86 93 64 30 33 23 44 81 84 73 82 96 93 94 99 101 95 96 100 102 105 108 107 100 103 98
25 25 21 18 24 18 23 20 19 23 35 31 34 46 36 38 40 63 90 98 117 133 133 115 117 130 99 85 78 88 82 70 74 47 40 65 51 125 125 109 100 90 90 87 89 72 110 129 116 97 72 61 64 56 44 72 102 104 101 97 76 70 84 83 95 104 49 43 91 82 29 55 56 61 63 71 74 86 87 97 94 99 97 106 103 107 101 107 92 88
35 35 36 39 36 43 31 34 25 20 28 45 58 54 58 40 37 42 47 41 70 104 114 110 134 122 84 65 57 59 52 37 73 79 55 46 37 103 126 103 80 75 79 83 85 94 109 108 70 58 59 65 74 76 52 40 88 93 94 90 86 80 91 85 102 80 20 59 130 134 84 50 54 55 60 64 69 87 88 86 89 103 102 107 101 107 100 106 121 108
30 19 25 50 54 58 45 57 46 47 32 50 65 57 75 62 55 35 52 74 93 123 72 76 75 41 51 52 33 31 50 54 63 84 115 101 56 111 129 98 81 77 74 78 73 86 95 101 77 65 70 75 81 87 74 42 85 97 88 81 80 81 89 89 90 54 26 96 127 102 56 59 64 53 54 56 75 86 82 78 91 91 100 114 112 107 107 111 108 100
18 25 23 17 18 31 36 33 33 34 51 53 55 85 85 106 122 128 100 93 108 80 47 42 52 74 86 61 72 70 67 83 79 79 99 138 144 126 87 83 78 76 64 59 65 66 64 52 43 56 70 91 108 72 70 79 76 97 86 91 78 89 96 109 94 48 45 133 173 172 134 66 53 52 52 43 71 90 95 101 107 97 108 113 109 109 115 102 103 96
23 25 24 25 27 38 39 38 50 56 50 64 61 80 89 82 87 88 86 88 58 61 71 101 120 105 79 60 73 76 81 82 87 67 67 87 83 65 57 53 55 50 55 58 63 46 56 79 53 70 78 83 85 38 73 93 75 101 81 94 93 98 87 106 83 42 39 106 157 179 102 32 50 50 59 47 51 84 102 101 112 100 105 109 109 110 114 106 105 103
22 18 18 24 21 48 40 49 47 53 43 46 54 74 111 121 140 132 118 74 62 75 87 88 75 64 60 74 67 69 95 84 75 65 50 50 48 57 50 48 60 55 63 54 62 67 70 96 95 86 79 82 78 23 75 92 89 96 79 90 92 95 99 116 92 16 79 149 157 145 114 47 52 53 61 60 62 90 96 100 105 110 108 105 110 110 105 101 111 106
20 19 20 24 22 21 23 23 29 37 51 34 24 20 32 53 47 31 55 63 78 80 80 46 46 60 76 73 84 110 109 96 93 73 74 69 66 65 52 58 64 69 86 73 73 88 88 104 105 105 104 101 88 51 52 116 108 105 111 106 109 105 103 121 78 17 98 179 157 162 154 60 53 52 55 60 61 76 97 111 109 110 115 109 111 116 110 116 113 115
21 18 17 20 20 21 23 22 22 21 29 27 31 22 20 27 32 29 29 51 51 42 48 46 55 58 67 91 94 97 108 106 94 81 72 78 62 88 70 68 93 84 78 86 71 93 93 108 116 111 122 123 111 77 34 103 128 110 120 123 113 111 115 114 55 14 71 140 156 143 108 37 69 57 51 53 61 68 99 101 112 112 109 119 114 106 118 115 120 119
22 19 18 19 19 21 24 25 23 21 22 28 42 42 44 50 41 54 49 33 29 40 48 50 65 65 76 112 122 118 108 105 98 89 85 82 77 99 83 79 89 93 85 101 78 97 101 114 134 158 130 128 131 99 54 51 115 112 121 130 133 134 133 135 61 9 128 181 217 235 209 62 55 77 61 59 65 63 87 108 124 123 101 113 119 113 133 134 138 131
20 20 21 20 19 21 23 26 22 27 24 25 33 31 31 31 42 49 50 91 129 188 170 148 162 180 162 141 137 153 144 136 116 92 87 80 107 101 73 85 89 102 102 101 90 101 103 103 125 180 155 123 128 105 74 28 105 126 126 127 141 145 139 154 78 17 156 220 221 231 230 79 37 57 49 65 76 60 75 112 115 130 121 119 116 112 132 148 137 143
18 18 21 19 19 21 20 23 17 26 25 27 29 29 26 23 35 60 66 107 104 123 110 95 112 123 97 102 119 130 138 138 100 60 65 74 84 100 77 74 84 94 106 99 92 102 102 100 139 217 206 138 120 102 71 29 89 109 127 141 137 128 132 167 105 17 148 226 236 207 184 102 41 57 56 61 106 71 66 107 117 118 116 117 119 124 133 132 143 158
20 18 21 19 23 26 21 21 22 24 23 23 18 22 25 28 34 33 23 33 34 52 64 68 103 110 99 96 102 92 76 57 58 51 67 71 60 72 65 75 83 74 81 81 68 92 98 106 137 197 171 131 136 119 71 37 100 109 125 131 122 127 128 148 120 13 99 207 188 186 174 106 71 76 57 51 121 70 48 117 112 119 115 119 119 116 131 141 160 167
20 18 21 19 25 29 22 22 24 21 23 24 22 35 31 28 34 60 79 81 58 73 69 69 68 75 80 60 69 73 62 50 56 52 67 74 64 55 69 81 85 78 82 83 62 89 95 104 119 134 122 113 123 83 34 55 113 110 116 122 115 114 104 132 113 20 96 167 164 161 143 88 74 77 55 49 135 90 56 110 109 124 121 124 122 110 126 150 156 158
18 17 21 18 23 28 21 23 27 22 29 42 57 87 75 55 38 30 41 60 56 47 59 54 63 69 75 72 85 58 48 48 54 67 65 58 48 46 73 71 73 73 72 70 66 97 97 91 103 106 108 97 98 46 42 107 127 109 113 126 118 109 100 150 88 11 116 182 168 169 185 117 56 71 56 46 164 100 55 104 106 115 121 122 114 111 130 154 155 145
21 22 19 19 19 17 21 27 30 29 30 36 44 45 57 58 68 73 71 79 82 115 112 104 117 119 87 73 52 36 53 84 75 61 46 39 46 55 68 79 74 68 67 61 53 67 70 80 89 96 100 94 87 31 92 127 112 117 129 117 122 122 125 161 58 21 175 205 192 172 183 87 70 65 60 78 172 95 62 100 108 117 123 128 123 128 137 145 160 160
15 20 23 25 23 20 20 21 23 24 23 22 28 27 40 52 72 87 82 85 76 85 75 69 59 42 27 39 37 41 58 60 56 41 58 55 61 70 68 82 67 62 70 74 59 68 76 80 86 90 107 93 54 57 131 125 109 108 128 116 121 124 127 141 33 39 204 232 232 221 193 54 65 66 59 70 150 78 66 99 112 114 116 125 127 129 134 143 161 167
22 24 24 22 21 22 24 26 31 31 37 30 23 22 29 30 16 17 16 34 30 43 45 34 16 27 33 35 25 8 18 26 33 54 63 74 74 72 79 73 67 72 70 70 65 61 56 63 74 87 99 92 40 59 131 105 101 102 116 117 98 109 112 132 40 26 187 184 182 232 199 50 73 62 65 79 115 64 91 106 111 121 125 127 122 120 126 142 153 164
21 21 21 19 21 21 20 23 29 21 32 40 48 51 57 66 55 51 50 68 59 42 30 41 40 29 25 31 52 61 80 84 98 98 90 82 81 72 85 79 79 83 79 80 82 77 66 58 77 91 90 107 68 47 112 96 93 96 108 109 109 122 123 133 53 16 111 120 137 163 133 52 84 63 73 90 80 58 108 110 114 124 123 120 121 127 126 132 138 147
22 22 22 23 28 25 18 24 21 25 24 19 36 48 62 89 99 94 88 88 83 75 52 55 74 51 50 74 109 116 120 116 131 131 154 144 133 90 77 74 90 74 78 84 81 94 95 59 65 84 95 109 87 52 109 84 96 98 97 101 110 116 124 159 72 23 115 157 181 204 141 43 65 60 66 78 60 67 107 114 113 121 117 110 112 125 128 137 131 134
23 21 21 20 24 24 19 26 26 27 30 25 26 21 31 53 62 75 97 91 77 90 106 131 93 59 62 90 106 107 116 123 105 98 87 67 120 161 95 84 84 79 81 79 92 112 112 83 63 69 100 115 107 62 82 73 95 103 92 96 103 109 109 141 75 31 149 207 184 206 153 38 57 69 70 73 64 91 112 115 117 119 120 120 118 117 106 109 136 130
23 22 29 26 25 29 27 28 33 21 23 29 34 40 39 15 30 63 97 106 114 132 145 164 116 47 52 96 105 129 139 112 73 57 45 64 113 179 126 97 92 92 86 76 105 127 116 97 56 55 85 101 109 76 55 79 102 95 94 95 111 98 103 121 74 24 107 158 153 160 83 27 52 67 65 65 73 102 114 110 113 108 113 119 116 112 103 113 126 115
23 22 32 27 20 30 33 30 33 26 28 26 25 47 82 79 49 32 43 80 113 142 153 149 82 36 61 107 99 110 96 52 39 30 53 58 105 160 131 128 92 86 98 81 81 111 134 125 72 57 68 86 95 75 40 91 102 92 90 94 97 92 100 109 90 26 58 149 166 136 64 25 56 70 60 57 83 101 107 105 108 103 108 110 103 105 114 138 123 111
21 24 22 22 21 21 27 24 29 24 23 23 25 31 38 45 59 45 49 45 54 74 87 74 29 29 67 94 71 54 32 28 31 82 124 72 94 158 115 122 116 98 118 86 89 97 111 141 114 88 59 65 62 52 80 104 92 85 87 93 94 91 101 104 91 45 87 178 187 180 127 45 64 59 66 83 93 98 107 110 107 107 107 112 119 117 113 123 115 114
19 22 25 34 31 21 22 26 22 28 25 35 25 26 23 28 32 33 46 39 45 66 77 62 29 22 59 56 40 35 27 44 119 183 190 76 79 130 128 115 100 93 108 103 101 86 94 144 137 124 104 69 70 88 112 109 99 94 101 92 88 89 94 103 103 49 51 147 135 84 61 44 55 52 69 75 80 93 97 106 104 110 117 113 122 116 101 108 107 107
20 24 22 22 25 26 29 31 35 25 34 50 46 37 29 24 28 27 31 33 45 46 38 30 20 26 39 34 41 59 40 25 54 93 168 98 72 109 119 116 109 108 112 121 112 92 94 133 143 140 138 120 127 127 119 107 103 88 90 89 93 89 87 99 112 78 26 149 165 55 28 53 40 74 80 77 89 89 89 101 103 103 111 107 111 109 114 118 110 111
19 22 21 25 29 25 25 32 35 29 40 42 47 53 48 39 34 36 34 33 43 45 37 30 30 29 50 73 86 60 29 18 10 13 33 48 65 131 121 113 115 114 100 112 122 104 93 127 155 161 133 140 138 148 127 131 119 106 95 94 94 79 81 92 100 75 28 93 138 93 58 74 69 72 80 85 94 101 99 104 101 106 112 119 121 107 121 116 110 111
23 26 25 28 36 34 25 23 40 53 44 40 25 20 19 38 38 38 34 29 29 36 34 23 27 42 102 101 109 50 24 21 29 19 14 19 59 108 117 108 123 115 103 103 117 121 106 107 147 159 138 124 120 132 133 142 109 112 108 101 98 86 84 87 101 85 41 42 47 44 85 94 72 92 88 86 101 108 112 118 103 118 107 108 120 102 103 103 103 103
26 31 30 23 27 36 35 33 30 47 68 111 104 78 77 71 71 76 51 30 24 27 25 29 18 31 96 140 151 51 26 43 162 48 25 44 58 106 111 110 119 125 107 96 127 152 123 103 124 147 175 147 122 113 132 142 129 124 125 111 101 86 77 85 85 81 51 14 46 89 115 104 94 83 99 98 102 119 110 107 111 117 108 104 112 119 117 113 110 109
25 27 33 30 25 27 34 48 66 64 40 44 75 83 88 79 90 117 96 60 38 28 20 26 17 25 56 128 143 38 8 25 68 21 23 22 47 105 131 103 104 120 111 111 119 142 126 125 120 145 174 171 133 130 134 126 131 119 123 117 106 85 77 91 90 86 68 56 110 128 110 114 128 109 108 113 108 119 124 97 108 123 103 91 101 111 97 104 92 90
32 27 29 28 31 38 36 35 45 66 73 56 32 51 66 74 77 94 94 84 52 32 24 23 24 31 54 113 146 60 17 21 20 24 19 26 74 93 113 103 96 127 111 112 112 139 128 138 136 146 166 172 151 128 145 132 134 119 108 109 111 100 98 96 98 109 90 109 139 129 133 128 134 132 109 114 115 101 110 106 104 112 104 110 93 102 101 90 82 82
33 46 29 29 32 38 42 39 31 26 46 54 49 33 37 47 39 41 43 53 52 39 23 26 18 23 57 83 97 50 22 21 16 20 35 22 65 89 107 111 107 105 98 106 122 140 137 138 132 142 153 154 164 154 141 137 141 112 104 86 109 121 96 103 109 106 114 120 144 126 129 121 114 100 108 104 105 105 106 117 115 106 106 100 98 97 87 78 67 69
27 36 39 43 39 39 60 61 57 45 35 39 49 43 38 36 15 31 47 70 66 68 45 31 24 17 46 77 82 42 25 21 76 101 74 23 53 88 115 114 112 90 91 103 130 141 136 142 146 143 153 159 168 167 145 130 135 118 118 97 72 114 117 112 113 126 147 124 139 133 136 119 110 109 109 106 121 105 116 119 111 108 103 90 92 73 77 71 66 56
24 28 32 39 51 47 55 50 62 71 58 44 31 30 43 51 49 35 53 80 74 44 38 44 35 26 15 43 89 65 24 19 96 123 49 33 68 74 120 123 119 123 95 91 125 140 132 127 140 148 136 155 147 150 140 154 132 118 129 124 95 86 92 121 129 144 151 144 137 133 131 127 121 120 124 113 127 112 107 113 112 104 98 92 80 70 77 76 55 36
26 26 22 21 31 33 39 34 34 41 53 66 48 40 46 62 82 69 46 50 56 45 35 49 33 40 25 19 48 55 29 22 22 46 20 39 58 67 106 119 118 123 97 103 115 143 146 146 140 137 135 134 141 144 135 145 138 123 123 140 122 100 82 104 129 137 156 132 121 129 131 142 127 127 115 113 113 106 103 104 104 93 94 99 91 89 72 63 41 24
18 18 22 29 25 37 45 42 56 38 36 48 48 55 49 56 73 92 83 52 28 29 36 35 38 39 43 22 22 43 36 22 20 22 22 56 62 89 127 134 110 104 112 116 114 138 130 145 148 135 127 140 137 129 131 124 124 128 130 136 141 131 101 87 89 104 123 120 119 129 135 135 114 116 122 123 112 111 109 113 106 108 109 100 102 79 48 38 26 20
25 21 19 24 21 33 37 45 62 71 83 73 66 70 55 55 51 53 78 85 64 24 28 28 38 43 58 39 33 46 44 31 23 24 25 52 67 91 105 120 128 117 120 103 113 122 113 114 130 123 108 116 109 131 121 122 127 114 125 121 125 127 131 114 84 77 97 112 115 125 107 110 131 114 130 125 127 130 117 113 102 107 90 80 70 50 34 30 15 27
26 31 30 23 23 26 29 45 40 53 75 77 82 80 66 62 52 55 50 64 73 52 30 23 30 44 66 48 36 37 51 43 29 32 17 63 99 99 106 126 130 123 134 125 127 115 123 121 128 131 111 107 118 117 118 118 120 115 112 120 117 126 120 125 123 117 134 139 150 142 139 126 135 131 130 133 133 119 109 96 88 87 69 72 52 41 24 18 36 57
23 30 44 32 28 26 28 30 33 36 48 47 54 62 70 63 58 51 50 54 64 50 48 34 20 28 45 55 57 23 41 64 59 44 36 54 86 113 103 103 110 112 124 122 132 115 100 111 128 131 122 107 115 113 112 104 103 98 109 121 116 124 126 142 138 127 131 128 134 141 139 128 113 118 112 112 98 87 70 73 77 74 66 51 35 22 17 36 67 87
19 22 29 44 32 39 29 27 32 31 35 42 44 42 45 51 58 51 47 45 48 49 43 43 25 29 26 32 49 39 36 48 68 76 65 58 72 111 115 94 102 111 121 114 109 113 111 107 113 113 125 115 123 107 108 99 120 105 100 114 108 111 111 117 120 120 118 122 115 107 114 105 95 93 73 73 69 69 63 71 67 63 49 41 27 11 48 75 88 90
30 29 25 26 35 39 28 23 25 26 28 30 34 37 41 44 45 56 55 43 45 53 49 44 36 26 26 30 30 30 34 23 41 68 89 68 69 77 98 102 105 102 117 115 114 104 90 93 103 112 117 107 119 105 102 104 115 90 111 114 100 98 102 115 112 110 106 101 100 88 98 90 71 65 53 57 65 62 60 67 59 55 30 13 15 55 85 90 87 88
27 29 39 30 32 24 28 29 28 28 26 26 28 31 34 35 37 41 47 51 52 44 43 59 41 36 34 44 51 32 29 44 18 18 24 26 61 82 98 108 100 80 96 110 107 97 92 85 99 105 92 77 94 102 104 106 112 92 97 98 96 103 90 106 100 99 90 83 78 67 71 66 56 57 56 61 71 63 61 63 46 31 16 27 55 75 68 77 80 80
29 22 32 29 34 24 26 26 28 24 22 24 24 22 23 26 32 35 45 53 53 47 52 73 48 39 36 35 36 41 55 54 50 42 37 43 66 72 67 80 88 82 90 110 96 88 95 80 79 92 95 91 87 88 88 90 90 93 78 79 87 96 81 86 83 86 67 68 56 59 57 60 63 69 67 66 68 60 49 41 24 11 32 58 78 70 63 70 74 74
25 24 23 21 29 22 17 26 20 19 20 23 23 20 21 23 21 21 29 38 49 55 52 49 55 51 44 40 44 41 50 59 70 76 81 74 80 68 63 75 82 89 81 95 86 85 85 79 79 79 82 91 83 78 76 81 80 80 70 66 73 78 84 69 66 74 62 68 62 70 67 71 65 68 56 59 56 55 39 30 21 33 54 70 82 70 63 60 70 72
23 26 24 24 21 24 18 21 17 21 23 22 22 23 23 21 21 18 23 28 31 39 45 49 49 49 51 47 42 41 54 57 64 73 71 71 78 81 71 67 63 73 78 88 81 83 76 81 81 82 76 73 68 68 67 72 62 68 75 81 75 74 70 57 64 66 62 58 62 63 68 68 58 58 45 49 37 33 22 23 29 63 56 50 53 50 39 41 44 47
24 24 29 32 23 28 25 19 19 21 21 19 19 21 20 17 19 19 23 21 21 29 36 42 50 47 48 45 42 42 50 44 55 66 62 64 63 69 73 71 66 62 68 72 76 77 74 74 66 76 74 63 62 65 65 64 65 66 55 63 61 67 59 60 62 62 63 54 58 53 58 53 51 51 41 40 29 23 22 29 42 43 35 44 40 33 32 35 33 37
27 24 26 30 32 32 26 24 22 19 17 17 18 18 19 20 18 17 18 18 21 23 26 35 39 44 43 43 49 41 44 52 47 45 49 50 63 56 76 71 63 62 58 52 71 60 62 60 60 61 64 61 61 54 55 57 59 59 50 51 55 53 57 57 53 54 52 48 47 49 51 48 52 45 31 21 21 20 26 27 29 26 29 29 31 24 29 28 27 31
26 26 20 24 29 27 29 28 33 27 22 18 17 18 19 18 18 19 20 20 20 20 20 21 21 28 35 38 39 36 38 44 45 42 42 41 51 48 52 56 53 56 59 56 51 55 59 56 53 60 53 57 60 51 50 44 45 51 50 49 60 52 55 51 52 51 52 47 50 46 43 34 30 24 21 19 18 21 22 23 28 22 22 20 22 24 23 25 26 28
27 24 25 26 26 23 21 23 29 33 37 35 27 20 17 17 18 19 19 19 18 18 19 19 20 21 22 23 25 25 27 31 38 39 42 40 46 40 43 46 47 46 50 55 50 42 44 51 46 41 44 45 45 45 41 38 42 45 41 50 56 48 46 46 46 50 49 50 41 38 27 21 23 19 18 19 19 21 22 22 20 18 21 23 25 24 21 26 25 29
29 25 27 22 21 24 20 20 20 20 22 23 22 22 22 23 19 19 19 18 18 17 18 18 18 18 19 21 22 21 20 20 23 26 32 33 37 34 36 40 38 39 41 41 38 32 33 38 41 37 38 35 37 39 37 44 44 45 36 41 39 36 38 42 38 38 32 30 21 22 17 17 21 19 19 20 19 19 19 18 22 18 21 23 22 25 26 25 32 41
31 23 25 27 27 27 22 20 25 21 19 20 22 23 22 20 20 20 19 19 18 18 18 19 19 19 19 18 18 17 18 21 18 20 22 23 26 26 27 29 34 38 39 37 39 38 37 40 44 39 37 38 33 31 36 36 30 31 27 32 45 41 34 27 29 24 24 18 21 18 21 19 21 21 20 22 20 19 20 17 22 17 21 21 19 30 35 24 30 28
30 25 27 38 32 21 23 25 20 21 23 22 20 20 20 20 20 20 20 19 19 19 19 20 19 19 20 20 18 17 18 19 16 18 18 19 19 22 22 24 27 28 31 39 44 40 40 48 45 44 41 39 40 38 40 53 67 71 72 74 96 60 29 20 20 17 20 18 21 18 20 17 20 20 18 20 20 20 23 21 16 17 22 24 26 34 36 26 30 26
28 33 35 36 26 24 32 26 24 24 25 23 20 19 20 21 20 20 19 19 19 19 20 20 19 19 21 22 22 20 18 15 18 22 21 22 16 19 18 19 22 25 31 38 44 48 51 56 44 60 101 116 118 116 109 128 129 127 129 131 150 80 25 17 18 20 19 22 17 22 22 24 20 20 16 18 18 18 23 20 20 27 25 27 32 29 29 33 25 29
18 23 33 34 25 26 30 23 23 21 21 22 23 22 20 17 20 20 19 20 20 20 20 19 22 18 17 17 17 19 19 17 15 19 18 21 16 22 21 21 20 24 33 45 58 68 72 71 72 74 129 150 138 138 133 137 134 133 138 126 113 49 16 17 15 19 18 20 16 21 19 20 21 22 17 20 20 19 24 19 30 33 26 26 28 23 25 34 33 29
107 52 23 24 29 30 25 23 24 23 23 22 21 21 22 21 20 20 20 20 20 20 20 19 19 18 19 20 19 20 21 19 19 20 16 18 14 22 19 17 25 22 39 71 92 97 98 97 101 89 85 84 92 93 86 99 101 106 121 98 57 22 19 19 24 22 23 16 20 19 22 17 19 21 18 22 24 24 29 23 28 27 22 23 21 21 28 29 32 25
209 157 64 50 10 25 25 28 27 25 22 22 23 23 22 21 22 22 21 20 21 22 21 19 20 18 20 21 20 20 20 19 18 20 18 18 19 18 20 20 24 31 74 124 132 141 126 129 133 138 109 79 81 76 76 80 72 67 66 35 19 19 19 27 32 25 22 18 18 20 20 20 20 20 21 24 32 26 25 29 27 22 21 22 23 29 31 23 26 25
251 244 202 170 50 11 9 21 28 27 25 23 23 23 22 22 23 23 21 20 21 22 21 20 20 18 20 21 20 20 20 19 19 21 19 20 20 19 21 21 24 38 73 106 118 144 131 120 123 115 97 100 114 89 62 53 44 32 31 16 17 22 18 22 21 18 20 20 20 23 22 23 25 22 28 31 32 25 22 20 23 19 20 23 24 30 30 20 31 31
