175 170 157 140 126 100 83 75 90 98 107 106 93 88 90 86 79 77 67 62 56 48 52 55 51 46 34 38 43 40 43 44 43 36 41 45 43 43 37 25 30 22 22 27 23 23 32 35 45 44 34 31 39 37 29 28 29 27 21 19 21 20 17 16 18 17 20 22 21 23 24 21 26 21 27 25 27 40 39 30 24 30 31 25 21 21 25 29 21 18
157 139 126 99 87 93 102 105 102 89 85 89 85 83 81 62 68 59 59 52 48 55 50 39 42 41 42 45 55 53 46 59 62 47 43 41 36 33 31 32 31 32 39 48 48 46 48 46 38 31 29 30 26 23 22 22 16 19 19 18 19 17 16 17 21 23 22 22 24 23 26 33 33 33 32 22 24 34 30 26 27 27 26 23 22 22 19 18 21 20
111 106 109 103 101 102 99 90 94 91 88 91 80 68 66 53 48 49 45 36 37 42 45 58 62 57 58 54 51 53 51 54 45 36 35 35 33 32 37 46 45 47 47 46 40 35 35 34 28 21 19 20 16 16 17 13 18 21 21 19 19 19 19 23 22 21 20 25 32 31 29 34 27 28 34 35 42 48 37 30 35 32 30 30 32 30 24 20 16 19
94 112 106 96 100 98 99 85 88 84 64 57 53 47 54 54 45 54 46 50 63 58 55 62 59 49 44 49 40 32 37 32 27 30 38 44 52 57 54 52 37 34 27 26 26 22 20 17 13 20 20 17 21 25 24 21 21 22 20 20 23 23 24 26 25 24 29 31 27 24 26 26 33 31 41 46 44 42 33 25 26 26 25 26 26 24 21 20 24 28
111 118 106 97 103 92 85 76 62 62 49 51 61 65 68 64 57 62 63 62 53 49 47 33 34 39 35 36 36 33 33 27 33 45 55 54 52 48 36 30 26 26 23 23 22 20 24 28 30 37 33 30 39 41 32 25 20 22 23 27 33 34 33 34 31 31 30 26 20 22 28 29 28 32 41 38 26 20 17 14 19 20 20 19 18 17 17 20 25 28
106 104 104 86 82 79 68 65 71 77 83 84 77 74 74 67 64 48 50 47 41 48 47 38 39 38 48 51 48 44 39 42 39 38 36 30 27 26 23 24 23 21 17 19 21 25 35 39 33 35 33 29 28 27 26 25 21 23 23 22 24 22 21 22 34 33 24 15 16 20 20 21 22 28 24 15 14 17 18 19 21 21 20 18 18 19 19 21 14 15
104 83 85 76 76 79 77 87 91 87 90 81 65 61 59 57 48 42 43 41 38 32 30 41 42 44 57 55 45 43 38 33 27 25 28 26 22 21 22 25 24 28 29 29 26 32 40 37 35 31 27 23 21 22 22 20 18 20 18 17 19 19 19 22 20 23 20 16 18 20 21 24 24 26 20 18 24 25 21 19 20 21 20 20 22 24 23 21 26 25
84 75 85 89 93 89 86 91 87 75 70 61 57 59 55 58 51 51 38 38 48 48 49 50 51 56 47 41 34 25 24 25 26 21 22 23 23 26 25 23 26 28 29 28 27 36 41 28 24 29 29 26 29 32 29 25 23 25 24 25 28 27 24 24 28 23 24 28 32 36 35 30 25 22 24 31 30 25 27 30 28 30 32 34 38 40 38 34 31 29
92 93 89 88 87 93 83 84 75 62 63 68 69 56 46 42 43 42 48 55 62 64 55 46 35 41 38 30 22 17 20 24 21 22 26 29 27 23 23 24 24 28 28 28 31 30 27 30 30 27 30 28 27 35 39 37 30 32 33 34 31 29 30 32 32 32 37 42 44 43 40 38 36 34 34 35 33 29 29 31 32 31 27 23 21 18 15 15 13 13
86 85 87 91 85 86 77 75 70 69 64 48 47 47 50 55 68 64 71 71 61 52 38 21 20 36 27 20 18 22 33 25 23 26 27 22 17 18 20 20 23 24 22 20 20 19 17 17 21 25 21 21 18 18 28 25 27 34 30 25 28 29 29 34 44 43 42 41 37 32 28 25 24 22 21 20 17 12 11 12 11 13 13 12 11 10 10 12 11 11
89 91 92 92 85 83 71 66 61 50 49 51 64 72 74 71 65 63 48 38 42 30 13 20 36 39 25 22 21 17 24 18 25 22 18 15 17 21 22 19 20 21 22 24 24 25 24 23 23 33 33 38 38 33 37 33 33 40 37 31 32 31 27 29 21 20 19 17 14 12 11 11 9 10 10 11 12 12 12 13 8 10 11 12 12 11 11 12 12 12
90 91 91 86 78 72 64 59 66 71 89 95 92 76 60 48 46 38 35 35 27 17 22 44 40 28 22 23 23 17 16 22 20 17 16 17 17 17 20 23 30 29 30 31 30 33 36 36 33 34 32 26 26 26 24 29 23 22 24 26 22 18 15 13 14 13 12 12 11 12 13 13 12 12 12 11 11 11 11 10 13 12 12 13 14 13 11 10 10 10
93 87 88 80 65 67 85 89 102 109 107 83 67 54 42 33 33 25 26 21 18 35 46 40 25 20 18 16 15 17 16 17 16 15 16 17 15 14 16 18 19 20 22 22 18 17 18 15 18 22 23 20 21 21 19 25 26 21 22 24 21 18 18 17 18 16 15 14 13 13 13 11 11 11 11 10 10 11 11 10 10 9 9 11 11 11 10 9 10 10
91 97 79 64 92 117 123 116 88 55 48 51 45 35 36 32 20 21 21 29 47 47 26 16 15 17 14 15 15 15 20 16 16 16 15 14 15 18 18 15 22 23 24 22 20 22 24 24 24 32 27 27 24 17 21 22 19 21 18 15 16 17 15 16 16 14 14 14 14 15 14 12 12 12 11 11 11 12 11 11 11 10 12 14 11 10 11 12 12 12
89 88 102 120 127 109 90 65 47 38 52 50 32 28 37 30 29 39 42 37 34 25 14 16 19 18 15 18 16 14 17 15 12 15 17 15 13 16 19 20 20 22 20 17 17 16 14 13 11 17 12 16 16 11 16 15 14 16 15 13 15 16 15 16 16 16 16 16 16 17 17 15 11 10 10 11 11 11 11 12 11 11 14 15 10 8 10 11 10 10
106 118 119 106 89 50 41 50 50 46 40 29 40 52 54 47 50 54 49 34 26 25 19 18 18 14 17 12 11 18 15 13 16 13 12 15 16 15 15 15 15 18 16 16 24 28 29 32 35 31 32 33 35 35 30 28 24 17 16 17 12 10 14 13 15 16 16 16 15 16 17 16 14 13 12 13 13 11 11 12 10 8 10 13 10 9 10 9 9 9
107 101 78 53 56 52 52 51 44 45 47 56 70 73 67 62 57 43 29 22 20 20 18 14 14 14 12 14 16 15 14 11 13 18 11 15 16 10 18 19 21 27 51 74 90 111 113 114 113 114 113 112 115 112 100 95 84 70 72 64 49 42 32 26 27 21 19 18 19 15 16 17 24 18 14 15 11 11 8 11 10 10 10 10 12 11 10 9 8 9
78 59 64 76 55 39 42 42 64 76 82 78 72 59 43 35 29 23 17 15 14 13 13 13 14 15 12 14 16 16 17 17 15 16 16 13 14 21 28 29 46 84 121 144 151 160 165 171 170 166 165 165 158 153 154 150 144 133 130 117 101 90 79 77 57 53 49 41 33 25 22 20 29 23 16 17 14 15 11 13 11 11 11 11 12 12 10 9 9 10
74 67 63 59 37 52 81 101 96 96 84 71 66 54 38 32 22 19 18 17 15 15 16 17 13 15 15 18 19 17 18 18 22 20 22 21 28 24 20 44 86 136 163 176 181 183 184 187 178 175 180 186 174 164 165 158 156 145 144 137 126 122 113 104 94 87 78 71 68 65 57 47 37 32 24 22 17 18 15 14 14 14 12 11 12 12 11 11 11 11
59 59 46 46 64 90 91 89 89 78 62 59 66 58 39 31 25 21 19 18 17 17 17 17 17 21 20 22 23 18 19 20 23 28 32 31 33 25 30 68 113 157 176 187 196 196 187 181 179 175 181 185 177 170 166 158 148 149 148 136 126 124 118 113 110 105 101 104 105 102 85 70 59 56 44 38 28 25 20 17 16 15 12 12 12 11 11 11 11 11
53 40 49 62 74 73 69 67 59 69 73 70 60 40 26 28 24 21 19 20 21 21 23 23 27 29 26 26 26 21 22 26 35 41 51 53 36 27 57 96 125 160 185 199 205 207 194 189 183 184 189 183 180 177 164 160 153 160 148 128 125 123 113 111 118 114 109 112 106 104 97 95 89 84 69 61 49 41 33 25 22 20 17 15 14 12 10 10 11 10
57 42 54 57 59 58 65 63 66 74 71 55 41 32 30 34 35 31 27 24 20 21 24 28 32 36 33 32 30 23 24 31 48 66 57 34 19 41 97 129 137 159 183 200 204 207 198 193 185 196 200 191 185 177 161 154 147 144 135 125 122 124 117 101 113 113 111 117 108 107 100 103 103 97 81 76 68 61 53 43 37 32 24 18 15 12 10 12 12 11
50 54 62 56 58 68 68 68 69 69 63 50 41 39 36 32 30 28 27 26 25 27 33 37 42 45 41 37 32 24 29 39 62 67 38 14 21 58 113 142 147 161 177 202 212 215 209 195 196 208 206 198 184 173 169 156 141 134 136 135 123 119 115 99 108 107 102 110 106 110 103 101 107 103 88 88 83 77 71 63 56 50 41 32 25 18 14 13 14 12
67 59 51 55 63 72 65 76 90 80 67 55 45 41 36 29 31 32 35 40 41 41 40 40 56 57 47 38 31 26 36 52 68 52 22 12 35 84 135 150 150 161 167 196 210 214 214 196 201 211 205 203 182 168 176 156 137 134 127 125 121 106 93 88 101 97 86 89 87 104 107 111 114 112 99 100 92 85 81 76 74 71 66 60 51 36 24 18 16 14
52 45 54 61 61 80 99 96 81 73 59 46 35 38 37 41 50 49 51 57 63 72 65 64 74 67 50 43 27 27 39 63 70 36 19 15 38 108 168 158 157 161 156 190 201 208 209 196 206 204 207 198 179 172 165 148 133 126 118 113 111 99 87 90 92 79 74 77 92 106 116 112 111 113 111 103 95 92 90 87 88 84 79 74 69 60 43 29 22 16
46 54 53 64 95 109 94 81 65 53 44 44 40 40 43 57 59 67 62 61 64 74 82 91 89 79 50 34 26 32 44 66 62 23 17 39 67 92 180 179 154 150 131 173 198 195 196 202 201 199 195 187 173 162 154 147 130 125 117 105 95 85 80 86 76 68 68 77 94 94 96 101 104 107 104 99 100 102 100 98 94 96 92 88 85 77 65 57 33 23
58 62 78 92 88 76 66 61 47 48 50 51 47 50 46 48 53 55 59 79 77 70 80 94 97 79 44 27 23 34 52 71 53 20 20 54 87 103 157 181 149 131 107 157 193 192 190 183 190 186 184 181 171 156 145 141 125 117 111 97 83 76 74 77 68 63 69 78 85 79 82 86 91 91 90 91 96 103 108 111 103 110 110 106 102 93 82 79 55 40
62 80 85 70 58 54 55 57 66 66 64 60 51 51 49 51 50 64 54 55 67 74 77 90 92 69 40 28 23 34 62 81 54 23 29 21 23 79 135 169 146 122 95 150 193 191 185 169 183 177 178 175 159 145 141 137 118 104 97 89 77 72 67 64 55 66 77 72 64 57 59 59 67 80 95 100 101 111 116 108 111 115 115 114 113 105 91 82 71 57
64 66 55 51 62 66 70 83 80 80 78 72 60 61 57 58 52 57 60 60 57 57 60 80 87 67 41 28 25 35 69 90 59 24 39 23 10 20 95 156 141 119 89 140 190 180 176 179 179 172 168 163 153 143 131 119 108 90 82 77 68 64 62 59 63 72 68 49 43 45 58 69 72 89 111 123 125 124 121 116 117 121 126 125 118 112 105 97 84 74
50 45 55 73 85 91 90 84 86 83 79 71 63 70 70 68 70 74 72 74 78 72 59 76 86 76 43 22 25 35 68 92 64 15 20 16 18 20 87 134 128 105 82 126 177 178 177 174 167 168 161 154 151 140 119 104 93 78 73 69 61 62 66 67 63 50 45 44 50 58 78 93 108 126 136 139 145 144 136 134 128 128 132 130 122 120 118 112 98 91
43 60 75 80 85 90 93 93 90 79 74 75 72 77 76 78 85 82 84 90 89 92 86 81 84 79 45 21 26 32 65 90 58 24 6 9 7 20 69 123 113 90 80 122 173 185 179 160 160 169 165 150 136 120 105 99 76 68 68 64 60 62 62 59 43 34 42 60 66 49 66 104 130 151 156 146 149 155 145 129 138 132 127 126 128 131 127 118 113 106
59 74 77 73 81 93 93 86 85 83 81 79 80 93 88 77 80 81 83 97 98 104 102 86 83 75 47 27 28 29 64 90 63 23 17 63 28 16 66 113 105 86 82 129 183 184 171 164 166 167 162 148 131 112 91 74 64 61 63 61 59 59 48 34 32 57 71 83 78 23 32 114 159 154 161 169 162 151 143 136 135 137 136 133 133 135 137 138 128 120
56 63 73 85 100 108 101 87 95 90 88 93 102 98 82 74 83 95 91 103 107 103 99 90 85 79 52 32 22 30 54 84 65 25 34 76 54 65 88 108 96 74 79 145 193 182 173 166 174 167 154 137 113 92 75 60 51 49 55 51 47 35 24 38 70 96 101 109 99 38 9 84 163 172 168 173 168 149 147 136 130 134 135 136 138 139 142 145 139 128
60 68 76 87 97 98 93 92 97 101 101 91 77 66 66 78 100 110 108 103 98 99 95 94 90 89 59 35 25 27 44 75 57 34 43 81 94 112 78 94 86 67 93 170 194 193 181 173 184 171 154 129 99 73 53 42 36 35 37 29 30 43 63 92 126 130 135 139 99 32 5 51 137 181 184 163 164 153 151 135 130 132 134 141 146 145 147 144 143 134
68 72 76 85 93 89 88 98 104 98 86 71 68 74 79 84 86 83 86 88 88 91 86 100 97 101 76 50 33 28 41 71 57 32 31 61 107 70 72 93 73 62 121 201 208 204 195 193 194 172 148 119 88 60 35 25 24 32 33 47 65 83 113 134 156 163 159 138 82 21 10 50 118 168 191 172 143 155 145 135 127 126 126 140 148 149 155 149 145 138
66 73 74 74 81 88 91 94 86 63 54 60 69 74 68 60 59 60 67 71 79 92 89 100 102 102 82 60 39 33 43 61 65 33 33 24 53 49 69 83 58 82 158 214 220 209 203 196 189 171 148 112 78 52 33 31 31 43 61 83 107 125 141 161 172 171 172 141 63 12 14 25 80 153 190 178 145 132 140 136 126 121 118 133 142 147 161 158 148 144
58 63 73 82 85 84 86 87 73 52 47 51 56 65 61 47 47 55 60 65 66 73 79 92 98 107 97 76 47 34 41 56 63 47 24 22 18 25 68 63 55 124 180 194 192 187 190 185 191 174 148 122 113 117 119 126 111 91 106 115 129 149 152 175 182 178 176 129 45 25 81 122 126 129 162 185 161 128 125 132 125 119 114 126 136 146 163 163 148 143
54 60 74 84 81 77 80 81 69 56 58 63 59 53 48 45 35 37 33 43 47 53 67 84 98 112 100 81 58 42 38 50 56 50 28 18 14 8 56 61 92 153 168 180 185 191 189 190 187 173 151 145 161 175 174 169 158 128 114 121 136 157 175 179 182 182 182 118 38 45 117 151 154 107 112 187 185 126 112 118 109 106 107 117 130 146 161 164 145 138
56 66 71 65 65 76 80 73 60 65 67 57 49 50 56 67 64 77 75 71 63 62 66 72 90 111 111 102 83 62 47 49 52 55 43 39 36 36 77 109 137 168 168 187 192 188 183 184 178 174 157 162 178 183 179 171 167 123 67 94 136 149 174 178 173 182 179 112 33 9 62 123 131 52 76 156 196 136 105 95 86 92 102 107 119 140 155 165 148 139
66 62 63 73 81 78 71 69 77 89 87 74 72 72 76 91 87 82 73 74 77 78 74 77 94 104 104 101 89 77 65 58 58 59 53 65 84 100 131 149 161 173 177 184 188 183 190 185 182 178 160 166 179 174 167 157 148 119 46 33 92 139 161 170 170 170 167 98 26 26 96 158 178 123 95 124 191 162 103 72 76 88 103 101 108 130 148 165 154 143
56 61 68 77 76 73 80 86 85 87 86 84 83 79 77 79 79 78 82 84 82 82 85 84 94 104 103 96 95 88 77 71 75 80 81 93 110 123 138 151 165 171 180 183 190 187 182 185 187 182 175 171 166 160 152 140 127 103 32 6 49 108 153 166 166 167 161 97 28 46 139 160 193 169 82 132 172 162 109 70 66 80 94 94 103 124 145 167 145 134
60 67 66 65 79 94 97 96 96 97 98 100 103 102 98 97 92 91 89 93 99 91 86 95 103 110 110 104 101 96 91 91 100 114 120 124 129 139 153 162 162 171 180 185 183 191 188 187 191 191 193 189 173 158 150 143 105 62 21 11 28 76 125 137 148 157 159 99 35 13 69 132 163 133 53 150 154 155 110 77 58 69 85 85 90 115 139 155 151 139
68 62 75 84 85 90 93 98 102 106 108 106 102 98 97 99 96 91 94 99 102 104 102 92 104 108 109 107 103 101 104 110 120 135 145 149 152 160 171 172 177 184 183 195 194 194 181 192 200 204 211 205 184 164 148 134 104 58 28 12 19 59 96 115 138 149 138 87 46 23 69 146 193 166 88 139 156 158 117 76 53 59 76 76 79 109 135 146 147 134
71 70 85 83 74 83 94 104 112 112 110 105 102 99 97 96 98 95 105 107 98 105 110 95 104 104 107 108 106 107 115 123 132 148 165 174 174 181 196 202 197 205 201 207 210 208 190 192 196 213 226 214 187 164 141 123 93 53 45 27 17 43 71 98 124 132 131 96 46 56 138 176 189 188 141 104 159 159 119 74 53 55 70 73 78 108 134 144 138 126
67 70 69 58 65 83 90 106 107 107 104 98 93 89 85 81 81 80 82 88 93 97 103 109 107 105 107 110 110 111 118 125 137 150 163 170 172 183 199 205 202 196 203 210 212 211 200 186 184 197 203 188 169 153 132 117 90 56 59 52 42 45 50 81 106 124 127 100 42 50 134 160 159 162 132 80 151 168 127 85 59 58 69 73 81 106 128 143 130 118
72 56 49 54 67 75 84 104 103 107 109 105 98 94 90 86 75 82 79 75 79 84 95 112 107 107 107 109 110 110 114 121 142 153 156 156 161 175 187 187 188 179 186 194 200 196 188 180 182 182 185 176 165 151 124 106 88 62 58 51 55 61 55 76 96 109 125 108 50 49 128 181 168 166 114 70 142 169 129 89 58 58 66 68 75 95 115 133 125 114
51 45 55 73 83 93 105 110 113 111 109 107 104 102 96 86 88 91 87 79 78 84 91 94 103 108 108 107 109 110 114 121 135 152 157 155 156 164 174 178 173 179 178 175 180 187 180 178 184 176 178 169 154 143 121 102 95 75 73 63 57 71 72 70 90 107 125 112 65 44 74 122 162 166 97 57 154 184 140 97 67 70 78 76 79 96 116 134 129 115
52 61 69 80 91 101 110 110 116 115 113 109 107 108 107 102 99 97 95 95 91 85 84 89 95 104 105 102 106 109 114 123 128 143 150 156 162 165 169 173 172 174 171 174 166 177 176 183 176 163 166 160 151 153 135 108 97 89 86 84 90 89 73 67 88 102 118 101 59 63 106 141 174 186 119 71 161 180 130 92 72 77 87 82 81 98 120 136 131 115
64 61 73 89 98 108 115 114 115 113 110 106 104 105 105 103 100 98 95 96 95 87 86 94 98 101 103 105 110 114 118 125 130 147 154 151 159 169 170 172 169 172 170 175 171 165 171 169 174 173 165 160 159 149 131 120 105 95 106 114 117 109 81 75 88 99 119 94 54 109 172 187 189 181 130 67 149 167 126 91 77 81 90 88 85 96 114 131 129 120
59 63 79 93 96 100 106 107 106 106 104 99 97 97 97 96 95 97 98 98 96 92 92 99 101 106 102 108 118 121 126 127 134 143 145 151 164 159 151 161 165 167 162 161 160 157 158 155 170 171 167 162 157 151 146 146 127 109 108 119 120 115 94 91 95 108 119 88 60 143 217 212 203 194 148 79 145 164 127 97 88 92 98 95 93 98 109 126 130 124
62 62 71 80 83 89 97 99 99 99 96 91 90 91 91 89 88 93 94 91 90 90 93 98 101 109 107 113 116 116 128 128 135 148 151 148 149 149 150 158 157 161 157 152 156 156 151 150 158 159 159 157 155 154 151 149 133 114 97 117 123 125 113 109 108 118 127 95 68 110 148 180 198 179 128 88 146 160 130 97 94 97 100 99 103 107 117 133 129 126
59 62 72 82 87 92 96 95 91 93 91 88 89 89 84 79 75 73 71 74 83 92 97 101 105 107 110 113 107 108 124 129 133 135 135 138 138 134 136 142 146 151 153 150 155 158 154 155 159 161 161 160 160 161 156 146 144 125 82 108 123 132 132 124 121 125 136 101 70 114 142 156 173 159 87 88 142 148 130 104 111 112 111 109 111 115 122 132 134 132
65 72 80 83 81 82 88 93 95 95 90 84 83 82 79 76 72 74 80 85 87 88 93 100 110 104 102 94 88 90 97 112 125 121 117 124 130 129 131 132 136 139 145 146 149 153 156 162 159 159 158 154 149 147 148 147 149 130 73 103 124 130 136 127 128 130 136 103 71 133 192 206 202 169 77 98 141 142 128 115 120 120 119 118 120 126 133 135 137 136
61 71 80 83 85 87 90 93 94 95 89 81 76 73 71 73 69 68 70 72 68 70 85 102 109 109 98 76 71 72 76 105 117 112 110 98 68 69 106 126 130 135 140 143 143 147 156 164 164 157 151 148 144 140 143 150 151 132 85 115 133 130 135 129 126 129 145 112 67 93 125 162 162 96 59 117 142 139 127 122 128 125 122 121 122 129 139 140 141 140
66 74 81 87 94 97 96 96 88 90 87 83 82 75 70 71 74 67 64 67 70 74 84 93 100 106 90 61 56 62 76 106 106 100 79 46 16 35 81 94 118 132 137 142 146 146 154 159 163 155 143 138 139 138 137 141 151 135 114 128 135 134 138 138 140 135 147 110 57 90 125 136 109 48 79 136 141 135 135 137 134 131 124 125 127 130 139 143 142 138
60 71 79 81 86 90 94 99 100 96 89 87 90 89 87 90 83 84 90 92 88 86 91 98 109 111 88 58 50 62 82 98 99 89 48 23 26 35 53 67 101 125 132 141 149 147 150 150 153 151 137 123 124 127 126 128 123 117 125 127 127 134 135 135 134 139 138 125 57 71 141 137 87 61 110 130 142 143 144 147 139 138 132 136 139 132 134 140 147 141
61 74 82 86 89 93 98 98 100 99 97 93 95 97 95 98 102 95 93 93 91 91 95 99 103 118 85 53 58 66 85 96 97 63 24 38 32 31 53 52 79 112 134 140 147 152 151 152 151 143 129 108 93 85 85 99 104 109 116 121 117 121 135 134 131 139 142 130 76 26 67 58 49 89 123 140 148 150 153 154 144 142 138 134 133 139 144 144 150 141
69 80 85 88 90 94 99 99 99 100 99 95 97 100 96 95 94 92 94 90 83 77 83 104 122 121 73 41 60 67 75 94 82 28 20 50 46 47 64 65 67 103 136 148 151 152 147 143 145 141 132 112 91 73 59 59 68 81 98 111 110 113 128 134 130 135 145 139 104 40 23 23 69 109 139 148 150 151 153 152 142 140 138 138 141 145 150 153 150 141
64 73 77 81 86 91 95 94 102 99 99 98 99 97 86 81 87 83 85 76 67 68 77 97 118 115 59 30 47 58 78 100 63 18 22 37 38 53 72 75 70 98 131 145 145 145 145 141 133 132 131 119 100 80 60 50 42 43 52 75 94 106 118 125 130 133 145 138 125 69 9 32 95 125 146 152 153 151 149 146 143 140 136 138 144 145 146 151 152 145
61 71 77 79 80 84 90 92 94 86 84 82 74 63 60 67 66 44 48 53 51 55 63 79 108 94 43 41 48 53 89 102 53 18 15 17 26 50 87 98 80 92 119 139 141 142 146 145 140 134 129 120 102 83 66 56 47 34 24 34 52 68 88 106 116 128 133 122 123 87 18 46 130 140 144 149 151 148 147 147 146 145 139 140 148 151 150 153 152 147
67 70 68 69 72 74 74 70 57 60 60 54 59 67 55 37 31 30 46 49 44 53 67 83 103 85 45 45 43 64 106 105 53 15 17 15 13 51 104 107 96 96 117 145 153 150 148 145 145 139 137 133 118 95 77 66 54 47 40 34 31 34 55 84 107 116 112 115 119 74 17 56 124 131 135 143 147 144 143 143 143 147 143 140 146 150 151 154 151 148
60 57 49 47 50 51 52 49 51 59 67 63 54 50 44 40 47 50 56 60 60 58 67 86 97 71 46 46 47 79 105 111 68 19 11 7 8 52 105 120 112 104 116 144 159 156 151 149 154 148 142 140 129 110 95 85 69 57 46 40 38 34 31 37 68 99 99 100 100 69 36 67 94 112 127 138 142 141 141 137 135 143 146 142 142 146 150 154 152 150
54 63 67 67 62 56 57 57 51 49 51 47 45 52 61 68 67 75 70 70 79 81 84 88 92 66 41 31 43 97 114 114 80 22 50 85 36 46 117 137 120 111 113 135 155 155 150 151 145 146 141 141 138 124 109 97 82 70 60 52 50 49 42 41 38 60 78 91 92 77 63 79 87 100 110 117 121 124 128 127 121 130 138 140 141 144 148 151 150 147
72 73 69 69 70 70 70 69 52 53 59 60 66 79 86 87 83 82 73 81 94 94 90 78 86 68 45 35 42 98 121 124 101 38 39 96 70 76 140 149 133 128 126 140 158 155 143 143 146 152 147 147 149 139 123 108 92 84 79 68 62 61 55 51 53 41 65 89 98 97 89 88 95 96 97 105 112 117 122 123 125 129 138 145 147 147 148 148 142 139
61 70 71 73 76 76 76 73 78 88 90 87 86 86 84 79 75 86 91 101 93 86 81 90 81 63 53 42 54 91 134 129 120 57 42 128 122 89 155 156 143 140 134 148 155 154 159 152 155 156 155 152 143 135 130 120 108 97 90 87 78 75 68 66 71 72 66 73 91 97 98 99 107 106 107 114 119 122 129 132 138 137 143 149 146 145 145 142 142 138
42 55 70 77 83 89 90 96 105 101 101 102 97 98 102 99 104 102 94 82 72 89 97 84 76 60 50 46 71 108 141 134 125 93 53 162 111 95 160 162 156 152 136 144 160 160 162 160 160 160 153 149 146 142 136 128 122 110 98 93 86 85 81 82 84 90 91 91 99 106 110 114 120 123 124 128 131 130 133 136 144 142 145 145 142 145 146 140 133 130
47 49 63 70 82 96 99 111 118 111 112 117 116 119 123 122 102 89 85 94 111 106 79 49 60 72 74 62 79 111 145 147 119 128 53 83 74 109 171 163 164 160 141 143 158 157 158 159 164 168 161 157 157 153 146 139 130 120 108 102 97 98 92 95 98 104 111 108 114 126 128 129 136 141 140 142 145 142 141 143 147 146 146 143 141 146 146 137 130 127
40 44 59 70 81 90 91 100 106 112 118 117 112 104 97 96 102 108 119 106 78 36 34 54 74 76 78 72 90 113 149 167 127 119 103 17 80 158 179 168 174 167 151 155 166 166 164 159 163 170 166 161 158 155 151 145 142 132 118 112 109 111 107 112 107 113 127 122 120 131 134 139 143 145 142 144 147 147 147 145 146 146 148 146 144 146 143 135 132 131
49 47 47 56 67 77 87 95 99 96 93 90 94 100 103 109 105 81 74 58 51 59 75 70 66 69 78 75 90 112 152 178 148 109 118 56 83 172 171 173 167 167 159 162 167 165 165 165 164 168 166 161 155 155 158 152 148 141 131 128 124 125 118 120 114 115 127 125 125 135 139 145 147 145 144 146 147 149 152 146 147 146 149 151 148 143 139 134 134 134
68 70 69 72 69 68 79 87 82 77 85 90 89 87 77 70 68 64 88 94 78 70 68 60 65 77 86 71 80 112 157 181 174 142 95 93 88 154 171 172 169 171 162 162 171 168 164 167 167 168 167 164 160 162 164 157 156 147 139 135 130 132 129 130 134 127 128 129 132 139 140 144 150 148 149 152 149 150 154 149 151 149 150 151 147 139 135 134 137 137
56 55 63 74 81 85 87 90 90 84 89 85 80 86 90 92 100 100 89 67 56 61 57 61 88 98 107 89 93 115 155 182 174 168 133 115 121 140 168 174 169 173 168 168 172 170 167 170 167 168 166 164 163 163 163 158 158 151 149 150 143 145 141 138 138 137 137 137 139 143 149 154 152 150 151 155 154 154 156 153 153 149 148 147 143 138 136 138 142 141
59 43 41 42 52 66 67 72 70 73 79 79 90 101 89 79 75 74 58 47 51 66 69 95 109 121 122 95 99 123 157 177 180 176 159 152 145 147 165 170 170 168 171 176 178 179 177 172 171 172 165 161 161 160 161 161 159 152 154 158 150 154 151 146 143 144 140 142 149 153 156 155 159 156 154 159 164 163 164 162 152 148 145 144 142 139 140 142 146 145
51 57 57 53 46 45 56 57 61 61 66 65 56 57 59 52 59 59 65 64 73 93 100 102 94 102 116 95 88 126 157 175 174 179 179 174 169 163 165 174 178 178 175 174 178 182 181 172 170 170 171 168 168 168 162 158 161 157 157 165 162 158 154 153 153 153 154 158 159 162 164 159 159 161 162 163 164 162 157 151 147 147 143 146 146 145 149 145 139 134
58 61 51 46 47 45 45 44 47 47 53 55 54 60 68 68 63 67 74 74 88 101 85 67 67 111 139 115 105 135 160 175 175 176 176 177 177 172 171 177 184 186 176 168 172 177 178 177 173 171 176 174 169 171 173 173 172 167 165 167 165 166 163 162 164 164 162 168 172 166 162 163 168 167 170 174 172 163 157 157 157 155 153 153 149 141 132 122 121 116
42 55 59 57 53 47 48 51 50 47 49 53 57 60 59 56 60 61 68 73 71 60 53 66 98 124 144 131 117 134 159 173 177 175 173 175 178 177 177 182 180 185 176 168 176 180 177 178 173 172 176 176 175 176 176 176 172 173 172 172 173 171 170 172 171 169 167 169 173 172 173 179 182 173 152 126 110 110 118 123 119 118 121 116 109 106 105 105 103 98
57 60 64 64 59 54 50 43 45 45 45 46 47 48 50 53 53 52 49 40 38 44 55 72 98 108 131 148 143 141 154 165 173 173 173 173 176 177 180 184 183 185 176 168 175 180 175 176 176 178 176 175 182 184 178 180 180 180 181 174 177 179 179 182 181 178 181 182 179 176 161 143 103 70 32 13 16 23 25 24 29 25 30 31 37 49 55 62 55 53
62 63 66 62 55 53 55 55 51 50 48 48 48 46 46 50 44 43 46 46 45 46 53 61 61 75 88 109 130 138 149 161 165 171 175 174 171 172 173 173 177 178 179 174 175 179 178 179 172 176 178 178 183 184 178 178 179 175 189 185 186 188 181 173 178 168 155 127 98 79 56 35 10 9 11 16 20 20 18 16 18 13 16 13 11 14 11 11 22 24
81 78 71 63 65 68 67 72 71 64 58 57 61 61 58 57 58 60 59 54 50 53 50 40 46 46 42 47 66 90 116 135 148 155 162 165 167 171 171 168 173 169 175 173 168 170 170 172 182 172 171 169 167 170 170 166 158 157 121 108 105 97 123 92 56 43 29 13 7 9 6 9 18 21 20 14 12 15 16 14 13 13 17 17 14 15 14 15 12 15
65 75 84 80 75 68 63 69 71 72 74 74 71 68 65 63 58 63 61 55 54 57 54 44 41 36 36 33 28 32 47 65 84 98 117 131 138 145 153 158 155 147 156 165 170 173 164 157 139 146 172 183 169 160 168 178 172 142 82 20 8 6 36 71 14 7 11 12 14 15 12 19 15 12 13 16 16 12 12 15 17 15 12 14 16 17 19 16 15 18
64 65 74 76 75 77 74 72 72 71 73 74 73 75 76 73 64 63 57 55 52 41 36 38 30 29 26 24 28 23 20 34 46 47 64 94 121 134 131 124 113 94 97 113 132 140 124 109 97 120 166 195 186 167 165 179 177 178 101 10 14 16 21 40 33 14 15 16 13 16 14 13 15 15 14 13 13 15 14 13 12 16 16 20 18 15 19 17 18 20
81 70 70 69 71 77 72 73 80 77 74 61 73 85 76 69 70 69 62 53 50 48 40 30 25 29 24 21 18 15 21 26 31 43 47 70 128 137 135 108 98 85 78 67 71 61 64 124 135 151 187 179 174 169 167 158 177 159 56 7 18 12 70 114 39 17 12 20 16 13 16 15 12 13 14 14 15 15 15 16 13 16 14 13 14 13 13 15 12 14
75 87 85 78 72 76 71 68 73 77 68 67 78 65 60 67 57 54 54 55 54 53 46 34 33 24 30 26 25 23 12 22 17 26 29 62 123 142 145 127 112 108 96 78 76 71 85 147 173 176 177 146 156 178 178 160 145 64 10 13 5 17 109 87 15 13 15 18 16 16 16 13 16 16 15 15 15 14 13 13 13 16 16 15 15 14 14 17 12 14
74 73 68 80 80 80 86 88 87 84 91 94 75 53 57 49 46 52 45 39 45 45 39 39 32 30 29 30 34 30 20 16 40 45 52 86 118 136 160 169 160 149 133 106 85 87 119 165 168 137 128 134 158 145 97 56 67 70 48 52 52 64 78 23 15 23 24 18 17 17 16 15 16 15 14 14 16 16 15 15 14 16 16 15 16 16 15 15 16 17
122 107 83 73 74 62 54 46 54 55 61 59 64 63 57 48 49 57 54 51 50 37 26 33 27 36 33 23 27 33 49 86 149 84 39 60 62 58 83 112 128 136 149 146 128 127 148 163 128 123 149 144 97 42 14 5 13 56 89 88 72 32 21 16 28 31 28 24 25 26 26 29 25 22 20 21 22 22 22 21 21 20 19 21 24 24 20 16 19 20
164 150 122 95 109 95 77 64 41 44 37 28 45 59 59 58 61 59 54 40 28 31 32 24 20 25 27 29 10 17 95 168 173 88 12 16 18 13 12 17 33 47 62 91 124 140 142 134 139 139 105 43 13 9 11 18 12 11 17 16 20 14 16 21 18 18 18 19 21 21 20 21 28 25 24 25 26 28 29 28 35 34 35 38 41 42 37 32 33 35
143 157 166 141 132 122 120 108 81 66 61 58 52 55 70 69 59 33 28 40 35 23 22 28 31 36 38 21 14 11 38 112 135 114 63 42 45 63 68 67 54 63 64 65 67 72 81 84 69 30 7 9 17 17 14 16 18 19 15 19 11 20 22 13 15 16 18 19 17 18 18 15 16 14 14 17 18 20 23 22 21 22 25 28 28 29 27 24 29 31
132 133 144 160 155 151 154 145 122 114 102 76 69 70 59 38 30 31 32 34 38 41 36 27 29 33 27 21 24 16 7 23 46 72 76 73 68 62 52 45 37 31 27 27 23 23 24 15 11 11 15 17 15 18 17 15 17 20 19 15 21 14 15 16 16 17 19 18 18 19 21 20 22 20 21 23 21 21 22 21 18 18 20 21 20 21 22 21 17 19
158 157 129 137 133 139 146 155 138 120 121 114 124 120 94 94 82 69 62 53 37 35 39 34 34 25 21 23 21 17 17 14 4 12 15 15 14 11 11 8 12 12 9 9 10 9 10 14 15 16 14 16 15 15 11 15 15 13 14 15 11 18 10 16 16 14 13 15 17 16 16 19 22 20 23 25 23 22 24 22 24 21 21 20 18 20 22 20 20 22
167 167 165 165 159 150 144 137 140 151 154 156 157 155 158 163 150 138 132 112 107 99 84 64 60 57 40 28 32 28 20 26 22 18 15 15 16 18 19 17 18 18 19 22 19 16 19 17 17 17 17 17 16 15 15 14 15 17 14 17 13 14 14 13 15 18 16 14 15 15 15 16 18 18 19 18 21 25 23 25 26 26 24 27 24 26 23 21 24 23
166 162 160 166 172 173 171 164 165 165 163 166 163 149 147 155 158 156 165 154 156 154 148 135 117 108 90 72 63 53 42 42 43 38 33 31 29 30 30 28 28 28 29 31 28 25 28 26 25 24 23 23 21 20 19 18 18 20 17 20 16 17 17 16 17 19 17 14 15 16 17 18 19 18 18 17 19 23 22 23 22 23 23 29 30 34 32 30 28 26
