156 156 155 146 132 129 125 117 109 113 93 91 97 74 51 50 55 59 53 46 39 30 29 33 36 34 31 29 28 29 29 27 29 28 27 28 27 24 27 34 35 40 46 46 40 38 39 37 34 34 42 49 50 56 58 52 51 50 46 46 48 45 48 57 49 64 91 78 83 62 44 49 45 55 69 68 59 68 73 77 73 84 65 56 53 49 55 44 43 45
142 141 136 138 145 122 116 108 107 81 91 95 59 49 61 44 40 38 30 28 28 28 30 30 32 30 27 25 25 28 31 31 25 29 29 27 27 28 28 28 28 31 37 41 41 43 42 38 37 34 34 42 53 57 51 40 48 54 48 41 46 50 56 69 61 64 64 47 48 38 38 46 66 61 61 60 50 57 58 59 67 72 62 52 49 45 44 40 38 38
143 141 141 141 119 110 115 103 97 88 74 53 42 45 41 31 28 33 35 36 32 31 34 32 32 31 31 31 30 32 33 32 28 30 29 26 27 29 28 26 26 28 34 40 43 46 46 42 44 44 36 32 38 42 44 48 51 46 42 42 47 54 54 49 47 62 62 56 46 36 46 55 64 67 62 55 47 47 46 56 59 56 55 49 50 52 45 47 42 40
129 128 132 135 119 117 104 101 80 55 42 39 40 37 31 37 34 36 37 37 32 34 39 35 36 36 35 34 31 30 29 28 33 30 28 29 30 29 27 26 26 27 31 33 32 33 34 33 38 49 50 44 38 34 36 46 44 45 50 51 44 41 42 39 41 51 47 47 36 37 48 56 52 59 69 76 73 74 63 53 47 44 47 42 44 46 40 45 42 41
93 103 117 111 100 93 80 72 60 44 42 42 40 40 35 33 37 28 22 25 31 40 42 30 35 34 32 32 32 34 36 38 31 28 27 30 30 29 27 25 25 26 28 29 30 31 35 38 33 37 39 36 32 28 28 29 27 39 43 44 47 39 29 31 32 36 36 40 32 40 41 47 66 85 88 85 76 60 39 34 37 41 45 42 41 42 41 42 36 36
95 111 101 89 80 82 69 57 41 39 45 40 28 27 32 31 31 31 31 32 29 29 31 24 32 29 27 27 27 28 29 30 34 33 32 31 31 34 37 35 31 30 27 27 27 27 29 31 30 27 28 30 31 32 29 24 36 45 44 36 34 31 28 30 31 29 32 35 34 46 42 47 56 56 52 51 40 39 45 51 56 50 38 32 36 40 39 33 31 31
76 65 52 62 44 54 48 39 40 43 36 30 28 26 28 28 28 26 24 27 28 30 33 29 32 29 27 28 29 28 27 26 30 29 29 29 27 30 34 35 33 31 28 28 28 27 26 28 26 24 27 31 32 34 34 31 36 37 39 35 26 27 32 30 28 28 32 29 25 32 34 42 38 41 34 36 33 28 27 31 33 35 35 32 29 28 28 28 28 28
58 46 41 38 35 44 34 36 33 39 32 28 26 27 31 26 27 27 25 26 25 26 32 34 36 31 27 26 27 27 27 25 28 26 32 38 34 29 30 33 32 32 31 31 30 26 25 27 26 28 33 38 40 41 40 38 46 41 37 35 33 30 30 31 30 30 32 32 34 35 31 31 29 32 29 32 28 29 30 26 28 25 28 27 26 28 27 31 28 28
82 61 49 43 40 44 43 37 32 35 31 29 31 29 28 27 26 28 29 27 26 29 37 45 48 41 33 32 26 29 29 28 28 30 33 36 35 34 35 38 37 30 34 31 33 33 29 27 30 29 35 40 48 53 62 65 61 43 43 47 42 37 33 39 38 34 37 39 37 40 35 36 41 39 35 31 29 29 30 30 29 28 27 28 30 32 32 32 30 30
68 42 33 37 38 37 33 29 24 30 29 29 30 27 27 28 29 29 29 30 29 28 28 29 37 38 33 31 27 28 27 28 28 30 32 32 29 27 29 31 29 31 30 28 31 31 34 23 21 25 33 42 38 59 66 59 54 65 51 44 37 41 34 33 32 32 42 37 39 40 42 36 34 33 31 29 28 27 27 27 28 28 27 27 28 28 28 28 28 28
31 29 33 31 28 34 34 28 30 32 28 25 25 24 27 29 27 26 25 26 29 28 26 26 25 28 24 25 27 31 26 26 27 27 26 26 27 28 27 25 31 38 31 29 32 49 103 128 100 106 94 77 89 76 63 64 69 46 33 35 38 32 32 34 33 34 42 49 35 34 30 32 32 30 29 29 29 27 26 27 28 28 28 28 27 27 27 27 26 26
33 31 36 35 31 34 33 28 32 32 29 29 30 28 28 27 28 27 25 25 26 26 26 28 27 30 27 28 27 29 27 30 31 33 34 33 29 26 28 32 31 33 32 41 41 52 126 183 207 210 196 189 190 181 163 162 127 91 76 57 38 30 29 36 31 24 28 30 30 27 29 30 31 29 27 26 27 25 24 26 27 27 28 28 28 28 28 29 26 26
39 33 34 32 29 31 31 30 33 32 27 29 29 27 27 25 27 27 27 28 28 26 26 28 27 25 26 32 30 31 29 29 28 30 34 37 35 31 32 36 43 50 52 53 58 75 121 149 170 166 165 173 186 209 210 193 201 217 203 177 139 120 61 30 59 99 87 37 26 29 28 27 32 30 28 28 28 26 25 27 25 25 25 25 26 27 28 28 27 27
35 31 34 34 33 33 30 27 43 41 37 37 35 31 32 31 29 28 26 27 28 27 27 28 27 30 36 39 28 25 26 30 35 34 39 52 64 71 76 80 82 80 81 76 72 75 97 114 116 119 123 118 129 137 148 149 179 216 210 207 208 205 156 92 155 238 205 89 22 28 30 32 30 30 30 30 30 29 28 28 26 26 25 25 26 26 27 27 27 27
37 31 35 38 35 35 47 64 71 63 52 47 41 37 38 38 38 35 31 30 30 30 32 36 30 37 43 53 62 81 98 110 127 134 143 149 151 149 147 146 152 146 142 139 141 137 137 132 117 114 112 123 122 121 106 97 92 144 192 201 203 193 189 126 91 153 119 35 30 28 22 30 26 28 29 28 27 27 26 26 27 28 28 27 27 26 26 27 26 26
37 38 40 36 38 51 62 67 62 55 47 49 49 47 46 42 38 38 38 39 40 41 46 52 72 97 119 140 155 168 167 167 169 173 175 173 173 178 180 178 179 179 176 175 178 175 177 166 165 164 155 141 139 134 128 122 98 91 120 157 196 207 204 137 35 26 22 34 32 30 33 30 27 30 29 26 25 26 27 27 26 27 28 28 26 25 25 26 26 26
40 40 45 42 49 55 44 59 47 50 49 49 52 53 53 55 58 58 58 64 74 81 95 114 141 160 166 168 166 162 147 153 164 171 171 176 180 181 188 190 191 195 192 187 188 189 187 186 188 190 181 172 173 170 159 152 143 136 123 116 129 163 157 95 27 29 40 45 42 50 60 59 56 53 39 26 26 27 25 27 28 26 26 27 26 26 26 26 26 26
55 48 55 55 57 54 53 54 62 59 58 58 62 70 81 88 92 98 103 110 122 133 145 160 165 174 167 173 167 123 108 129 152 176 177 171 181 188 200 200 204 204 200 197 198 197 195 196 199 201 197 193 193 191 183 176 168 168 164 158 147 148 147 120 81 60 45 38 34 38 43 37 38 34 33 30 24 25 29 27 27 25 26 26 26 26 26 26 26 26
66 54 64 53 66 68 62 64 80 78 83 90 97 108 122 129 135 144 149 151 157 161 164 168 167 171 175 177 160 109 105 123 148 167 168 167 171 185 199 203 205 203 201 202 204 202 202 206 204 203 201 198 198 199 198 195 186 176 167 170 168 164 169 167 164 155 139 102 55 28 23 21 28 29 23 22 27 28 24 24 26 25 25 26 26 26 26 26 26 26
70 61 60 68 73 52 57 66 84 94 110 125 139 152 162 163 165 170 169 166 169 174 176 179 186 183 187 167 135 111 122 143 152 161 155 153 153 162 182 193 198 199 200 201 201 198 199 204 206 204 206 208 207 207 206 201 192 184 175 173 167 159 163 168 172 168 167 169 165 144 97 49 26 21 25 29 25 25 29 29 26 25 25 26 26 26 26 26 26 26
72 67 74 79 66 62 79 96 113 131 147 157 166 173 175 174 175 176 173 172 175 178 181 184 190 189 182 159 123 111 123 146 153 156 155 145 141 131 151 180 184 192 199 201 199 199 202 205 207 205 208 212 210 209 208 201 195 188 179 172 165 159 159 157 163 166 167 165 164 166 157 140 100 62 32 24 22 23 25 24 27 26 26 26 26 26 26 26 26 26
70 71 82 60 56 89 98 120 135 155 169 171 173 175 174 173 174 174 175 178 182 184 186 188 199 195 172 147 110 115 143 153 150 161 145 133 105 105 139 166 167 179 192 198 201 206 211 213 215 213 214 215 213 213 212 207 205 195 184 173 161 155 154 152 161 164 167 165 164 165 164 161 155 140 99 51 27 23 26 29 28 26 26 27 26 26 26 26 26 26
62 70 66 62 82 105 125 141 158 168 176 178 178 179 180 180 179 179 178 177 180 184 190 194 200 195 175 143 107 115 144 142 154 149 130 87 73 100 122 156 153 164 180 191 199 209 215 217 217 219 221 220 217 216 212 207 199 190 181 172 160 149 143 143 151 155 158 159 162 166 168 169 161 156 151 126 75 32 21 25 28 26 26 26 26 26 26 26 26 26
59 66 71 74 99 120 156 167 175 173 174 176 176 180 184 184 182 185 185 182 183 190 197 201 201 191 173 131 110 111 136 155 150 142 85 66 110 66 113 141 140 149 166 184 198 211 220 222 224 227 225 220 217 216 215 213 199 192 183 172 158 142 132 134 141 150 154 154 159 166 169 168 173 164 153 149 136 95 47 24 27 26 26 26 25 25 26 26 26 26
49 67 83 102 125 163 175 177 178 177 179 182 184 185 186 185 187 188 186 184 187 194 200 201 203 197 166 127 99 98 134 150 155 107 78 131 77 51 106 123 134 145 152 177 197 209 226 222 225 225 226 223 218 215 211 204 195 186 182 168 152 144 136 134 139 144 149 155 159 161 165 172 174 169 163 160 150 143 117 60 29 28 22 27 29 24 26 26 26 27
61 74 97 131 157 177 175 174 180 184 187 191 195 193 189 189 191 189 186 186 187 192 201 207 213 193 161 132 104 85 126 159 147 103 136 110 51 96 124 127 134 149 147 164 196 207 219 223 228 228 228 225 220 215 209 202 192 183 175 165 153 141 131 131 140 144 155 161 155 155 164 171 170 168 166 165 153 146 143 124 69 28 25 27 21 29 30 25 24 25
68 93 124 152 166 174 175 187 190 195 195 195 198 195 192 195 194 189 187 189 190 192 201 210 209 198 164 120 96 89 133 159 138 130 155 73 93 189 157 137 139 153 142 149 193 205 215 223 224 224 225 222 218 213 206 198 186 182 171 162 149 131 126 132 140 146 160 166 159 153 158 164 171 168 163 167 163 153 147 139 128 77 33 20 25 28 25 26 27 26
71 107 141 159 174 186 187 192 202 204 202 199 198 196 194 197 194 191 191 194 197 199 203 208 207 192 152 102 83 80 129 157 134 166 140 47 99 146 184 161 146 155 137 138 186 204 216 221 224 223 223 221 216 212 205 197 186 180 161 150 137 122 124 131 128 135 145 156 163 158 156 162 168 170 167 166 164 157 150 142 142 125 74 31 25 24 21 28 26 26
74 114 154 171 188 199 204 210 209 211 211 208 204 201 200 198 199 197 198 201 206 209 209 207 209 188 149 108 85 74 121 155 141 193 104 19 30 21 96 158 148 153 127 132 184 204 216 218 224 223 222 219 214 209 201 192 184 172 152 144 135 122 115 109 93 102 117 141 161 163 156 157 162 169 171 168 164 163 159 150 148 134 128 81 29 22 23 24 23 21
94 116 151 178 202 208 212 219 214 214 214 212 208 208 207 204 207 206 206 208 212 217 215 209 205 187 144 100 66 63 113 149 134 192 86 67 56 29 28 122 142 147 114 135 188 205 214 217 220 219 219 216 210 204 196 186 170 158 142 133 121 104 91 81 86 86 98 121 142 154 160 163 165 165 168 170 169 168 160 149 155 145 136 119 99 88 71 48 37 29
107 118 151 183 211 214 213 215 216 217 214 210 210 212 213 212 213 213 213 214 216 218 217 212 204 185 141 103 58 54 98 133 130 156 60 61 44 28 42 94 137 135 101 148 196 207 215 217 218 218 218 215 208 200 188 177 162 148 131 115 103 91 86 93 104 102 108 123 140 153 162 167 171 169 170 171 169 166 165 164 158 157 146 134 113 118 146 133 110 101
109 123 159 186 210 216 220 220 217 220 215 211 215 217 215 217 216 216 217 218 217 216 215 212 211 193 148 112 59 54 88 115 107 132 53 19 23 29 34 88 135 123 95 161 201 209 220 217 218 218 218 213 202 190 175 162 145 129 111 99 97 92 89 106 125 128 128 136 153 161 165 173 173 172 173 172 170 167 166 171 166 163 149 144 130 106 112 139 149 144
109 136 156 187 213 214 218 220 221 217 215 215 216 218 218 217 216 217 219 220 219 218 216 213 209 197 162 111 66 55 78 100 88 111 64 32 81 52 34 95 124 105 112 175 204 212 213 217 218 215 216 208 190 176 160 140 124 108 92 101 104 97 105 143 146 131 90 109 155 164 177 180 181 176 178 176 175 177 174 175 171 172 162 150 144 117 96 118 137 143
112 139 154 183 211 215 218 221 220 217 215 216 217 217 217 217 218 219 220 220 219 217 215 211 213 201 169 122 77 59 73 89 63 98 76 52 80 70 91 118 120 98 136 190 206 211 209 214 212 214 209 194 176 158 133 110 98 93 113 127 131 132 160 176 160 120 36 66 152 172 179 185 189 181 182 183 183 182 177 177 178 178 173 161 151 140 113 89 114 136
108 137 155 182 209 213 216 220 218 215 215 217 217 216 216 217 219 219 220 220 218 216 214 210 208 199 175 137 94 70 74 83 61 82 75 75 115 133 122 114 110 105 162 202 212 216 213 212 217 213 201 181 151 113 89 87 95 127 153 159 155 169 184 178 161 121 45 29 120 183 184 179 190 184 186 186 184 183 180 178 180 177 178 176 164 157 138 101 95 121
103 133 157 185 207 211 214 217 215 212 214 217 217 215 216 218 217 217 219 219 218 216 213 210 206 199 180 150 111 83 78 80 73 54 77 51 87 110 90 112 99 138 184 207 208 208 213 214 214 208 187 151 105 72 78 106 129 170 178 174 172 186 187 177 164 130 61 22 69 153 181 178 184 184 186 184 180 181 181 179 182 180 179 182 173 161 150 129 94 98
112 135 163 191 208 212 217 217 213 212 214 217 217 215 216 217 216 216 218 219 218 216 213 209 206 197 180 157 126 99 87 81 89 65 61 55 51 71 100 114 117 172 197 211 209 212 213 213 207 185 154 134 137 152 157 154 169 177 182 182 189 184 187 178 169 120 60 31 57 139 161 172 176 179 180 182 181 179 179 180 185 190 186 185 181 172 161 144 113 86
124 138 162 189 204 210 216 213 214 213 214 216 216 215 215 215 216 216 217 218 218 215 212 209 205 194 175 158 136 113 96 84 85 89 72 73 46 104 129 115 163 195 205 215 213 219 207 203 194 171 167 188 204 200 187 178 182 179 182 188 192 189 184 180 161 105 69 50 109 155 149 153 167 170 169 175 181 176 175 179 186 191 193 193 187 177 167 157 136 94
136 145 166 193 208 213 216 215 214 212 212 213 214 215 215 213 215 213 214 216 216 214 212 209 207 196 179 163 143 122 104 89 84 102 108 129 131 154 167 163 189 204 212 214 205 203 194 191 187 185 190 199 202 199 193 185 153 167 178 185 184 191 179 181 152 107 68 81 164 160 157 147 156 165 160 163 174 173 172 177 186 188 196 198 189 177 164 160 145 112
132 143 166 192 208 210 209 211 212 211 210 210 212 215 215 213 212 210 211 213 214 213 212 210 204 197 184 170 151 131 116 103 88 110 134 159 174 175 166 178 190 200 206 205 203 197 197 192 196 196 195 191 190 191 186 176 85 109 159 179 187 188 183 183 147 110 71 105 176 178 166 157 149 167 160 153 165 171 174 177 184 191 200 199 198 192 170 157 148 129
133 145 167 190 204 208 207 208 210 208 211 212 211 212 214 212 208 210 210 213 212 209 210 207 199 191 183 175 160 140 123 116 106 124 148 171 183 181 179 185 194 199 202 204 202 192 190 200 202 204 200 201 190 177 166 138 49 60 123 162 178 184 185 182 147 119 64 112 200 188 169 179 158 155 156 146 148 162 172 175 185 193 199 202 201 195 179 158 146 126
130 147 165 184 197 203 206 209 207 205 207 211 210 211 212 210 209 210 210 211 210 206 205 201 195 188 182 176 164 148 137 134 134 145 158 168 174 181 189 195 201 204 202 199 196 193 195 203 207 208 212 214 198 181 149 88 20 52 96 139 170 177 188 180 153 126 85 174 223 203 177 200 174 160 148 139 138 158 168 176 185 196 202 203 199 192 178 160 146 124
145 161 169 180 191 196 202 203 205 201 203 207 208 209 210 210 210 211 209 209 207 202 200 196 190 185 181 177 168 158 154 157 165 169 177 184 186 192 198 200 204 204 201 195 193 198 205 209 213 214 217 216 198 188 168 119 45 50 95 123 144 174 189 184 157 137 78 111 202 214 188 215 189 163 134 126 129 150 158 173 183 195 204 206 204 196 184 167 149 126
148 162 166 178 193 197 199 198 204 200 199 202 205 206 208 210 209 211 208 207 204 200 198 194 189 184 179 176 170 165 166 172 185 183 187 196 201 202 204 206 202 201 200 198 197 204 212 212 221 224 222 217 199 185 178 163 124 98 96 101 121 158 180 187 155 116 74 140 214 229 200 204 186 157 123 111 129 148 154 169 182 195 204 208 207 200 184 165 151 127
161 168 169 179 192 193 195 195 201 197 195 198 201 203 205 207 206 209 207 205 202 198 197 195 191 185 180 176 172 168 172 178 199 199 199 204 209 206 203 205 207 202 203 204 203 207 211 210 219 222 217 212 202 186 174 162 135 111 97 96 111 144 171 190 158 121 76 184 232 227 206 190 175 159 126 97 127 146 151 160 176 189 197 201 203 196 181 164 149 124
166 170 176 183 191 193 195 198 195 195 195 196 199 200 201 203 204 208 206 204 202 198 197 195 193 187 181 177 172 169 172 178 197 205 208 209 210 207 201 200 205 198 196 196 194 194 196 196 200 203 199 193 190 187 175 154 130 113 93 89 101 137 169 186 157 113 84 174 229 223 211 181 165 160 129 86 119 140 148 152 168 184 191 193 193 189 180 169 148 120
163 168 184 190 191 195 191 191 193 195 196 197 199 201 202 203 205 209 206 204 203 199 195 193 192 187 182 176 169 165 167 172 179 186 191 193 196 197 196 196 197 192 187 185 185 186 188 190 185 188 187 182 178 175 163 143 129 129 84 81 96 124 169 184 147 107 82 132 187 210 195 182 168 157 123 84 114 137 145 152 169 184 189 188 185 181 176 169 152 123
174 175 190 188 187 195 192 193 194 198 198 197 199 202 204 206 208 212 207 205 205 200 195 190 189 185 180 174 166 159 160 165 169 168 173 181 184 183 183 181 180 178 173 170 173 177 181 184 183 182 181 183 182 170 154 143 135 108 76 74 82 123 160 166 131 95 80 136 199 219 200 193 187 161 119 92 115 133 136 146 167 181 185 184 183 180 176 169 155 127
175 184 190 190 187 189 195 193 191 192 198 200 200 200 199 203 204 206 205 205 203 199 195 189 187 180 173 165 157 150 147 153 160 159 165 164 166 160 165 159 159 160 161 161 163 168 173 176 181 183 186 183 185 167 140 123 120 105 94 75 82 103 145 159 122 89 89 184 227 220 193 184 181 155 113 91 112 127 137 146 164 177 182 184 186 184 177 167 149 128
181 186 190 192 190 191 196 193 193 193 197 198 198 199 198 202 202 204 203 203 202 198 196 190 181 177 171 162 151 139 136 146 147 153 148 147 151 144 158 158 162 163 163 160 155 155 163 171 174 175 177 181 179 158 135 111 109 116 105 81 82 94 133 145 118 85 101 198 219 212 188 177 167 145 109 92 112 124 134 149 167 175 181 185 186 184 176 160 140 120
181 184 186 189 190 192 196 194 194 191 193 193 194 195 195 198 198 202 203 205 203 199 195 190 184 176 167 156 143 129 123 132 135 139 131 131 136 133 147 151 159 160 162 162 157 151 153 160 162 164 167 173 170 157 149 122 111 128 115 92 90 90 120 132 107 81 98 182 203 204 177 170 152 132 104 94 114 122 133 151 168 174 180 184 184 182 172 151 134 116
187 188 187 190 191 192 195 194 194 190 190 190 191 192 192 195 195 201 202 203 200 195 192 187 179 167 158 151 142 130 117 113 121 119 118 116 117 119 128 141 149 152 156 160 161 156 151 150 154 156 159 159 157 158 163 144 125 130 118 104 102 98 116 126 109 82 87 151 179 182 160 158 145 123 103 101 119 126 137 151 167 173 178 181 180 177 165 146 133 114
182 184 183 186 188 190 194 196 194 190 190 190 191 193 192 195 196 200 199 197 192 187 188 186 180 165 153 140 129 122 109 96 98 105 114 120 120 116 115 129 139 147 153 155 158 157 152 149 144 141 146 146 153 165 172 165 133 124 120 113 109 109 118 126 113 87 115 191 199 157 141 154 142 121 109 111 123 128 141 150 164 174 178 178 176 171 160 146 132 112
184 187 186 187 189 189 192 194 192 188 188 189 189 190 190 194 195 199 198 196 190 185 185 183 182 167 151 131 115 108 96 82 83 91 95 110 115 116 119 120 133 149 159 160 160 158 155 154 150 140 142 146 161 172 174 169 127 123 128 122 115 121 126 132 117 97 110 178 176 133 136 155 137 126 122 122 128 131 142 150 162 174 177 175 174 168 158 147 131 110
177 182 183 184 187 188 191 191 187 184 184 185 185 185 185 190 193 197 197 196 192 186 184 179 169 156 138 120 112 103 84 72 72 71 83 99 93 115 135 124 133 151 165 170 171 167 162 163 158 147 141 143 159 170 172 159 120 129 133 130 125 129 132 140 130 108 82 133 127 123 143 141 133 134 135 131 136 136 144 151 160 171 176 175 172 167 159 146 131 111
176 182 183 184 187 188 189 187 185 182 183 183 182 182 183 188 191 194 192 192 189 185 183 178 167 149 119 101 102 96 77 68 63 50 79 83 52 99 145 138 136 150 162 172 178 176 170 170 166 158 141 132 140 151 157 134 117 133 131 131 133 132 133 144 142 107 90 172 132 109 134 132 131 140 142 136 143 142 145 152 160 167 174 175 171 168 161 144 131 113
173 176 180 182 182 183 186 186 185 182 180 180 180 178 180 183 188 188 190 185 187 183 179 175 162 132 101 83 94 83 66 61 44 66 100 54 89 122 137 145 149 152 158 175 181 184 181 179 174 168 155 133 117 116 117 112 123 133 130 131 131 131 141 143 144 112 76 122 104 107 127 130 141 143 139 139 145 147 147 151 156 165 170 171 170 169 158 138 126 114
170 172 175 177 177 178 178 177 180 178 176 177 176 175 176 179 185 186 190 187 189 186 183 177 147 116 87 71 78 74 63 49 50 118 77 92 188 168 135 148 149 150 159 175 186 192 191 187 184 181 177 162 138 117 106 101 112 130 132 133 137 137 140 143 145 112 76 97 79 98 123 130 144 140 139 144 149 149 146 146 155 168 169 164 162 158 151 142 127 111
166 168 172 175 177 178 178 176 177 175 175 175 175 174 175 178 179 181 186 185 188 185 183 174 143 109 84 70 69 68 61 45 90 130 74 167 222 193 138 149 147 143 157 173 190 199 202 197 197 190 185 182 169 147 123 105 99 107 124 133 130 131 139 142 144 120 59 39 54 99 123 139 140 143 148 151 147 145 147 149 158 167 165 159 156 152 147 141 123 100
165 167 171 173 173 172 170 168 171 171 172 173 172 171 172 173 175 177 181 181 184 183 180 167 130 98 79 67 66 65 55 55 125 126 81 172 194 216 151 136 142 136 150 168 189 201 208 203 204 201 197 190 182 172 157 142 119 105 114 127 126 129 135 138 137 117 52 19 46 104 132 137 140 150 156 151 145 147 152 155 161 160 158 158 154 152 146 131 118 88
164 166 170 172 171 170 168 167 167 168 170 170 170 169 169 169 172 173 177 180 184 183 179 161 125 99 84 67 69 72 57 74 147 113 64 70 62 145 156 130 136 131 141 164 187 201 210 208 208 207 202 196 193 187 170 152 144 125 111 110 123 133 135 138 133 106 40 30 77 122 144 145 150 156 153 148 151 155 155 154 157 154 152 154 152 148 140 121 107 73
155 157 162 166 167 166 166 166 165 166 167 168 167 167 166 165 165 167 173 178 183 182 179 156 120 103 84 63 72 82 64 86 163 91 97 69 31 39 103 118 130 129 131 164 187 202 212 212 213 212 206 200 196 189 178 168 152 142 124 106 104 122 136 135 128 93 29 50 106 131 144 152 155 156 151 151 156 155 151 153 151 154 151 150 148 140 127 113 88 58
153 154 158 162 164 165 165 165 161 162 162 161 161 162 161 159 160 162 167 173 177 178 178 154 116 99 74 66 82 95 80 93 157 75 24 31 29 38 65 115 123 127 120 164 188 204 212 213 213 214 213 209 204 196 187 183 164 154 142 122 96 102 129 128 130 101 67 99 120 132 147 150 150 153 154 154 154 150 148 151 149 151 148 145 140 130 114 96 66 49
144 145 149 156 160 163 164 164 162 161 160 159 159 160 160 158 160 161 165 169 172 175 179 156 117 96 66 71 91 99 86 91 140 73 16 38 48 32 70 106 117 124 111 163 188 204 211 213 214 213 209 205 204 198 188 180 172 157 142 133 107 97 118 126 125 120 98 119 127 138 145 145 146 149 153 153 150 150 149 146 149 144 141 140 132 123 105 76 47 41
123 134 142 149 156 159 162 160 157 159 158 157 158 158 157 156 157 158 162 164 168 170 170 157 119 82 68 77 93 110 98 88 125 81 26 81 105 62 90 107 120 126 113 160 191 197 211 211 215 213 212 208 202 196 190 184 173 164 150 137 124 110 106 111 118 117 108 117 130 134 142 146 148 151 153 154 153 150 146 143 146 138 140 135 129 115 85 51 40 40
107 123 135 143 148 153 156 153 158 159 157 154 154 155 155 155 157 156 159 161 165 167 165 148 112 82 67 81 101 116 105 79 113 109 35 62 116 143 116 112 121 126 114 163 192 198 208 211 214 212 210 207 200 195 188 182 175 163 150 139 130 121 111 101 104 117 117 122 131 137 145 146 150 152 151 150 149 147 145 144 140 139 136 127 119 108 57 36 33 32
95 108 120 131 139 145 151 153 158 159 157 154 154 155 157 157 158 155 159 161 164 166 164 143 101 89 85 103 116 122 113 76 98 125 67 116 202 155 103 121 124 126 116 168 192 199 204 209 209 207 206 203 197 192 186 181 173 163 153 142 132 129 125 117 97 117 126 131 136 142 150 151 149 152 154 153 151 147 142 139 132 135 132 124 117 67 32 28 25 25
90 95 102 117 129 136 143 147 152 154 154 153 154 155 156 157 158 155 158 160 163 166 166 145 98 92 97 113 121 125 125 95 87 128 90 91 158 95 106 126 127 126 123 175 190 199 202 206 206 205 204 202 197 192 188 182 173 163 154 144 133 130 135 138 130 141 146 150 149 145 149 151 152 153 151 149 146 143 140 138 138 137 128 122 78 29 22 29 27 27
84 88 92 104 118 128 138 140 145 148 150 150 150 150 151 153 155 152 156 157 159 162 164 148 111 97 110 123 130 134 132 113 80 112 120 65 55 71 117 117 128 125 134 180 188 197 201 203 203 202 201 199 194 191 186 181 175 166 154 143 136 132 133 138 142 146 148 151 149 144 146 151 149 150 147 144 142 139 137 136 138 134 126 87 34 24 28 25 29 29
72 79 81 86 99 117 133 138 143 146 148 148 148 148 149 151 153 152 155 155 156 157 162 152 128 106 122 130 136 137 135 129 99 90 124 102 54 85 104 116 128 128 147 182 186 193 200 201 201 200 199 197 192 189 184 179 174 170 158 144 136 134 134 137 141 146 150 150 147 147 149 151 150 149 146 142 140 139 139 139 136 130 95 39 25 27 30 26 27 27
66 73 75 79 89 104 122 132 134 139 144 146 146 146 147 150 150 151 154 154 156 154 159 156 130 105 119 129 142 141 140 138 124 95 99 108 90 99 100 117 130 135 160 182 186 187 194 197 200 198 198 196 192 189 186 181 172 169 161 149 139 136 138 142 141 146 151 150 149 151 151 151 148 150 150 149 146 143 139 136 131 100 43 23 23 26 23 31 27 27
58 60 64 74 80 84 95 106 119 126 135 140 142 141 142 144 146 149 153 153 156 153 157 157 146 110 108 118 142 147 149 145 143 122 102 113 111 105 109 126 132 142 169 181 186 182 188 193 193 192 192 191 188 186 183 178 173 163 158 155 146 139 138 138 145 147 151 151 151 153 152 151 152 153 151 147 145 141 138 137 107 34 21 29 27 28 28 28 27 27
51 55 54 57 69 75 77 85 96 107 119 126 128 131 136 139 141 143 146 149 152 151 153 157 156 133 101 102 137 155 157 148 149 141 129 123 119 118 126 131 139 151 169 180 184 185 187 190 190 186 187 188 185 183 181 177 169 163 159 156 150 143 141 143 146 148 150 152 154 156 156 151 160 153 150 152 146 141 131 103 38 27 26 30 28 27 29 28 27 28
48 52 49 49 58 68 75 80 82 86 94 103 113 120 123 124 130 136 143 147 151 150 149 150 157 148 112 93 126 153 159 157 155 149 140 135 132 132 138 143 148 156 169 178 181 182 184 185 185 181 181 182 179 178 177 174 166 160 155 152 148 144 145 148 146 152 152 157 157 156 161 155 155 152 151 148 139 130 95 41 27 23 24 28 29 30 30 27 27 27
44 46 46 46 51 59 66 70 69 69 73 81 91 101 108 112 118 128 138 144 149 152 152 151 149 151 125 95 117 147 159 164 159 156 149 146 144 144 149 153 158 162 169 174 177 178 180 180 183 180 179 179 177 176 174 171 167 161 155 151 147 146 148 149 154 155 155 157 163 158 150 159 161 150 148 146 122 78 38 23 31 32 31 29 30 32 30 26 25 25
34 34 41 49 50 47 49 51 53 56 59 61 63 69 83 96 101 115 128 137 145 152 153 151 151 150 143 120 121 139 152 159 161 160 156 155 154 153 157 159 165 167 172 176 178 179 181 180 180 179 178 178 176 174 171 167 161 158 154 151 150 153 155 155 158 163 160 164 160 158 164 152 153 150 145 107 53 25 21 30 23 28 29 29 33 34 31 28 26 26
37 35 39 44 43 43 47 51 56 51 48 50 55 61 68 74 84 99 115 126 138 148 152 152 155 150 153 140 134 138 147 151 156 158 156 157 157 157 161 163 165 168 172 176 177 178 178 178 176 175 175 173 172 169 166 163 159 157 155 153 154 158 161 160 162 161 164 161 160 158 150 149 140 112 66 22 18 30 29 30 31 32 28 25 28 27 26 29 29 29
30 32 36 37 37 41 45 45 47 47 47 47 47 49 54 59 67 78 90 101 115 131 142 149 150 149 151 144 145 145 148 151 150 153 152 154 155 157 162 163 164 166 171 174 174 174 174 174 175 174 172 170 169 167 164 163 161 159 157 155 156 159 162 161 163 161 158 161 156 151 140 103 69 38 20 24 30 32 28 27 32 32 30 30 31 29 28 31 31 30
32 35 35 33 35 40 43 43 42 45 46 45 43 45 48 51 53 58 62 69 81 95 109 121 132 139 141 140 147 145 147 150 150 153 152 152 153 155 160 161 164 166 169 171 171 172 173 172 172 172 170 167 166 163 159 157 152 151 151 152 154 156 157 157 158 158 156 143 120 91 58 36 23 26 25 27 28 26 29 32 30 30 29 28 28 29 31 34 30 29
33 34 32 32 33 34 34 37 43 45 45 43 42 45 48 49 49 50 51 54 59 65 75 85 101 113 122 131 140 136 143 146 151 153 150 149 147 148 153 153 159 160 162 164 165 166 168 168 165 166 166 163 160 155 149 146 144 143 145 147 147 146 145 143 130 114 84 56 35 25 26 21 28 25 23 29 28 25 31 30 27 29 30 30 29 30 32 32 30 29
37 32 34 38 34 32 37 40 41 39 41 43 42 43 46 48 49 47 47 49 49 50 51 51 61 72 83 90 99 110 121 130 131 132 135 138 138 139 144 148 152 152 154 156 157 156 154 153 151 144 132 133 123 127 121 123 122 120 113 114 103 100 75 57 36 28 23 24 26 28 30 29 28 28 28 28 28 29 30 30 27 28 29 29 31 33 32 30 29 29
45 41 41 42 37 33 33 34 44 45 43 41 42 43 43 44 47 44 44 44 43 44 47 48 50 51 49 46 46 51 61 71 74 80 81 84 94 100 107 120 121 129 134 131 128 125 119 112 98 95 84 75 70 70 65 63 66 74 90 72 49 29 30 29 34 34 35 36 33 29 28 29 26 27 28 28 28 29 29 29 28 29 31 34 35 34 32 31 30 30
47 46 45 45 43 39 35 35 39 45 44 41 44 46 44 44 46 44 43 43 41 42 44 45 45 44 42 41 38 35 38 44 44 48 46 46 52 52 53 60 67 73 77 77 78 80 74 66 63 61 60 61 71 73 78 85 89 126 124 109 77 38 36 35 27 33 38 39 38 37 34 29 28 28 29 30 30 30 29 29 30 31 34 37 37 34 31 30 30 30
44 45 45 46 48 46 41 41 34 42 45 45 46 46 45 46 45 44 43 43 42 42 42 40 40 40 40 41 38 36 37 39 42 41 42 45 47 48 49 49 51 52 55 57 59 65 79 92 86 73 71 91 113 116 113 114 113 124 138 144 102 28 26 41 62 41 29 30 31 29 30 29 30 30 30 30 29 29 29 29 32 34 36 37 35 32 30 29 30 30
43 43 43 45 50 48 45 45 40 42 45 47 45 44 44 44 43 41 41 40 40 40 39 35 36 37 37 35 34 36 39 38 41 39 40 42 44 47 54 58 56 52 52 54 53 55 67 82 88 71 77 113 115 104 95 106 109 105 101 107 115 75 56 130 180 96 32 25 31 30 30 31 30 29 28 27 27 28 29 30 34 37 37 33 30 31 30 28 29 29
42 40 40 44 49 49 47 47 46 42 42 44 43 44 45 43 43 41 39 38 38 40 39 34 34 35 35 34 33 37 40 38 33 38 37 37 42 46 54 67 61 56 50 48 46 41 38 37 63 93 115 116 78 69 66 71 79 75 78 74 52 52 31 52 81 42 22 30 33 29 30 31 30 29 27 27 29 31 33 34 36 37 35 30 28 30 31 29 27 27
44 39 39 45 47 47 47 46 43 43 41 39 40 42 43 43 41 41 41 40 39 40 40 35 39 35 33 31 29 33 38 38 30 34 32 33 40 44 50 61 58 56 52 45 41 39 38 38 47 65 69 56 37 45 47 41 39 42 39 27 24 21 27 25 23 25 29 30 29 30 32 29 31 30 29 29 32 34 36 37 35 33 30 30 30 30 31 32 30 30
50 41 41 46 45 43 43 41 39 46 44 37 36 38 38 39 37 39 42 41 40 40 39 35 35 30 29 31 30 32 37 39 38 33 29 31 35 40 46 49 47 44 42 41 41 40 38 36 32 30 29 26 29 30 33 32 31 25 23 27 32 29 30 29 26 30 28 25 28 29 29 30 30 29 29 30 32 34 36 36 34 28 27 30 32 29 30 34 36 36
96 55 40 46 43 42 43 40 43 42 42 41 36 34 34 33 35 34 36 41 41 39 40 35 33 33 26 25 34 35 56 74 66 29 31 33 35 35 39 38 38 39 38 37 36 35 32 31 30 29 26 29 27 29 28 30 30 27 27 29 28 28 28 26 30 29 27 27 29 28 28 29 30 31 31 31 33 33 32 33 29 30 30 32 34 34 36 39 42 43
130 95 59 43 42 43 42 44 43 42 42 41 36 34 34 33 34 33 35 40 40 38 39 34 32 34 30 27 27 33 85 139 82 38 38 36 36 36 37 37 37 37 36 35 35 33 31 29 28 30 28 29 26 29 28 29 29 26 27 29 28 28 29 27 30 29 28 28 29 29 29 29 32 33 32 32 33 32 30 30 31 32 33 35 37 38 40 42 43 44
