162 165 164 162 163 162 160 161 161 160 158 158 159 158 157 158 156 161 163 159 157 157 160 161 161 160 160 162 163 163 160 157 159 161 160 158 158 158 158 159 157 157 157 157 156 155 155 154 153 153 152 154 155 154 151 149 150 152 153 150 148 147 147 146 146 148 149 148 146 147 147 146 148 147 148 147 145 147 148 143 145 145 145 146 147 146 146 147 148 148
163 166 164 163 164 162 160 160 156 156 157 159 158 159 160 159 161 159 158 159 159 156 156 160 160 160 161 161 161 160 158 156 160 162 160 158 158 158 158 158 156 156 157 157 155 155 154 153 154 153 152 152 152 152 153 154 151 152 152 150 148 147 147 147 147 146 147 147 146 146 147 146 146 145 146 146 144 147 148 145 146 147 146 144 145 146 146 146 146 146
163 165 163 161 162 160 158 158 156 156 159 160 156 158 160 156 157 153 152 155 158 157 157 160 159 159 160 159 158 157 157 157 158 160 159 156 157 158 157 158 154 154 155 156 155 154 154 152 154 152 151 151 150 149 152 156 151 150 149 149 147 146 147 148 147 145 145 146 146 145 146 147 145 143 144 145 143 144 145 144 145 148 147 143 144 146 147 146 146 146
163 164 162 160 160 160 158 158 157 158 160 159 156 157 158 154 156 156 155 154 155 157 157 157 157 158 158 159 158 157 157 157 155 157 156 154 156 157 157 158 152 153 155 155 153 153 153 153 152 152 152 152 150 148 150 152 150 148 146 147 147 145 146 148 148 144 144 146 146 145 145 146 145 143 143 144 142 141 141 142 141 144 145 145 145 147 147 146 146 146
163 163 162 160 160 161 160 159 156 158 157 155 156 158 157 155 156 158 158 156 155 156 158 160 157 157 157 158 158 158 157 157 155 156 156 154 156 157 157 158 153 154 156 155 152 151 152 153 152 151 151 152 152 150 149 150 151 148 147 148 147 145 145 147 148 144 144 147 146 144 143 144 145 143 143 144 143 140 139 140 140 141 142 145 146 144 145 147 148 148
161 161 160 160 159 160 159 157 156 158 155 153 156 157 155 155 154 155 156 156 156 156 158 162 158 157 156 157 158 157 156 155 156 158 157 156 158 158 157 157 156 156 157 155 152 150 152 152 152 151 150 150 151 152 151 150 153 150 149 149 148 146 145 146 146 144 145 147 146 143 142 143 144 143 143 143 143 141 141 141 141 140 141 143 144 142 143 148 148 148
159 159 159 160 159 159 158 155 156 155 155 155 155 156 156 156 156 156 155 154 156 157 156 155 157 155 154 155 156 155 155 155 156 158 157 156 158 158 156 156 157 156 156 155 154 153 153 152 152 152 150 148 150 152 152 149 149 148 148 148 148 146 145 145 144 144 146 147 144 142 142 143 143 143 142 141 142 142 141 142 141 142 142 143 143 143 144 147 144 144
160 160 161 162 162 161 159 155 152 150 154 157 156 158 162 162 155 157 154 151 157 165 162 154 155 153 153 154 154 154 155 157 154 156 156 155 157 158 156 155 157 155 155 155 156 156 155 154 151 152 151 148 148 151 150 146 144 145 146 146 146 146 145 145 143 144 146 146 143 141 142 143 144 144 141 139 141 142 141 141 139 143 145 144 145 146 146 147 146 146
157 156 158 157 160 160 154 158 157 155 160 169 158 148 151 147 146 150 157 164 158 135 152 164 165 164 158 156 159 159 155 153 154 157 155 155 154 154 156 154 155 155 157 155 151 154 157 154 150 149 150 148 149 152 149 148 147 146 145 151 145 148 142 147 142 142 147 143 145 145 140 145 141 143 139 145 141 145 141 141 142 143 141 148 140 146 149 147 147 148
159 158 161 164 160 161 164 155 159 163 141 117 97 83 87 83 88 81 97 122 104 59 85 156 153 134 135 133 128 142 153 151 155 158 159 157 156 155 156 159 157 154 157 160 156 151 151 153 155 152 155 154 152 153 150 146 150 147 149 148 145 139 149 141 145 142 149 146 141 139 146 143 145 143 141 138 145 136 142 140 144 142 149 138 149 151 149 154 156 149
158 166 167 162 164 170 170 174 149 97 75 55 62 69 41 50 61 43 44 57 49 39 50 86 87 65 67 67 68 92 116 131 146 148 156 158 162 165 160 161 156 159 158 155 156 158 157 155 151 150 153 150 146 146 146 147 152 152 149 140 145 146 145 145 144 146 147 141 146 145 146 146 142 138 144 143 143 143 149 141 147 146 150 151 152 146 146 129 118 96
167 147 115 78 96 127 114 112 78 50 47 58 65 52 38 55 67 52 39 39 32 33 24 26 48 59 54 38 42 52 58 72 91 91 109 122 134 148 150 154 153 157 156 154 153 145 135 133 121 120 120 120 125 124 118 119 116 136 161 134 142 152 154 155 155 154 148 142 140 147 149 155 160 154 152 147 152 142 129 128 129 123 127 119 110 88 72 75 42 20
127 86 67 52 56 66 50 45 62 69 56 54 51 45 58 62 66 47 23 38 49 42 28 36 55 67 47 37 47 41 41 57 62 53 70 82 81 88 96 108 121 127 126 123 130 135 137 142 130 130 136 137 135 133 133 135 118 158 177 145 169 108 93 98 99 99 97 153 183 167 126 99 91 96 100 82 84 71 85 82 45 68 76 50 72 50 39 66 42 33
60 44 52 66 58 41 35 40 45 58 74 47 29 62 86 84 59 37 24 41 51 52 59 68 84 73 43 44 66 74 75 68 48 46 72 90 82 74 83 99 118 122 119 120 140 159 161 155 151 144 153 156 144 140 139 132 128 197 187 175 207 97 52 51 42 81 128 218 230 202 152 57 30 60 58 55 59 37 55 65 34 47 45 33 45 37 40 54 62 54
55 41 33 52 64 43 32 47 52 42 57 56 39 55 84 95 68 35 39 50 47 59 90 103 104 96 93 105 111 109 110 106 100 92 99 114 119 120 122 125 123 123 123 124 125 121 119 123 131 129 143 149 139 133 131 127 121 156 149 165 169 104 84 91 87 163 226 249 212 192 177 74 55 65 61 85 76 48 46 55 49 25 39 51 39 42 32 43 44 30
57 52 38 38 61 62 50 64 78 76 54 34 35 57 84 94 66 35 56 74 80 88 102 105 104 111 120 124 126 128 129 132 134 137 132 128 128 128 129 125 123 125 125 124 122 120 118 118 121 116 115 117 119 117 114 119 111 105 115 115 112 110 109 116 118 132 179 195 174 163 153 52 13 25 30 25 23 20 24 36 27 28 36 32 27 23 18 22 22 11
37 46 50 56 52 62 66 64 73 88 88 72 64 78 104 91 60 52 65 81 94 106 106 104 106 116 121 124 126 123 126 134 131 128 124 120 114 112 114 114 120 123 121 126 125 131 125 121 121 118 123 121 118 121 118 118 113 111 109 108 110 112 113 111 114 106 114 120 115 118 105 71 62 79 52 24 53 43 56 83 38 36 68 57 45 60 42 33 48 56
52 48 60 67 56 45 52 61 65 70 78 84 87 88 100 93 83 70 76 90 94 97 104 112 118 120 121 121 124 126 123 121 120 118 115 110 109 111 114 121 119 129 130 131 128 131 128 130 126 124 126 125 123 123 120 117 112 107 102 101 100 95 87 81 99 107 106 104 107 107 107 112 110 114 67 48 80 51 54 76 33 35 80 51 40 74 45 34 59 61
60 55 66 71 78 64 54 47 44 35 50 74 89 88 95 98 98 98 97 99 101 103 110 114 117 120 126 122 120 118 111 111 107 112 107 102 105 108 118 131 130 136 134 134 134 135 129 129 128 130 130 129 125 122 121 114 110 108 106 102 96 89 87 88 90 98 103 105 107 102 99 104 103 104 90 90 71 36 62 47 26 43 62 50 60 63 36 55 78 42
46 56 45 42 68 76 81 87 58 42 56 75 86 87 91 95 102 113 106 106 114 115 116 117 122 124 128 119 109 100 92 98 103 103 98 104 102 95 107 119 135 135 134 137 141 141 135 132 131 136 136 135 129 123 123 115 112 108 101 94 87 82 81 82 87 88 93 98 99 103 105 100 98 91 101 100 92 61 39 14 8 21 15 11 21 20 15 20 23 40
56 66 40 49 80 90 94 105 85 64 74 83 88 94 100 101 108 111 106 113 122 119 122 126 129 125 118 104 99 96 90 95 102 106 111 108 93 77 85 111 135 133 137 144 149 144 140 138 133 139 138 136 130 124 123 113 106 105 101 92 84 80 79 79 84 90 94 96 99 99 99 101 100 95 91 91 101 97 77 36 22 13 14 12 7 5 12 33 85 145
76 87 67 73 82 87 91 97 91 78 90 102 109 114 116 112 113 113 117 123 124 127 132 130 127 123 110 98 96 98 101 102 108 109 114 82 60 64 73 106 136 131 134 143 158 157 151 145 141 145 145 141 134 129 122 109 104 104 100 89 78 73 73 75 81 86 92 98 101 96 95 100 98 90 91 85 88 92 92 89 73 67 64 59 54 40 56 114 149 147
64 77 83 85 87 92 94 93 103 97 102 107 114 116 118 116 117 122 130 130 129 136 137 133 131 120 106 103 96 95 107 108 107 122 101 70 80 64 45 94 126 123 120 128 163 173 169 163 161 165 168 159 147 139 125 112 108 98 87 82 78 73 71 70 80 81 90 100 100 97 96 94 93 94 91 90 85 82 91 84 92 100 97 98 105 106 105 103 99 92
57 57 74 76 88 92 91 93 108 111 112 109 115 117 122 123 125 126 130 131 136 136 132 143 140 113 95 104 98 95 113 114 118 109 93 100 90 35 29 84 115 121 115 117 157 175 177 178 177 182 189 175 156 144 126 115 107 95 85 83 79 71 68 71 78 86 92 95 97 98 99 100 98 94 95 92 86 82 82 84 87 87 89 89 91 100 107 106 101 103
54 38 39 72 89 94 105 95 109 117 112 106 115 125 127 127 128 127 131 135 137 137 140 143 138 109 97 111 105 102 113 119 126 101 82 106 59 20 37 81 114 120 109 98 136 170 187 189 183 190 189 183 168 149 123 116 109 100 89 80 71 64 65 71 83 89 91 97 97 100 96 99 94 94 94 91 84 78 79 82 85 86 86 89 91 91 96 106 110 114
64 28 48 84 92 103 112 109 110 115 114 114 122 127 125 125 128 129 130 130 132 137 140 139 132 112 107 109 106 111 125 138 138 88 93 109 32 33 82 119 133 129 112 87 125 161 173 182 192 189 188 185 170 153 126 109 102 98 86 74 67 64 69 78 87 97 103 104 94 95 95 92 90 93 92 87 83 80 81 87 83 86 86 87 90 93 93 95 103 108
84 71 78 93 100 113 124 121 117 116 117 121 125 126 126 127 129 129 129 129 131 136 138 136 131 118 110 101 100 105 136 154 138 87 129 80 22 74 141 155 151 136 116 82 111 156 165 178 193 187 184 173 150 145 132 114 101 94 78 64 59 61 72 89 102 108 96 86 81 83 83 86 85 92 91 86 86 85 85 90 86 88 88 89 91 92 90 89 93 96
107 104 94 98 117 128 128 124 123 120 123 127 127 126 127 128 132 129 130 134 136 137 138 139 130 119 104 98 99 100 150 169 124 91 153 65 10 34 66 121 155 140 115 80 93 157 171 181 184 184 185 170 144 141 127 104 89 75 60 55 60 73 94 114 112 91 58 44 44 51 56 68 78 88 92 90 89 89 88 88 91 90 91 93 92 88 87 90 86 87
106 111 125 117 116 131 130 134 128 127 131 134 130 127 127 127 131 129 130 134 136 137 138 139 126 109 94 90 92 96 150 165 119 90 148 55 34 19 10 56 140 146 114 82 85 161 173 177 181 177 172 161 145 140 119 95 81 62 51 57 71 93 110 115 96 57 38 41 36 38 45 62 78 91 104 103 97 97 96 91 96 94 95 95 92 88 87 89 89 87
111 122 135 130 125 134 140 141 139 138 139 138 133 129 130 130 131 132 133 134 136 140 142 139 129 101 86 78 79 96 138 155 117 84 134 59 54 27 18 27 119 149 112 79 88 165 172 174 172 169 165 160 148 133 104 85 66 52 53 70 92 114 118 104 80 61 73 94 90 64 45 76 92 105 119 118 107 105 106 100 102 102 102 100 97 97 95 90 89 87
123 127 123 140 148 139 147 154 153 150 147 145 140 134 133 136 137 139 141 142 145 148 147 143 124 89 70 67 69 86 116 136 106 74 99 42 10 14 17 24 100 138 105 66 91 169 177 179 174 176 170 158 138 116 86 74 57 52 66 94 116 126 119 102 93 96 115 132 134 84 33 79 118 125 130 124 116 115 113 106 108 107 107 106 105 106 105 100 99 96
127 130 138 150 155 152 154 160 160 157 154 154 150 140 135 138 140 139 142 149 152 150 145 142 124 90 64 72 73 76 96 116 103 62 83 38 14 29 21 27 75 114 100 64 100 175 182 176 178 180 167 144 121 104 78 65 59 59 82 117 134 130 119 112 114 113 123 129 133 83 26 78 147 146 139 130 128 128 122 114 110 106 107 109 108 108 110 110 105 100
145 145 144 148 157 166 159 165 173 167 160 161 156 154 148 145 145 145 147 158 169 155 155 142 124 99 71 66 70 69 80 96 98 58 60 45 19 37 20 28 79 99 85 59 112 179 183 180 178 176 167 138 106 81 73 68 58 73 105 134 138 141 128 126 122 127 133 137 101 65 26 33 111 150 149 138 132 131 128 122 110 108 107 110 114 116 115 115 110 105
149 144 137 145 159 169 169 178 178 177 172 170 160 158 155 155 147 151 160 164 171 167 154 141 130 104 75 60 59 63 71 81 88 64 53 48 27 38 47 61 87 87 78 65 134 180 180 182 178 174 160 125 96 81 78 70 63 97 127 150 148 147 142 133 135 136 150 145 81 50 33 20 64 126 140 141 134 126 130 125 114 109 106 110 119 126 126 123 117 111
153 150 142 153 167 176 180 189 180 184 184 182 170 164 156 154 155 158 161 165 168 169 151 138 124 100 79 63 56 58 60 66 80 75 53 52 32 36 60 65 86 98 77 93 165 182 184 182 177 169 150 114 92 86 83 68 76 118 139 148 152 153 146 140 138 135 152 134 58 42 42 9 49 106 127 132 128 122 121 121 124 118 111 112 121 130 131 128 123 115
146 156 154 164 174 183 189 191 199 200 196 192 179 171 159 151 157 156 151 168 169 166 153 139 122 96 82 66 54 53 54 62 73 82 61 54 41 26 33 51 93 106 89 134 181 185 186 180 178 162 138 109 99 103 104 90 94 132 163 160 153 155 149 147 140 143 156 116 47 40 41 12 9 78 129 120 109 114 105 113 118 116 114 114 120 130 135 134 128 118
137 157 160 165 174 189 195 191 207 208 205 200 186 176 162 152 148 147 152 174 173 168 153 138 124 99 87 73 59 56 52 55 61 73 66 57 63 44 28 75 124 115 127 168 178 177 171 168 164 147 132 120 122 130 135 125 106 99 131 163 164 152 146 148 142 153 163 101 42 38 35 27 23 35 114 151 112 85 73 80 89 96 107 113 118 127 137 140 135 123
143 161 164 163 172 194 199 193 200 204 205 201 185 172 158 151 142 142 159 168 164 162 143 130 122 103 91 78 68 65 56 50 53 58 69 61 73 76 58 83 131 143 163 173 168 155 153 149 142 132 132 133 138 144 148 138 113 64 54 111 162 157 150 149 143 155 159 85 42 41 35 40 60 47 84 153 158 115 72 50 56 68 87 101 110 122 136 142 141 128
147 160 164 164 173 194 197 194 201 201 196 191 176 165 154 150 145 146 157 152 154 152 135 126 122 106 88 77 70 67 64 60 62 60 70 62 69 99 119 121 132 159 161 158 154 142 141 139 138 133 135 133 137 145 148 133 103 55 15 42 114 146 151 145 151 164 156 77 47 45 40 49 79 94 92 149 196 178 121 54 40 45 60 78 94 115 134 143 141 127
139 149 159 165 173 191 191 193 190 186 181 182 175 168 155 149 148 151 151 145 155 148 140 131 120 105 89 83 75 65 64 64 59 69 74 77 80 102 149 162 168 158 146 153 144 146 134 138 140 139 142 137 140 149 147 123 97 40 9 20 79 128 150 150 148 171 157 74 49 42 44 60 95 145 124 150 211 217 165 87 48 42 45 58 77 103 127 137 137 123
133 143 152 156 169 182 184 184 179 182 179 173 170 159 156 147 147 147 149 147 150 144 137 129 114 100 90 85 77 68 65 72 70 70 78 87 94 111 134 146 147 146 142 140 138 137 138 137 141 141 145 146 149 151 144 118 96 38 11 17 71 117 148 159 158 174 161 80 41 39 40 53 93 136 121 134 186 218 201 133 69 40 44 43 60 88 115 137 137 124
126 137 149 155 161 165 165 171 170 176 177 172 170 160 157 149 147 143 143 143 148 142 131 115 109 97 92 89 81 71 67 75 78 79 83 96 107 110 117 130 132 137 138 140 139 138 141 141 144 146 157 167 169 157 143 121 105 63 15 14 79 119 144 156 158 173 159 75 35 38 40 55 102 146 141 134 166 208 214 145 72 41 41 35 41 63 99 137 135 123
127 129 135 142 148 150 151 158 171 176 175 166 164 159 158 152 147 139 140 143 146 138 127 113 112 99 92 90 84 76 74 81 93 87 88 96 108 121 127 126 135 143 146 147 144 141 144 146 147 154 170 183 185 164 143 122 107 84 37 27 87 122 137 149 146 158 152 78 36 39 44 68 110 154 157 127 152 195 202 117 60 38 42 38 36 49 85 129 129 120
118 120 127 133 141 146 146 149 163 168 169 161 161 159 157 149 134 127 133 138 136 126 124 120 115 101 93 88 83 81 80 83 89 91 100 107 112 127 143 147 156 161 159 157 153 150 152 152 155 171 188 199 201 179 151 125 107 88 61 40 71 107 124 136 132 138 144 90 43 36 41 72 105 142 146 110 143 167 165 94 64 47 46 40 33 40 71 112 122 116
110 120 131 131 134 145 151 155 158 160 160 151 153 152 147 138 130 126 130 131 126 117 117 115 112 102 96 88 83 85 85 84 87 92 99 113 126 130 144 167 172 171 163 161 164 164 162 157 159 176 192 199 201 180 149 118 103 85 73 52 54 83 106 115 121 124 137 100 47 34 39 63 95 130 130 83 132 160 159 100 72 55 44 40 30 31 57 96 117 114
109 118 127 124 129 144 152 153 149 149 149 141 146 149 145 137 124 123 125 123 126 125 123 116 111 103 99 89 82 86 88 88 87 86 89 102 118 130 144 158 170 166 156 156 164 166 160 152 155 165 173 174 175 158 134 109 97 80 62 47 39 58 92 106 118 126 137 102 47 36 41 53 77 108 119 80 130 153 146 95 70 52 39 42 34 28 47 87 111 112
105 111 121 125 131 140 142 140 146 147 151 143 145 144 136 129 123 121 119 118 127 126 123 118 113 102 96 88 80 80 81 80 68 73 81 86 93 109 123 125 139 141 136 135 139 139 136 133 134 137 137 132 129 120 109 92 76 62 51 46 32 37 65 88 118 138 141 101 43 32 40 48 71 108 125 76 117 145 140 95 71 54 35 41 33 23 38 74 100 105
110 115 127 133 134 137 141 146 147 147 151 141 140 138 132 128 124 119 116 118 127 122 121 125 111 96 90 86 79 74 67 62 58 63 62 65 76 84 89 96 101 112 112 109 107 105 108 112 116 119 118 108 103 100 97 82 64 51 54 50 28 25 42 76 109 138 138 96 38 28 40 53 73 104 118 74 118 146 135 95 66 53 34 39 32 23 31 59 89 96
106 114 119 124 131 134 137 141 150 152 146 145 141 132 128 122 119 120 117 119 125 126 123 122 110 94 88 82 73 66 57 51 50 57 53 54 64 70 77 81 87 93 92 92 89 85 90 96 102 104 102 100 97 95 90 80 62 54 44 42 32 25 34 61 93 127 141 95 42 28 36 56 76 100 105 70 121 141 128 95 66 38 31 34 32 22 24 55 81 88
107 110 116 123 128 131 134 138 142 145 143 140 137 131 129 126 120 116 113 116 124 128 124 119 104 90 84 77 68 61 53 46 44 48 50 50 50 54 64 69 72 74 82 84 80 78 78 80 88 94 97 99 97 93 86 73 57 47 33 35 34 32 36 52 78 110 131 91 39 27 32 48 77 92 90 67 123 139 129 98 59 32 28 34 32 23 24 50 75 82
101 103 112 122 125 127 132 138 137 140 143 139 134 133 129 130 121 117 117 122 128 129 122 112 101 89 81 71 61 55 48 42 34 35 43 45 41 46 52 52 58 64 69 69 69 72 73 73 74 81 86 89 88 85 81 71 57 41 21 30 40 38 37 43 67 94 120 89 38 30 31 44 53 69 64 57 116 131 120 86 48 26 27 35 32 25 25 44 69 77
103 106 117 124 122 123 129 133 131 134 139 132 128 128 122 124 122 120 122 124 123 121 115 106 100 88 78 65 53 48 42 38 37 34 38 38 37 43 43 42 46 60 60 62 68 69 70 67 70 72 72 74 75 80 83 79 64 41 16 30 42 39 37 43 64 87 113 87 39 33 31 45 58 77 63 56 108 122 109 68 40 25 31 38 33 26 27 41 64 72
100 104 112 117 116 121 128 128 128 129 132 125 122 123 118 119 121 118 119 116 111 108 107 102 94 83 73 59 47 41 36 33 32 31 32 33 34 35 41 51 59 60 60 63 68 71 70 71 72 68 62 65 73 84 91 87 72 46 17 25 36 37 38 45 60 82 105 85 40 33 30 46 80 92 64 55 99 111 99 59 36 29 38 42 33 26 29 41 58 67
96 98 102 107 113 122 128 127 129 128 127 122 120 120 118 120 115 114 113 111 108 105 103 100 88 78 69 57 46 39 33 31 31 30 28 30 30 37 61 84 91 78 80 80 79 81 75 80 76 69 61 64 77 89 94 87 73 52 23 19 27 37 39 46 55 77 96 86 42 35 31 45 70 77 48 52 94 103 86 52 36 36 43 43 33 27 31 41 55 63
99 100 102 107 114 120 122 122 125 125 121 119 116 112 112 112 107 108 108 107 107 103 98 95 86 75 66 56 46 38 31 32 30 29 29 35 37 56 88 91 62 76 83 88 93 89 86 85 82 76 66 65 70 79 85 80 69 55 35 23 24 36 36 46 54 73 89 88 44 36 35 43 64 68 42 54 91 95 73 45 39 42 46 42 35 31 34 42 54 62
93 96 99 106 113 114 115 118 121 123 118 119 114 105 104 102 100 103 101 99 99 95 90 90 86 74 64 53 43 35 30 32 30 34 41 51 48 63 71 28 34 85 85 92 102 93 99 93 88 83 72 62 58 63 73 74 65 55 45 33 28 34 32 47 54 69 84 88 43 35 37 40 71 72 43 49 79 82 63 41 41 45 46 42 37 34 36 43 52 59
95 90 97 105 108 109 113 118 118 114 111 110 106 101 99 101 100 95 93 94 93 91 90 90 83 75 62 49 37 33 33 29 34 42 57 54 46 67 49 7 53 122 112 104 112 104 106 98 94 94 86 73 62 53 50 54 51 45 37 27 29 33 35 46 53 64 80 85 56 34 41 41 59 47 26 39 73 69 47 44 48 48 46 41 37 36 39 43 51 52
91 88 92 98 104 109 110 108 111 108 103 99 98 97 94 91 95 93 93 92 90 88 87 85 80 74 59 44 34 31 31 29 36 64 68 42 87 91 15 34 84 137 136 101 109 106 107 109 110 104 105 104 90 75 58 39 31 26 24 24 30 36 37 44 51 58 71 79 59 39 41 39 34 24 19 37 54 51 46 49 50 48 43 38 36 37 41 46 48 49
87 88 91 96 100 104 105 104 104 104 100 94 93 94 92 87 88 90 91 88 85 85 85 82 78 73 57 40 32 29 29 32 51 86 69 71 120 60 24 106 124 135 144 93 99 123 117 113 119 110 114 117 107 97 80 54 43 33 30 31 32 34 35 39 50 52 60 71 63 46 38 30 18 14 20 36 41 41 47 51 50 46 40 36 37 39 43 47 49 50
87 87 89 95 99 98 99 101 97 100 99 94 91 91 89 86 83 87 87 83 82 85 86 83 77 73 58 39 32 29 29 38 65 96 65 116 120 27 92 183 173 143 147 104 82 120 124 124 118 118 120 118 113 106 91 72 59 46 41 41 37 35 37 40 47 49 54 65 66 52 34 18 12 17 20 30 40 43 46 46 45 42 38 37 39 41 43 46 47 49
86 87 83 88 94 93 94 94 92 92 91 89 87 85 84 84 80 83 83 80 81 85 86 82 75 72 59 40 32 30 32 47 88 103 76 147 93 15 84 154 182 155 125 111 75 112 132 130 122 127 126 118 114 110 96 79 62 50 47 53 52 47 46 44 44 47 50 57 63 54 32 12 14 21 23 32 44 49 48 45 41 39 38 38 40 42 43 45 46 48
79 90 86 83 84 85 89 90 91 87 84 84 84 82 81 82 76 78 79 79 81 83 83 79 74 69 58 41 34 32 36 55 97 96 77 156 78 33 25 36 95 141 110 108 69 94 139 136 133 129 125 118 112 113 104 83 71 57 50 59 63 59 53 45 42 44 45 49 56 51 32 14 15 19 25 36 40 40 42 41 40 39 38 38 40 41 43 45 47 49
76 90 85 79 79 78 84 87 88 84 82 82 81 79 78 79 73 73 75 78 79 80 79 78 75 66 57 43 36 35 42 64 98 97 81 145 67 48 27 10 23 98 100 100 66 72 136 139 138 128 126 123 113 111 104 84 81 65 52 58 65 63 59 51 45 41 41 44 49 44 28 15 19 23 30 39 39 38 42 42 42 41 39 39 40 41 42 44 45 46
81 85 74 74 81 79 80 78 80 80 81 80 77 74 73 73 72 71 72 76 77 77 78 80 77 64 57 45 39 39 47 70 105 91 78 130 60 20 16 19 20 53 77 87 65 58 127 142 137 128 125 122 113 108 105 97 91 75 57 60 67 65 63 57 48 40 40 44 45 38 23 13 15 24 28 32 37 39 42 42 43 42 40 40 42 41 41 42 43 44
67 75 78 74 74 76 76 75 78 77 76 75 74 73 71 68 69 67 68 72 75 77 79 80 77 65 56 43 38 44 53 72 101 84 71 108 57 12 17 22 17 52 74 78 56 48 114 144 137 134 132 124 118 116 108 100 88 77 69 65 61 63 65 63 56 42 34 39 43 35 23 15 17 20 24 30 34 35 37 41 43 41 40 38 36 35 38 42 46 45
54 68 75 71 70 74 75 72 73 72 72 72 70 68 67 66 66 67 71 75 76 78 79 79 73 61 51 41 41 46 53 70 94 87 69 93 49 16 33 33 15 55 74 73 53 39 105 136 135 136 132 122 121 119 105 96 89 78 71 67 61 56 56 59 60 48 38 38 42 42 36 30 30 30 30 33 36 37 37 38 38 36 36 36 36 38 41 43 46 44
51 61 68 66 65 70 74 74 70 68 69 70 69 66 65 66 65 67 71 74 76 77 78 76 72 61 50 43 48 52 54 67 87 83 64 81 53 17 37 47 41 57 69 69 51 35 105 138 130 130 128 120 117 116 103 91 87 80 73 67 59 50 48 52 60 57 51 48 49 52 51 48 46 45 42 39 39 39 38 38 35 36 37 37 39 41 44 46 45 43
45 47 53 57 59 61 66 70 68 66 66 69 68 66 65 65 66 66 68 70 73 76 77 75 72 63 52 47 54 56 54 64 82 77 59 73 67 24 41 85 76 54 63 66 48 37 106 136 124 119 121 116 106 106 100 87 81 80 72 63 55 48 44 45 51 54 56 53 50 51 53 53 55 57 53 45 40 39 39 40 36 40 42 41 40 43 45 46 45 43
33 37 47 57 58 58 61 64 66 64 64 67 67 66 64 64 65 66 67 69 70 73 75 75 72 65 54 49 53 53 53 62 71 73 60 62 75 39 34 85 62 38 59 61 44 48 108 132 121 111 112 111 101 98 93 83 78 76 68 58 53 47 43 42 44 46 49 48 46 45 49 52 54 56 53 45 41 40 41 41 38 40 42 41 42 44 44 44 40 38
23 32 45 50 49 51 57 59 64 63 64 66 67 67 66 65 63 66 69 71 69 69 73 76 73 67 57 52 51 51 55 63 69 74 58 41 64 57 27 39 32 41 65 56 42 61 108 124 116 108 104 104 104 97 85 79 78 70 61 56 51 44 40 41 41 41 43 46 47 46 47 49 47 48 45 41 41 42 42 41 40 40 40 43 46 47 45 41 36 34
29 36 45 45 40 44 52 56 59 61 64 65 65 66 67 66 64 64 67 69 68 66 69 73 73 69 63 58 52 50 56 61 63 67 61 41 51 66 38 16 24 52 62 54 47 72 109 118 109 103 98 97 101 97 83 78 77 66 58 55 49 44 41 40 37 38 41 44 47 47 45 44 44 43 41 40 41 43 42 42 42 42 43 47 48 47 43 39 38 37
35 35 39 39 33 33 40 45 54 58 62 62 62 64 65 65 66 63 63 65 66 65 66 69 72 68 66 62 53 49 54 56 61 61 67 49 32 54 53 34 38 61 55 56 53 73 102 103 102 96 95 94 94 94 86 78 74 66 59 52 46 45 44 38 38 41 43 43 44 45 46 45 44 45 44 43 43 42 43 45 42 43 47 49 47 42 38 36 37 36
36 36 30 29 26 26 42 48 55 54 56 57 61 62 58 64 64 61 60 60 60 61 64 66 68 71 69 62 54 50 51 53 55 58 65 61 40 36 45 41 42 54 61 56 58 76 92 96 96 94 91 90 90 88 83 78 73 62 54 52 48 44 43 44 45 42 42 44 45 46 47 44 45 46 45 44 43 43 44 45 44 47 50 48 44 41 39 38 37 35
32 34 29 39 42 29 33 47 48 54 57 52 54 59 59 63 61 58 57 57 56 57 59 60 65 69 69 63 57 53 51 52 55 51 55 63 53 41 42 44 47 56 60 57 60 75 87 88 89 87 85 85 86 84 79 74 69 60 54 52 49 46 46 48 45 43 43 44 42 43 44 43 45 44 43 43 43 44 46 47 49 49 49 46 42 40 39 37 36 35
27 36 33 40 45 35 32 40 49 57 61 53 50 53 56 61 61 58 55 53 52 53 55 55 62 67 69 67 63 60 55 52 51 53 52 57 59 53 48 43 50 56 60 59 62 73 80 81 83 80 78 80 81 79 74 70 65 59 55 52 48 46 46 46 44 43 44 45 44 45 48 49 43 43 45 46 47 47 48 51 50 47 45 43 41 41 39 36 35 34
29 36 33 32 33 32 34 37 47 51 56 54 49 45 50 60 60 58 54 50 50 51 52 52 58 63 67 67 67 65 60 56 51 58 53 50 54 58 54 43 46 52 58 61 64 70 77 79 80 76 74 76 77 75 71 69 63 60 58 55 51 50 49 47 47 46 46 45 44 44 45 47 46 45 47 50 51 50 50 51 47 44 42 41 39 37 34 31 27 26
33 32 26 23 23 21 28 37 41 42 46 49 43 34 37 45 50 53 54 52 52 52 51 50 54 58 62 65 68 68 64 61 61 58 53 53 52 51 50 46 44 48 55 60 64 69 74 76 78 74 71 71 72 70 68 67 63 61 61 59 56 56 54 51 49 49 48 47 47 46 47 48 45 46 48 53 55 54 51 50 42 39 37 34 30 27 23 19 16 15
29 32 24 15 17 18 22 31 37 39 40 41 36 29 29 29 39 48 55 57 58 57 52 50 55 57 60 65 69 70 68 68 69 64 62 61 55 51 53 51 49 50 54 60 65 69 71 70 73 71 68 67 67 66 65 64 63 61 60 58 54 53 51 48 49 49 48 49 51 51 52 54 54 54 56 57 55 48 38 30 27 25 23 21 17 15 13 12 13 13
28 31 26 17 16 20 22 25 33 36 36 38 37 35 35 30 33 45 54 55 56 56 54 53 58 57 60 66 70 69 69 72 70 71 69 67 62 61 63 58 59 58 59 63 66 68 68 67 68 69 68 66 65 65 64 63 63 61 59 57 52 50 50 48 53 54 52 52 54 54 55 58 62 66 65 51 31 18 14 15 13 12 12 12 12 11 12 12 14 15
36 24 24 26 21 18 22 27 35 36 35 39 40 39 39 34 32 44 49 47 48 50 52 54 57 56 58 64 68 67 67 71 69 69 67 69 69 66 68 67 65 65 66 67 67 67 68 68 65 68 69 67 66 67 66 63 64 62 61 60 57 56 58 59 58 60 59 60 63 65 67 72 69 59 39 20 10 10 11 11 12 11 12 14 14 14 15 15 11 12
33 25 25 30 25 20 24 25 31 37 33 26 30 34 31 27 35 50 54 44 33 36 42 58 63 63 59 63 70 69 70 74 70 70 69 69 71 71 71 70 72 70 70 72 71 73 76 70 67 72 73 70 69 71 70 67 69 67 67 70 65 67 66 65 66 69 76 72 76 70 67 55 42 23 16 4 14 11 13 11 15 16 16 15 14 14 14 13 13 13
26 17 19 28 27 19 20 23 29 28 25 21 23 28 29 25 42 54 47 38 26 22 31 45 52 61 63 64 67 67 70 73 70 70 70 70 71 73 74 75 74 73 72 76 78 77 81 82 80 77 72 72 74 75 73 70 71 71 68 67 69 69 70 75 76 71 66 62 54 34 25 15 11 8 10 10 13 12 13 13 14 14 14 13 13 13 13 12 15 15
14 15 22 29 27 19 21 30 26 21 19 20 20 26 29 26 47 56 41 38 27 15 22 36 52 62 63 62 61 60 63 65 64 63 63 62 59 59 62 65 68 73 74 77 77 72 70 71 67 69 69 66 64 63 62 60 65 62 63 62 60 53 49 45 31 27 18 14 9 21 30 22 11 12 13 16 12 14 12 15 15 15 15 15 16 17 18 18 15 15
17 23 28 28 27 25 24 30 20 19 22 24 24 28 29 26 48 53 40 41 35 22 22 37 57 61 57 54 53 52 53 53 55 47 41 41 43 45 47 47 51 60 62 64 66 69 70 65 69 69 60 44 37 46 56 57 54 55 51 32 25 23 22 9 10 10 3 10 32 66 71 73 44 18 12 12 13 17 14 18 18 17 16 15 14 15 15 14 12 12
32 30 25 22 27 29 21 19 15 22 26 26 26 27 26 23 46 48 38 32 30 29 26 38 51 53 44 35 33 39 45 45 42 32 27 28 31 37 45 49 51 48 42 43 50 63 72 66 58 48 32 16 16 33 44 43 46 39 29 16 12 14 19 17 26 30 28 39 68 90 84 115 91 18 11 14 17 18 17 17 17 17 16 15 14 15 15 14 15 14
33 26 22 19 24 26 17 17 22 27 27 22 20 23 26 27 40 42 31 18 16 28 28 35 49 51 37 19 15 28 42 45 39 26 21 25 32 41 51 55 58 39 20 15 15 21 27 22 21 19 21 24 31 41 46 42 41 32 44 60 53 70 82 72 62 47 54 76 115 146 138 146 113 20 14 20 18 15 18 16 16 17 17 17 18 20 21 21 19 18
25 24 27 23 23 25 20 21 28 26 25 21 16 20 28 30 31 32 22 17 16 24 29 31 47 44 32 21 19 28 38 38 37 22 19 30 42 52 56 54 64 50 34 25 20 17 18 17 13 23 39 48 49 53 57 56 44 40 67 113 122 147 113 43 29 16 18 28 94 191 216 169 75 18 14 20 16 15 19 18 17 18 18 17 16 15 16 16 15 15
25 27 34 27 25 31 24 18 22 19 24 27 20 21 27 26 24 23 16 27 27 24 29 32 33 25 19 26 33 31 26 20 20 20 31 43 45 48 57 64 73 72 60 46 34 26 26 27 36 47 60 60 53 55 59 56 56 58 71 104 90 86 46 10 13 17 19 7 28 77 105 70 23 20 18 21 20 20 16 18 15 17 17 16 14 13 13 13 14 14
26 25 28 31 24 36 28 21 22 22 22 28 25 17 29 22 16 27 23 33 23 28 26 19 16 21 18 29 32 23 25 19 16 30 48 52 34 35 41 43 47 52 57 60 59 53 53 61 69 65 62 54 52 61 67 67 71 67 51 36 21 17 13 15 18 18 17 22 17 6 8 10 14 15 21 18 21 21 21 20 20 20 20 20 19 19 18 19 18 17
28 30 33 32 26 41 34 25 23 23 23 29 26 18 30 23 19 29 23 33 24 29 27 19 19 25 21 27 25 18 27 29 32 44 58 55 28 20 21 20 20 24 32 45 57 59 61 67 66 64 63 54 46 46 45 43 44 35 17 7 2 5 4 6 13 11 15 32 32 21 34 52 32 28 27 17 16 16 18 20 20 22 23 23 24 24 23 24 24 23
