182 182 182 181 181 182 183 183 180 180 183 182 181 181 180 182 182 175 174 177 177 178 177 172 174 173 173 173 173 173 171 169 170 173 173 175 177 174 173 172 173 172 172 168 173 166 167 169 168 168 170 171 169 169 170 171 171 172 172 173 175 178 176 172 171 169 170 171 170 173 172 165 167 182 196 199 202 204 195 187 179 173 174 178 177 172 168 165 166 165
184 182 181 181 181 181 182 182 180 181 183 179 179 184 182 178 177 176 177 176 173 176 178 174 176 175 177 177 173 171 173 172 169 175 175 174 175 175 175 172 171 173 173 172 168 168 168 168 169 168 168 169 169 169 170 170 175 173 171 172 174 174 171 168 166 169 169 174 180 177 181 196 204 203 204 200 191 183 181 179 174 170 174 184 190 190 187 184 189 187
187 183 182 183 183 181 182 183 185 185 185 180 179 182 179 176 177 176 177 176 173 174 175 173 176 171 171 174 173 173 173 172 171 176 175 174 173 170 170 169 170 172 170 172 163 170 169 167 167 167 169 170 170 171 174 176 173 171 171 174 174 171 169 168 171 172 176 185 197 206 212 217 210 193 177 175 171 173 186 189 195 193 197 203 204 202 200 199 196 194
184 181 182 184 183 181 181 184 183 180 181 179 177 176 175 177 179 172 171 176 176 173 171 170 178 172 169 171 171 169 169 169 174 173 171 175 174 166 166 170 171 171 169 170 166 171 170 169 169 170 172 173 171 171 176 179 173 171 171 173 171 168 170 176 177 187 200 209 213 212 202 189 168 165 164 178 183 184 200 204 195 193 194 192 186 181 181 181 185 183
179 178 180 183 182 179 180 183 184 180 181 180 178 177 175 177 178 172 171 174 173 169 169 170 168 167 166 167 168 166 168 175 176 173 170 175 177 170 171 174 168 167 169 168 170 164 165 167 168 169 173 175 174 174 175 176 170 170 172 173 171 170 177 186 203 210 210 209 209 193 173 168 173 180 181 190 192 187 191 188 193 190 188 184 178 175 176 175 173 171
178 178 180 183 183 182 182 183 181 179 179 176 177 179 176 173 169 172 172 169 165 166 170 174 174 170 168 170 173 172 172 175 175 175 170 170 172 169 169 168 163 165 170 166 170 158 160 165 168 166 166 168 169 170 170 169 166 166 167 171 176 185 198 208 214 218 213 195 179 173 178 185 189 190 186 189 190 183 179 174 171 172 169 156 138 127 126 127 127 125
182 181 182 184 185 184 183 181 179 177 178 176 176 177 173 169 179 182 179 173 167 166 166 166 167 160 161 166 166 168 170 166 169 168 163 161 162 160 159 157 161 162 165 164 162 158 160 164 162 162 164 168 170 168 166 163 161 164 169 181 197 212 220 222 208 191 179 172 172 187 195 184 186 194 188 168 159 165 160 143 138 135 134 135 138 141 140 136 141 139
184 182 181 182 184 184 182 178 178 172 171 168 161 153 146 146 145 142 139 140 141 139 135 133 135 132 141 144 132 131 139 136 140 137 133 135 136 132 132 134 137 135 132 135 129 137 139 140 142 139 138 138 142 151 162 170 178 187 201 217 228 222 198 175 160 155 163 182 196 196 188 181 165 152 155 168 176 180 181 182 187 186 187 190 194 199 201 198 200 199
184 183 183 186 180 181 177 172 176 167 155 134 120 121 118 106 112 111 115 107 94 91 93 103 112 118 121 122 105 111 106 99 128 162 152 147 162 165 159 140 122 107 98 96 105 123 135 137 136 138 145 153 152 168 176 188 209 220 229 223 204 182 165 155 160 171 189 200 191 170 162 169 177 174 172 190 204 201 203 205 202 205 202 193 189 192 194 191 189 185
181 183 182 180 174 172 156 139 123 112 107 101 97 102 103 96 89 87 78 69 58 55 72 85 92 97 90 90 114 105 93 126 184 198 151 105 118 149 157 139 134 127 133 141 137 129 126 130 145 159 174 181 178 194 209 226 224 210 190 172 162 164 174 181 190 193 196 186 173 177 184 182 187 189 191 186 178 175 178 184 177 181 184 184 182 183 186 189 188 192
180 181 180 175 151 129 115 113 107 99 99 100 96 93 87 75 71 61 56 66 70 72 81 82 78 75 79 83 118 92 85 136 196 189 138 90 87 100 110 119 128 138 161 173 173 168 159 153 154 161 163 166 181 205 207 201 177 160 151 160 177 190 191 187 187 192 186 180 184 184 179 179 191 183 161 130 127 138 142 154 156 157 157 158 159 160 163 165 171 179
175 154 128 113 103 109 111 110 111 107 100 92 85 80 76 69 68 68 70 71 79 83 81 89 91 87 83 81 117 87 63 83 114 119 103 80 82 90 98 120 157 165 180 192 205 214 203 186 164 172 176 176 175 176 170 167 154 162 180 194 195 191 189 188 193 187 186 189 186 178 174 173 174 172 174 164 154 155 145 130 126 131 134 136 141 144 141 136 142 145
127 109 96 100 104 118 121 114 104 97 80 76 82 82 81 77 79 73 79 78 79 95 101 96 89 76 69 78 90 61 42 43 46 49 59 65 70 72 94 143 164 158 161 168 175 180 184 190 193 188 191 200 197 180 177 186 193 190 192 190 182 176 176 174 174 177 179 175 170 166 166 166 173 177 174 174 176 177 182 181 179 178 172 166 163 159 153 150 141 138
100 95 102 122 125 124 115 106 94 98 96 99 96 83 80 82 72 78 102 120 98 74 76 75 78 83 95 99 65 32 36 46 46 51 64 64 62 69 94 137 132 133 144 153 154 155 163 178 196 191 195 203 209 200 198 192 189 182 179 174 160 151 150 149 148 155 152 151 160 161 159 164 175 173 172 170 156 155 175 179 179 183 188 193 192 182 177 180 171 161
120 134 138 132 117 112 110 113 121 119 111 108 98 89 97 101 114 120 102 97 112 111 105 105 112 124 114 92 74 64 61 62 78 82 95 103 115 133 150 165 176 178 182 183 186 187 182 180 181 185 187 183 189 197 201 180 146 139 146 159 160 157 159 162 159 151 146 145 144 146 149 150 148 157 161 166 170 164 154 150 155 150 149 160 172 171 163 161 169 169
136 133 119 115 120 125 124 133 137 131 122 120 115 119 134 131 122 119 122 124 132 137 135 139 150 141 141 137 140 142 139 135 126 122 135 153 165 178 188 196 202 204 209 208 207 204 196 192 188 184 182 176 181 185 183 155 121 109 116 132 135 136 149 163 167 180 177 162 150 138 131 132 132 137 141 142 154 160 149 146 145 139 123 112 110 112 119 129 127 132
112 101 100 117 137 149 154 148 147 136 138 151 157 156 153 150 153 156 157 159 165 169 168 165 167 171 176 174 169 170 167 156 127 104 130 164 172 186 195 189 203 216 213 206 207 202 203 197 188 187 188 184 178 179 180 173 175 155 146 136 97 69 78 86 94 126 157 177 177 170 164 150 139 137 133 130 129 131 135 135 129 127 130 118 99 82 74 82 88 91
85 86 116 143 159 170 170 172 169 169 174 177 172 170 173 176 177 177 175 174 174 175 177 180 180 183 186 178 170 178 172 144 103 97 116 148 170 176 173 176 198 214 212 209 212 206 206 205 198 188 184 186 184 182 182 181 179 170 166 166 148 121 101 82 74 73 89 114 134 150 150 141 134 135 127 118 117 122 126 127 135 126 117 113 105 92 84 83 78 76
113 126 157 174 183 189 184 184 173 173 175 178 181 187 193 193 188 188 188 188 186 182 183 188 187 186 187 184 187 193 169 125 92 96 119 150 163 156 152 156 185 213 214 212 215 207 205 205 199 189 185 190 191 185 179 178 177 169 158 155 154 149 142 134 119 94 79 67 64 72 82 96 105 107 106 102 90 78 82 97 103 105 101 104 104 98 100 99 98 92
168 183 184 177 178 183 189 188 190 185 182 187 197 204 201 192 191 191 192 194 193 190 188 188 189 191 191 193 196 185 152 120 98 98 121 149 148 134 133 136 163 209 217 215 215 209 205 202 198 195 189 185 185 182 177 175 169 164 157 152 147 141 142 147 144 134 117 101 93 81 70 77 80 88 93 85 74 66 59 58 50 62 67 70 73 78 88 91 94 92
170 171 168 174 187 198 202 197 192 191 193 197 200 200 196 191 190 189 189 187 187 188 189 187 190 194 198 204 201 176 143 124 98 98 120 141 131 106 95 95 147 210 222 217 216 216 211 205 197 197 192 186 184 182 177 174 169 162 159 154 141 129 125 128 128 132 125 128 139 135 122 114 94 91 93 91 88 83 73 66 58 55 50 42 43 54 62 70 82 88
156 147 167 188 198 204 202 204 193 194 194 192 188 185 185 187 187 189 191 189 188 192 196 194 198 200 205 206 193 163 129 109 99 100 123 125 94 67 61 69 150 215 225 221 218 221 218 212 202 199 196 194 192 187 181 176 172 164 160 149 132 123 118 115 119 124 118 115 114 115 119 113 89 72 66 71 83 90 87 91 86 76 68 56 49 48 43 47 48 56
147 151 178 196 200 200 193 194 194 193 189 185 184 185 186 189 186 187 191 193 192 195 198 198 205 209 211 203 184 154 126 111 97 107 125 103 63 43 44 68 158 215 220 222 220 223 222 219 214 205 200 197 191 186 184 181 170 161 155 141 127 121 114 109 106 106 104 100 96 102 112 116 98 66 43 44 64 66 59 72 85 90 94 87 76 63 49 41 45 46
146 176 190 187 185 185 189 194 194 195 194 191 194 196 196 194 196 193 195 199 198 198 201 201 204 209 203 194 184 151 114 98 107 124 117 70 46 35 33 76 159 206 209 220 222 224 224 225 216 209 206 202 191 184 182 177 172 157 145 133 124 115 99 90 80 77 79 80 88 95 97 109 118 108 75 43 50 57 43 44 47 67 74 78 84 90 94 84 60 51
167 186 181 169 178 187 190 199 203 202 201 199 196 196 198 199 200 196 198 200 203 205 202 205 203 209 206 199 180 149 100 87 103 130 107 52 35 35 42 96 160 195 200 213 216 220 225 227 219 218 211 201 194 190 180 169 161 152 138 130 118 105 93 76 67 61 68 68 79 93 97 101 110 121 108 79 48 37 46 46 39 39 49 54 57 69 85 96 96 95
183 178 169 172 185 195 200 207 209 209 208 206 204 204 206 206 201 199 203 205 208 209 204 205 201 209 205 197 178 137 84 75 102 125 90 46 37 56 83 124 157 182 188 204 206 210 216 220 218 218 213 204 195 186 174 163 157 148 133 120 102 86 76 63 57 54 52 61 81 98 106 100 101 119 121 112 86 50 35 35 43 37 38 40 38 37 41 51 64 75
176 168 174 189 198 203 208 210 215 214 213 210 206 205 205 204 201 198 201 202 204 205 203 204 203 206 201 191 166 123 78 75 105 116 70 45 46 73 117 146 166 181 180 190 196 208 213 215 217 216 210 200 189 179 169 160 150 140 126 110 89 73 65 56 53 46 38 51 83 111 120 112 109 120 121 122 116 90 57 31 29 35 42 42 40 39 35 37 31 37
169 174 188 201 205 210 215 216 216 216 215 211 207 204 203 201 201 200 200 201 203 205 205 205 206 201 200 186 154 113 80 77 104 112 67 54 43 49 89 130 174 178 166 178 194 209 210 216 213 211 208 198 185 172 160 149 141 126 108 92 74 61 55 50 48 40 42 57 92 127 129 129 129 132 129 125 123 118 96 63 36 34 35 35 35 38 37 37 37 32
178 192 202 206 213 219 220 219 216 216 216 213 210 208 206 204 198 200 201 204 207 207 206 204 204 199 198 184 154 110 74 67 100 105 64 56 41 27 44 91 162 182 160 159 189 221 219 213 213 209 202 191 176 165 152 140 125 104 84 71 60 54 50 46 42 41 47 63 92 125 131 141 152 152 151 148 140 132 120 104 73 42 28 32 33 30 29 31 33 31
190 207 214 214 219 219 217 220 220 220 218 214 209 207 205 202 197 199 199 202 205 206 207 204 199 197 193 179 160 110 64 56 92 93 53 48 41 29 23 65 159 183 149 146 188 223 221 216 210 202 193 181 169 161 149 134 106 84 69 61 55 50 43 39 37 45 40 57 80 112 129 144 157 162 164 161 157 146 131 120 103 67 43 35 30 31 32 28 27 26
206 215 219 216 216 216 220 226 225 223 219 212 207 204 202 199 199 201 199 202 205 206 209 206 200 196 192 179 163 107 58 52 78 82 51 42 30 25 21 62 152 174 130 133 187 223 220 210 201 195 190 182 171 160 140 115 88 69 59 52 46 42 37 37 40 47 35 50 78 118 134 144 159 172 180 175 172 167 154 142 125 105 85 69 67 75 67 46 36 31
218 218 218 217 217 222 227 226 228 226 221 213 208 206 205 202 197 201 200 203 207 207 208 203 205 197 198 187 164 102 55 49 69 75 48 42 26 28 32 73 147 156 110 135 199 223 216 208 202 196 190 182 170 156 128 97 74 56 48 43 39 42 48 57 58 52 35 42 80 137 146 155 165 170 181 183 179 178 170 155 145 126 108 104 121 137 123 96 81 74
220 221 221 221 225 229 232 235 232 229 221 214 212 207 201 198 198 198 201 205 206 209 209 205 196 199 194 187 168 95 47 48 67 69 47 34 34 33 51 95 147 131 95 152 218 222 210 208 204 200 194 183 167 140 113 79 55 47 51 56 57 68 83 91 96 72 48 33 69 155 174 161 166 174 181 181 183 186 180 174 165 149 135 109 104 128 146 138 129 126
218 221 222 223 227 231 235 237 234 230 223 217 212 205 199 198 197 197 201 204 205 208 208 203 197 192 193 192 168 96 51 50 62 62 49 41 40 44 61 100 139 119 110 169 227 228 211 212 209 205 195 181 165 131 93 62 51 67 81 86 95 106 113 120 114 97 65 32 51 142 175 178 169 172 180 182 185 188 186 185 178 162 148 124 107 105 126 152 149 146
217 222 225 226 229 234 238 240 236 231 224 218 212 204 197 196 196 196 200 204 205 207 205 200 196 190 189 188 163 95 51 48 59 65 55 40 41 53 68 109 140 109 141 194 219 219 214 214 214 208 204 185 151 104 78 76 85 111 124 119 122 133 139 141 139 126 84 31 33 116 168 186 175 173 180 185 187 188 186 185 187 176 164 149 132 103 103 129 148 150
219 223 227 229 232 238 241 240 237 233 225 216 210 204 198 195 194 195 199 202 203 204 201 195 190 187 180 172 153 99 55 54 54 63 55 42 44 41 45 100 141 120 175 217 220 218 218 213 208 202 202 172 134 115 130 153 156 155 152 147 142 148 162 170 165 149 95 31 26 86 156 185 188 179 180 183 185 189 189 187 189 184 176 165 157 129 107 101 122 132
220 223 227 231 235 242 244 241 237 234 225 215 209 207 202 194 193 194 197 199 201 201 197 191 186 184 179 173 153 105 56 47 58 64 62 57 48 27 38 115 151 154 196 216 219 213 210 206 203 200 192 157 146 168 193 199 192 169 151 153 155 159 172 179 175 157 99 31 25 60 142 183 185 178 178 179 181 187 189 190 183 182 181 175 171 154 128 99 99 113
220 222 227 232 237 243 244 241 238 234 225 214 208 207 203 195 194 195 197 199 201 201 196 191 189 177 172 170 148 112 73 63 67 66 65 66 63 62 80 132 166 184 208 211 203 197 200 199 192 190 176 157 173 199 206 194 192 171 126 106 126 157 178 181 184 165 112 45 35 53 126 172 184 179 176 171 171 178 186 195 195 186 182 179 177 168 153 125 89 91
222 222 227 234 237 241 242 239 236 230 222 214 206 203 199 193 191 193 193 195 198 198 193 189 187 175 169 166 145 120 87 77 74 75 74 69 70 98 130 156 175 195 211 212 196 192 195 194 191 184 174 171 183 187 189 181 174 159 97 58 85 135 173 187 186 167 120 61 53 80 128 173 182 178 174 171 171 170 174 186 190 187 185 184 184 174 162 141 102 81
224 223 229 235 236 238 239 237 235 226 219 213 204 197 194 191 185 186 186 188 192 192 187 184 177 174 165 156 142 129 98 92 86 90 94 93 91 119 155 176 188 202 199 199 194 192 184 188 191 189 189 189 185 178 184 178 164 135 69 34 53 94 147 187 195 169 120 64 58 100 124 164 175 169 164 164 166 161 160 174 183 195 198 192 190 182 176 163 136 95
221 223 227 233 238 238 236 235 229 221 213 206 200 196 191 186 183 184 184 184 187 189 184 177 173 167 158 149 140 128 111 96 101 108 116 118 128 147 164 180 193 199 198 190 187 187 187 189 187 186 189 187 186 186 185 192 175 132 76 37 38 68 125 175 186 166 116 61 68 131 153 170 185 179 162 160 157 157 152 167 177 186 190 195 191 184 182 173 155 132
220 221 224 230 233 233 231 229 222 215 208 201 195 191 188 184 178 179 179 179 181 182 177 171 162 156 149 144 140 134 123 113 110 120 135 146 160 173 179 186 194 197 194 189 189 189 187 188 184 183 188 191 199 207 199 190 180 147 101 63 42 51 98 156 174 155 108 56 58 119 147 169 194 187 165 160 153 152 149 154 169 180 188 192 192 188 182 173 168 154
218 219 220 224 226 225 222 220 214 209 203 196 189 186 184 181 175 176 176 175 176 176 172 166 163 156 149 145 142 137 132 126 122 131 147 164 180 190 192 196 198 199 198 197 200 201 202 203 207 204 210 216 224 230 215 194 173 153 120 92 59 48 77 139 162 144 100 56 73 143 161 163 191 189 162 156 146 147 150 146 155 170 188 195 197 196 187 180 174 169
214 215 217 217 217 216 213 211 209 205 199 192 184 180 178 176 172 174 174 173 173 173 169 165 163 157 152 150 146 143 140 138 135 141 153 171 187 196 202 209 214 215 216 219 221 221 222 225 230 226 229 231 226 217 199 176 159 145 112 91 64 51 61 115 146 131 95 64 90 163 182 180 195 200 167 153 136 133 141 134 142 158 185 195 195 196 188 183 171 166
208 211 212 212 210 208 207 206 204 200 195 188 180 176 175 172 170 172 172 172 172 172 169 165 163 159 157 155 148 143 142 139 137 141 151 171 189 197 203 209 216 217 219 222 220 215 211 211 201 196 195 194 189 186 180 166 151 136 96 73 60 53 53 98 133 121 94 66 75 136 168 183 195 205 167 149 129 124 135 129 141 155 188 202 201 202 196 189 173 162
203 206 208 207 205 205 204 203 200 196 191 185 179 177 176 173 170 172 173 173 173 173 171 168 169 164 163 157 146 137 132 126 124 126 134 155 175 183 187 191 195 195 196 198 194 186 178 172 166 168 170 171 173 177 172 156 148 129 91 68 61 56 50 85 123 114 93 76 99 172 200 200 198 207 166 144 119 109 120 117 131 153 189 210 213 213 204 189 178 163
201 204 206 205 204 203 202 200 195 191 186 182 179 178 177 173 172 173 174 174 175 175 173 170 168 163 159 151 138 128 120 110 107 108 113 132 150 157 164 167 170 169 169 168 162 155 149 144 144 149 150 154 159 162 158 145 136 107 80 64 60 49 40 64 97 102 94 83 105 177 205 200 195 201 165 141 108 95 108 109 123 159 195 213 219 219 208 189 174 164
202 205 205 204 203 203 200 196 191 186 181 177 176 176 174 170 172 173 173 173 174 174 172 169 166 159 152 142 128 118 107 94 92 95 99 115 129 134 143 148 149 147 145 140 131 126 125 124 127 133 136 143 147 144 142 138 116 78 59 53 55 44 37 56 77 78 76 73 87 146 179 190 190 194 164 142 102 88 104 109 121 166 194 203 208 208 201 185 167 162
203 202 201 201 201 201 198 196 194 188 184 180 176 173 171 169 170 172 174 174 173 173 170 164 166 160 151 140 121 110 99 92 90 84 86 100 104 110 108 120 122 125 126 128 119 114 109 111 115 116 121 133 138 134 129 122 92 59 50 52 49 42 35 41 55 59 66 57 59 112 159 180 190 197 158 141 100 86 99 105 125 165 185 191 194 196 188 182 166 157
197 198 197 197 197 196 194 193 190 186 182 179 175 171 169 168 170 172 173 174 173 173 170 165 163 157 147 133 109 98 88 80 73 72 73 79 78 83 81 89 97 105 109 115 112 111 107 110 115 111 112 123 128 122 115 105 76 57 51 49 43 35 31 38 44 47 54 54 69 126 169 183 187 190 152 137 100 86 94 101 127 167 187 186 180 186 182 170 161 147
198 199 199 196 194 192 190 189 186 183 180 177 172 168 166 165 166 167 170 171 172 171 167 161 156 148 136 122 97 83 71 64 56 56 56 61 63 71 73 81 97 107 109 112 114 115 109 109 110 106 102 104 106 103 98 88 67 55 47 45 43 37 33 34 41 43 48 56 85 140 166 167 185 180 144 129 99 86 91 100 123 166 185 180 174 184 179 164 160 141
202 202 200 195 191 188 185 182 181 178 175 171 165 161 160 161 160 161 165 168 170 168 161 153 149 140 126 116 94 75 58 54 54 52 54 59 61 66 79 96 110 120 117 116 121 125 117 116 110 100 83 76 80 85 79 65 63 53 40 40 42 37 33 32 36 41 44 50 78 128 147 148 175 164 131 113 86 79 84 91 116 159 181 184 189 199 190 175 162 148
205 204 201 196 192 190 186 181 178 174 171 166 160 157 157 159 160 160 163 167 169 167 159 150 145 145 133 118 96 74 54 51 53 54 56 56 55 59 81 104 119 130 125 120 121 126 121 123 120 96 70 69 88 99 93 76 70 57 43 42 41 33 32 35 32 41 42 39 58 99 121 135 157 142 120 101 79 83 89 95 123 160 184 195 198 203 191 173 161 157
202 203 201 198 196 195 190 184 178 175 170 166 160 158 159 162 163 163 165 168 169 166 158 150 144 154 145 122 92 70 52 51 52 51 49 46 50 58 82 100 126 141 140 132 124 126 125 129 126 98 75 87 115 129 124 114 84 62 44 43 43 36 33 36 35 41 42 45 64 91 104 123 136 122 110 92 77 87 92 100 127 159 187 201 198 200 190 170 159 159
194 197 197 196 195 195 189 182 179 175 171 166 160 157 159 161 161 163 166 167 166 161 154 147 143 150 144 120 82 57 46 48 51 48 43 39 43 50 80 101 117 136 143 138 127 126 126 129 125 100 79 94 125 139 131 118 87 57 42 40 41 39 33 35 39 39 41 56 76 87 92 118 131 117 108 89 82 91 90 103 132 170 193 199 196 196 182 162 155 152
191 195 198 197 196 194 188 180 176 173 168 163 157 153 153 154 155 159 165 166 162 155 147 141 140 138 133 115 72 44 38 45 41 42 43 38 34 34 77 114 120 140 152 150 139 137 134 133 128 102 76 89 128 147 132 106 81 54 46 43 39 39 37 42 44 41 42 55 65 63 74 118 120 106 98 82 82 91 88 108 127 175 190 187 192 193 170 152 152 141
188 196 198 197 196 189 182 177 171 166 161 153 149 147 145 145 149 152 157 160 158 152 145 141 138 142 137 106 68 43 36 40 38 42 40 33 28 31 88 130 131 151 166 168 152 144 144 147 142 116 83 78 109 138 127 97 65 50 46 47 38 35 41 44 42 42 41 48 45 42 71 104 101 101 88 80 86 85 89 109 133 164 170 172 186 177 152 142 137 122
184 193 194 192 190 183 176 169 163 157 152 143 138 137 135 137 142 145 149 152 150 146 143 141 145 140 128 97 62 43 37 40 47 41 32 28 24 37 105 136 142 166 183 183 169 162 161 162 160 145 111 79 80 103 100 71 55 45 40 42 41 43 46 46 49 43 45 54 50 52 79 98 98 94 83 80 85 84 93 118 136 146 150 163 170 147 123 118 113 99
183 193 194 190 186 180 172 164 157 151 145 136 131 131 132 135 139 142 145 147 146 144 145 147 148 142 129 96 58 38 36 43 49 46 34 32 35 55 122 140 141 169 191 192 185 182 181 180 177 167 146 114 88 83 75 56 44 42 41 40 40 45 54 61 53 45 46 53 51 61 84 94 95 85 78 82 86 82 94 119 133 143 153 160 152 128 109 102 94 81
173 188 191 187 181 174 166 157 150 143 137 129 126 128 129 132 135 137 140 141 140 140 143 147 146 142 125 91 56 36 37 50 49 42 30 42 68 90 138 151 141 166 191 195 194 192 189 186 178 168 161 148 119 94 78 65 49 47 47 46 43 47 58 65 54 47 42 39 42 59 80 91 94 83 79 88 91 87 96 115 125 139 150 152 144 127 110 95 85 72
150 172 183 181 175 168 159 148 143 136 130 125 124 126 126 129 130 133 135 136 134 133 137 141 142 135 111 76 51 39 41 57 59 40 33 58 101 124 152 160 142 159 187 197 204 200 197 194 186 178 170 158 141 124 108 94 81 66 61 64 64 68 70 65 55 44 36 29 38 66 87 96 92 85 85 91 93 94 104 118 127 137 145 147 136 115 100 92 79 67
123 153 172 175 172 167 158 147 142 134 129 126 126 128 127 129 130 132 134 134 131 130 133 136 137 131 109 73 47 38 45 63 65 46 38 39 69 112 156 164 139 148 182 198 210 207 206 202 193 182 170 158 147 137 122 105 98 77 68 73 76 81 81 71 59 38 32 28 43 80 97 98 85 86 87 88 90 97 110 122 131 143 146 139 125 106 95 90 73 63
94 127 151 158 161 162 157 147 139 133 129 127 128 130 129 131 132 133 134 133 130 129 131 133 134 130 113 76 44 39 54 72 61 50 41 24 31 78 147 163 134 142 181 199 211 211 212 207 200 187 177 167 155 146 130 107 98 84 76 78 83 89 88 78 60 36 29 27 50 86 94 89 87 91 92 92 96 103 113 121 126 135 132 122 114 108 98 83 66 59
68 102 127 135 142 149 149 141 139 133 131 130 131 133 133 136 136 136 136 134 132 131 133 135 137 125 107 72 42 45 66 81 69 50 35 25 21 48 125 156 127 136 182 201 215 218 224 218 207 198 188 172 159 159 145 112 93 85 79 80 89 93 83 69 52 34 25 27 60 96 96 95 97 101 102 103 109 115 118 120 122 126 124 116 105 97 90 77 65 60
65 79 103 116 124 135 136 130 129 127 127 130 132 131 131 133 134 135 134 134 135 136 138 143 142 137 112 65 39 54 76 86 69 52 34 25 16 37 111 136 118 143 184 208 214 219 223 220 208 195 185 172 163 156 149 125 96 76 73 82 90 94 80 59 45 31 19 37 81 109 110 112 110 111 110 112 119 122 121 121 119 121 114 101 92 84 73 65 60 59
79 61 71 97 112 120 122 119 119 121 123 126 127 126 126 128 128 130 131 133 136 139 145 151 154 140 109 70 47 57 80 91 75 54 33 24 23 48 104 116 113 148 191 212 216 219 219 214 201 190 180 169 160 154 149 129 111 83 70 76 86 88 76 64 43 30 22 72 123 128 125 121 120 117 111 109 114 117 115 113 113 112 104 92 83 75 66 59 56 54
108 79 53 55 82 103 107 111 111 114 118 120 121 121 121 121 126 128 130 131 134 137 144 152 154 136 103 70 48 54 81 92 74 54 39 34 42 69 103 101 114 158 199 212 212 212 208 201 194 184 177 167 159 151 148 133 116 86 66 71 89 93 74 55 44 23 45 117 143 129 130 121 117 114 108 102 102 103 99 96 99 97 90 82 77 72 66 62 57 56
99 104 86 61 63 76 88 105 109 113 116 118 121 122 121 120 120 122 124 127 130 135 142 152 154 140 105 72 46 47 71 79 69 49 38 34 44 70 91 92 124 171 207 215 212 207 200 193 188 180 175 167 160 149 145 133 113 92 72 69 88 103 85 56 38 44 101 144 134 125 120 105 103 104 102 97 93 91 88 84 82 79 75 72 70 68 65 64 58 56
89 94 96 83 69 66 76 92 99 106 112 116 119 121 120 119 121 122 122 125 130 135 143 152 156 144 111 80 54 47 64 72 64 47 40 39 46 69 87 99 136 178 206 212 209 200 191 185 181 174 169 164 159 146 138 127 110 93 75 70 88 108 85 43 42 80 130 136 122 115 104 109 105 105 101 96 91 88 84 80 74 71 68 67 65 63 60 59 56 55
75 78 88 93 88 76 69 72 80 91 103 111 116 117 117 117 117 116 116 119 124 128 137 147 154 141 110 83 62 49 57 67 64 48 35 33 36 61 90 120 157 187 200 200 195 184 178 173 168 163 158 153 150 136 127 116 107 93 79 69 74 84 66 35 58 115 141 127 124 129 125 125 121 113 102 92 85 80 76 71 69 67 65 64 61 59 57 54 55 56
72 74 80 86 92 88 72 62 68 78 91 104 112 115 115 116 113 113 114 117 121 126 136 147 151 140 110 79 61 48 47 59 64 53 40 35 32 55 91 134 175 195 197 191 184 173 168 163 155 151 144 138 135 122 114 104 98 86 77 71 71 73 62 48 76 127 151 156 158 155 151 139 117 103 90 81 74 69 67 64 62 61 61 59 56 55 54 52 53 55
79 68 74 83 85 90 81 62 60 66 77 92 105 110 110 109 110 110 110 111 112 115 125 136 145 140 112 75 59 51 47 59 60 56 42 36 30 54 98 149 174 192 192 187 179 169 163 154 147 143 135 127 124 112 104 96 85 78 71 65 66 71 75 84 104 152 174 174 166 149 129 104 93 82 74 70 65 64 65 65 64 62 62 60 55 55 55 52 54 56
98 90 71 73 79 82 89 80 61 55 64 80 92 100 102 104 101 103 105 106 105 105 113 124 131 130 117 84 58 50 50 58 60 61 52 46 35 58 115 163 177 180 184 182 171 161 155 150 143 133 127 122 113 105 98 91 81 73 65 61 59 64 78 93 116 136 144 135 123 108 90 78 75 74 70 67 67 67 68 69 68 67 65 61 57 56 56 56 57 57
88 96 94 75 73 84 83 88 75 53 49 65 80 87 89 91 92 94 95 97 97 98 103 111 113 120 115 83 56 50 52 58 63 62 55 51 47 80 134 169 178 178 178 172 160 150 144 138 134 126 120 116 108 101 94 86 78 70 64 61 60 62 71 81 91 97 93 85 80 75 68 64 68 68 68 69 70 70 67 66 67 66 64 61 58 58 58 57 56 56
78 81 96 95 91 83 72 86 86 66 50 47 57 68 74 81 82 85 86 88 89 91 94 97 95 103 105 83 57 50 54 61 65 63 62 60 57 92 140 163 172 172 168 160 149 141 134 129 121 116 111 107 100 95 89 82 75 68 62 61 60 60 64 69 73 71 63 59 61 61 60 62 61 61 60 62 65 65 62 60 59 58 57 55 53 53 53 52 53 52
79 79 87 97 99 92 83 73 80 79 61 40 44 59 63 68 74 78 81 82 84 87 88 89 89 87 90 84 63 50 55 64 66 63 67 66 58 91 137 157 163 163 158 149 139 132 124 118 110 106 102 98 93 90 85 78 75 68 62 61 59 59 61 63 63 63 61 60 62 61 61 64 63 63 62 62 63 62 59 57 55 54 53 52 52 52 52 50 50 49
77 85 82 88 96 103 103 80 68 78 74 52 39 45 52 58 66 72 77 78 81 83 84 85 88 80 81 82 66 51 57 68 70 66 66 64 60 97 140 157 155 154 148 138 129 121 111 104 100 98 94 89 85 84 81 76 73 68 64 61 59 59 61 62 59 61 61 59 59 60 61 63 64 66 67 67 64 60 56 55 54 53 52 52 52 53 53 51 50 49
82 86 83 81 86 95 102 105 89 78 75 61 39 35 44 49 59 66 72 75 77 80 83 85 85 81 79 79 68 58 63 71 73 71 68 63 69 111 141 148 146 143 136 127 120 111 101 96 92 89 86 82 80 79 77 74 71 68 66 64 62 62 63 63 63 65 64 61 61 64 65 65 64 65 64 61 58 54 52 53 52 51 51 50 50 51 51 49 48 47
77 86 91 84 82 90 93 97 101 88 87 75 46 32 37 44 51 58 64 68 72 75 79 83 82 83 79 79 74 68 71 74 74 76 73 69 81 116 132 134 135 130 121 113 107 99 93 91 86 84 81 79 78 77 75 75 72 70 69 68 67 67 68 68 68 68 67 66 66 67 67 66 65 63 58 53 52 51 51 52 51 50 49 49 49 49 49 48 46 45
71 77 86 86 84 93 98 92 88 93 98 87 64 43 33 34 43 49 55 61 65 70 74 78 82 82 78 80 82 76 76 76 76 80 78 75 87 114 125 132 129 121 110 101 95 88 83 83 84 82 79 79 79 77 75 76 75 73 72 70 70 72 73 72 70 68 67 67 66 65 66 67 61 58 52 50 50 50 47 45 48 47 47 46 45 46 46 45 45 44
65 69 76 85 88 93 99 91 90 75 88 102 89 63 39 27 37 43 47 54 61 62 64 72 77 81 82 79 79 81 81 80 80 83 83 80 87 103 113 115 112 106 99 92 87 84 83 82 80 80 80 82 82 81 78 76 77 76 76 76 75 73 73 74 71 71 71 70 68 66 63 58 53 51 48 47 48 48 46 45 46 46 44 43 42 42 42 42 39 38
62 60 65 80 87 90 97 96 92 76 68 80 100 92 59 42 32 38 43 47 51 56 59 60 69 75 78 78 79 80 80 80 82 84 84 83 86 93 99 101 99 96 91 87 84 82 82 82 81 81 82 81 80 79 79 79 81 79 78 78 78 78 77 76 71 72 73 72 67 61 53 46 44 43 42 41 41 40 39 38 38 38 37 36 35 35 35 35 33 33
61 63 63 70 79 87 93 92 91 89 81 70 78 95 84 59 37 36 40 46 50 53 56 55 58 64 70 74 78 80 81 82 81 81 82 84 85 86 89 93 92 91 89 85 82 81 81 82 83 80 79 80 83 84 81 77 79 78 77 78 79 80 81 80 79 75 69 59 48 41 37 34 33 33 33 33 31 30 30 30 29 29 29 28 28 28 28 28 30 30
60 67 67 64 67 74 87 98 98 89 85 75 62 70 87 92 62 45 35 41 48 50 50 51 49 52 58 66 73 76 79 81 83 83 84 85 85 84 85 88 88 89 88 87 85 83 84 85 84 85 85 84 83 82 81 81 83 84 85 85 82 79 74 69 64 53 40 31 29 29 28 25 26 26 27 26 25 25 25 26 25 25 25 26 26 26 26 26 27 27
59 63 69 74 71 64 71 92 102 95 88 88 80 62 60 74 84 68 45 35 40 46 47 48 45 44 47 53 61 66 70 73 78 80 81 82 83 85 86 87 88 89 90 89 88 86 87 87 88 89 88 88 88 89 88 87 81 80 79 77 70 60 47 37 32 29 27 26 25 25 26 25 25 25 25 25 25 26 26 27 26 27 27 27 28 28 28 28 29 30
62 60 64 72 78 74 66 69 82 99 99 92 90 77 59 48 71 79 69 46 37 41 46 50 45 42 40 42 48 52 56 59 64 68 71 72 76 82 85 86 86 88 91 92 92 92 92 92 94 92 90 91 93 91 84 76 68 55 42 35 32 30 28 25 26 25 26 28 29 29 27 26 28 27 27 27 27 28 29 29 28 28 29 29 29 29 29 29 26 26
64 62 61 60 70 82 77 70 71 84 98 102 94 86 75 55 51 67 74 63 48 39 40 44 47 44 39 38 39 41 44 47 52 55 58 59 62 69 77 81 83 85 89 92 95 95 94 93 89 91 90 80 68 59 55 53 45 32 22 21 23 24 24 24 26 27 28 28 25 25 28 31 28 28 28 28 27 28 28 28 27 27 27 27 27 27 27 27 26 26
60 64 72 68 65 71 75 80 81 75 80 95 95 91 91 80 60 55 62 73 67 48 37 36 49 46 41 37 36 37 39 42 40 43 46 48 52 61 73 83 90 91 92 92 91 87 82 78 78 77 69 53 37 30 33 37 41 31 26 27 28 26 26 28 30 28 29 30 29 28 27 26 27 27 28 27 26 26 26 26 25 25 24 24 23 23 23 23 25 24
67 66 62 67 63 63 68 72 78 80 80 80 85 96 99 92 78 62 54 63 69 65 52 34 40 45 45 39 36 36 36 38 38 40 43 47 52 59 69 77 80 81 77 74 71 70 71 67 70 68 58 47 41 37 40 32 37 33 24 26 25 26 25 26 25 25 24 23 25 25 25 26 26 26 26 25 25 24 24 24 23 23 23 23 23 23 23 23 23 23
79 72 62 65 61 62 63 64 68 75 80 78 78 87 92 90 83 70 60 61 62 64 58 43 40 45 45 40 37 36 36 37 38 38 41 47 55 62 67 69 64 66 64 64 64 67 71 68 62 67 60 47 47 54 60 45 37 33 23 25 24 24 23 24 24 24 24 24 25 26 25 25 25 25 25 24 24 23 23 23 23 23 23 23 23 23 23 23 23 23
