156 168 168 148 118 105 105 91 71 52 49 50 50 56 63 71 62 64 61 64 80 88 84 81 79 76 64 59 55 57 69 68 65 60 53 51 51 52 54 57 53 55 56 56 57 57 56 56 56 54 53 57 61 61 58 58 61 70 76 72 67 69 73 75 77 78 79 81 92 99 91 85 85 77 77 81 82 82 83 81 75 87 106 116 116 116 113 103 91 93
163 150 121 97 83 70 58 50 46 48 55 65 66 62 62 63 65 70 69 65 64 62 56 55 54 57 53 55 56 60 70 68 60 59 56 54 55 56 57 58 51 53 53 52 52 51 50 50 57 56 52 48 48 51 56 60 59 64 67 67 67 71 76 78 75 80 79 78 82 75 64 69 65 71 83 90 88 85 91 99 99 100 104 104 99 97 93 85 91 104
111 91 75 63 53 47 44 44 56 61 60 67 69 65 68 66 65 58 54 57 58 54 51 54 53 55 53 57 55 52 54 52 51 51 50 48 48 49 48 47 48 50 50 48 47 47 47 48 48 51 53 55 60 62 58 53 53 53 55 58 61 63 64 66 70 73 72 70 72 68 66 78 84 85 85 88 95 102 106 110 111 110 109 101 91 88 93 97 95 97
81 68 56 44 44 52 55 61 65 65 65 73 77 73 69 61 52 52 52 51 50 50 50 48 54 51 49 55 54 47 48 49 50 49 48 49 51 51 51 52 47 50 51 50 51 52 54 56 56 59 61 59 57 55 52 51 53 52 55 61 63 60 58 58 63 62 65 65 67 73 77 84 81 88 90 92 100 104 99 93 87 86 87 87 85 86 91 95 95 94
58 41 48 57 58 64 70 75 83 74 78 80 77 72 61 54 55 51 51 54 54 52 53 55 55 53 51 53 54 51 52 54 60 55 53 56 58 56 55 57 50 53 55 54 55 57 60 62 57 58 60 62 61 57 56 58 58 57 61 66 67 64 62 64 60 59 62 64 66 68 66 68 71 76 75 72 74 73 71 72 78 82 89 96 97 94 93 97 106 109
44 66 73 65 72 81 79 81 84 71 72 67 57 58 58 61 58 58 55 51 53 57 57 56 51 57 58 58 64 71 73 72 67 63 60 61 61 56 53 54 51 55 55 53 53 55 57 58 57 53 50 53 55 53 53 56 54 53 53 55 54 53 54 57 62 61 59 60 65 63 62 73 71 70 73 83 91 92 93 97 105 108 108 107 103 97 98 105 105 103
69 84 85 74 71 77 78 70 67 66 69 68 64 66 70 71 65 57 52 59 70 67 58 57 55 59 60 57 60 63 61 58 58 58 56 56 56 55 54 55 53 56 56 53 52 53 54 54 54 55 55 55 52 50 52 57 56 56 55 52 52 52 54 55 59 59 58 57 62 65 70 84 80 83 93 103 104 101 99 100 89 91 92 96 101 99 95 98 105 105
86 87 79 75 70 69 79 80 79 82 76 74 73 70 70 62 62 60 55 59 65 60 55 60 58 57 59 61 64 61 57 59 60 64 63 59 58 61 63 63 57 60 59 56 55 56 57 56 55 56 56 55 54 53 51 50 52 54 54 53 53 56 56 54 52 54 61 61 60 64 68 70 71 73 78 78 77 83 88 87 85 88 88 90 96 98 101 109 124 121
89 87 77 76 78 83 97 103 86 85 89 80 69 63 62 58 55 57 61 64 64 63 62 60 62 60 59 61 63 60 59 62 62 63 64 69 73 74 73 76 66 70 70 70 68 66 68 69 68 63 59 61 63 63 61 58 54 50 50 53 53 53 54 54 51 49 55 53 53 52 47 53 56 54 60 63 67 76 82 85 85 97 96 92 99 105 107 114 110 99
95 95 98 102 96 91 91 88 88 91 61 61 60 57 60 59 65 66 68 67 64 62 62 62 59 58 57 59 62 60 58 60 58 60 59 59 62 65 65 65 66 66 63 63 64 62 60 55 56 56 57 54 50 49 51 52 58 63 66 63 59 61 61 56 57 53 55 52 53 57 57 65 74 72 74 76 79 79 71 69 81 87 92 96 99 100 99 99 97 97
117 96 89 84 80 93 99 87 69 68 87 79 77 72 68 73 73 68 63 62 63 63 61 57 60 59 57 58 60 59 57 56 59 61 60 58 57 56 56 57 54 62 72 88 108 125 138 143 141 141 139 131 117 101 84 71 58 45 40 45 45 42 49 60 60 57 62 64 68 71 72 79 83 76 77 79 84 95 93 83 81 92 103 99 85 78 78 73 75 85
113 93 81 89 114 125 105 88 92 97 79 81 78 66 65 61 53 50 48 46 45 46 47 47 45 45 44 44 45 47 47 46 48 47 49 54 57 58 64 74 92 116 140 159 171 178 186 190 200 200 200 201 202 201 195 186 173 161 144 128 112 93 72 57 47 47 50 48 56 70 75 75 80 80 83 90 102 105 96 93 113 101 102 113 120 124 123 117 113 122
107 107 116 115 115 124 116 99 90 78 62 56 52 51 45 46 46 45 45 44 43 44 46 45 41 43 43 42 41 42 43 43 43 45 47 50 55 71 101 130 151 162 170 179 192 202 209 211 214 216 218 216 213 212 211 208 206 214 214 207 206 206 190 169 148 119 86 61 44 37 37 41 44 46 57 60 64 80 87 81 99 96 95 94 92 94 93 87 95 96
125 127 130 127 125 123 107 90 70 56 56 53 53 51 57 49 52 50 48 48 49 51 49 45 45 46 48 47 45 46 48 48 48 51 55 66 89 117 142 157 169 185 195 204 213 218 223 225 220 222 223 221 216 215 214 213 212 210 208 207 207 205 206 209 214 205 194 173 132 86 57 45 39 43 44 42 43 45 44 47 51 48 49 55 56 53 50 51 53 48
133 128 132 137 118 90 73 62 58 65 52 57 57 56 54 57 54 55 54 51 48 48 49 48 48 46 46 45 42 43 47 49 59 67 79 97 125 151 167 173 182 199 207 213 220 221 221 221 222 221 222 222 221 220 217 215 212 212 210 207 204 199 200 205 201 206 210 209 205 191 152 108 72 44 36 45 46 40 40 49 44 45 45 41 39 41 44 44 42 39
122 135 120 96 80 71 72 73 70 68 63 57 56 51 52 51 54 51 47 45 45 46 45 42 42 39 42 47 53 63 75 82 86 98 116 134 152 166 178 187 198 211 214 216 223 225 225 223 223 223 224 223 221 219 219 220 218 219 216 211 208 203 199 198 203 203 205 208 208 207 204 194 170 126 74 42 37 44 44 42 41 40 42 44 42 42 42 39 43 43
131 122 94 86 90 87 82 65 57 55 52 48 47 47 45 43 45 43 42 43 44 41 39 42 46 62 74 94 114 123 133 134 139 131 137 146 158 176 188 200 211 218 220 220 223 224 223 225 223 223 223 222 222 221 221 220 218 220 217 213 210 202 195 194 197 200 205 206 205 204 203 200 200 198 170 121 62 31 40 44 41 46 41 39 41 44 44 41 41 42
112 94 98 101 85 68 55 51 46 45 43 41 40 41 43 44 40 43 43 42 43 49 63 77 97 116 134 156 173 176 176 174 167 166 158 150 160 186 202 212 216 220 221 222 225 227 226 225 224 224 224 223 222 222 221 220 219 219 216 213 211 204 197 196 193 195 200 202 202 204 204 201 204 199 203 189 162 100 35 38 37 43 42 42 45 37 43 42 42 44
101 102 95 79 57 44 46 44 43 43 42 41 39 38 40 43 43 46 48 55 73 98 124 143 152 166 182 195 203 201 196 194 187 178 170 145 154 190 204 208 217 220 223 226 227 228 228 226 227 226 225 223 223 223 221 220 218 217 214 211 211 206 199 197 193 195 198 200 201 202 201 198 200 201 198 201 197 186 140 60 29 41 38 39 37 45 41 37 39 41
100 85 58 48 44 41 49 47 46 42 40 42 43 43 43 46 53 64 81 103 130 153 166 171 171 186 202 210 213 212 207 204 193 174 171 125 140 184 200 209 213 219 226 229 228 228 229 228 229 228 226 224 223 223 222 219 218 216 213 210 208 204 199 197 191 192 196 199 201 203 204 201 202 204 200 198 196 192 186 171 86 30 42 45 39 43 44 42 42 44
79 48 45 49 48 50 44 43 45 45 45 45 44 48 59 72 89 108 128 146 165 179 182 180 190 206 217 217 215 215 212 206 175 167 146 97 147 197 207 207 212 220 227 229 228 229 231 231 231 231 228 226 225 225 223 220 218 217 214 210 206 202 199 197 193 192 194 196 198 201 203 202 202 201 209 199 193 197 186 184 182 117 37 36 49 43 35 42 37 39
55 50 51 46 41 43 44 46 44 46 50 54 59 72 94 113 131 147 162 173 186 195 192 183 189 212 223 222 219 219 215 197 156 172 122 91 160 202 205 195 212 221 227 227 229 232 233 233 232 232 230 227 226 225 223 220 219 217 214 209 204 201 199 198 196 193 192 192 192 196 200 201 207 206 202 206 202 194 193 185 189 174 132 57 31 40 45 39 42 44
43 50 44 44 47 43 45 52 54 56 64 80 101 122 138 148 164 175 183 189 202 208 197 179 190 218 225 223 222 222 218 190 161 160 94 109 169 207 213 196 202 218 225 224 229 232 231 232 231 232 230 227 225 224 222 219 216 214 211 206 201 199 198 196 193 190 189 191 193 198 203 205 205 203 205 207 205 200 196 190 186 182 176 134 63 38 42 42 40 42
50 46 50 44 44 50 53 66 74 87 106 125 140 152 163 171 179 192 200 204 213 217 202 182 184 219 226 228 227 224 214 174 167 134 81 143 172 205 216 201 190 213 223 222 228 230 228 231 229 230 229 226 224 223 220 217 213 210 207 202 198 197 196 194 193 192 192 194 196 199 203 204 204 209 205 198 201 204 196 191 186 189 184 174 130 63 39 41 42 43
54 55 50 50 59 66 76 92 105 122 141 156 167 173 180 190 195 201 215 217 224 224 204 174 169 206 225 225 227 225 219 165 177 109 122 193 186 204 222 203 175 204 225 224 223 226 228 226 227 227 227 226 222 219 217 216 212 204 199 199 198 196 195 195 196 195 196 201 196 198 197 198 200 201 202 201 204 200 200 195 196 192 187 184 171 126 67 37 36 44
55 55 65 72 81 97 112 124 139 154 168 177 184 189 195 202 207 211 220 220 225 225 209 177 157 192 222 226 229 230 220 169 171 83 115 170 194 205 218 207 168 189 221 224 225 225 226 227 225 225 224 222 222 221 216 210 207 200 195 193 191 191 193 194 192 198 198 198 196 190 188 192 191 195 201 200 198 198 203 205 201 203 197 186 179 171 129 64 39 44
60 60 85 107 118 129 139 155 166 177 187 192 197 202 207 213 212 215 220 222 225 225 214 179 156 181 217 222 225 230 220 176 155 71 78 69 124 186 217 202 162 176 222 223 224 222 220 222 219 223 225 222 219 217 212 206 200 194 187 183 182 185 191 194 193 198 195 187 183 175 173 173 177 183 195 200 201 203 204 205 210 203 198 200 190 187 174 128 65 41
65 81 110 124 138 158 166 179 181 189 195 198 202 208 213 216 216 219 221 223 224 221 213 177 160 174 208 216 217 220 213 174 139 113 109 46 75 177 220 197 150 164 222 219 220 223 222 222 224 225 225 224 220 215 206 196 188 182 175 172 175 184 192 196 199 197 193 179 171 161 156 149 162 175 189 198 201 206 207 210 207 205 203 204 194 188 189 175 130 59
86 104 132 145 156 173 182 192 198 203 207 208 211 215 218 219 216 218 220 224 226 223 219 189 156 163 193 211 213 208 203 166 126 75 70 44 68 169 206 192 136 157 221 218 219 221 221 223 218 221 225 226 218 204 192 185 175 170 168 172 183 195 202 204 203 198 193 180 166 143 122 121 131 167 194 209 209 211 207 210 206 208 207 204 202 200 193 189 182 121
120 129 156 178 184 188 197 206 210 211 214 216 217 220 221 221 223 223 223 223 224 221 219 199 158 153 177 201 209 201 197 168 130 41 35 36 56 161 204 187 126 157 217 221 222 219 218 223 231 226 222 218 207 191 176 167 164 164 171 184 200 211 214 213 208 204 197 186 172 136 89 100 146 191 206 214 211 212 211 212 213 207 207 207 209 207 199 197 194 183
136 152 170 185 194 203 213 212 213 213 215 218 219 221 223 224 223 222 224 222 224 222 219 210 172 150 167 187 199 196 192 177 133 59 63 83 74 151 189 165 118 163 214 223 225 223 223 227 224 225 223 209 187 167 155 151 161 166 179 198 212 218 218 216 215 211 201 192 178 141 59 57 162 214 215 216 213 214 213 210 210 212 211 209 208 210 210 202 198 201
151 172 183 198 213 214 216 215 219 216 217 220 221 222 224 226 226 224 227 223 225 221 216 213 185 150 162 177 190 190 185 179 154 103 96 137 111 165 188 155 120 175 217 223 224 226 226 226 224 224 215 193 169 162 168 177 170 177 193 212 222 223 221 219 214 212 209 206 200 172 66 38 125 196 207 216 215 215 214 211 208 214 211 214 214 210 213 205 203 197
167 185 194 203 208 214 216 219 219 219 220 222 222 221 223 226 225 224 224 224 223 220 216 212 199 162 157 179 187 186 182 178 165 130 88 112 153 175 180 143 127 193 217 221 223 224 224 223 226 225 204 179 175 190 207 210 196 185 195 221 221 225 221 220 214 214 214 208 191 161 77 32 91 176 200 203 209 214 212 208 209 212 214 214 215 216 212 206 204 200
178 193 199 208 211 215 216 219 221 220 221 222 222 221 222 224 224 224 223 223 222 219 216 212 203 174 163 172 182 185 181 178 167 164 132 107 113 159 183 137 157 206 222 224 223 222 222 223 224 216 198 193 204 218 222 214 197 173 175 218 223 223 222 222 220 221 211 205 187 145 92 41 64 173 197 192 200 208 211 206 206 209 213 215 217 219 217 213 208 204
192 203 207 214 216 218 219 222 221 220 221 222 221 221 221 222 223 222 221 221 221 219 215 212 206 190 176 172 179 184 178 173 166 165 157 143 130 152 180 167 191 219 222 224 221 218 220 222 225 219 211 213 219 221 219 213 189 157 138 194 226 225 223 222 219 219 218 208 182 125 95 83 94 160 194 202 200 199 201 204 200 203 208 214 218 220 221 219 213 209
200 209 211 217 218 219 219 222 220 219 219 220 221 221 221 222 221 220 220 220 219 217 214 212 205 198 186 175 178 184 179 175 174 164 163 172 174 177 185 188 211 223 219 221 218 218 221 222 222 216 211 217 223 222 219 212 172 129 96 148 216 223 218 218 224 217 220 202 161 110 104 119 117 153 185 210 207 194 196 196 192 195 203 211 216 219 220 221 218 214
203 210 211 217 216 218 218 219 218 218 218 219 220 220 220 220 220 219 218 218 218 216 213 211 205 198 188 176 173 181 185 187 181 178 175 174 183 193 198 203 217 222 217 219 217 219 222 222 225 218 211 216 223 223 216 205 160 85 71 120 204 223 214 220 224 221 213 194 142 106 116 116 84 167 184 198 209 187 194 195 188 191 199 208 215 218 220 221 222 219
205 212 213 218 216 218 218 218 218 218 218 218 218 218 218 218 219 218 217 217 217 215 212 209 207 199 193 182 175 180 187 191 191 188 192 197 204 211 214 217 217 220 215 217 214 218 219 218 219 218 218 221 222 220 214 203 150 51 67 127 200 224 216 222 216 223 216 187 137 108 128 157 115 187 190 181 210 199 184 191 186 188 196 206 214 220 223 223 225 221
205 213 214 219 217 220 220 218 218 218 219 218 217 217 217 217 218 217 217 217 216 214 211 208 207 201 199 192 184 185 189 193 198 199 204 208 209 214 220 224 217 218 214 216 214 217 217 219 221 220 220 225 224 218 209 195 157 75 75 140 198 218 218 218 219 218 206 174 140 105 130 173 116 155 194 181 210 223 185 189 181 183 190 199 210 219 224 224 225 221
201 210 212 217 215 219 220 217 217 218 219 218 217 217 217 217 218 217 217 217 216 214 210 207 205 202 201 196 193 194 197 202 203 207 208 213 222 224 222 218 219 218 214 217 216 218 219 223 224 222 223 228 224 216 207 194 183 133 88 145 197 212 224 216 220 218 199 169 133 97 156 182 121 161 222 190 199 230 192 175 175 177 183 193 205 217 224 224 223 219
206 209 213 215 216 217 217 217 217 218 217 216 217 217 218 220 220 219 218 217 215 214 211 208 206 203 200 199 201 200 200 201 208 211 215 220 223 221 220 222 223 218 216 219 218 218 221 222 222 221 222 231 233 220 205 193 179 170 127 131 189 206 214 217 215 210 195 166 122 144 187 223 218 175 211 196 189 221 210 176 161 167 180 190 202 217 223 225 223 220
207 210 213 215 216 217 219 219 216 217 217 217 218 218 218 219 221 220 219 218 217 215 212 209 208 205 202 201 202 202 202 204 209 212 217 222 224 224 223 224 220 218 219 220 220 221 222 220 219 217 221 230 228 216 203 190 178 164 134 123 164 195 200 207 212 209 187 156 118 155 196 216 209 165 187 195 189 222 209 170 147 157 174 187 202 215 219 221 222 219
206 210 213 215 216 217 218 219 215 216 217 217 219 219 219 220 222 220 220 219 218 216 213 209 205 203 200 199 200 199 200 202 205 210 216 219 222 223 222 222 217 218 219 219 219 222 221 217 216 214 219 227 220 209 199 185 170 153 140 125 142 183 189 197 209 208 183 150 119 153 207 217 211 151 183 205 186 217 215 172 139 152 171 187 204 216 218 220 220 217
205 209 214 215 216 216 216 216 215 216 217 217 219 219 219 220 222 220 220 219 218 216 212 207 204 201 198 197 197 196 197 200 198 205 210 212 215 216 216 215 215 214 213 212 213 216 216 214 214 214 217 220 212 202 193 180 163 147 142 128 125 168 187 197 205 207 181 145 113 128 198 209 189 120 171 195 183 205 207 170 142 154 170 186 206 218 218 221 220 218
205 209 213 214 213 214 214 214 215 216 216 217 218 219 220 221 221 219 219 217 216 213 209 205 201 198 194 193 192 191 191 194 193 199 203 205 207 208 207 206 209 206 204 204 207 208 209 211 212 214 212 212 207 199 190 179 159 148 152 129 110 155 180 195 207 209 184 145 115 140 197 213 203 134 162 182 185 198 193 169 147 154 167 183 204 217 216 216 217 216
205 208 211 210 210 212 214 214 215 215 215 215 217 218 219 220 219 218 217 216 214 211 208 204 199 195 190 189 188 186 186 188 190 195 198 199 201 201 200 198 198 196 195 198 201 202 205 209 210 211 207 205 204 198 189 177 163 155 161 119 98 146 175 197 206 205 178 136 121 178 202 216 212 152 161 190 184 195 190 166 147 151 165 183 202 215 214 212 213 212
200 205 209 208 208 211 213 214 215 214 214 214 215 216 217 217 217 217 216 215 212 210 207 204 201 196 190 188 187 184 184 186 187 190 191 193 194 194 192 191 189 190 190 191 196 199 202 205 207 206 201 200 200 197 188 171 161 155 150 103 96 142 177 201 210 200 171 126 135 193 203 210 200 143 158 187 175 188 191 164 146 150 167 186 201 213 215 212 214 214
195 201 207 208 209 211 212 212 214 214 213 213 214 215 215 216 216 216 216 214 212 210 208 205 200 194 188 186 185 182 181 183 184 185 186 187 189 188 186 185 184 189 188 186 191 197 201 203 206 201 198 198 197 196 186 165 142 143 133 102 111 144 179 193 208 193 164 119 150 185 204 208 174 120 151 174 178 187 184 156 146 149 169 187 199 211 215 214 214 214
198 202 203 205 206 206 209 208 208 210 211 210 212 213 212 212 214 213 213 214 210 208 209 204 198 193 191 185 180 179 179 181 180 173 170 174 177 184 175 190 180 184 187 184 184 192 197 197 196 194 193 192 189 194 189 166 115 120 126 117 123 145 171 184 198 179 155 123 119 141 182 166 95 106 177 177 185 191 182 151 147 155 169 186 201 211 214 213 213 209
200 204 204 206 206 205 206 206 208 210 209 207 208 211 212 211 212 213 212 213 211 209 210 205 201 195 184 172 172 177 176 177 173 168 156 159 171 168 184 183 185 183 187 189 189 196 201 200 196 189 186 191 194 197 188 165 94 99 140 127 136 157 166 182 185 180 149 122 141 174 183 181 118 112 176 176 182 189 177 150 155 161 172 185 198 207 211 212 210 206
197 201 202 205 206 205 206 205 206 208 207 204 205 208 209 209 209 211 210 210 211 210 209 205 202 192 174 161 166 171 169 171 165 163 162 181 190 202 206 193 198 191 192 196 197 202 209 209 202 195 194 199 198 195 189 175 99 94 147 137 149 166 168 181 186 179 148 122 169 207 207 192 107 96 166 172 178 189 170 149 159 164 173 185 196 205 211 214 211 206
192 197 199 202 204 203 204 203 202 205 205 203 204 207 207 205 208 211 210 210 213 213 211 207 198 180 164 158 160 162 164 174 171 173 182 189 197 179 181 198 204 204 202 203 206 209 213 215 210 206 204 203 197 193 194 188 134 112 134 143 158 169 176 181 185 179 155 122 147 178 197 166 102 160 190 180 187 180 173 154 160 165 174 186 198 206 211 213 207 201
192 197 198 201 201 199 200 198 199 202 203 201 203 205 205 203 204 208 208 209 211 212 210 204 190 165 153 153 152 159 174 188 190 178 182 156 102 113 178 182 194 211 212 210 214 213 212 212 215 214 208 203 195 191 188 180 165 129 118 148 164 171 181 180 187 187 161 127 125 153 167 145 86 144 171 176 185 177 175 164 165 169 177 188 199 205 208 208 203 197
188 193 195 198 199 198 198 197 197 199 198 198 200 202 203 203 202 205 207 208 208 209 208 199 179 152 143 144 148 170 194 201 194 175 131 78 61 165 223 180 179 212 217 212 216 215 212 213 216 219 212 198 186 183 183 177 173 133 119 152 165 174 178 181 184 187 169 127 140 174 182 175 92 88 143 178 180 184 171 170 168 171 178 189 199 204 206 206 201 195
181 187 189 193 195 195 196 195 193 193 193 194 196 197 199 201 202 204 208 210 207 208 208 196 167 141 135 143 158 191 209 201 182 131 89 94 133 198 212 182 165 207 217 212 215 213 214 214 215 219 210 191 177 174 175 172 145 120 125 151 164 175 175 180 185 184 175 127 141 166 152 103 93 117 156 181 180 179 173 173 170 173 181 191 199 202 202 202 195 188
179 184 186 190 191 190 191 189 188 188 188 191 193 193 194 197 198 199 204 206 201 202 203 189 158 132 131 148 173 206 214 194 141 107 109 191 196 205 210 185 154 199 216 214 214 212 212 210 211 216 210 197 184 169 151 134 106 100 126 149 166 174 176 177 183 186 181 138 117 148 133 46 61 122 161 176 175 176 171 170 174 178 186 194 199 198 196 195 189 182
172 179 183 183 185 188 188 187 188 187 187 190 192 191 193 196 196 197 205 206 200 202 197 177 146 132 136 157 190 212 213 167 132 76 102 169 198 205 205 184 150 192 211 215 211 211 212 209 204 209 208 201 195 184 160 136 115 110 126 144 161 174 174 176 175 183 182 148 120 139 121 52 72 133 163 171 172 173 173 173 178 186 192 193 194 193 190 189 183 179
159 167 174 178 183 186 186 185 185 184 185 187 188 188 190 193 194 195 201 202 199 203 193 169 140 133 146 171 205 213 204 156 133 83 89 65 134 195 206 185 141 181 210 214 212 210 212 209 202 204 203 202 202 197 184 172 152 134 137 151 163 170 169 175 179 178 172 161 101 70 44 51 99 147 166 171 172 177 181 183 187 191 191 190 192 191 187 184 182 178
150 158 164 168 173 177 179 179 182 182 184 185 186 186 187 191 191 194 200 199 198 202 189 161 135 138 158 182 210 209 189 152 124 101 83 44 101 179 199 183 137 172 209 212 213 211 211 206 202 200 200 202 203 198 193 191 181 159 153 159 166 168 165 168 167 173 163 159 101 39 36 70 125 156 167 173 178 188 194 194 192 193 191 189 189 188 184 181 179 175
143 150 156 160 165 169 172 174 177 179 181 183 184 184 185 189 188 195 201 199 197 200 185 156 134 145 171 191 206 205 174 155 99 45 45 37 81 169 194 179 141 168 210 209 215 212 209 202 200 199 201 206 206 201 196 197 194 179 168 162 164 168 165 163 158 150 144 134 79 44 45 88 150 168 177 187 193 201 200 195 189 191 191 189 187 185 183 182 178 174
120 129 139 146 152 156 161 165 169 173 177 180 181 182 183 186 187 194 199 197 197 199 182 153 135 152 182 200 202 207 163 153 86 37 46 55 95 177 187 176 140 168 211 211 216 214 210 204 201 202 204 207 208 204 199 197 199 196 191 182 178 179 174 169 158 137 127 115 64 31 72 133 160 173 184 196 198 201 197 192 188 189 190 188 184 182 181 180 174 171
115 122 128 132 135 139 145 151 161 167 173 177 180 181 183 185 186 190 193 193 197 198 179 152 142 159 185 199 197 205 160 144 91 74 138 147 131 178 191 175 136 171 214 215 217 217 214 210 208 208 207 205 204 202 199 196 199 198 194 188 184 182 183 184 177 165 141 129 111 76 127 155 170 181 190 199 197 198 195 196 191 188 186 184 181 179 177 175 170 166
99 102 105 109 116 124 134 143 152 159 167 172 177 180 181 183 184 187 189 191 196 195 177 155 154 170 186 193 193 196 167 135 118 72 147 142 149 181 187 164 138 179 216 218 216 219 216 215 211 211 209 206 205 204 202 200 195 195 193 191 190 186 187 188 187 188 181 173 166 166 166 174 181 186 189 192 189 190 187 191 192 187 183 182 179 177 174 170 166 162
87 90 93 98 106 115 124 132 144 152 160 167 172 176 177 178 181 185 188 191 195 193 177 160 162 180 191 192 196 189 175 131 131 93 145 159 160 180 191 162 145 188 217 219 215 220 216 215 211 211 210 208 206 202 199 198 198 197 191 188 188 186 185 184 188 180 182 179 179 180 174 186 185 186 184 187 189 192 188 191 189 184 182 182 179 176 172 168 158 154
101 104 101 95 95 103 115 124 134 145 154 161 170 173 174 177 178 182 189 189 193 193 177 165 173 185 188 195 191 191 184 139 141 109 106 135 152 184 187 169 164 192 208 214 212 214 215 216 212 209 207 206 203 201 200 199 196 194 191 189 187 182 178 180 179 177 176 177 176 176 176 176 182 183 183 184 187 190 189 187 187 184 181 179 175 171 168 163 155 144
81 92 98 94 91 95 105 114 129 138 150 158 164 168 173 176 179 180 185 186 191 193 180 167 176 187 190 196 193 192 188 152 139 127 71 98 151 188 183 167 176 200 210 213 209 210 210 210 209 207 206 204 201 199 198 197 195 193 189 187 185 179 175 176 175 176 177 177 174 174 175 175 178 179 180 182 186 188 187 184 182 178 177 176 173 169 164 158 146 138
64 70 76 82 88 92 97 102 113 124 143 158 164 168 173 174 179 178 183 185 189 193 185 172 179 191 193 197 195 193 191 167 136 141 75 85 148 178 181 173 187 205 210 211 208 210 209 209 208 207 206 205 202 199 198 197 194 191 187 185 183 178 174 173 171 173 175 174 173 173 173 173 174 175 178 180 183 185 183 180 177 173 171 171 168 165 158 151 141 137
62 60 61 67 72 74 82 93 98 108 126 144 156 164 171 174 177 177 183 186 187 191 188 177 177 191 196 198 194 192 191 177 157 147 103 83 141 167 178 183 193 208 210 212 209 211 210 210 208 207 206 205 203 201 199 198 193 190 187 186 185 180 176 174 174 174 175 175 175 178 177 175 173 175 177 179 181 181 179 176 175 171 169 168 165 161 153 146 140 140
62 62 63 66 69 69 72 78 93 103 117 134 152 162 168 173 178 178 182 184 184 189 189 179 172 188 196 196 193 192 190 182 170 156 129 91 137 166 169 185 197 209 210 212 209 208 206 206 208 206 205 204 203 202 201 198 193 190 188 188 186 182 178 176 172 171 171 171 172 175 176 174 175 176 177 178 178 177 175 172 174 171 170 168 164 157 150 142 143 145
60 63 62 60 64 72 78 80 84 92 99 110 130 148 163 176 179 180 181 183 184 188 190 182 171 182 192 194 193 191 189 185 175 170 150 116 134 168 173 189 196 206 206 209 207 206 203 204 207 206 205 204 205 205 203 200 195 191 189 189 186 182 178 176 175 175 175 175 174 176 178 179 177 177 178 177 176 175 172 171 172 171 171 168 161 154 148 142 144 146
58 66 69 64 60 60 62 66 77 87 96 101 110 125 142 156 170 177 179 181 183 185 189 186 177 177 185 191 192 190 186 185 178 175 165 148 151 177 180 182 196 203 201 205 205 206 204 205 206 205 205 206 206 206 205 202 196 192 190 189 184 180 179 177 176 174 175 176 175 175 176 178 176 176 177 176 175 173 172 171 170 169 168 163 154 149 148 147 150 152
57 58 62 67 69 64 62 65 60 74 89 93 94 108 128 141 155 169 176 180 180 179 185 187 184 175 180 189 191 187 182 184 180 177 173 156 165 175 178 184 201 205 201 204 205 205 203 204 202 203 204 205 205 205 204 202 197 192 189 188 183 180 180 179 177 174 173 176 177 175 174 174 174 175 176 176 175 173 172 171 169 167 165 157 148 145 149 152 147 148
59 57 57 64 70 68 65 66 61 65 73 80 83 92 111 126 140 152 165 181 179 180 183 186 185 178 175 182 188 187 184 182 180 180 175 168 169 175 179 178 193 196 198 199 202 203 203 203 201 199 201 203 202 203 203 199 194 192 190 187 183 181 180 179 177 178 179 177 176 177 177 177 178 177 175 175 174 172 171 174 172 167 157 149 148 151 151 149 152 151
61 66 66 64 66 69 69 68 70 60 61 73 79 81 93 111 126 142 154 170 176 182 182 183 185 180 177 180 186 188 186 182 179 181 179 175 176 181 184 183 196 197 197 198 201 202 201 201 199 197 199 200 198 199 199 196 193 191 190 187 183 181 179 178 178 178 178 178 178 178 178 178 176 181 181 176 173 174 174 173 169 158 150 150 152 151 152 154 153 152
65 67 69 71 69 66 67 72 73 69 64 64 69 73 81 91 108 130 143 159 171 182 182 182 183 182 181 180 183 187 187 185 182 185 186 185 185 188 190 190 196 196 195 195 198 199 199 198 195 194 195 195 194 195 196 194 191 190 189 187 184 181 180 178 180 179 179 180 181 181 180 181 185 181 176 175 176 175 173 172 164 154 148 152 153 150 149 153 154 153
65 65 68 73 72 65 64 69 69 78 74 63 62 68 75 79 93 115 131 150 163 176 180 182 182 184 184 183 183 185 188 189 188 189 190 190 190 191 192 193 193 193 192 192 194 195 195 195 192 191 192 192 191 192 193 192 189 188 187 185 183 182 182 181 183 181 181 183 183 182 181 182 183 178 175 176 177 175 168 162 150 150 150 152 152 151 150 150 148 146
61 66 67 67 70 71 67 63 67 73 72 66 64 62 65 74 82 97 115 138 152 167 176 179 181 183 184 185 184 185 187 189 189 189 190 192 193 191 190 190 190 191 191 191 191 191 191 192 190 191 191 190 190 191 191 191 189 187 185 184 182 182 183 182 184 182 183 184 183 180 179 181 177 181 181 175 171 168 160 148 146 147 147 145 144 145 144 143 141 140
64 64 63 66 70 71 68 66 67 67 66 66 67 64 63 66 75 83 96 122 139 158 171 175 180 180 181 183 185 185 185 185 186 187 190 193 195 193 190 188 189 191 191 190 190 189 189 190 190 191 190 190 190 190 190 189 190 187 185 184 183 183 184 183 184 184 184 184 182 179 178 179 179 176 176 175 169 160 153 146 147 143 140 140 139 136 134 132 133 135
65 62 61 67 70 66 66 71 67 66 65 65 67 68 65 61 68 74 81 103 124 147 162 171 176 178 180 180 182 184 183 180 182 185 189 191 192 192 190 188 188 189 189 189 189 189 188 188 188 190 189 189 191 191 189 189 189 187 187 187 186 187 187 186 186 187 186 186 184 182 181 180 177 177 179 174 155 134 120 112 101 92 84 82 83 84 89 94 100 106
60 64 66 65 66 67 67 69 70 64 65 68 67 65 64 63 61 69 73 89 111 135 153 166 170 178 181 178 177 181 182 179 178 181 185 186 186 187 187 187 186 187 186 186 188 188 188 188 186 188 188 189 192 192 190 190 188 187 188 190 190 191 191 189 189 190 189 188 187 187 185 182 177 184 167 118 70 52 51 48 44 42 42 43 42 40 39 41 55 65
57 61 65 65 65 66 66 65 68 67 62 61 64 64 63 66 63 64 66 73 89 112 136 153 165 173 173 175 177 175 175 178 178 182 183 180 180 184 185 184 184 188 185 185 185 184 187 185 187 189 190 189 187 187 187 188 186 189 188 191 191 193 190 190 190 190 189 185 181 180 179 177 175 143 77 40 43 47 47 50 52 51 49 47 45 45 44 43 46 48
62 63 63 62 62 64 65 65 68 71 68 63 63 63 62 64 67 68 65 65 76 91 112 132 146 157 163 166 170 171 174 174 176 178 181 183 184 183 182 184 184 187 184 184 185 184 186 185 186 184 182 183 187 188 186 184 185 186 185 189 188 190 186 185 191 178 184 191 180 176 173 157 108 51 40 52 51 54 54 52 49 49 49 47 46 47 47 47 43 44
67 65 63 61 61 61 63 64 64 67 65 61 63 65 63 61 66 69 65 62 67 73 86 105 121 137 152 161 166 170 173 170 175 177 181 184 184 182 181 182 184 186 184 185 183 180 180 181 180 179 180 181 182 182 183 184 182 183 183 187 184 186 185 185 183 183 182 176 167 150 110 66 43 48 47 46 47 43 42 44 44 44 44 44 43 44 45 45 45 46
68 66 65 66 64 62 61 63 59 63 64 63 64 65 63 60 61 66 67 67 67 65 68 78 94 109 128 143 151 158 166 165 166 173 177 178 180 182 183 182 182 184 184 185 182 177 175 176 179 178 180 180 177 175 178 181 178 178 179 182 178 182 183 180 178 174 154 128 99 60 39 45 45 47 44 48 45 40 47 45 45 46 46 45 44 44 45 45 42 42
63 64 68 72 71 66 63 64 58 63 68 68 63 59 59 62 60 61 65 69 67 63 61 61 68 76 88 104 113 123 137 142 147 156 163 167 171 174 176 175 177 176 176 177 177 173 170 170 168 165 167 172 174 176 177 176 182 179 180 183 174 169 155 141 114 93 66 48 42 42 44 45 48 47 49 42 44 48 43 47 46 46 46 45 44 43 43 43 44 44
57 60 67 72 73 69 67 68 60 60 62 64 63 61 60 60 60 58 62 66 66 66 65 62 58 59 62 72 79 85 95 101 105 113 125 137 143 144 146 150 154 151 151 150 151 152 148 149 153 151 154 158 161 167 172 172 170 158 147 137 110 90 72 60 45 42 42 42 42 47 48 43 46 46 48 46 47 49 48 47 49 49 49 48 47 47 46 45 43 43
54 57 61 65 67 68 69 70 63 59 56 57 60 63 62 58 60 59 59 61 64 67 69 67 61 60 56 58 63 64 66 68 75 80 88 95 97 97 99 103 114 117 123 123 124 129 131 137 143 146 155 159 158 159 158 153 143 98 63 57 49 47 42 37 46 46 46 48 51 48 44 44 47 53 50 52 51 49 55 50 50 49 49 48 48 48 47 45 45 43
54 54 55 57 61 65 68 70 64 65 63 58 54 58 62 61 60 62 60 58 62 64 64 64 65 64 54 52 58 59 59 58 59 65 68 69 72 78 85 89 88 100 116 119 121 129 139 152 154 149 148 150 154 162 163 156 146 87 43 42 41 43 45 47 47 45 48 52 50 49 52 54 56 52 56 55 53 54 52 53 55 54 53 52 52 52 50 48 47 45
58 58 59 56 60 60 64 65 65 66 59 62 59 57 55 59 60 61 60 61 60 60 63 63 63 64 63 57 52 55 59 58 56 60 65 66 73 79 77 78 65 70 83 105 133 141 128 119 114 117 129 113 115 136 159 165 165 95 45 46 45 45 46 51 50 51 52 49 53 51 53 55 56 54 53 54 53 53 54 53 54 53 53 53 53 53 54 53 51 50
58 59 61 58 62 62 65 65 64 65 59 63 62 59 54 55 58 60 60 61 58 57 62 63 62 65 66 61 54 54 56 54 51 55 60 63 70 73 67 66 68 60 54 56 69 70 55 47 58 94 134 125 122 134 159 181 153 81 40 48 47 50 54 55 52 53 52 48 52 51 53 55 54 52 52 52 52 52 53 53 52 51 51 52 53 54 55 54 54 53
