56 53 60 67 55 26 11 21 23 20 19 15 20 15 18 11 17 18 21 19 17 17 19 28 29 31 37 38 32 31 33 33 29 24 18 24 21 24 19 18 22 39 50 70 101 99 105 116 122 115 130 145 155 158 172 150 128 155 162 146 135 127 87 31 18 26 32 29 22 31 31 28 27 28 28 33 39 34 28 31 35 30 29 33 33 29 26 27 30 26
71 66 59 39 21 18 22 25 17 16 20 13 14 16 19 22 20 24 33 35 38 50 56 54 53 46 42 42 38 32 27 25 24 23 21 20 17 25 17 17 31 48 48 47 64 88 83 86 86 93 109 125 112 113 144 165 138 141 149 158 169 186 176 135 52 17 29 26 28 24 25 25 25 24 26 32 38 37 34 35 36 35 36 37 38 37 37 37 39 36
66 58 43 22 18 30 27 14 19 12 17 23 27 33 30 43 48 50 61 62 56 60 57 44 51 43 35 31 28 24 22 24 32 32 26 24 25 26 19 27 27 37 29 35 33 43 59 58 64 73 86 113 130 141 150 150 160 161 166 175 175 174 179 179 143 56 9 20 23 20 17 22 26 22 22 25 28 31 33 32 30 33 34 32 32 33 33 31 31 30
46 36 28 27 30 23 14 18 24 35 43 46 50 68 62 61 59 49 51 47 36 35 37 34 27 26 19 16 21 25 25 27 25 25 28 30 25 31 36 27 38 42 50 56 69 60 55 57 55 66 74 70 84 95 121 128 156 174 182 180 177 178 180 177 179 136 36 13 14 23 21 23 22 20 19 19 20 23 24 23 25 26 26 24 27 35 41 44 48 50
31 36 37 29 22 18 28 52 51 48 44 60 63 61 51 52 49 41 41 41 36 31 30 32 23 29 29 24 23 22 22 25 28 28 31 37 50 56 64 82 84 81 93 99 99 88 95 107 101 94 90 79 80 70 75 73 84 110 142 161 167 181 190 180 177 184 101 18 18 21 19 20 19 21 21 21 23 22 19 18 20 19 19 19 19 19 19 19 19 22
44 39 34 27 29 42 52 59 51 55 52 56 51 41 34 33 35 32 32 32 33 31 24 23 22 20 19 20 21 20 19 21 19 20 35 34 47 65 75 90 117 126 112 123 127 115 110 115 124 119 117 121 119 115 107 104 97 93 95 104 112 126 148 160 167 176 155 52 13 13 14 13 13 15 15 16 20 21 20 21 28 25 25 27 28 25 24 24 20 21
45 32 29 36 39 37 37 47 44 50 48 35 34 34 33 32 34 34 32 27 26 26 20 17 20 18 19 20 18 17 20 23 31 34 41 45 63 73 85 93 96 96 88 83 96 126 130 132 132 137 139 139 137 139 137 139 137 139 131 123 122 120 120 120 121 119 134 92 32 13 6 10 19 15 13 13 13 13 12 11 12 12 15 21 24 23 23 23 23 23
29 32 31 29 34 31 26 35 39 39 51 45 43 27 18 25 20 19 19 14 13 15 14 16 13 15 19 20 17 19 20 16 20 28 36 59 76 87 115 89 81 93 96 97 113 123 143 151 151 146 148 144 154 145 142 141 145 146 148 151 149 149 152 146 142 141 130 142 135 113 76 46 20 14 16 22 22 22 22 17 16 15 13 11 12 13 15 16 18 17
27 26 21 24 33 34 37 48 57 55 51 46 37 27 21 20 15 17 18 18 15 13 13 14 15 17 16 15 17 17 17 17 19 16 22 32 54 79 88 90 98 118 122 124 143 145 156 158 156 157 155 154 157 157 155 154 150 150 148 148 150 153 154 155 155 159 151 149 152 149 142 128 104 60 29 16 17 25 26 28 22 24 22 20 20 22 24 26 30 30
28 23 29 39 43 42 41 40 41 49 52 48 40 32 27 24 17 16 15 14 13 13 14 16 20 19 16 15 18 21 22 22 28 26 28 25 30 52 80 104 105 118 141 157 162 156 166 162 163 165 163 163 166 167 166 165 158 159 157 153 151 150 152 154 159 160 159 156 155 153 146 143 141 129 105 65 27 9 11 22 23 30 34 31 29 30 32 33 29 27
22 36 41 32 24 23 27 35 45 49 48 39 30 23 18 15 19 15 12 12 12 12 13 15 16 18 21 27 36 40 40 40 39 35 38 44 51 59 68 78 111 147 161 163 177 170 167 172 174 175 174 172 173 173 171 170 171 168 163 160 160 160 157 155 154 154 159 156 155 154 148 151 142 134 130 125 97 55 22 3 16 14 17 25 32 34 37 41 40 39
26 28 20 17 30 42 48 55 42 38 29 23 22 22 22 25 20 16 14 15 15 13 12 13 14 13 11 14 22 30 37 43 40 36 38 46 55 65 81 98 124 151 168 177 184 178 177 179 178 180 179 178 177 178 177 175 176 173 168 165 166 164 159 156 153 152 154 152 151 151 146 147 147 144 139 136 127 118 91 44 15 12 16 22 19 18 25 31 36 37
22 18 24 37 41 40 44 50 43 45 41 37 35 30 24 23 20 18 17 18 18 16 14 15 15 15 15 15 18 20 25 31 36 38 40 41 44 58 92 125 146 159 177 186 183 189 192 182 183 185 185 184 183 183 183 181 177 179 179 174 167 161 160 161 160 161 156 153 150 148 149 144 149 149 148 144 131 125 120 97 56 25 14 20 18 17 19 14 17 17
22 30 37 39 39 42 50 59 58 64 57 41 30 24 18 16 18 17 16 16 17 16 16 16 18 19 19 19 18 17 20 26 37 45 48 52 61 80 116 145 168 181 185 183 185 197 197 191 189 191 191 189 187 188 188 185 181 183 182 179 174 168 165 165 161 163 156 153 148 147 152 147 143 147 149 149 144 136 128 120 112 82 30 5 19 25 21 28 20 17
32 40 31 18 23 31 33 36 44 50 43 28 22 22 20 19 18 17 16 16 17 18 18 16 22 22 21 20 19 17 19 24 41 66 83 90 95 110 140 163 179 180 186 199 197 200 199 202 192 193 194 193 192 194 194 190 185 182 178 177 176 172 166 163 161 160 157 155 151 149 149 147 145 147 147 145 147 146 137 134 123 114 91 47 10 10 20 14 21 19
24 21 19 18 21 29 39 46 41 40 30 22 24 25 22 21 21 21 20 19 21 23 21 18 21 21 20 22 23 22 23 27 38 83 117 125 119 124 151 173 180 186 194 205 202 203 198 202 199 199 199 197 195 196 195 190 190 188 184 180 176 170 165 163 168 160 163 161 156 152 143 142 145 143 148 146 145 146 140 139 126 119 116 97 52 16 12 20 16 18
18 17 16 24 26 19 21 29 25 24 19 19 24 25 21 20 20 19 13 16 21 20 25 28 24 23 23 20 30 32 43 73 89 116 135 131 116 122 165 171 176 192 200 201 204 205 205 209 207 208 208 204 200 199 198 193 188 183 179 177 171 165 163 159 163 159 157 161 159 152 150 147 143 146 147 146 146 147 145 142 138 130 121 116 100 56 15 10 16 18
13 15 9 10 19 24 23 18 24 27 27 23 18 14 15 19 15 19 18 22 26 27 33 37 38 29 29 33 42 59 84 114 143 153 149 116 83 124 167 173 190 200 203 202 208 212 211 210 209 209 207 205 202 198 196 199 194 188 180 174 168 163 160 154 153 154 148 148 151 151 150 147 152 151 148 145 143 144 145 145 138 136 129 119 117 112 72 17 7 10
12 19 20 26 38 42 39 36 34 31 28 26 25 23 21 21 24 27 27 29 31 31 32 33 32 32 36 48 56 85 110 130 134 151 131 67 87 140 170 186 191 200 201 200 207 211 208 204 208 210 209 209 209 204 200 202 194 188 179 169 163 161 156 149 143 147 148 149 149 148 148 145 145 147 150 151 151 148 146 144 138 134 133 130 118 118 109 72 31 19
29 34 40 46 51 55 56 46 48 41 31 29 33 34 31 32 40 35 32 38 47 45 38 32 28 42 49 62 67 105 129 141 148 143 89 37 107 150 176 183 187 196 200 200 203 205 204 204 207 211 210 209 210 210 205 201 192 186 177 164 156 151 141 131 129 133 142 152 154 155 155 147 145 147 150 153 155 154 152 150 140 139 133 136 132 124 117 96 86 86
27 18 30 51 53 54 57 44 31 31 28 32 41 40 35 37 34 37 44 52 52 40 28 26 33 51 65 85 91 128 153 156 159 140 42 61 133 152 175 182 186 193 197 198 198 199 202 207 206 206 208 206 203 204 203 196 181 174 167 155 146 136 119 110 114 136 153 159 158 154 153 150 152 152 153 155 158 159 158 156 140 141 129 131 135 130 124 113 93 91
16 30 26 28 46 49 45 49 43 41 34 31 31 25 22 27 28 29 35 35 29 21 22 33 36 53 75 111 123 148 167 162 159 111 20 106 156 158 182 176 178 187 194 196 195 194 196 200 202 200 205 206 197 193 192 186 175 164 156 143 130 114 96 93 123 146 147 139 142 144 147 152 145 147 151 155 160 163 161 157 157 155 145 144 142 131 127 125 113 93
26 30 38 45 46 46 51 48 51 46 42 36 24 16 17 20 14 9 8 10 17 23 23 28 42 59 79 119 151 165 173 165 157 80 28 107 153 169 173 170 167 181 193 195 193 193 193 192 197 196 199 198 191 185 182 177 166 152 144 130 113 97 93 110 135 146 139 128 125 123 127 133 137 139 142 144 151 159 163 163 160 164 162 152 142 136 132 128 122 117
36 42 43 49 57 54 50 47 38 23 19 23 23 25 26 19 22 22 24 24 29 32 26 24 38 64 78 118 171 179 174 165 153 62 76 126 137 179 165 165 158 176 189 189 186 189 191 189 196 195 189 182 180 181 178 172 161 148 140 122 100 87 99 134 144 135 128 130 127 122 123 121 132 135 137 138 144 155 162 163 169 169 165 157 153 148 134 125 123 117
30 38 42 53 69 69 55 47 38 29 24 25 24 17 22 26 26 30 38 28 22 27 25 29 34 50 81 139 165 176 174 158 142 61 113 162 135 182 173 155 152 176 186 185 182 185 180 180 190 185 179 179 177 170 165 161 151 134 124 102 84 99 132 143 137 142 144 147 153 139 131 133 136 137 151 151 152 152 150 163 173 174 176 173 163 155 148 141 131 120
35 37 36 39 48 51 49 47 42 34 35 22 22 26 23 21 27 21 25 25 22 25 27 32 42 52 72 131 167 170 165 162 140 46 33 85 130 179 169 146 138 170 186 189 186 185 178 174 183 180 184 184 171 168 170 159 142 124 109 90 92 123 147 137 143 149 158 152 141 118 112 140 150 139 156 155 169 166 155 162 173 171 174 178 174 168 162 157 146 136
24 27 34 44 55 61 61 56 47 36 36 27 26 29 31 38 27 16 19 27 25 23 28 32 42 58 74 119 157 168 162 156 137 68 28 26 120 179 155 137 129 168 185 186 183 184 179 177 179 176 174 173 167 163 160 149 129 112 89 89 122 143 151 157 164 159 164 159 145 102 62 81 138 164 163 165 174 168 172 165 178 166 166 178 184 177 168 162 160 149
21 25 35 51 67 72 62 50 40 33 30 28 28 20 19 13 21 18 23 34 33 27 29 30 39 57 80 115 144 160 161 148 123 92 33 15 81 163 154 128 119 165 185 187 185 185 181 178 177 173 168 170 171 163 150 135 113 84 94 124 141 153 174 174 166 161 163 161 149 91 18 16 112 174 171 172 171 179 179 176 175 178 178 175 175 180 178 171 161 149
19 30 38 44 50 52 53 56 43 36 34 35 34 25 29 32 25 26 23 24 27 28 34 38 38 47 74 112 136 142 146 142 119 40 16 11 65 137 151 124 111 163 184 187 186 187 183 181 175 167 167 171 165 156 141 115 96 110 127 143 160 167 175 171 167 171 167 163 149 91 14 6 58 153 168 177 174 174 178 179 179 180 179 176 174 176 180 183 167 156
26 38 47 55 62 62 59 59 59 59 63 48 47 53 46 36 34 36 31 26 30 34 37 40 42 51 73 105 133 135 137 137 115 32 20 22 64 134 140 107 108 161 181 184 185 186 183 181 178 176 172 172 168 152 127 100 107 145 154 149 169 179 177 170 166 172 166 158 137 83 15 19 26 117 153 163 171 167 185 174 177 179 178 175 175 178 177 174 179 172
24 26 28 33 41 51 58 60 61 58 65 55 50 47 39 36 41 38 36 30 30 35 37 45 39 54 73 92 122 129 129 123 109 62 67 33 61 125 128 100 108 162 179 182 184 183 179 176 173 179 175 174 168 140 114 108 143 160 159 156 168 173 177 170 164 167 169 159 125 72 22 59 67 94 150 158 164 173 175 173 177 177 180 183 180 173 171 177 181 179
25 26 32 39 42 45 43 36 32 24 25 31 33 25 32 36 26 20 27 25 21 24 29 43 45 57 77 94 121 127 128 120 121 69 37 66 86 114 125 97 118 167 176 174 176 177 177 177 177 178 179 177 153 123 126 148 158 152 152 160 165 166 179 173 171 163 167 156 118 69 32 97 157 101 120 147 152 164 166 175 177 177 175 176 177 176 176 179 179 178
14 12 18 32 45 47 46 47 39 28 17 13 14 14 16 18 15 14 14 14 16 18 26 46 56 58 75 98 115 126 128 122 121 104 52 78 98 108 115 99 133 170 178 176 182 177 173 175 182 184 190 175 137 133 154 152 148 147 142 165 170 171 171 172 170 159 174 145 115 78 48 92 176 160 134 143 143 151 160 171 177 179 175 174 171 174 181 178 175 177
22 21 34 49 58 72 72 51 43 37 28 21 18 18 15 11 13 15 17 16 18 20 32 55 67 71 79 97 118 124 120 118 113 122 101 64 70 113 117 106 146 172 178 175 174 171 178 185 191 185 192 167 146 154 155 164 168 161 143 150 172 171 170 164 169 170 163 140 116 78 76 125 150 173 150 142 138 149 148 160 177 179 174 173 174 172 177 181 181 182
22 27 42 53 60 70 75 69 56 50 39 29 24 23 21 18 18 16 16 19 24 23 24 36 65 72 83 101 119 124 121 122 120 110 122 109 92 105 125 125 156 164 166 172 175 177 184 185 184 184 184 160 146 156 166 180 180 174 148 128 157 175 167 168 169 171 163 144 119 76 90 176 207 167 150 135 141 143 150 152 168 176 173 170 171 168 170 177 176 180
22 22 24 28 35 39 41 43 43 37 31 29 25 20 18 18 13 16 18 16 16 17 30 54 75 74 82 98 112 120 121 118 114 112 108 124 138 123 127 143 154 156 160 170 176 180 184 181 182 181 178 164 150 158 173 175 184 178 159 108 115 172 168 173 169 172 168 146 120 85 71 121 176 185 166 133 141 147 154 146 158 174 178 172 169 167 168 171 179 182
20 22 27 31 36 42 41 32 29 24 21 21 21 19 20 22 17 18 19 20 23 25 34 53 68 75 90 104 114 121 125 126 118 118 113 114 122 136 140 144 158 158 159 167 176 181 181 175 183 175 175 160 148 160 173 178 196 184 163 75 74 155 171 168 171 179 171 147 112 82 72 106 146 177 115 88 155 152 150 158 153 168 180 175 165 164 167 168 177 181
19 25 34 49 62 57 44 38 30 28 24 20 20 22 21 20 16 15 14 16 22 24 30 47 71 84 93 102 116 122 123 128 125 115 116 128 132 139 144 155 161 162 164 171 179 183 180 174 171 174 168 160 154 158 171 175 185 186 147 34 69 144 173 168 171 174 165 147 123 87 82 173 194 184 150 108 146 152 166 158 153 160 174 174 162 160 164 167 170 175
31 39 45 55 62 48 34 41 33 28 20 13 13 15 16 15 14 13 13 14 17 18 25 42 62 86 101 108 117 120 120 126 129 129 125 130 151 165 175 166 162 166 176 180 178 177 178 179 178 181 164 161 163 161 170 170 188 191 142 18 72 137 169 171 169 174 163 137 118 88 73 172 214 181 190 159 133 149 172 168 155 155 168 171 163 163 166 167 175 178
27 24 23 26 29 32 31 24 25 20 16 18 19 16 13 13 16 15 16 18 22 23 29 46 66 88 109 118 122 128 131 132 139 134 146 150 171 171 178 173 175 171 177 180 175 173 174 175 176 173 176 167 164 166 163 173 178 178 154 46 84 147 172 167 169 172 158 140 113 86 67 111 175 176 157 114 134 150 172 182 151 151 162 164 161 165 165 160 173 179
16 21 32 34 27 26 23 13 16 12 13 17 18 18 16 13 13 12 13 18 20 21 34 54 76 97 113 121 128 133 137 141 149 153 158 164 170 175 178 180 177 178 173 168 170 172 176 179 178 171 174 176 171 166 164 166 173 166 156 82 87 141 161 163 164 164 153 142 118 81 72 112 145 175 146 92 139 146 172 182 149 142 156 161 151 163 157 160 173 173
27 40 51 67 61 46 44 35 21 18 16 16 17 16 15 15 11 12 15 17 20 24 37 57 80 100 115 123 129 137 146 152 156 165 173 175 174 176 179 180 183 175 166 162 166 172 175 181 173 177 177 172 174 175 170 168 167 164 152 119 76 121 149 155 149 158 152 139 113 75 87 172 186 179 168 148 148 146 169 168 132 138 152 152 149 159 157 163 164 171
24 27 30 47 55 48 46 40 29 27 21 16 16 15 16 21 17 18 18 15 17 24 40 63 88 99 109 121 132 141 152 157 166 172 180 184 185 183 181 179 182 171 166 167 173 177 172 175 174 175 175 174 175 175 175 183 178 171 154 138 86 97 141 156 145 151 156 136 103 76 81 141 160 179 157 109 147 148 160 157 131 138 148 143 146 154 158 155 155 170
17 20 30 36 43 49 44 42 42 42 40 37 35 29 24 24 29 28 26 21 21 24 37 64 88 99 112 127 132 135 150 161 169 173 181 190 194 190 185 184 184 172 168 166 172 178 173 176 178 172 173 179 190 205 208 203 190 170 154 134 106 85 127 143 146 153 155 126 95 77 76 127 159 172 141 94 154 143 152 143 127 135 150 147 146 149 158 147 146 161
15 20 34 36 40 49 44 37 26 24 25 26 24 22 21 17 17 17 21 23 26 25 34 65 91 106 118 132 137 138 150 156 159 168 179 185 186 184 183 183 178 170 166 162 165 174 175 177 169 175 178 175 191 219 217 195 172 155 148 128 100 79 112 142 145 149 157 126 94 86 75 100 129 162 126 101 145 145 155 158 136 138 145 143 144 144 155 145 155 159
37 46 56 59 55 50 47 36 32 25 20 16 13 15 18 16 15 13 16 18 22 19 25 58 94 113 121 131 141 144 149 145 152 162 169 170 172 177 176 170 164 163 162 162 164 169 172 171 171 169 169 172 180 182 176 178 168 157 143 119 102 78 94 130 142 147 159 129 90 82 67 72 111 141 118 116 144 156 161 148 124 134 143 145 145 144 153 160 162 154
29 36 41 44 43 43 42 38 28 25 21 19 18 18 19 18 19 16 17 14 19 19 24 58 95 119 125 132 138 135 142 143 151 155 157 158 163 168 166 159 156 154 150 155 159 161 167 163 164 166 165 161 166 170 165 163 159 157 143 121 104 65 86 119 139 154 154 118 84 65 65 115 157 172 145 112 141 150 155 141 127 134 139 142 140 144 149 160 160 150
26 41 56 42 27 20 11 19 21 21 18 16 18 18 17 18 19 17 18 13 18 18 21 53 102 121 123 132 139 130 134 142 143 144 147 151 152 151 152 154 149 146 139 150 155 153 159 152 149 155 164 161 158 164 166 163 157 152 135 123 84 45 85 112 138 155 150 114 86 70 67 110 143 165 144 101 145 151 144 139 124 128 137 144 135 143 145 151 155 150
28 41 58 54 43 38 28 23 21 26 28 27 25 21 17 15 16 20 19 21 18 19 19 48 96 119 117 126 128 119 131 130 130 143 136 142 138 138 140 143 143 143 138 142 145 148 141 139 137 143 150 149 148 154 158 157 153 145 131 101 50 48 73 105 132 153 143 111 94 70 67 117 138 161 151 102 146 146 130 134 122 131 136 135 134 147 144 151 152 144
24 22 25 35 39 38 36 32 30 28 24 22 22 23 23 23 23 15 15 21 18 24 26 43 93 115 118 124 121 114 125 125 129 133 132 131 129 135 134 130 132 140 138 134 130 137 137 135 136 134 135 135 139 139 136 144 138 132 124 75 53 57 68 99 118 143 135 102 92 77 67 99 142 154 118 105 148 138 143 139 126 126 134 142 138 137 139 147 144 145
29 32 38 52 51 36 32 27 21 21 22 22 21 17 16 17 20 21 19 17 16 21 32 62 89 105 111 119 122 124 130 125 117 121 118 124 133 126 133 139 134 131 127 131 133 139 135 128 135 123 123 120 118 120 120 132 136 130 109 47 61 68 75 103 119 131 121 98 95 76 58 84 119 130 92 108 144 146 136 134 126 127 141 141 139 138 139 145 136 134
22 26 29 33 28 21 22 21 23 22 21 23 25 22 21 21 16 21 21 21 25 25 28 49 80 95 109 116 119 124 129 125 123 116 117 126 132 120 131 139 141 140 138 137 130 135 135 132 129 121 118 104 99 109 117 132 145 138 91 36 72 74 88 108 123 134 126 103 94 76 71 110 132 151 125 111 143 146 136 128 126 129 145 132 132 133 130 135 126 130
28 35 47 43 33 26 20 20 19 20 22 22 19 18 22 29 29 21 20 21 26 31 37 42 67 82 97 107 112 119 122 117 109 116 121 114 131 137 138 144 147 140 140 147 142 140 137 135 131 128 119 100 102 118 129 145 148 141 83 41 78 82 96 108 121 131 129 109 91 70 81 139 141 142 105 117 142 134 136 131 132 134 147 139 137 133 138 139 141 154
32 33 44 40 32 26 19 21 21 22 22 23 22 20 18 20 28 28 28 25 31 36 45 51 62 74 85 98 110 117 119 112 120 116 116 136 151 143 145 147 147 152 151 148 140 144 142 137 143 130 122 111 108 128 145 148 148 140 96 53 81 96 106 112 123 136 131 106 93 77 64 85 115 98 68 125 131 127 125 131 135 145 147 144 134 132 144 127 93 86
22 29 41 43 34 25 23 25 22 23 23 22 20 18 16 17 23 31 31 25 38 40 45 48 60 77 84 96 106 110 116 114 114 112 134 154 123 106 124 132 145 153 159 164 159 155 149 149 148 135 125 116 107 122 143 139 146 139 114 68 85 104 115 121 127 136 130 106 90 73 65 91 117 102 104 127 120 120 126 131 134 149 145 138 131 139 142 123 63 34
27 32 33 37 34 29 28 21 19 19 20 22 25 26 21 17 17 24 33 32 40 45 54 49 57 72 74 89 106 111 118 117 115 129 122 59 60 139 143 136 152 158 164 174 176 171 159 155 148 155 134 114 110 116 131 138 139 135 123 80 91 103 118 122 127 132 129 109 93 79 84 124 128 110 110 124 119 119 126 134 142 149 143 134 135 144 126 128 117 96
23 30 44 57 56 43 30 23 21 21 19 18 20 23 25 24 14 16 34 42 41 47 50 53 59 65 74 89 101 112 115 123 123 91 31 22 106 166 134 141 161 169 173 169 167 178 173 167 160 159 145 121 112 111 115 134 134 125 102 82 91 110 116 120 128 130 132 114 93 76 80 92 78 42 104 123 122 118 125 137 143 141 136 133 136 138 139 143 145 141
28 30 39 51 54 48 39 32 30 23 20 21 22 20 20 24 19 16 24 37 47 50 48 51 54 60 68 90 108 111 117 131 89 34 60 81 108 154 131 138 154 172 179 172 172 185 179 173 170 161 159 143 114 101 101 103 111 103 75 78 102 108 113 119 122 130 133 116 95 69 64 78 62 42 115 111 116 126 130 146 137 136 133 133 138 141 141 143 148 144
23 25 32 39 42 42 40 38 37 37 32 27 26 28 26 22 23 17 11 25 51 66 64 52 47 57 72 98 107 116 130 118 34 32 113 141 115 146 122 127 151 168 179 183 184 186 176 176 174 160 162 158 135 117 105 94 82 75 68 87 104 106 115 120 122 120 131 122 94 70 75 87 43 75 116 115 119 130 133 142 138 134 128 127 133 138 140 142 140 136
26 27 31 36 41 42 39 34 31 30 31 36 38 35 30 28 25 28 21 19 35 63 72 51 50 57 72 103 115 129 138 87 40 24 35 94 121 152 120 124 152 167 180 190 191 190 182 181 174 176 168 162 157 133 109 108 102 88 88 96 104 115 122 123 121 116 118 117 103 57 21 18 30 98 113 130 132 137 141 135 140 137 132 131 135 138 138 137 130 127
20 24 31 36 37 37 33 30 27 22 20 22 25 25 26 27 24 32 26 17 24 49 63 49 51 60 74 108 126 134 137 74 87 50 10 58 126 156 125 119 146 166 179 182 178 189 190 183 178 170 169 168 159 147 133 116 110 106 100 96 104 114 117 122 116 119 121 121 108 48 4 12 51 104 123 131 133 134 137 132 138 137 135 133 135 137 136 135 132 129
18 20 27 39 48 48 40 31 27 28 25 22 22 25 23 18 21 25 19 18 28 40 48 51 50 58 76 108 128 144 148 63 32 16 14 46 131 152 119 114 152 169 183 187 180 187 192 186 182 179 168 166 167 158 140 124 108 106 98 103 109 113 125 124 120 119 119 120 107 45 7 25 75 120 128 134 133 128 117 127 133 133 133 133 134 136 137 136 132 131
16 16 19 26 30 33 34 34 26 20 18 21 22 20 20 23 19 22 24 23 26 28 33 47 42 54 84 114 125 146 153 55 7 16 18 42 136 159 117 111 157 169 181 194 189 187 189 188 185 183 176 173 168 159 151 140 128 111 95 102 108 113 125 118 117 124 115 114 113 49 12 51 99 136 133 144 137 126 105 116 129 133 138 142 143 142 137 132 126 125
23 25 31 36 35 30 27 25 24 23 21 20 22 24 25 24 20 20 25 21 19 27 29 32 40 50 81 118 136 145 142 51 33 58 35 62 139 159 123 120 159 174 182 193 195 199 198 195 193 186 176 174 169 164 160 150 138 122 107 102 108 111 109 114 115 120 116 114 103 47 35 89 122 126 135 137 130 128 126 130 133 135 140 143 143 141 136 129 122 121
27 30 38 46 52 53 44 31 31 29 26 27 28 24 20 22 25 26 23 21 22 23 25 28 39 47 80 119 134 139 138 50 27 54 48 82 149 152 120 124 156 175 188 190 194 196 195 195 193 186 177 177 167 159 164 158 144 138 124 120 110 105 101 110 113 110 108 117 102 69 77 111 126 131 127 127 131 131 132 134 141 141 139 138 138 135 128 124 117 115
18 26 37 45 46 44 41 38 26 30 30 30 32 31 28 27 16 18 21 24 24 18 18 23 28 44 80 119 131 134 136 60 41 89 86 103 142 141 139 125 164 178 188 189 191 194 194 194 192 187 179 177 168 163 167 158 149 147 138 132 117 106 99 106 110 112 113 113 107 102 109 116 120 121 130 133 127 139 151 137 141 140 138 135 131 125 118 114 110 108
18 15 15 24 36 39 36 34 25 25 21 19 22 27 30 31 35 27 20 20 22 19 17 17 25 33 62 105 131 137 134 71 60 119 88 101 139 147 133 127 169 179 187 188 187 189 191 188 184 182 177 175 169 167 168 158 152 146 135 134 130 123 110 107 104 102 105 106 112 120 122 122 128 133 131 137 147 147 142 139 143 139 133 127 122 115 108 104 101 99
19 19 16 18 25 29 33 39 38 33 27 23 19 18 21 26 29 29 26 22 21 20 19 17 22 29 48 86 117 130 130 87 37 65 74 109 136 147 129 135 172 180 189 191 188 189 189 186 180 180 176 174 170 167 165 156 148 146 141 137 131 126 122 124 116 112 111 112 123 131 132 142 146 144 141 145 144 137 137 139 138 131 122 115 111 107 103 99 98 95
24 25 23 23 29 35 37 39 41 41 42 40 31 22 19 19 20 23 25 23 21 20 19 16 16 24 35 63 96 120 128 107 38 17 69 112 131 132 131 142 170 177 186 189 186 186 187 184 184 182 178 175 170 164 161 157 158 152 144 136 133 128 125 124 129 134 140 138 145 151 148 151 149 141 136 134 129 134 139 127 120 114 108 103 100 99 98 96 99 94
26 36 46 49 46 43 42 40 50 47 44 43 44 44 37 26 17 17 20 22 21 19 19 19 21 15 22 53 81 94 109 124 78 30 47 85 117 130 137 153 167 173 179 182 181 180 181 181 180 178 174 170 168 164 162 161 157 152 147 136 132 127 126 122 126 130 143 147 145 145 140 134 129 127 119 123 133 132 120 108 101 99 99 98 94 94 96 96 94 87
41 39 44 51 54 58 58 53 53 52 50 45 41 45 49 49 46 33 21 16 16 17 17 13 23 24 22 34 61 87 96 102 105 62 44 72 93 126 141 152 168 172 174 177 179 178 177 179 170 171 169 166 167 167 163 162 150 148 148 138 135 128 129 124 131 131 136 140 134 130 130 126 113 115 120 127 123 111 104 98 98 96 97 97 94 94 95 93 83 74
33 34 46 53 44 38 39 38 41 36 33 34 34 39 45 48 56 52 44 31 21 20 19 14 17 20 20 29 52 76 86 98 110 89 66 72 91 123 143 154 167 170 170 172 177 176 172 175 165 170 170 166 168 170 162 157 154 151 151 142 140 132 130 122 124 135 134 131 127 122 120 113 114 123 125 117 103 99 102 100 103 98 96 96 94 94 93 88 74 64
20 29 37 42 49 52 49 44 34 30 24 26 27 23 22 23 26 34 41 44 41 32 23 17 18 25 23 22 36 56 79 102 105 103 96 82 88 117 142 159 164 165 167 168 168 170 173 172 169 167 168 169 168 167 164 158 155 151 145 140 138 136 128 121 127 128 129 129 125 119 115 115 117 117 110 102 103 105 104 104 104 96 96 98 95 95 90 75 60 59
20 21 24 29 31 32 36 43 40 38 31 28 25 20 19 18 15 16 16 17 19 21 22 23 22 22 25 30 33 39 55 72 86 97 102 91 93 115 135 147 158 164 166 163 162 163 164 167 159 162 168 168 163 162 162 157 154 149 145 140 134 129 127 129 129 130 131 132 129 123 117 114 110 100 101 108 110 111 110 102 97 97 98 95 91 89 78 62 56 56
22 20 20 23 22 17 20 27 25 33 34 33 30 27 28 27 28 27 24 21 21 21 22 22 20 19 22 22 21 33 50 58 71 79 86 89 102 121 133 140 148 156 158 157 160 162 160 161 161 162 161 161 162 160 156 153 156 148 141 136 131 127 125 125 124 124 124 123 120 116 110 105 103 103 105 109 109 106 104 104 104 101 94 91 90 78 58 47 50 51
21 23 25 27 28 27 25 24 22 24 22 23 27 30 32 30 30 31 29 27 26 26 29 31 31 26 26 25 20 25 36 40 56 62 73 88 106 121 129 136 141 149 152 150 153 156 158 159 160 160 151 151 159 155 147 151 150 145 137 130 129 129 125 120 123 123 122 118 114 111 108 105 105 108 107 106 108 108 104 102 100 96 94 89 75 55 42 39 39 39
23 26 26 25 28 32 31 28 29 31 28 26 23 19 20 21 20 23 24 23 22 21 21 22 22 28 31 27 29 40 51 54 60 68 77 92 109 121 129 135 138 145 151 147 142 145 151 153 149 152 150 150 154 151 149 153 140 139 135 129 125 125 124 123 117 119 118 112 107 105 105 106 106 104 110 110 101 102 104 96 93 91 91 73 38 23 27 25 22 21
30 29 27 25 25 25 25 27 26 28 27 31 31 28 26 24 23 23 21 18 19 19 18 19 20 19 20 25 29 32 46 64 70 82 83 83 96 113 125 128 134 137 143 144 143 145 145 141 144 144 149 150 145 146 145 138 141 135 128 126 124 121 119 118 113 115 115 112 107 105 106 108 109 106 109 109 102 99 100 97 92 92 57 17 11 16 13 12 13 12
27 27 28 30 31 28 28 30 27 30 29 29 29 30 32 31 27 28 27 26 25 23 20 18 20 19 18 18 18 17 21 30 36 44 56 79 93 93 106 126 127 128 130 136 143 145 140 135 140 137 141 145 141 140 141 139 140 131 123 121 121 118 113 110 110 110 111 110 108 107 108 110 105 109 110 107 103 99 96 96 79 37 11 9 8 11 15 12 12 12
19 21 25 29 33 32 31 30 32 34 30 30 34 38 37 29 27 29 28 26 25 26 28 30 28 24 22 25 27 25 24 25 22 32 31 41 65 90 109 116 122 125 125 126 130 131 133 139 135 132 131 132 125 111 114 131 127 127 125 119 116 114 112 110 111 108 107 108 109 109 110 111 108 102 102 101 99 100 87 61 20 9 9 16 14 11 11 7 11 11
32 29 26 22 22 25 26 23 30 29 30 31 31 29 33 41 40 40 37 33 29 27 28 29 27 28 31 31 30 31 37 43 55 61 65 58 48 58 83 94 106 115 120 120 122 124 124 126 127 128 130 129 123 117 117 121 121 118 116 115 113 114 114 113 113 109 111 115 113 110 108 106 109 104 103 101 86 59 29 10 7 10 13 12 11 12 12 10 13 13
30 31 32 29 25 23 25 26 26 26 27 28 28 25 26 29 30 33 36 37 36 33 30 30 29 31 33 35 37 37 38 39 54 64 83 102 101 90 85 81 99 107 108 109 117 119 117 118 119 120 122 124 124 121 120 121 117 115 115 114 112 111 110 108 111 114 113 108 107 110 110 108 108 96 82 60 29 10 7 9 12 13 14 13 12 13 14 12 11 11
26 29 34 35 31 27 27 27 25 23 21 18 18 18 19 21 20 23 27 30 32 33 33 35 29 31 30 31 35 37 38 42 44 56 65 74 87 103 111 107 107 110 104 101 110 116 118 123 121 121 120 118 116 116 116 117 116 113 112 111 110 111 113 112 110 112 109 109 116 117 107 98 72 43 19 10 7 12 15 9 12 11 11 10 10 10 11 11 12 11
24 26 28 30 33 33 30 27 24 26 25 22 22 21 19 18 17 17 16 16 18 21 25 28 31 34 31 29 30 29 29 33 35 39 45 56 64 64 71 82 91 98 100 100 105 109 113 118 117 116 114 115 117 117 112 107 107 107 110 112 111 110 110 108 113 109 103 97 85 59 32 17 6 4 10 14 12 10 11 10 15 12 11 12 12 12 13 13 14 13
24 28 27 25 28 31 29 26 26 29 29 26 24 23 22 20 23 22 20 17 16 15 15 15 16 22 27 31 34 33 29 29 31 33 28 30 38 44 48 51 53 63 77 86 90 97 104 106 108 111 113 113 111 110 109 108 102 100 99 96 90 85 82 78 74 52 31 19 10 5 6 9 11 12 13 15 15 13 11 13 14 11 10 12 12 12 12 12 15 15
30 34 31 23 22 25 29 32 28 30 29 26 23 23 23 23 20 20 20 21 22 23 22 23 20 20 21 22 25 28 29 28 27 32 31 30 28 27 33 39 41 43 52 56 54 58 64 63 65 68 72 75 74 70 63 57 55 51 48 44 40 38 38 37 25 13 6 7 9 12 13 9 12 13 11 10 12 11 11 14 15 13 13 15 14 14 14 14 11 12
19 25 30 32 32 28 25 26 26 30 32 32 30 28 25 24 24 22 20 19 19 20 20 21 21 19 22 24 23 24 23 18 21 24 26 32 30 24 26 31 29 29 32 32 27 26 27 23 25 27 29 30 27 23 21 22 26 25 25 25 23 22 20 17 9 11 13 14 13 13 13 12 11 12 13 14 14 13 11 11 12 12 12 12 12 13 15 17 20 22
15 15 16 23 30 27 25 29 26 28 29 29 30 29 28 28 25 24 21 19 20 20 20 21 22 20 24 24 19 21 25 22 22 21 20 25 27 25 24 21 28 29 29 28 25 25 25 24 29 27 25 25 24 21 21 23 21 19 19 19 17 16 15 12 14 14 12 11 13 14 12 13 14 11 10 11 11 13 15 14 13 13 14 13 13 17 21 23 27 29
37 18 14 12 19 23 24 27 29 29 27 26 27 28 28 27 26 25 26 23 22 23 20 19 21 21 20 21 22 23 23 22 23 22 20 18 22 26 25 21 18 24 28 30 27 21 19 22 25 23 24 27 21 23 22 19 16 16 15 15 14 12 13 14 13 12 12 14 15 14 13 13 11 12 13 13 13 13 14 14 12 15 17 21 25 27 27 26 20 20
105 69 38 14 13 17 21 24 24 26 28 29 30 30 28 26 27 26 28 25 23 24 21 21 22 21 21 21 22 23 22 21 22 23 19 15 17 23 25 22 19 22 26 27 26 21 19 21 21 19 19 22 17 19 19 17 15 14 14 14 13 11 12 13 13 12 12 14 15 14 13 13 14 14 15 15 16 17 19 20 24 26 26 26 26 24 21 18 20 20
