28 49 59 78 78 36 29 43 51 48 28 45 57 49 51 30 29 35 37 31 50 60 39 35 46 52 36 33 53 41 39 37 51 48 37 39 39 35 39 34 36 51 43 28 32 36 29 27 27 29 28 25 27 31 33 31 38 33 30 57 32 47 43 51 48 31 26 44 45 30 36 48 49 37 26 25 27 27 27 29 29 28 53 57 52 48 32 35 41 49
48 71 71 114 55 34 40 44 42 66 33 35 65 47 33 38 39 34 32 45 50 32 27 39 32 40 45 36 41 31 28 34 32 41 43 47 41 34 36 33 35 39 32 26 31 31 28 31 38 24 23 34 36 26 25 33 31 56 72 63 47 57 59 46 44 40 33 34 33 32 39 38 44 36 29 27 29 29 28 28 23 36 55 51 35 37 41 37 13 51
55 68 72 107 28 31 42 41 49 44 33 45 42 31 39 31 27 39 39 46 37 23 34 36 38 38 56 41 32 29 30 37 36 38 34 36 36 33 32 23 32 32 30 29 31 32 31 31 25 26 32 38 36 30 28 28 34 31 37 17 29 25 42 40 30 36 31 27 27 36 45 39 37 34 31 29 29 30 29 27 29 43 70 49 27 39 35 23 8 112
68 63 77 58 22 38 43 37 52 43 29 41 43 29 36 44 41 41 30 25 30 52 69 58 46 36 46 33 25 28 38 38 40 37 32 31 33 36 35 28 29 34 38 34 31 37 37 28 32 31 29 28 29 33 31 25 29 26 32 16 41 32 35 25 29 32 30 32 31 31 38 35 30 32 31 28 27 29 29 27 40 57 60 44 34 43 42 21 36 164
47 24 51 53 54 36 34 41 43 48 28 28 46 36 29 44 42 27 35 46 52 57 47 38 35 26 27 28 29 31 50 42 21 29 37 36 31 30 31 34 28 34 39 36 30 34 38 32 30 27 37 51 46 30 27 32 30 31 31 28 37 28 24 28 29 29 28 33 32 30 36 37 29 31 31 27 26 29 31 32 49 68 34 31 34 24 37 21 132 207
34 48 55 50 39 41 56 35 37 35 33 29 30 39 38 23 32 30 51 49 33 25 18 27 28 27 25 32 36 24 36 30 30 29 36 36 32 30 26 29 30 28 29 32 29 27 33 40 38 36 42 46 42 37 33 29 37 33 24 36 37 35 25 34 25 29 26 28 28 32 41 39 30 32 31 29 28 30 34 37 46 48 42 33 40 33 23 45 188 210
23 48 51 53 31 32 51 32 34 38 37 29 34 41 35 30 38 38 36 27 26 33 33 29 27 29 32 39 54 43 46 56 52 36 34 35 38 38 28 29 31 28 26 29 31 29 31 41 37 39 40 42 57 78 75 53 41 46 33 27 25 40 33 24 31 33 29 27 26 28 34 29 31 31 31 32 31 31 35 40 45 30 47 30 29 28 9 59 184 201
43 48 59 58 42 23 31 37 34 30 30 29 32 32 29 39 43 44 29 29 30 26 32 26 31 25 27 24 43 34 25 48 38 26 30 33 33 32 26 34 31 36 31 28 35 37 34 36 32 37 42 37 28 36 59 74 68 64 60 52 34 24 27 35 27 26 25 30 30 27 32 29 31 29 30 33 32 31 34 40 46 39 29 32 32 27 60 108 138 164
53 40 56 48 35 36 27 41 32 35 34 36 40 37 33 35 39 34 29 27 29 31 29 26 33 36 24 27 31 25 27 20 25 32 30 27 32 30 24 26 31 27 27 33 36 33 33 38 33 22 24 30 24 18 25 32 35 45 46 66 60 47 40 32 24 34 31 24 28 30 27 30 29 29 29 32 34 31 32 38 44 39 32 36 34 70 65 79 156 199
54 45 53 44 32 32 28 37 33 34 31 30 32 30 29 32 38 36 32 30 30 31 32 32 24 31 27 26 28 29 31 26 23 24 27 29 31 33 33 33 28 33 34 35 40 46 46 45 47 49 44 31 26 31 26 12 22 29 34 34 45 73 55 37 28 28 32 32 28 32 34 28 32 29 31 30 25 29 36 36 33 36 39 26 33 42 20 39 141 200
49 48 47 39 31 31 33 33 32 32 29 28 28 27 27 31 28 31 33 33 31 30 29 28 25 28 32 26 24 28 29 34 31 26 29 33 28 28 31 31 34 36 34 33 39 48 55 59 70 76 76 73 73 64 46 32 16 11 14 17 20 37 30 35 35 31 35 38 30 28 33 34 30 23 29 35 30 35 42 37 39 27 36 29 33 31 30 35 99 151
42 49 41 36 32 32 40 32 30 31 31 31 31 29 29 32 25 29 32 31 29 28 27 27 36 24 28 26 30 34 24 25 29 25 28 33 32 31 35 39 40 39 42 53 64 69 80 94 98 99 93 93 101 101 100 108 91 65 31 37 27 17 27 41 23 32 29 21 26 33 33 31 32 20 23 33 33 33 36 33 31 36 24 28 46 42 36 38 93 175
44 52 38 33 32 33 43 34 32 31 32 32 31 29 30 31 32 33 31 28 27 29 31 31 24 24 37 31 27 33 29 32 31 31 29 35 45 43 41 47 52 59 70 84 92 90 92 102 109 124 123 116 123 129 121 112 109 116 105 103 76 56 53 52 38 21 13 24 32 25 23 34 38 35 31 30 31 31 31 32 29 32 30 37 34 51 39 53 141 200
49 54 38 31 30 31 40 36 37 32 31 30 27 27 29 30 30 31 32 31 31 32 30 27 27 34 40 29 24 39 46 43 37 37 34 43 60 60 51 51 52 69 83 92 102 108 113 120 136 142 144 146 149 141 126 115 114 107 109 113 111 116 94 89 91 67 64 62 32 9 17 30 24 37 39 32 31 33 32 30 38 29 26 34 34 33 22 141 206 212
44 46 37 31 32 33 35 36 38 32 31 31 28 29 31 29 27 30 33 33 33 33 30 26 32 26 25 39 55 69 69 51 30 33 38 52 70 75 66 59 67 83 94 102 113 124 137 151 162 154 155 160 152 135 127 128 132 116 111 114 106 108 100 114 91 94 99 92 82 86 66 21 22 24 29 32 31 29 29 27 27 25 34 27 23 46 59 123 188 215
32 34 34 33 37 36 32 35 36 31 33 36 34 34 34 29 36 37 35 30 29 33 38 40 48 50 61 87 79 50 40 27 32 34 46 61 70 74 67 53 65 77 93 113 130 140 157 182 181 183 182 165 144 141 144 140 142 140 122 126 115 108 109 105 105 96 90 93 103 108 100 89 56 28 23 36 33 26 30 35 32 28 30 33 31 39 81 101 180 217
37 39 32 31 39 34 29 38 28 31 32 32 36 40 40 37 32 39 31 24 35 46 49 53 65 82 84 114 50 34 23 43 44 55 65 77 70 58 55 41 52 70 113 119 143 162 174 181 193 208 195 180 155 145 154 150 147 150 139 128 123 119 116 105 105 105 98 95 92 91 99 98 107 77 56 29 10 23 34 29 30 29 29 30 35 22 20 56 161 188
34 41 37 32 35 34 32 37 35 36 35 33 34 36 37 35 41 47 43 39 48 57 68 82 92 114 96 76 26 36 50 46 52 88 86 73 71 56 40 32 43 83 131 147 153 164 178 186 205 210 200 192 178 170 169 168 166 162 145 131 132 123 116 103 105 99 94 96 94 95 101 97 94 88 93 86 50 22 19 21 24 38 40 29 29 36 34 33 140 213
31 40 41 34 31 33 35 36 32 33 35 36 40 45 49 50 54 54 51 53 61 67 81 101 115 121 97 73 36 35 72 71 78 90 83 70 53 34 31 39 66 92 130 157 159 168 189 200 204 214 215 201 183 181 177 175 171 165 152 140 145 125 116 106 102 95 91 91 85 87 98 102 109 119 97 95 105 75 38 24 27 42 40 32 33 34 24 5 87 205
31 38 39 35 34 34 35 37 36 37 41 46 51 55 60 64 64 57 54 65 80 86 96 113 137 102 58 73 63 52 75 74 87 79 73 57 30 23 38 47 76 96 132 147 166 173 187 203 217 211 205 199 189 192 190 182 182 173 159 138 144 126 122 108 103 93 83 83 88 89 90 94 103 124 114 96 86 98 102 54 29 13 20 38 27 24 35 19 65 175
34 35 35 38 42 39 37 43 44 44 49 56 63 67 72 77 83 75 74 88 103 109 116 129 138 102 43 72 73 61 57 56 81 80 54 28 30 35 35 44 45 54 118 125 150 173 197 207 216 221 213 209 202 206 207 197 188 174 168 156 149 117 120 119 91 94 92 87 90 85 81 96 103 96 94 108 93 83 103 93 86 61 21 13 31 36 32 30 19 108
37 36 37 45 52 49 48 54 66 62 64 71 75 76 78 83 100 99 104 113 121 127 136 146 141 108 46 68 75 63 61 91 88 60 43 23 6 22 58 87 82 52 97 118 144 177 200 209 222 224 211 215 217 212 210 213 191 174 168 160 148 117 118 117 97 94 89 80 87 90 84 96 92 106 98 102 102 84 86 101 103 114 71 14 16 27 29 56 14 79
37 40 46 54 59 62 65 68 71 68 73 88 99 101 104 109 105 114 123 128 134 144 154 158 159 104 47 57 74 56 48 72 68 57 24 21 81 114 105 118 118 72 61 106 137 177 189 209 212 218 214 213 216 219 211 204 176 179 170 150 134 119 115 102 100 95 99 85 77 85 89 99 104 99 102 107 98 89 90 92 79 98 123 82 23 9 30 76 100 155
37 44 56 61 62 70 78 77 88 84 90 106 116 115 113 115 111 124 134 137 142 155 162 159 165 103 55 28 47 50 69 82 80 22 24 85 145 175 177 181 143 93 59 117 111 171 199 205 216 217 223 215 205 216 207 194 177 170 151 138 128 115 113 111 102 94 108 99 83 91 92 87 96 98 99 95 99 95 84 89 87 83 103 118 123 71 21 75 148 187
37 58 47 68 79 104 102 92 107 96 110 107 123 120 118 112 110 122 134 155 163 167 173 180 168 106 44 41 46 44 83 87 69 21 26 21 38 38 114 190 195 86 69 127 102 184 196 205 222 216 222 224 208 212 207 203 183 178 159 142 141 122 98 112 101 107 90 98 103 99 92 94 92 99 89 97 98 90 95 85 86 88 82 93 117 130 71 44 52 56
61 58 57 79 88 103 103 104 122 112 114 116 129 130 132 132 124 126 139 148 165 184 179 190 159 93 52 49 43 43 69 68 59 38 27 101 32 7 15 136 214 120 52 104 96 182 204 195 209 222 221 219 213 213 204 200 185 169 149 133 134 129 109 105 85 101 98 104 103 89 89 105 98 106 105 92 101 106 91 96 84 87 89 87 88 115 130 84 69 79
57 60 79 97 107 104 104 120 145 139 118 127 140 144 137 131 144 123 144 161 166 186 183 185 165 97 55 47 46 56 62 53 46 28 59 175 50 40 9 38 209 134 71 85 130 179 194 193 216 225 221 221 212 207 196 176 173 158 146 127 114 113 105 94 90 102 102 94 97 104 113 103 104 106 113 96 99 112 96 95 108 94 88 100 103 80 117 122 77 72
58 84 87 75 102 113 125 131 156 153 119 131 138 147 141 132 155 133 149 173 167 186 202 190 181 87 26 49 60 47 43 56 39 35 25 42 20 32 21 34 190 107 102 86 135 182 181 183 208 220 218 218 218 209 192 180 157 143 134 118 102 103 103 96 100 84 98 110 110 105 110 93 107 110 99 90 98 104 101 101 97 101 95 100 116 87 85 109 114 86
60 70 68 91 133 132 144 137 146 139 117 140 140 150 149 135 145 152 158 172 177 198 212 196 175 98 26 50 59 56 56 44 37 37 5 49 100 70 7 46 183 86 93 106 141 189 160 190 215 215 214 210 214 208 185 166 152 131 112 102 98 95 88 81 95 91 106 107 100 93 98 92 101 104 81 78 98 99 99 115 118 116 103 91 88 98 83 90 116 97
68 60 65 108 125 124 150 145 132 126 133 156 144 141 147 139 138 148 159 173 185 205 209 200 181 109 40 65 52 46 53 38 38 33 5 73 172 67 8 99 193 105 86 120 181 177 146 200 215 210 219 210 203 199 179 148 121 112 101 95 94 88 82 83 90 100 93 75 90 106 94 78 85 75 84 92 98 105 104 107 111 102 93 105 101 106 92 100 100 110
49 70 88 99 87 113 129 113 136 131 142 147 147 138 139 139 146 139 155 178 185 202 211 211 186 94 12 50 65 64 52 51 34 58 43 39 48 53 133 179 127 87 90 118 161 139 169 211 213 217 219 207 203 181 146 112 81 86 83 76 71 70 74 79 89 75 52 29 20 22 20 37 71 80 102 118 115 118 121 101 104 104 93 97 104 105 101 98 87 102
47 66 97 126 121 136 117 120 129 137 146 133 154 143 132 139 150 145 159 182 184 195 207 203 187 146 65 49 54 69 46 59 25 58 52 133 181 188 191 145 110 98 118 158 152 146 194 217 218 219 220 210 188 143 101 57 43 45 44 44 56 79 97 97 98 83 90 98 85 80 54 36 70 128 114 122 143 129 132 120 116 103 102 98 104 100 113 90 83 79
65 85 100 103 118 117 130 144 131 137 141 149 152 140 140 160 149 135 158 178 179 169 194 186 177 138 111 79 59 55 45 54 37 24 44 55 130 176 133 85 130 107 146 148 124 165 211 220 219 220 210 202 153 83 31 20 25 31 37 55 85 105 129 113 121 124 131 124 107 84 56 14 41 137 157 115 129 144 153 127 129 123 98 103 108 97 102 99 88 88
60 76 86 94 122 128 137 143 133 137 128 127 146 152 148 151 149 144 156 169 175 168 184 183 156 122 97 83 75 66 56 60 49 30 30 26 24 105 99 101 141 112 131 126 166 208 210 215 212 216 210 164 70 27 30 30 10 33 57 95 136 139 150 150 137 139 133 139 137 84 35 12 27 121 175 134 122 148 141 138 128 119 99 98 102 99 104 104 102 96
58 65 74 90 122 126 132 139 133 144 146 148 146 130 127 148 149 149 149 164 182 184 182 176 165 148 106 67 60 70 69 56 49 43 52 45 33 70 88 171 148 76 121 175 201 209 201 197 197 201 173 105 59 105 147 125 95 91 94 126 170 167 164 159 158 152 137 140 114 67 54 26 47 159 184 155 111 119 148 146 129 120 114 108 104 104 106 108 104 94
53 58 75 98 124 122 134 149 139 140 140 147 149 135 136 156 145 153 151 166 179 186 176 168 159 145 115 92 84 77 67 59 60 46 48 47 60 74 88 142 84 120 172 195 185 189 188 190 190 165 136 126 135 159 181 190 191 160 116 117 175 189 177 168 161 157 147 161 120 55 59 42 30 154 212 178 137 120 152 135 123 105 109 104 95 98 100 108 118 113
57 70 91 104 119 120 134 141 137 141 138 135 143 151 145 132 137 150 150 161 170 178 167 165 158 141 119 103 99 92 79 76 60 46 47 53 56 114 140 99 74 152 177 183 192 189 174 181 168 162 157 161 175 181 183 187 185 169 119 88 138 173 180 187 182 161 168 167 102 55 62 28 12 79 211 188 146 145 114 131 132 102 102 101 94 99 99 104 124 129
61 84 102 100 113 125 136 127 136 140 141 137 136 145 152 151 139 154 154 161 168 169 157 159 165 153 131 112 109 107 90 74 71 51 43 38 59 106 156 125 124 157 174 174 186 188 176 161 149 149 166 170 169 177 183 172 166 143 120 63 46 96 165 191 185 167 159 133 95 57 74 144 165 92 175 212 157 156 136 138 143 108 90 82 83 91 95 99 112 122
57 83 98 96 118 134 143 135 136 132 135 143 142 137 136 140 136 148 157 164 166 166 163 169 176 157 134 130 123 108 101 95 87 63 53 52 93 105 134 145 158 177 187 181 180 171 155 160 155 154 169 161 150 148 157 155 140 112 111 59 8 37 109 142 158 175 186 138 101 69 81 174 201 201 189 226 208 170 146 119 130 118 93 78 83 91 96 100 107 114
63 83 94 97 120 125 132 135 134 139 139 134 135 140 140 136 143 137 147 158 162 169 173 170 172 172 148 133 120 115 122 106 93 89 94 99 90 136 154 172 174 178 175 178 163 162 154 167 158 160 161 156 172 170 164 168 124 102 74 24 10 14 51 112 145 174 169 126 116 68 33 99 180 133 80 227 230 202 143 121 105 119 95 71 74 78 84 91 102 101
64 86 81 92 122 131 131 131 134 140 137 143 136 139 140 146 147 148 159 160 160 161 175 171 164 164 157 144 149 138 127 119 113 120 127 138 145 169 180 184 178 165 171 172 175 171 160 148 136 154 164 167 187 197 192 176 151 120 76 25 32 32 12 78 135 167 164 132 157 74 58 155 198 157 73 184 236 240 201 145 106 95 124 66 76 74 80 95 113 97
74 84 94 115 128 132 142 142 149 148 138 145 143 144 142 148 147 148 163 160 164 168 169 170 155 158 157 149 150 147 143 136 129 135 142 171 181 191 199 194 175 168 171 162 155 161 157 159 154 162 158 181 207 210 184 176 168 140 84 36 36 51 19 50 121 167 151 132 154 83 85 210 235 247 179 80 229 247 211 155 90 60 102 89 88 80 83 78 105 103
90 88 102 124 124 121 132 136 154 151 139 147 149 149 146 155 153 149 160 160 168 174 170 166 171 167 158 149 140 144 144 139 137 143 162 200 211 212 215 208 211 205 190 193 198 212 210 205 197 202 205 213 233 233 200 162 162 141 123 85 36 44 35 42 85 140 142 133 143 78 46 103 196 207 92 85 218 231 216 187 132 69 79 92 80 70 79 77 93 112
96 99 109 127 134 132 136 143 147 148 142 151 149 149 147 156 157 156 160 163 164 166 170 162 174 168 158 157 147 151 145 139 152 147 168 195 208 219 220 217 232 223 221 228 225 228 211 222 220 218 220 221 240 235 207 175 163 153 134 96 74 54 30 54 78 127 148 128 136 83 49 107 192 213 143 76 211 221 210 186 137 67 59 100 92 81 86 85 95 130
89 96 111 122 127 132 134 135 145 150 149 156 148 149 149 152 153 153 151 155 161 167 168 161 166 164 162 168 160 160 155 154 150 153 175 183 188 200 205 204 204 215 205 211 208 214 210 209 200 196 207 222 216 214 194 175 172 155 131 104 108 92 47 59 96 106 141 137 134 81 53 172 218 239 237 90 148 216 208 201 152 76 51 93 84 76 81 78 88 129
103 104 125 132 125 135 144 141 139 145 145 151 142 148 149 146 157 161 163 159 160 168 159 165 163 162 164 167 158 159 165 172 175 185 193 189 186 183 181 165 180 190 189 179 177 194 184 178 186 182 170 167 191 209 193 180 177 159 147 134 120 124 75 58 71 94 136 131 123 103 58 181 223 237 223 92 157 221 208 203 168 103 64 90 96 82 75 79 95 129
108 102 122 133 132 138 144 151 140 145 142 149 146 154 153 150 154 155 160 159 158 170 164 166 170 163 165 160 150 150 160 159 171 182 189 182 183 182 184 173 174 176 174 183 187 182 179 173 174 174 179 169 186 198 201 198 194 189 158 148 155 139 68 56 74 94 118 122 123 97 58 221 234 243 211 36 176 207 191 186 172 111 64 72 93 73 57 71 103 125
108 103 112 127 140 132 120 136 137 142 137 145 145 151 148 147 153 153 159 168 159 172 182 175 170 155 156 149 145 150 163 152 172 173 184 175 182 187 181 177 176 176 175 171 175 179 182 177 167 173 177 176 183 201 199 200 205 191 170 175 181 133 65 50 52 81 110 110 124 113 82 206 237 245 180 46 172 205 192 185 184 114 74 78 100 81 70 82 108 121
108 108 114 131 133 143 130 144 151 138 143 148 145 153 157 146 153 153 158 168 162 177 185 174 164 160 146 143 131 134 139 152 154 161 171 172 165 174 170 176 172 170 170 172 172 170 170 171 156 174 174 170 180 190 199 210 197 180 175 177 174 115 80 79 48 62 118 115 114 106 80 89 180 205 76 80 189 210 200 186 170 109 81 97 103 87 82 94 123 138
96 110 127 137 132 146 138 143 162 147 146 149 145 149 154 150 156 158 157 167 166 170 170 171 170 153 136 132 121 114 115 154 155 151 154 162 153 167 169 174 173 174 175 173 171 168 162 156 154 164 160 174 194 195 198 204 199 180 161 177 157 108 107 107 65 90 125 101 126 110 157 196 205 211 100 89 206 201 199 199 171 131 99 82 95 104 92 106 126 141
106 112 126 133 125 138 142 152 165 155 152 152 148 148 151 149 155 161 162 173 175 173 169 172 160 138 115 107 114 132 128 147 134 138 149 144 140 156 162 166 185 180 174 172 173 173 165 154 155 170 163 168 182 186 196 197 186 175 123 186 159 129 133 126 86 110 119 103 130 90 187 218 223 224 148 66 199 208 196 188 158 126 95 93 110 109 99 107 131 146
113 120 133 136 137 154 156 155 156 155 153 151 149 151 153 150 156 161 166 171 171 177 181 177 156 128 108 106 105 132 137 127 123 121 127 112 122 133 143 158 172 175 177 176 172 169 165 162 150 166 170 173 174 174 186 191 178 171 73 150 148 142 148 134 105 116 116 112 125 106 220 242 238 235 133 82 201 196 190 176 153 117 94 105 109 102 108 116 136 151
111 114 121 120 130 140 142 144 146 148 146 146 147 149 153 152 158 163 172 175 175 183 188 174 168 115 97 122 108 120 136 112 100 111 101 124 108 140 143 145 146 172 197 198 183 172 168 166 156 166 174 165 157 169 183 186 194 173 66 140 174 153 148 130 126 125 136 115 122 151 230 253 252 230 81 101 211 185 193 189 157 125 112 110 114 117 111 116 148 161
119 117 121 121 139 140 147 161 154 153 151 158 158 152 154 155 165 166 173 175 181 186 191 179 151 91 74 105 102 118 120 83 64 74 119 177 94 89 137 109 144 164 184 190 189 186 174 158 156 170 184 166 155 177 194 198 199 182 102 154 175 148 133 120 114 142 151 134 134 145 187 219 228 112 47 157 190 198 204 184 149 134 121 128 136 119 107 124 150 160
107 117 129 127 149 147 149 150 164 162 160 170 169 161 163 162 163 163 173 180 189 190 191 174 128 73 58 80 103 118 73 42 29 56 83 99 122 81 125 107 133 150 172 189 198 196 183 168 168 174 180 171 158 163 182 199 198 204 159 165 150 146 138 133 122 116 146 130 121 209 240 244 236 101 47 184 191 206 207 174 150 137 115 130 140 119 119 138 146 152
116 118 128 132 159 155 158 159 158 156 153 161 163 161 168 166 168 165 178 186 192 195 196 170 97 51 55 79 106 90 16 33 69 90 96 82 90 64 117 129 135 139 158 185 202 204 198 193 185 187 179 169 161 161 179 194 205 192 169 160 147 142 136 140 135 137 139 142 118 207 243 250 202 55 118 193 202 207 182 152 141 137 134 128 127 134 135 135 138 141
111 122 129 141 157 155 152 162 154 153 155 165 162 161 161 164 163 176 181 178 184 192 191 139 70 52 66 75 82 33 23 68 86 89 122 114 60 83 100 123 135 143 158 163 198 213 193 195 192 177 174 169 166 164 162 177 169 160 152 155 153 144 142 142 143 151 155 141 109 154 219 210 51 94 168 198 210 187 162 156 154 152 152 148 144 141 136 134 136 134
109 122 132 139 149 153 150 149 155 157 160 157 150 159 163 170 168 172 178 183 196 196 170 111 67 52 68 65 72 17 53 59 34 18 53 114 113 100 99 104 142 152 161 159 186 200 194 205 200 176 172 154 154 172 157 145 138 151 158 155 145 145 150 142 147 155 159 147 121 205 234 184 98 165 198 185 173 157 153 160 151 147 144 138 139 143 139 136 132 131
105 118 130 136 142 148 146 140 151 158 168 163 158 169 163 164 164 176 188 189 195 185 150 106 75 66 70 62 51 32 43 18 18 29 18 56 130 87 82 104 135 154 163 160 185 201 201 207 199 188 181 142 119 136 140 141 141 158 154 152 152 144 143 145 140 151 159 151 104 205 228 132 109 186 201 177 153 146 159 169 154 152 157 158 152 143 133 133 147 147
101 110 122 132 137 138 137 137 150 152 155 153 150 158 157 161 168 180 184 182 191 186 143 92 61 66 50 76 61 35 26 49 47 18 36 18 63 93 88 97 132 155 158 148 170 193 205 209 201 197 186 158 121 96 98 116 134 152 151 157 167 155 147 148 149 149 159 146 131 145 88 103 162 182 174 153 142 151 168 167 164 155 148 139 133 133 138 149 151 151
93 101 110 120 128 128 129 134 145 150 152 161 154 147 153 165 163 176 185 185 186 184 134 64 65 50 57 96 62 39 36 2 23 36 7 14 57 104 116 123 134 160 167 155 167 183 197 202 202 204 197 182 155 118 93 86 96 118 141 157 156 149 145 138 152 158 168 159 143 102 73 121 143 136 143 136 150 161 163 157 155 151 146 140 143 152 153 153 159 156
79 87 95 102 113 121 126 130 145 147 143 157 154 145 154 164 161 169 189 192 184 178 117 41 51 50 84 92 51 54 33 36 135 159 56 49 122 115 110 137 141 160 169 164 180 194 203 206 206 203 205 192 174 157 128 104 74 78 108 144 155 145 140 150 143 162 175 159 91 25 58 93 125 134 158 150 167 169 161 162 158 150 149 152 153 150 148 154 160 156
73 76 82 88 97 111 119 119 121 139 149 157 147 140 146 157 159 164 188 190 184 170 93 45 49 36 89 87 36 59 64 50 157 189 73 96 197 102 126 135 142 165 178 167 175 189 199 205 214 196 197 198 185 169 147 125 95 84 88 107 142 159 147 148 154 151 164 106 26 16 58 131 145 152 160 153 160 165 166 162 149 142 147 157 157 149 151 165 170 167
78 74 76 82 88 101 109 105 119 132 135 130 127 138 144 150 152 158 182 181 188 166 74 58 81 37 86 114 67 18 129 103 68 103 148 215 211 68 146 156 145 162 169 153 168 195 202 200 211 206 199 198 187 174 159 124 117 108 82 45 85 163 158 115 128 156 149 107 47 88 139 155 153 151 153 164 153 157 169 151 152 151 155 156 158 158 155 156 163 161
76 59 68 70 76 82 73 86 108 112 112 119 133 135 133 141 151 162 187 181 179 157 42 66 89 52 110 137 96 19 124 230 219 216 248 239 156 128 150 160 158 171 175 162 167 196 209 203 202 206 207 206 197 174 161 145 133 136 124 93 50 75 161 150 116 96 112 122 136 146 152 154 157 155 156 154 155 157 153 152 161 155 156 155 157 159 157 162 139 129
53 64 75 72 69 72 73 73 76 92 101 106 118 129 131 130 142 161 166 165 175 148 45 65 66 51 126 132 113 68 48 180 239 255 243 211 101 154 143 169 157 175 182 175 182 200 206 207 213 210 207 200 199 185 171 163 149 133 130 138 96 55 87 168 149 99 74 90 116 122 133 136 143 137 143 145 141 147 151 149 154 156 158 157 160 163 159 155 142 132
59 68 64 64 66 68 70 57 81 73 77 95 115 129 138 140 137 143 154 172 184 139 45 90 88 50 141 163 138 101 23 58 171 229 200 111 126 163 160 166 164 176 176 176 193 204 200 203 206 208 214 208 207 193 172 167 160 142 157 137 121 97 40 83 160 170 118 73 80 85 95 96 122 128 138 143 146 145 141 145 160 165 157 154 164 166 154 142 134 135
55 47 43 56 68 71 69 63 62 52 60 78 88 102 119 126 136 128 157 162 160 117 25 66 68 66 154 161 169 123 65 60 42 142 92 84 144 159 161 160 174 183 186 188 199 205 203 209 208 207 211 206 208 198 184 179 173 162 143 149 151 126 101 42 49 128 154 137 131 124 123 128 129 139 145 145 149 146 145 157 163 155 151 161 164 160 149 124 131 147
47 38 52 60 66 67 58 67 68 59 53 44 47 79 111 115 128 115 139 141 145 133 61 54 72 50 163 157 158 155 107 42 33 32 101 134 142 155 161 166 171 181 194 197 198 203 205 206 209 213 214 212 207 194 189 181 169 175 139 155 168 138 152 130 68 37 51 88 101 98 95 107 116 125 142 151 151 154 160 168 169 167 160 167 166 148 137 132 146 161
41 35 51 50 59 76 66 71 71 65 61 46 26 35 72 98 127 123 117 125 144 151 113 49 47 58 161 164 160 179 133 67 56 36 105 151 162 153 158 164 170 181 198 202 201 206 209 209 213 212 209 210 210 200 195 181 167 169 166 153 145 151 146 165 145 123 114 107 111 131 128 131 139 147 157 158 154 152 154 160 156 166 168 168 161 141 134 145 148 149
44 41 41 36 49 69 63 52 68 59 63 70 56 37 38 50 104 119 107 113 134 148 147 88 38 57 123 154 169 179 167 135 78 94 89 150 153 153 156 165 177 180 188 195 208 215 209 206 213 214 216 213 212 200 191 181 174 177 168 166 157 147 139 147 155 166 160 160 164 162 147 155 152 159 162 158 157 156 154 160 165 163 168 159 140 143 151 146 146 139
31 41 41 42 48 57 59 46 58 58 55 51 53 56 52 43 57 69 75 91 106 107 134 139 63 27 92 140 180 179 179 161 153 116 109 138 140 158 150 159 173 181 186 194 211 214 204 205 206 209 214 208 209 199 184 180 179 168 184 173 166 162 157 160 158 168 161 166 158 162 165 152 154 154 162 162 158 163 165 162 162 167 154 131 136 154 150 145 146 140
33 43 34 44 45 47 52 58 64 60 54 52 42 37 52 59 49 58 59 59 87 90 85 133 101 39 73 102 168 178 177 154 152 142 126 139 150 147 156 157 166 179 193 196 209 215 201 206 199 194 211 202 207 199 195 186 182 181 181 177 162 154 149 152 158 156 159 154 164 171 165 160 160 168 163 166 160 160 175 165 159 148 141 137 156 153 138 147 148 142
40 46 32 33 34 45 51 48 53 58 47 41 41 32 37 49 38 52 52 32 56 96 96 95 112 78 21 74 104 156 169 155 157 145 141 144 152 159 162 165 178 184 196 196 201 206 196 199 199 191 207 203 197 189 190 186 187 185 176 168 161 160 152 154 163 157 159 147 160 162 150 165 166 171 164 164 168 165 160 157 150 148 149 144 137 134 144 158 146 139
36 40 32 35 30 38 41 37 36 47 44 43 46 39 38 45 43 35 40 39 39 45 65 104 114 117 98 96 83 120 132 157 156 146 161 158 147 154 157 167 164 180 203 203 202 206 199 194 193 188 190 191 197 197 190 190 185 187 183 173 163 165 163 165 158 162 165 165 168 163 167 172 168 172 182 177 178 174 149 139 136 135 143 151 145 143 141 143 140 147
28 27 28 40 31 31 35 42 45 45 47 44 36 37 43 46 42 48 45 31 31 32 28 42 78 75 122 100 116 127 107 118 132 139 150 151 152 145 140 158 161 170 190 195 190 188 186 191 194 197 192 190 189 193 181 181 178 174 176 173 161 169 171 167 182 174 166 177 183 180 194 183 173 169 185 172 154 140 119 131 138 123 120 131 135 136 126 136 129 136
40 33 29 36 29 33 32 39 39 37 44 41 34 37 42 48 65 53 37 31 39 35 19 15 32 36 62 70 87 97 108 117 124 129 135 151 155 152 157 152 149 160 175 180 185 189 185 186 187 186 188 192 180 188 184 176 173 167 170 170 161 170 174 172 170 171 177 175 169 164 175 179 186 177 153 82 29 17 30 82 117 131 115 110 108 103 118 135 139 132
40 38 30 30 36 51 38 33 34 36 36 31 37 40 41 60 73 52 39 37 33 32 34 36 28 28 24 32 30 33 64 79 101 125 133 145 148 147 159 155 164 161 162 170 184 186 181 185 181 181 182 185 174 175 171 168 163 165 166 165 163 168 166 169 169 175 178 174 171 177 180 149 136 82 34 11 19 30 20 17 79 211 214 191 190 156 147 109 135 154
23 32 28 27 41 61 46 46 57 46 36 25 30 35 36 60 65 53 45 47 47 40 35 30 35 35 36 33 33 23 27 28 40 68 102 122 127 140 151 146 155 158 156 155 165 172 169 169 177 176 166 163 165 162 152 149 159 162 159 159 162 168 160 156 173 177 174 176 165 141 108 37 21 13 17 29 32 40 34 4 69 210 224 214 226 223 217 66 56 96
35 43 36 28 32 42 31 49 51 34 39 41 40 39 32 38 31 49 39 31 44 46 34 27 28 42 22 31 33 34 36 32 23 24 36 47 79 114 121 128 132 144 150 148 150 152 152 153 155 158 155 148 146 148 149 144 147 152 153 148 143 152 150 146 157 142 124 96 61 23 12 16 33 39 34 35 28 28 34 10 79 212 226 210 211 216 233 71 7 14
42 36 26 31 63 41 34 39 50 39 34 41 48 43 37 39 27 43 42 32 35 36 33 36 31 31 34 28 29 31 26 36 40 35 29 26 25 36 63 89 91 112 127 127 131 140 135 120 119 124 126 121 114 112 116 120 114 121 122 115 113 111 94 70 63 55 31 16 15 21 35 40 44 28 36 32 33 31 27 12 115 224 223 216 211 217 227 59 36 39
43 58 42 34 63 45 37 37 36 40 50 46 30 32 39 32 36 40 38 34 32 30 28 30 36 26 26 25 31 37 31 31 29 33 40 44 40 33 32 35 31 33 38 46 52 58 66 73 69 60 54 62 74 74 58 41 39 31 27 29 30 26 19 13 18 24 24 31 37 36 35 29 36 28 34 31 34 33 32 8 114 220 215 209 214 221 201 46 55 57
56 32 36 49 42 28 49 54 78 53 45 47 39 32 31 23 35 28 28 32 30 30 34 35 30 26 30 30 33 37 32 31 31 32 33 36 40 44 49 51 50 41 39 43 41 34 38 50 32 26 19 16 15 17 20 23 19 37 45 32 18 21 29 30 45 43 35 36 37 35 37 35 32 33 31 28 32 33 38 9 56 195 219 212 218 235 125 18 51 58
39 31 47 48 43 51 65 79 49 37 34 43 40 24 21 35 36 31 29 30 30 30 33 33 32 37 38 35 36 36 34 37 34 33 29 26 28 34 38 39 40 41 42 43 42 39 39 41 31 31 33 35 33 28 27 29 39 32 30 37 39 36 33 33 32 33 31 36 36 32 33 29 26 35 35 39 42 34 38 7 67 202 219 218 217 237 82 26 66 68
29 30 62 56 51 77 72 73 54 47 35 31 36 38 34 31 32 39 36 30 33 36 34 34 41 51 50 54 65 59 44 37 30 35 39 38 37 37 35 32 32 35 34 29 28 30 31 29 36 30 27 30 33 32 31 31 33 26 26 30 30 28 32 39 37 37 35 38 33 30 36 35 34 38 33 35 38 30 43 25 106 218 214 217 223 224 56 51 68 49
44 35 56 53 39 69 62 49 45 34 38 44 38 37 37 28 28 42 41 33 38 43 41 40 52 67 65 59 53 41 35 32 32 35 36 33 31 31 32 32 33 31 30 31 32 32 33 35 30 31 33 33 30 28 31 37 27 31 32 27 25 30 34 32 34 36 36 36 33 35 44 41 32 34 34 36 42 36 45 32 76 180 215 224 235 177 13 32 47 79
47 71 49 38 45 61 48 42 52 35 37 46 37 31 38 42 39 45 43 37 38 44 46 43 53 42 26 23 27 39 51 42 33 33 33 32 32 32 33 35 31 28 27 30 31 28 26 27 31 29 29 30 30 30 30 32 36 27 27 36 37 29 27 32 40 43 42 41 37 42 50 41 36 34 36 29 39 44 48 36 25 91 197 225 201 65 88 37 116 206
53 61 35 68 67 43 41 42 53 51 40 33 39 46 41 33 41 36 36 37 37 48 58 57 36 36 41 43 28 36 60 51 45 39 35 34 34 33 33 34 37 35 32 30 31 34 33 31 31 30 28 28 29 29 29 29 32 31 29 26 27 32 34 32 38 43 46 47 44 48 49 32 32 34 42 32 44 53 45 27 19 96 205 224 200 215 227 118 193 233
51 54 67 63 53 34 37 43 44 49 59 31 46 42 41 44 50 41 38 44 38 38 42 50 40 39 43 48 38 36 45 40 51 49 37 32 33 41 32 37 34 39 39 34 34 35 32 29 29 27 28 30 31 29 28 35 29 27 29 33 27 35 30 33 32 32 39 33 40 35 33 36 35 33 39 38 51 59 13 31 115 190 220 219 215 229 240 149 159 232
53 54 63 57 49 33 42 51 48 51 60 31 46 41 39 40 42 38 44 56 49 41 36 37 36 37 45 52 44 39 43 33 45 45 36 34 35 43 31 35 34 39 39 34 34 35 32 29 29 27 28 30 31 29 28 35 29 27 29 33 27 35 29 33 32 31 38 31 38 34 33 36 37 30 35 45 48 31 15 105 206 221 214 220 212 202 232 203 129 222
