170 156 140 135 82 58 21 38 26 50 57 63 65 47 29 42 34 18 21 21 28 31 27 25 33 34 38 29 15 16 19 18 19 20 20 19 19 19 20 19 19 19 20 21 21 20 19 18 21 25 24 24 24 25 27 22 27 29 24 25 20 18 20 20 17 22 22 21 21 19 20 17 19 19 18 17 18 18 18 18 18 18 18 18 18 19 19 19 18 18
140 138 118 90 57 25 42 49 66 69 73 64 41 27 33 44 40 26 32 36 39 37 41 51 40 27 20 17 17 20 20 17 18 18 18 18 18 18 18 18 17 17 18 19 20 20 21 21 16 19 20 21 23 27 31 28 20 22 18 22 21 22 22 20 22 24 21 20 20 20 21 20 19 20 19 18 18 19 18 18 18 18 18 18 18 18 18 19 19 19
123 104 68 44 47 35 63 62 71 68 59 40 43 42 40 30 33 44 44 31 37 30 15 16 10 13 23 27 23 19 16 18 19 17 17 18 18 17 17 18 18 19 19 18 17 17 18 18 19 21 19 18 17 18 21 17 22 22 17 19 17 19 19 18 27 26 21 19 20 18 18 18 18 19 19 18 18 18 18 18 18 18 18 18 18 18 18 18 19 19
84 77 53 36 45 70 56 58 72 47 40 40 50 35 35 37 38 19 17 21 29 30 32 33 20 21 23 20 21 23 21 22 20 18 18 20 19 17 18 20 19 19 19 18 18 19 20 21 18 19 17 17 17 18 21 18 14 18 18 22 20 22 20 20 24 24 19 19 20 17 17 17 17 19 18 17 18 18 17 17 18 18 18 17 17 17 17 17 17 17
54 40 34 53 77 86 45 65 58 48 44 34 37 22 26 31 32 22 43 60 51 32 42 61 30 28 27 24 24 25 21 20 20 19 20 21 20 17 18 21 24 24 23 21 19 19 19 19 19 20 18 19 18 17 20 17 18 19 18 19 17 22 21 23 20 21 18 19 20 18 19 20 17 18 18 17 18 18 17 17 17 17 17 17 17 17 17 17 16 16
35 58 88 93 93 56 35 51 35 34 26 15 27 29 30 28 48 44 38 35 37 25 23 32 43 32 26 23 22 23 24 28 20 20 20 20 19 17 18 20 19 20 20 19 19 21 21 21 18 19 18 19 19 18 20 18 17 17 17 20 21 26 21 20 23 24 20 19 19 17 18 19 18 18 18 18 19 19 18 17 17 17 17 17 17 17 17 17 17 17
59 71 85 58 52 37 37 30 29 25 28 33 36 42 42 31 28 21 20 20 22 21 23 17 40 29 28 28 24 23 23 25 20 20 20 19 19 19 19 19 18 19 20 19 18 19 19 17 20 21 20 21 21 20 22 20 25 22 20 19 18 23 18 17 25 26 20 17 18 17 17 16 18 18 18 18 19 19 18 17 17 17 17 17 17 17 17 17 17 17
86 67 67 35 18 35 31 24 34 38 31 30 28 21 13 18 18 21 21 17 20 17 18 15 23 17 20 20 18 22 24 22 22 21 20 19 20 21 20 18 18 20 20 20 21 22 21 19 17 17 17 19 19 18 21 20 21 21 21 20 18 24 19 20 18 20 16 15 18 19 20 17 18 18 17 17 19 19 17 16 17 17 17 17 17 17 17 17 17 17
69 51 36 30 42 34 28 26 35 29 22 18 18 18 19 21 18 20 20 20 17 18 23 17 20 24 25 21 20 20 16 18 17 21 19 16 21 16 17 17 18 13 17 14 20 14 21 20 20 19 14 23 15 17 19 17 16 20 21 15 24 22 22 17 18 17 21 19 18 19 17 18 18 20 18 17 17 16 17 16 17 17 16 16 15 16 16 17 16 16
42 23 31 42 37 19 21 22 23 21 20 20 19 17 17 17 19 18 18 21 20 19 23 19 18 21 21 16 15 16 16 20 20 18 12 3 5 6 9 11 13 17 14 10 9 6 8 13 13 13 16 19 15 19 20 19 20 15 18 22 15 15 20 16 18 19 22 20 19 19 16 18 17 20 17 16 16 15 18 17 16 17 17 17 17 16 17 17 17 17
39 37 46 39 24 23 30 20 26 23 21 20 20 19 17 17 19 16 16 21 20 18 21 20 20 21 20 16 16 14 7 7 14 16 31 43 63 77 88 100 103 117 116 98 78 72 56 67 63 50 26 4 12 16 8 13 16 23 15 18 18 21 18 22 20 20 20 17 17 17 16 20 20 23 20 18 16 15 17 16 16 17 18 18 18 17 17 17 17 17
35 41 30 17 23 24 20 22 26 21 16 17 21 22 22 21 20 19 21 24 23 19 18 17 21 18 15 12 21 37 53 69 70 75 101 121 139 137 133 147 145 142 151 156 164 170 148 166 155 143 124 107 114 84 33 3 4 6 4 17 21 20 17 18 17 16 19 19 18 19 16 16 15 18 16 15 15 15 16 14 15 16 17 18 17 17 16 16 17 17
25 25 30 30 21 21 23 21 26 22 19 21 23 23 21 19 18 17 17 18 18 19 19 19 16 14 21 45 87 122 137 142 138 127 130 137 156 155 149 163 157 158 165 160 165 171 161 170 157 156 161 158 150 138 144 138 116 74 35 24 19 6 13 15 20 15 17 18 18 21 21 20 21 23 19 18 18 17 17 14 16 16 17 17 17 17 17 17 17 17
31 36 26 18 20 29 26 23 27 25 24 23 21 19 17 17 19 19 20 19 20 20 16 16 5 28 61 92 122 139 141 141 144 146 152 152 160 158 158 169 172 179 178 176 169 161 165 170 165 160 159 159 148 139 148 143 140 138 140 130 101 56 46 38 10 6 11 15 17 19 17 16 18 20 16 15 17 19 21 18 16 17 17 17 17 17 17 18 17 17
31 32 24 23 22 29 25 23 22 20 19 18 17 16 17 20 16 17 22 21 19 17 16 23 56 75 98 112 127 139 142 145 144 149 157 156 157 158 167 174 174 186 183 184 174 174 170 171 166 167 163 164 157 149 139 134 130 116 116 134 137 137 144 125 80 65 41 19 11 11 13 23 18 22 19 18 18 19 20 18 16 17 17 17 17 17 17 17 17 17
32 30 23 24 18 21 19 21 22 20 19 19 19 18 18 19 23 20 21 17 17 27 48 76 105 120 133 133 135 141 142 144 139 137 145 150 152 156 172 174 177 178 178 185 175 182 162 174 172 167 165 165 159 164 149 142 148 131 105 119 123 114 115 125 138 137 123 102 83 51 19 13 11 17 18 18 17 17 18 16 15 16 17 17 17 17 17 17 17 17
28 28 24 20 20 21 21 20 22 16 18 19 16 18 21 23 21 17 16 19 38 62 90 101 120 131 142 142 136 163 150 143 134 131 131 138 147 155 161 182 180 188 184 184 183 177 173 181 181 171 168 169 169 167 158 151 155 145 128 125 121 110 105 103 113 129 123 120 127 122 107 62 15 5 12 19 19 22 16 19 16 18 17 15 17 17 16 16 17 17
20 21 22 22 22 22 20 17 20 21 20 20 18 21 16 19 15 25 47 72 98 113 131 141 139 152 163 149 142 164 156 149 131 126 127 140 137 143 175 177 178 184 182 181 182 189 182 184 174 171 182 184 172 164 166 159 156 150 138 127 116 111 111 104 105 113 111 105 107 106 114 116 110 49 19 5 11 16 22 16 14 16 17 18 18 18 17 18 17 17
23 21 21 20 17 18 19 17 15 17 17 23 20 14 12 31 46 77 103 113 128 138 143 136 153 153 127 106 134 168 156 144 136 128 137 148 112 87 159 166 169 180 193 180 181 181 188 191 190 193 188 180 182 169 166 160 166 150 137 132 121 114 112 102 105 104 107 106 117 111 102 110 107 100 85 36 11 7 19 20 16 16 16 17 17 16 16 17 17 17
23 20 21 21 17 17 19 16 22 21 17 9 19 33 55 78 96 111 125 135 140 133 144 155 155 138 80 95 130 166 156 143 140 135 145 140 78 46 148 165 165 173 184 177 184 181 190 190 185 192 194 186 183 172 178 164 172 154 139 131 122 110 99 90 96 94 98 97 112 114 100 99 106 98 98 87 51 19 6 13 18 18 17 16 15 16 17 16 17 17
21 18 18 18 17 18 20 18 19 11 19 24 55 75 103 117 138 147 148 145 145 143 162 174 169 103 97 104 141 160 150 146 143 141 138 117 43 60 162 160 159 172 171 185 186 196 196 196 200 199 195 191 190 181 182 166 162 162 149 129 119 111 100 94 92 90 94 95 104 106 104 101 102 103 99 99 95 70 29 7 13 16 19 18 16 17 18 17 17 17
21 18 16 16 16 16 18 20 16 12 38 63 94 105 125 135 144 152 154 156 161 164 184 190 158 116 101 122 142 160 153 143 146 139 127 99 20 79 166 146 145 162 171 185 183 194 199 199 202 202 196 197 190 177 171 168 165 163 150 130 119 110 99 97 88 79 83 92 98 97 103 103 99 96 104 92 88 82 66 25 9 11 16 19 17 17 18 17 17 17
17 19 19 20 20 17 15 18 28 48 79 100 113 134 143 143 147 156 159 162 169 175 187 174 134 122 110 125 152 162 157 155 148 134 124 78 9 70 163 150 134 133 161 170 177 187 194 191 210 205 207 208 178 175 178 176 166 149 138 127 117 111 100 92 86 79 88 97 101 99 104 105 96 88 95 92 90 78 78 67 28 15 11 16 18 16 16 17 17 17
16 20 18 17 20 18 19 28 53 79 101 121 125 154 156 155 156 170 170 164 170 182 185 153 127 105 97 120 156 156 157 167 155 139 132 54 5 55 166 163 129 112 148 167 175 193 194 193 202 210 213 211 182 186 180 179 167 149 142 127 111 113 105 81 86 81 89 91 99 109 111 107 104 92 88 94 88 82 77 71 55 27 10 14 19 17 16 18 17 17
17 19 14 21 21 18 39 54 72 92 113 134 139 157 165 164 163 169 165 166 176 175 186 152 131 111 111 119 155 165 170 174 163 130 143 42 7 40 160 197 132 98 103 150 172 186 185 190 192 204 208 193 190 184 180 181 162 155 137 127 110 109 101 83 78 82 84 85 92 106 113 110 115 105 103 99 94 92 82 69 66 60 25 6 17 16 19 19 16 17
19 21 18 17 19 28 51 71 90 110 130 149 157 167 165 165 173 170 167 171 180 181 188 147 118 93 107 90 151 173 164 179 160 144 130 33 14 48 132 216 131 75 69 139 166 174 187 196 205 202 197 186 191 185 184 181 157 144 133 129 115 101 95 74 75 76 75 79 89 94 100 116 106 106 107 103 97 94 84 75 69 64 62 22 8 19 13 13 18 18
15 16 19 19 31 55 77 96 107 123 139 154 169 178 166 166 173 168 175 168 173 179 178 158 109 90 86 80 151 175 171 179 156 164 88 9 33 102 135 214 134 63 44 131 157 154 186 195 201 197 195 186 185 180 185 168 143 138 131 118 108 92 92 74 75 74 73 75 87 97 101 115 111 110 108 100 97 94 82 75 69 73 65 45 19 6 21 18 18 17
17 19 23 30 51 80 101 116 134 146 158 162 172 182 178 182 179 168 169 178 184 192 202 170 82 53 58 69 141 168 159 160 144 164 65 3 10 35 77 187 139 62 23 120 164 164 188 173 159 191 195 178 172 176 175 151 140 135 127 108 98 87 81 75 72 68 81 87 90 98 102 106 109 107 106 100 98 95 87 82 79 76 74 67 48 19 15 18 16 16
20 22 26 44 72 100 127 142 142 146 158 164 173 180 179 180 177 174 177 180 185 187 182 166 100 63 60 68 135 148 161 155 143 157 57 7 19 6 59 161 138 72 21 107 157 162 187 171 172 197 180 175 180 179 163 155 143 125 116 108 97 94 77 76 73 59 70 85 86 89 95 100 102 101 107 106 99 93 88 86 84 79 85 73 61 39 13 10 17 18
25 23 30 64 106 133 149 152 161 158 166 171 174 177 191 198 178 175 173 187 185 181 184 161 75 56 61 80 129 141 150 143 135 146 46 7 19 7 43 135 122 66 16 92 152 164 188 187 183 184 178 190 182 166 149 144 126 112 109 98 78 87 74 67 56 56 63 70 71 77 90 99 102 99 105 108 106 104 100 97 92 93 91 87 75 51 37 19 17 17
22 25 47 85 128 157 171 181 178 173 172 173 175 176 191 190 186 179 178 184 191 192 175 167 75 73 59 92 115 122 145 131 121 140 49 9 19 9 43 134 109 59 18 92 161 172 178 183 176 166 178 178 166 158 154 127 125 113 100 85 74 76 65 47 54 66 67 69 74 82 89 85 96 99 105 105 108 110 105 102 105 104 106 99 88 66 47 29 20 19
25 28 62 106 154 182 177 179 180 183 177 170 173 176 193 184 193 184 185 189 190 187 165 155 83 62 63 81 97 109 130 123 112 129 59 17 42 6 47 126 107 58 21 92 164 179 175 182 175 156 170 163 161 145 146 129 111 105 92 82 73 45 41 42 60 64 56 58 60 60 68 63 82 101 116 116 117 119 118 123 119 122 118 100 94 83 63 41 32 33
33 42 79 105 146 180 178 175 186 188 174 171 178 175 184 190 189 168 185 188 185 180 168 162 79 71 75 81 91 104 111 113 119 106 84 24 48 38 61 109 102 49 20 98 155 190 172 175 166 159 153 153 154 141 134 106 96 89 79 64 53 40 44 78 76 65 72 69 39 29 24 26 56 91 120 131 127 130 127 124 131 125 121 113 105 96 81 51 28 24
36 45 87 124 134 164 171 172 186 181 168 170 178 181 171 180 186 181 187 189 189 186 165 162 109 32 67 84 93 90 99 115 121 104 89 24 39 95 83 109 102 47 34 117 170 186 166 164 156 149 143 158 170 137 107 88 73 70 61 45 50 65 90 102 102 104 97 85 49 6 0 17 80 115 140 149 141 142 145 140 139 128 124 119 111 98 92 78 40 23
42 61 95 131 145 160 169 184 171 180 173 169 160 169 164 173 178 176 190 181 181 174 170 151 133 43 42 75 88 86 90 105 110 104 82 61 22 31 53 117 97 33 50 145 189 184 171 149 148 162 177 179 162 124 87 51 34 30 43 67 103 119 127 132 136 144 136 127 90 14 9 33 125 157 157 161 163 160 157 153 150 137 131 126 120 107 101 87 67 37
45 72 99 124 158 156 164 175 165 169 161 167 156 155 161 164 175 167 176 175 193 169 166 151 135 84 39 68 78 86 82 85 103 101 92 86 29 2 43 132 91 20 93 162 181 171 148 156 165 171 184 185 150 88 40 17 22 42 86 108 124 151 153 159 148 144 137 140 80 13 5 21 115 139 146 154 145 148 162 149 156 136 126 126 123 106 100 95 82 50
51 80 111 131 158 156 165 161 154 158 154 159 159 154 158 154 174 171 169 169 174 162 161 145 137 102 71 72 74 78 81 77 80 94 89 84 64 25 24 117 73 65 142 164 171 169 161 191 197 188 193 172 100 41 33 51 65 63 113 160 151 161 160 166 151 147 154 148 39 7 10 23 110 128 126 136 131 135 154 149 151 146 140 132 125 113 108 98 87 58
56 91 117 133 144 148 157 157 152 147 149 152 156 143 146 168 177 162 162 163 163 153 157 136 141 112 88 66 65 70 86 80 69 86 78 77 75 74 64 93 95 120 157 169 170 178 202 199 187 182 174 124 68 95 149 173 159 109 101 157 168 161 160 170 159 147 164 121 20 16 43 49 98 136 122 116 124 123 132 144 141 136 134 134 136 123 114 103 96 71
70 102 121 130 143 142 149 156 143 146 149 150 146 144 143 154 152 164 170 161 170 158 157 144 137 121 89 64 66 71 84 83 83 82 81 75 63 64 69 116 143 160 166 176 186 190 187 194 185 182 164 139 146 192 200 187 176 124 83 120 171 167 159 162 153 153 173 97 20 22 72 105 118 146 119 104 110 109 119 142 138 146 145 135 130 121 118 110 92 73
79 98 123 130 155 146 155 156 147 152 144 146 127 137 149 146 149 159 162 164 156 154 151 147 136 119 106 85 88 79 78 90 96 101 98 82 86 94 114 149 143 157 175 188 169 184 190 179 191 181 176 174 176 194 180 170 155 100 42 45 136 179 173 146 152 156 150 78 16 14 32 74 47 158 168 115 95 94 97 115 145 146 141 135 135 124 115 103 96 83
85 106 124 134 152 147 150 151 144 142 137 135 137 140 144 146 145 153 150 160 156 154 148 142 140 128 120 96 96 98 95 98 95 107 111 119 137 131 149 160 163 163 182 186 169 180 187 178 192 184 181 178 188 183 177 153 144 82 15 8 79 161 159 152 153 160 138 72 28 15 65 126 96 128 179 119 85 83 82 103 131 139 135 137 140 127 114 109 98 80
84 108 117 133 136 144 143 149 153 141 140 139 131 139 153 149 153 157 160 158 149 127 139 143 143 131 125 111 111 108 105 107 104 115 122 146 158 151 158 177 185 183 176 179 200 209 189 192 196 195 198 181 179 189 178 143 123 93 16 7 34 122 144 157 158 161 125 74 32 29 91 131 117 103 180 149 82 59 64 89 112 131 150 143 140 135 113 111 88 72
93 112 126 134 142 146 149 147 148 146 142 139 134 136 146 148 147 153 158 151 145 141 147 140 133 137 136 121 115 115 119 114 111 124 138 151 159 167 167 165 180 183 180 200 209 206 205 199 197 191 192 181 166 201 222 160 109 110 43 6 26 101 128 144 152 161 111 78 28 27 50 94 80 78 190 173 81 52 53 77 103 125 137 138 137 129 114 103 87 73
92 114 131 138 139 145 147 147 143 148 139 136 139 139 143 148 152 145 152 150 151 149 144 134 123 129 133 135 128 118 119 114 110 110 139 150 160 164 176 176 181 185 182 201 201 195 205 202 196 192 186 182 180 218 236 180 125 117 74 13 25 82 109 131 158 166 94 93 31 12 79 160 177 130 180 152 68 54 45 69 79 111 134 134 133 131 114 92 82 69
101 113 133 131 145 144 152 147 141 140 140 145 143 145 150 139 144 147 159 150 156 145 155 143 136 136 132 139 133 121 115 108 111 102 123 136 152 153 163 170 182 174 179 185 190 199 194 200 198 184 192 185 189 208 189 152 118 95 79 46 21 65 94 123 142 152 96 85 36 42 147 183 171 125 169 159 76 56 34 49 82 112 125 138 134 121 119 100 82 71
103 124 136 149 146 155 148 153 150 153 154 153 141 139 152 148 150 162 158 156 158 146 153 131 131 133 123 121 117 116 115 113 104 118 126 127 138 153 153 161 167 158 171 180 181 195 187 184 189 174 183 177 187 186 167 147 124 98 78 62 27 59 86 101 122 148 98 76 49 37 104 151 161 124 163 138 68 58 38 48 79 102 130 130 122 122 107 93 77 68
116 126 134 140 148 152 148 155 153 158 144 140 142 137 139 137 132 163 162 160 151 153 152 137 131 128 116 117 115 113 108 113 106 118 119 123 137 148 145 150 161 164 164 171 176 179 171 171 185 180 160 148 187 175 157 142 109 90 72 63 43 55 83 87 111 153 102 74 45 42 112 159 167 114 144 105 69 65 45 49 73 99 126 137 128 118 113 98 82 76
118 128 142 147 158 153 147 153 150 159 142 136 139 134 138 142 148 155 166 165 163 154 143 148 130 126 105 99 106 117 104 99 103 105 114 119 138 138 146 147 151 158 169 167 163 165 155 168 173 177 175 152 180 168 154 143 114 94 95 97 57 44 72 86 108 147 113 65 48 24 54 112 140 94 156 107 71 62 53 57 76 100 118 133 132 126 119 89 81 78
117 128 153 146 153 151 141 149 151 153 142 144 144 133 136 146 151 155 166 171 175 150 145 142 121 109 95 91 94 94 102 97 96 102 106 114 131 133 130 141 147 148 154 150 147 151 157 165 157 162 167 168 169 169 163 156 111 101 136 109 48 51 68 83 112 142 99 60 43 35 83 122 138 108 156 100 59 59 57 67 78 105 117 128 127 128 115 99 84 77
121 128 149 149 150 152 146 147 141 150 139 138 143 136 143 164 158 159 167 164 161 150 147 137 126 103 92 86 84 80 85 88 92 101 109 108 118 125 131 129 134 141 149 145 154 162 152 150 152 154 150 158 164 167 168 166 113 100 66 81 77 75 64 80 114 119 85 69 36 71 103 118 129 100 147 109 53 53 57 50 76 99 112 120 120 123 111 98 87 78
120 131 151 154 140 147 151 148 142 137 136 143 139 139 151 152 152 161 171 167 159 155 147 139 127 101 93 79 75 80 83 85 98 90 93 100 107 107 118 126 129 137 141 147 161 166 157 149 155 150 140 147 143 161 164 137 119 93 26 91 90 77 81 84 109 114 80 77 33 92 138 141 150 91 140 114 64 60 59 65 80 100 116 125 128 128 109 96 87 78
122 132 140 146 135 148 153 137 147 143 138 141 141 142 149 150 152 164 172 173 169 163 146 143 106 73 74 70 77 90 81 75 85 79 81 81 77 92 106 115 123 136 134 134 138 149 157 142 135 136 136 145 133 140 146 143 118 74 19 84 103 96 87 93 97 117 92 75 34 73 115 128 119 91 145 99 69 68 68 73 87 101 115 121 129 129 108 97 88 81
121 136 143 149 135 142 152 145 136 138 138 137 136 138 146 152 156 162 164 164 161 155 138 131 98 62 68 73 77 78 71 77 81 86 84 71 54 82 97 110 120 130 138 142 143 148 154 151 146 135 138 143 132 141 144 147 133 92 25 56 105 100 97 93 103 113 97 64 36 69 76 82 59 105 151 99 74 73 83 78 98 108 118 119 128 123 103 96 90 84
125 130 130 140 140 141 144 139 130 140 137 133 140 142 145 155 159 164 168 161 148 145 143 127 67 48 62 72 78 79 81 88 91 99 81 74 70 84 91 107 115 133 149 141 144 154 147 148 143 139 133 126 139 142 133 147 148 126 87 72 101 93 95 97 102 118 97 57 47 136 164 153 70 122 128 88 69 80 84 87 101 111 117 116 124 114 100 97 96 90
125 132 135 138 139 136 141 138 140 137 138 134 129 138 148 147 146 158 170 166 154 142 138 105 56 59 71 73 73 76 90 97 102 107 80 64 61 76 101 80 107 132 147 140 137 143 147 153 147 144 135 105 109 122 136 140 143 132 94 90 117 102 103 100 100 122 111 74 34 95 131 135 57 123 114 87 80 97 96 104 108 116 115 113 124 114 109 110 97 90
129 135 138 132 139 139 141 129 137 147 147 138 135 136 139 147 157 159 157 153 156 143 134 92 50 56 67 77 81 81 100 107 108 92 69 43 19 57 139 84 93 138 157 155 140 137 153 144 150 136 127 98 87 82 108 115 112 89 78 100 115 106 102 102 103 111 109 67 40 81 69 49 35 118 96 86 101 102 107 102 113 118 114 114 126 111 103 100 106 97
118 133 134 140 133 137 141 135 143 143 138 136 144 140 144 152 159 152 153 152 151 150 120 82 52 60 68 77 89 98 107 114 112 82 54 17 4 97 162 76 60 136 156 164 144 140 136 133 146 138 132 110 75 58 51 61 69 73 99 116 111 106 105 102 103 113 122 72 53 131 137 81 65 93 90 110 115 111 106 112 110 114 122 123 121 111 109 110 103 97
119 129 134 134 137 133 143 138 140 135 135 136 139 139 145 146 144 150 154 153 158 157 113 63 57 60 66 82 106 117 114 112 102 64 22 11 10 104 153 87 42 117 157 155 150 144 145 142 131 137 136 117 103 86 61 53 60 78 92 100 111 104 95 106 103 114 128 73 45 103 96 52 84 85 96 119 111 108 110 107 109 110 115 116 118 112 109 107 92 88
114 122 125 128 136 131 139 136 136 134 140 138 135 132 138 136 143 147 147 148 147 133 92 70 66 55 74 103 118 125 123 115 110 49 11 22 31 121 149 83 39 89 156 158 166 149 156 159 150 150 151 132 116 108 93 77 58 62 80 91 91 92 95 99 103 112 123 75 75 91 33 42 80 95 113 119 115 115 113 111 118 114 113 111 116 113 108 100 99 93
112 128 126 132 126 126 133 138 134 136 142 140 141 138 136 134 139 150 151 148 137 111 72 72 52 50 83 112 123 137 136 122 102 32 10 17 45 131 144 89 39 71 156 159 168 160 170 162 168 159 148 141 129 126 110 101 83 69 66 75 87 94 92 92 97 102 114 70 41 38 22 54 81 115 124 110 116 113 108 112 116 116 118 113 113 110 110 105 108 96
119 130 123 126 122 125 130 130 129 135 145 140 137 133 133 134 136 144 146 150 141 111 66 74 44 60 99 123 131 130 119 122 106 14 16 14 26 123 141 94 41 59 144 156 166 167 172 163 163 152 149 164 145 144 124 110 98 80 60 55 70 83 85 89 89 77 112 68 4 9 33 74 93 106 106 104 110 106 112 116 116 115 117 113 114 113 111 103 96 82
107 117 121 121 125 122 132 125 133 130 139 134 132 132 132 129 144 139 130 140 139 115 61 62 61 83 121 134 141 141 118 111 105 14 19 15 26 123 122 85 45 59 133 157 170 171 169 169 174 176 156 155 145 145 126 129 119 99 83 62 47 58 73 75 87 77 63 27 5 12 51 92 92 90 86 98 107 110 114 108 109 109 113 109 107 104 102 94 85 72
94 100 109 119 127 124 132 120 130 128 137 133 134 136 136 138 143 148 138 129 114 102 60 62 67 81 120 134 137 138 120 120 101 12 23 9 21 116 122 84 48 72 138 157 167 173 172 166 167 167 154 144 142 144 137 131 124 110 92 72 57 56 58 63 80 71 50 12 12 21 32 52 50 75 88 99 102 107 105 111 109 106 109 108 109 106 101 88 80 70
85 92 98 117 114 116 122 117 129 128 132 127 138 138 131 135 135 137 134 136 125 111 66 67 78 93 121 124 131 132 113 123 98 32 50 15 31 105 118 83 55 73 138 162 164 162 167 160 153 163 165 147 147 139 140 134 119 108 98 87 75 58 50 58 47 39 37 27 21 7 9 14 36 64 84 98 101 105 87 99 106 103 107 105 102 94 89 77 74 62
78 83 95 105 113 116 114 117 128 130 129 126 129 136 136 129 129 135 140 129 121 109 85 62 86 109 116 116 134 129 121 111 99 17 60 27 48 131 103 87 55 83 133 153 163 164 167 168 157 159 151 137 141 126 126 126 117 107 99 90 75 69 61 57 50 42 41 47 46 39 39 42 51 57 72 85 92 92 90 98 101 98 97 97 93 88 82 78 61 60
65 78 92 95 101 111 116 118 123 124 126 127 127 130 134 138 134 132 140 142 110 92 101 73 106 125 123 128 136 132 126 121 99 38 141 64 61 131 108 83 67 100 138 152 164 164 167 168 159 160 155 151 138 131 128 120 109 105 105 89 87 72 67 64 53 50 47 50 56 60 61 61 69 66 69 76 84 90 93 101 97 99 99 96 92 85 74 64 61 62
56 64 76 85 94 103 107 113 117 120 125 128 129 129 131 135 135 136 134 138 131 101 82 87 114 141 124 121 138 130 120 115 96 21 67 29 98 134 107 90 75 118 144 153 161 155 158 160 157 154 149 156 132 133 126 121 104 103 105 89 88 77 76 76 73 66 56 55 63 69 73 78 82 76 75 77 81 85 88 94 101 100 97 92 87 79 69 62 59 61
50 57 71 84 93 98 102 109 109 122 130 128 128 131 134 136 134 137 140 137 139 125 84 76 106 134 127 130 127 127 131 124 106 28 10 51 130 120 104 97 87 126 138 147 158 154 163 167 160 151 137 148 136 135 119 114 102 102 104 98 86 85 82 79 70 77 76 75 84 90 86 84 88 85 87 84 80 81 87 94 97 91 90 88 77 67 63 63 63 62
47 55 64 71 84 99 102 101 107 116 118 116 123 133 135 131 131 126 137 145 136 131 104 78 110 141 132 138 125 123 127 127 115 51 23 87 122 114 107 101 110 134 136 146 156 152 153 154 160 156 148 146 137 132 118 115 110 108 107 100 89 90 89 87 84 86 86 89 91 86 84 91 97 90 90 92 94 98 97 94 90 86 91 91 75 64 63 62 64 64
32 40 51 58 70 87 100 110 103 110 113 113 118 122 124 125 136 129 133 141 139 127 86 77 104 150 139 114 124 127 132 126 119 58 26 89 114 115 112 110 123 141 148 157 160 155 149 156 148 147 145 135 129 131 127 120 112 110 114 101 104 94 90 87 89 94 95 93 93 93 94 99 93 90 95 95 91 94 94 91 90 85 83 73 59 58 64 64 62 65
38 37 43 51 60 71 83 97 103 107 109 113 119 119 118 120 128 127 132 132 131 139 96 69 94 134 145 130 127 122 129 125 130 67 20 85 113 113 120 122 126 141 151 152 150 151 143 161 144 145 147 138 133 136 135 132 116 112 113 102 106 96 95 94 93 93 96 100 99 96 97 101 105 98 99 95 89 93 96 92 85 81 75 66 61 63 64 63 63 65
30 35 41 41 49 63 73 80 94 101 105 107 111 114 117 124 116 125 123 134 129 143 125 76 90 145 140 131 108 133 124 122 133 97 37 86 119 121 114 124 131 141 150 147 149 154 136 154 149 147 145 144 143 139 124 120 119 113 112 110 102 103 100 99 99 101 105 106 106 106 104 99 105 96 96 95 92 97 94 84 83 76 62 57 62 64 63 66 62 61
29 31 36 34 41 56 65 75 84 93 94 99 113 116 116 123 124 119 126 122 129 134 138 130 93 136 143 135 125 127 125 121 133 114 64 85 115 117 124 128 131 150 149 148 143 153 145 142 159 153 142 139 135 134 130 136 133 116 122 129 119 108 102 99 106 104 108 111 109 106 105 103 99 105 97 94 98 94 89 85 79 58 55 66 66 64 69 71 63 56
35 30 33 38 38 40 49 62 68 83 90 95 103 106 105 110 123 122 125 124 125 127 134 134 120 133 133 133 133 127 126 122 122 131 109 96 111 118 125 128 138 142 146 149 156 149 144 147 146 146 133 137 144 145 136 128 131 118 111 109 113 117 113 111 112 114 118 118 110 106 105 102 105 102 97 101 100 89 82 79 66 60 64 67 63 63 58 42 37 33
29 29 29 32 32 34 42 46 57 70 79 83 88 95 100 104 108 114 116 127 127 125 127 130 121 128 137 139 141 128 129 122 115 125 124 113 125 122 125 134 138 143 145 147 155 151 144 141 147 154 138 135 136 138 140 137 132 125 114 107 112 118 115 114 109 112 118 117 110 109 110 107 104 100 99 103 98 87 79 72 71 59 53 48 36 31 27 18 20 19
38 33 26 32 34 28 32 36 38 45 56 63 69 79 87 89 99 109 107 123 125 123 120 118 134 129 129 133 135 125 128 130 124 128 123 122 132 130 133 133 137 150 150 152 143 151 147 146 143 149 143 142 138 139 137 132 133 125 122 120 119 118 116 117 113 113 117 117 110 109 111 108 102 103 102 94 86 83 80 70 44 27 16 19 21 18 16 16 19 20
42 41 30 31 33 28 29 30 33 33 40 48 55 65 77 82 91 103 100 113 114 118 120 119 122 128 127 130 129 133 132 133 134 129 125 129 127 130 134 139 147 144 140 147 137 142 141 144 151 143 138 133 128 136 136 139 139 129 126 127 127 123 118 120 119 117 122 122 113 109 111 110 104 101 96 91 89 81 53 24 19 22 19 17 21 23 21 20 18 19
31 37 33 27 28 31 32 29 32 32 38 45 44 45 50 53 66 83 92 102 105 111 118 118 121 123 123 136 134 132 126 132 129 128 133 132 125 137 134 141 141 137 144 149 147 141 142 141 145 132 128 124 124 134 129 132 123 125 126 124 125 120 116 123 115 115 122 123 113 110 112 109 107 89 90 98 75 32 11 22 17 22 19 15 19 21 17 17 18 17
31 27 31 33 30 29 29 30 27 27 30 32 32 35 40 43 42 54 72 82 92 101 112 112 112 118 127 132 130 133 136 137 136 131 137 139 137 135 132 143 151 147 143 140 144 145 142 135 131 134 137 137 136 137 129 133 132 127 124 125 131 129 117 113 115 114 119 117 109 110 111 102 101 97 84 45 11 9 18 22 18 18 19 20 19 15 15 20 19 18
31 24 35 36 31 37 35 28 27 27 25 24 25 29 33 34 32 32 47 56 78 98 115 118 121 114 120 120 129 138 144 135 132 142 140 130 134 130 139 141 142 146 139 148 151 157 146 147 140 145 134 131 134 133 125 126 128 120 124 129 125 122 118 116 118 116 116 112 108 116 116 101 89 47 19 7 7 18 21 17 21 16 16 17 16 18 20 17 18 17
31 31 29 31 34 34 36 37 34 26 26 24 23 23 22 27 29 28 26 39 51 58 82 102 118 111 121 120 128 137 130 142 138 138 136 135 132 126 128 137 134 141 150 140 144 141 137 138 137 134 133 132 126 130 130 128 129 129 126 125 123 133 128 118 119 125 124 128 116 95 83 36 10 4 15 20 18 21 18 18 18 18 18 19 19 18 18 19 18 18
25 31 31 29 33 39 37 29 34 36 30 27 24 22 26 20 24 24 28 30 30 34 51 73 100 103 113 122 121 126 134 130 132 135 135 131 132 127 126 129 130 136 131 134 139 144 145 137 138 132 130 137 141 129 133 132 124 125 123 114 131 126 132 131 135 129 92 69 57 29 9 6 13 16 22 18 19 20 14 19 18 18 17 18 18 17 17 18 18 18
26 26 32 33 33 43 43 28 36 33 26 28 26 21 25 24 24 23 29 27 27 28 27 37 59 77 90 110 119 119 126 124 135 141 142 134 141 135 132 129 130 130 122 126 120 129 135 132 130 138 120 99 124 120 114 111 117 124 138 135 129 104 74 53 40 42 18 9 33 24 19 52 43 18 15 19 18 19 18 19 19 18 17 17 17 17 17 18 18 18
28 31 30 26 29 35 41 51 27 28 37 37 33 28 22 23 26 23 23 22 25 28 24 24 23 29 43 61 79 88 94 108 117 123 125 120 137 138 141 142 139 130 132 132 120 122 117 113 107 89 84 68 72 72 77 90 81 64 33 29 26 19 3 0 15 27 91 89 127 102 74 34 21 19 19 18 19 18 15 18 18 18 18 18 18 18 18 19 19 19
26 26 33 31 24 26 37 51 46 31 29 31 31 27 20 24 19 22 21 23 24 25 29 27 25 12 19 23 24 32 38 47 50 56 62 64 79 79 79 81 79 70 76 69 64 66 67 59 51 37 66 102 106 98 106 132 124 99 23 38 63 33 26 55 64 131 164 105 30 48 24 15 23 23 20 16 18 21 18 17 17 18 18 18 19 19 19 19 19 19
22 28 31 31 40 37 26 32 50 48 38 34 34 36 36 26 20 23 20 24 25 24 29 26 28 28 27 25 21 21 23 22 19 19 13 12 13 12 9 12 15 20 32 48 77 93 96 70 66 84 105 125 116 107 99 77 121 104 34 40 82 97 54 59 38 79 54 50 13 21 21 17 20 15 17 20 16 17 20 18 17 18 18 18 19 19 19 18 18 18
31 26 28 29 36 41 32 28 32 42 45 44 35 28 34 34 31 24 18 19 20 22 25 24 20 30 24 23 25 22 25 25 24 25 20 27 25 34 32 34 28 38 42 52 68 72 59 34 48 89 99 107 115 95 91 92 140 111 18 9 8 33 24 10 16 4 17 26 23 19 23 25 18 28 24 17 20 20 17 19 18 19 19 19 19 19 19 18 18 18
29 26 30 27 28 32 32 40 26 30 41 38 33 31 27 29 36 26 26 24 22 23 20 23 27 25 23 26 22 19 24 20 24 27 22 32 27 41 37 37 36 40 38 40 45 51 36 33 68 85 77 65 95 111 114 92 61 23 8 22 15 20 14 21 15 19 18 15 19 20 23 25 23 19 17 21 21 18 19 20 20 21 20 19 19 19 19 18 19 18
29 32 33 28 30 35 33 31 32 38 35 37 32 37 34 31 30 27 28 28 24 22 22 22 22 23 26 25 24 23 22 24 21 24 23 28 34 48 41 48 43 39 36 37 42 41 36 66 91 60 65 79 78 73 48 18 9 13 19 18 18 20 19 19 20 20 18 17 18 22 26 22 24 24 23 23 22 19 19 21 21 21 21 22 21 18 18 21 21 20
28 28 33 30 28 36 37 31 35 37 31 35 29 33 32 34 38 29 26 26 25 23 22 21 22 23 26 25 24 23 21 24 22 24 24 29 35 49 42 51 47 43 43 45 38 34 47 86 79 67 80 69 28 9 9 12 16 18 21 18 17 19 19 19 19 20 18 18 18 21 25 22 23 22 22 23 23 21 21 23 21 21 21 22 22 19 19 22 20 19
