160 157 156 156 156 160 153 159 151 145 141 140 126 121 129 149 151 146 143 146 146 136 129 135 139 137 126 127 126 128 138 130 130 131 146 148 129 124 134 135 122 116 103 101 95 84 95 86 95 99 85 73 80 77 63 58 68 73 78 86 92 89 78 63 62 67 38 34 43 39 43 41 30 28 30 32 31 38 52 61 68 88 90 91 96 85 60 73 66 49
157 160 157 159 156 157 154 155 154 137 145 146 132 123 106 117 106 113 124 138 130 106 114 141 139 125 123 122 126 132 124 118 136 145 142 130 123 115 100 88 87 89 81 68 71 80 84 62 66 66 50 33 34 36 32 32 37 39 40 45 48 46 46 46 33 29 32 38 39 35 27 28 25 29 28 24 25 32 38 41 40 53 66 62 62 52 49 43 39 51
158 158 152 160 155 151 156 159 156 154 155 124 86 73 54 56 55 70 70 78 70 37 47 86 117 100 109 116 114 107 97 107 123 123 120 107 86 69 68 76 71 65 67 65 64 58 52 46 28 32 29 25 29 32 28 25 37 39 35 36 37 32 31 32 32 37 46 32 24 33 27 20 28 30 25 22 27 30 27 25 28 29 25 25 36 35 38 29 47 74
158 157 153 158 157 160 155 142 148 147 120 76 33 30 39 37 30 26 20 33 43 32 24 23 41 37 41 55 68 79 90 93 100 112 99 73 61 53 47 51 52 44 42 38 36 29 32 35 27 25 24 26 31 34 35 34 29 32 27 29 39 42 38 33 36 42 36 30 28 28 36 44 55 46 37 33 30 24 23 28 23 27 21 24 24 38 39 27 32 39
155 158 158 157 158 154 102 47 65 95 63 32 29 30 32 31 32 33 25 20 34 39 25 23 20 25 22 27 32 44 70 81 76 69 53 45 49 46 38 39 39 40 35 31 35 33 37 31 36 27 24 26 26 24 24 26 16 30 35 37 37 35 35 37 38 37 26 31 34 26 39 58 50 42 44 52 49 35 24 19 25 26 22 24 29 34 27 36 39 29
146 145 140 122 103 90 54 29 22 29 28 31 25 25 30 35 37 31 36 27 23 32 28 25 21 22 26 31 29 26 34 45 37 29 32 39 36 36 39 37 44 40 28 23 27 24 34 37 33 28 28 32 29 23 21 22 28 30 28 28 25 23 27 31 31 33 34 31 30 28 26 27 34 34 42 49 45 37 29 21 22 19 35 31 29 33 38 36 35 30
52 52 50 51 41 34 33 44 40 35 36 34 25 29 27 30 33 31 33 30 30 32 28 30 34 32 30 23 23 28 25 24 28 23 18 17 18 15 18 28 30 31 28 22 29 29 31 32 35 31 27 26 26 27 28 30 29 27 24 23 19 18 23 24 25 19 24 22 20 23 16 16 18 28 36 35 29 29 34 38 27 20 23 21 25 25 31 32 21 25
25 27 22 33 37 36 34 34 37 40 37 29 24 28 23 25 26 24 26 32 32 29 31 32 38 33 26 23 27 30 28 25 27 20 32 52 53 41 33 28 24 16 15 13 29 36 29 29 26 27 24 23 28 33 31 26 23 23 23 23 22 28 37 34 29 22 22 24 27 25 19 22 20 23 21 20 24 26 23 21 28 35 32 32 19 19 25 24 19 23
29 34 32 29 30 28 29 38 39 34 33 27 23 25 23 25 25 27 23 20 26 27 24 26 26 26 26 27 27 23 21 22 23 24 41 75 95 91 88 98 90 71 49 35 28 24 24 27 32 25 24 25 24 25 23 22 21 20 22 24 23 25 27 24 28 22 25 29 30 26 20 22 19 18 14 14 21 30 30 25 23 38 49 49 42 36 32 25 20 19
28 29 28 29 30 28 24 24 26 23 25 23 23 25 23 23 24 25 20 20 23 22 21 19 22 23 22 21 22 22 22 23 22 22 17 19 26 27 44 76 102 106 118 123 105 69 37 23 21 28 29 25 28 31 26 24 25 21 21 23 22 21 21 20 22 20 26 29 28 24 18 20 16 18 18 18 23 34 45 51 37 21 30 40 40 38 29 27 25 22
32 26 23 23 25 26 25 22 25 23 23 22 23 25 23 23 21 23 21 22 21 18 22 22 19 21 21 21 21 21 21 21 21 27 25 24 26 25 34 54 76 94 107 110 123 139 124 90 54 33 30 35 29 23 24 26 21 19 18 18 18 18 20 21 19 21 26 27 26 25 23 24 19 24 24 18 15 26 50 69 64 31 25 32 35 33 27 31 35 29
29 26 23 23 23 23 22 20 25 24 22 21 23 26 27 28 34 29 27 25 24 25 24 23 25 24 23 23 22 20 19 20 24 23 23 27 36 51 66 74 79 84 90 97 107 124 129 120 116 94 62 37 29 26 22 27 23 25 23 19 18 20 22 25 25 28 31 31 29 27 23 20 20 20 19 17 16 20 29 38 52 36 17 16 20 22 30 38 29 23
27 28 27 26 27 26 24 25 21 25 28 33 40 46 50 53 49 44 49 42 37 39 35 40 36 34 35 41 47 50 56 64 69 78 90 98 106 117 124 123 127 124 124 123 119 119 120 117 123 145 145 110 74 43 20 16 16 16 18 21 22 20 18 19 20 25 29 30 28 26 23 20 19 18 18 19 19 17 15 14 14 32 41 36 25 18 20 23 19 15
33 36 34 32 32 30 29 30 31 42 50 59 65 67 70 71 69 65 69 63 63 67 61 63 65 67 76 92 106 116 127 138 143 153 158 159 162 163 161 159 159 162 164 164 164 164 163 161 153 151 156 157 150 132 108 93 66 44 25 16 10 8 13 18 18 21 22 24 22 19 20 19 19 19 19 17 14 14 19 24 20 23 34 26 18 21 17 15 18 16
41 44 46 43 38 35 36 37 46 62 73 83 89 89 93 94 93 101 99 93 91 92 94 96 102 108 118 130 142 149 155 159 167 167 165 162 164 165 164 163 161 168 167 163 166 166 162 159 163 160 155 151 157 157 152 155 148 127 105 85 60 40 25 12 8 8 10 20 23 19 18 15 18 16 15 16 19 21 21 21 25 18 23 19 17 21 15 13 15 15
49 50 53 49 42 47 60 67 78 94 103 110 113 110 114 116 119 132 124 121 123 122 133 133 133 139 144 147 152 155 156 155 159 156 163 167 162 162 163 159 162 166 167 168 172 168 165 170 164 156 158 154 147 151 151 142 143 144 151 150 140 134 121 100 79 56 27 16 13 11 17 20 18 19 22 24 26 25 21 18 15 18 15 16 18 15 15 17 17 17
56 57 55 52 61 70 74 90 107 116 125 127 125 126 130 131 134 137 140 140 138 139 139 136 145 148 150 147 156 153 134 145 148 146 153 157 155 154 153 158 164 167 171 175 175 166 162 167 165 158 157 153 157 157 155 152 150 143 138 135 133 131 134 140 137 129 111 84 54 26 10 7 16 19 22 26 25 22 20 16 16 18 17 15 14 16 18 14 13 15
68 70 69 71 77 85 99 112 119 126 136 141 143 145 147 147 144 149 146 143 147 148 145 145 145 146 148 160 158 128 112 130 135 144 152 152 150 145 141 147 169 172 174 173 171 167 165 167 161 156 157 156 162 162 160 159 154 150 143 136 129 124 123 123 128 127 131 135 128 109 71 30 10 6 15 24 19 15 16 13 12 15 17 14 16 17 15 17 15 16
80 77 75 89 101 111 125 126 135 138 143 148 149 149 147 145 150 152 149 149 153 151 147 150 150 155 160 164 151 113 90 99 123 141 152 155 148 138 105 125 169 172 174 173 171 172 171 167 162 158 161 161 166 164 161 160 152 149 143 134 127 123 120 118 119 122 125 122 120 127 129 119 74 38 17 15 18 17 14 19 21 15 14 15 17 18 15 20 17 17
84 86 92 110 124 132 142 143 150 149 151 155 156 155 153 152 152 150 153 158 156 151 151 154 162 164 172 160 132 96 76 99 132 143 149 154 141 122 60 116 171 170 172 173 173 178 176 168 165 163 167 166 168 163 160 160 156 150 142 133 125 121 117 114 110 115 117 117 117 117 118 120 121 107 73 20 3 18 19 16 13 15 18 16 13 17 21 17 18 17
89 96 110 124 139 146 146 152 157 156 158 161 162 160 160 160 159 158 160 162 160 159 161 161 162 165 167 146 118 91 79 104 140 146 151 154 138 86 32 122 172 168 168 171 174 179 179 173 168 168 174 171 170 165 163 163 160 149 140 133 124 116 110 106 104 106 111 117 121 118 114 115 116 115 120 92 46 17 7 16 18 18 14 17 17 14 19 17 18 17
105 115 129 137 151 157 153 162 166 167 170 171 169 166 165 165 166 169 163 156 162 167 166 165 166 168 150 125 105 85 86 110 145 152 156 150 121 41 36 139 163 159 159 165 174 180 182 180 175 177 182 175 173 168 165 163 154 143 134 129 120 111 103 97 96 97 106 114 115 119 122 118 114 113 110 113 118 86 31 9 16 19 16 17 17 13 15 18 18 16
113 130 140 145 153 156 159 170 168 171 175 176 173 172 172 173 171 173 165 159 164 167 164 163 168 164 144 124 102 73 81 125 149 159 161 148 91 16 49 146 155 148 142 149 166 180 183 181 183 184 187 178 175 170 164 158 148 139 132 124 113 104 95 86 84 92 106 112 111 115 119 116 115 114 115 108 106 116 95 47 13 14 23 16 10 17 16 16 17 16
125 139 141 148 160 164 169 171 173 176 179 178 175 175 178 179 176 172 170 171 169 166 164 162 169 164 147 117 98 80 85 134 163 168 159 139 55 10 59 151 159 145 127 129 154 176 180 177 184 185 187 177 176 173 165 156 143 137 130 120 107 100 93 83 79 87 96 105 112 115 115 114 116 113 111 111 107 107 111 104 64 9 9 18 15 19 13 20 17 16
139 151 149 155 168 174 177 170 174 177 178 178 178 179 179 179 178 175 173 170 168 165 160 163 170 165 136 102 90 81 102 140 172 173 156 122 25 15 69 138 149 136 106 111 139 174 174 182 183 183 182 179 174 169 162 154 140 132 124 111 98 90 80 72 72 78 89 99 108 112 111 109 115 115 112 108 106 105 106 107 113 76 20 11 21 17 15 20 18 18
140 156 160 166 173 175 180 177 177 177 177 177 178 179 179 180 183 180 176 172 170 166 162 164 163 157 136 98 83 76 99 152 179 169 155 115 15 18 70 128 148 131 93 96 128 169 174 181 185 182 181 180 175 167 157 149 139 126 117 104 92 85 77 69 68 75 85 94 102 110 115 118 116 115 112 109 106 105 105 104 108 109 85 25 9 18 21 15 16 16
151 162 166 173 181 182 184 181 186 184 182 182 183 182 182 184 184 181 179 174 171 168 163 164 174 164 143 90 65 60 86 152 176 173 161 106 18 46 79 111 143 124 79 85 123 169 178 180 187 184 185 186 180 167 153 144 137 119 107 95 82 79 77 73 75 73 75 85 98 108 112 112 118 117 114 111 109 107 106 104 106 106 115 91 21 8 20 14 16 13
167 174 176 183 190 191 193 192 193 190 187 187 186 183 183 185 183 181 181 177 173 171 166 165 170 161 141 88 62 59 80 131 168 167 155 96 8 19 46 113 144 123 72 76 115 165 180 180 185 185 187 185 176 163 150 140 128 105 91 83 76 76 72 64 49 47 54 73 95 109 114 115 116 116 115 113 112 112 112 111 111 108 107 112 89 28 5 23 19 15
173 181 187 192 193 193 197 201 197 195 193 191 189 185 185 187 186 185 185 180 176 175 171 169 165 159 139 93 69 71 94 121 160 156 144 100 21 7 17 102 129 111 64 72 113 166 182 180 182 182 180 174 166 156 143 130 115 92 81 79 75 70 54 39 39 46 63 85 99 106 113 121 118 119 119 116 113 113 114 115 114 113 115 112 114 77 24 11 17 18
179 184 190 196 199 200 201 202 201 199 197 194 192 189 190 193 191 190 189 182 177 176 173 171 168 167 147 99 64 64 99 125 141 147 136 95 21 10 13 78 122 103 59 66 109 165 181 181 179 179 176 169 162 151 131 111 92 80 75 69 60 51 41 33 43 54 71 86 96 103 110 117 120 123 124 121 117 117 119 121 121 121 116 115 110 112 68 8 9 18
188 189 195 202 209 213 211 208 204 202 198 194 192 192 194 196 195 194 194 186 180 179 175 171 160 162 147 104 64 53 86 117 128 134 125 95 24 8 11 65 108 89 55 68 114 171 181 179 176 175 173 168 158 140 114 91 76 71 65 52 40 36 38 45 62 67 70 73 86 104 115 117 122 125 128 128 127 128 132 135 136 129 124 124 114 107 108 53 13 15
191 194 202 207 211 216 217 216 211 208 202 196 195 197 199 200 198 198 199 192 185 183 177 172 163 155 139 106 74 57 77 105 119 124 114 99 34 14 17 69 102 82 52 68 116 173 176 173 173 171 167 160 145 123 98 79 63 56 47 39 42 52 62 74 86 86 76 64 74 102 120 121 132 135 138 137 134 134 136 138 140 138 131 133 121 116 111 91 29 13
191 198 201 212 217 220 218 219 216 215 210 199 197 202 201 199 199 200 201 197 187 178 172 170 160 149 140 115 82 54 68 103 114 116 109 100 54 17 19 75 100 78 54 87 132 174 178 172 173 171 160 144 129 111 84 62 49 34 35 39 64 79 94 101 104 109 83 40 27 91 132 129 138 143 144 146 146 143 142 141 142 139 138 136 130 121 112 104 70 12
194 201 200 210 217 217 212 211 212 214 213 207 207 207 202 203 204 208 205 198 191 183 171 163 154 146 134 110 85 58 64 96 106 111 107 95 75 43 13 67 98 77 67 103 143 169 159 164 174 170 153 132 111 80 52 42 31 38 51 80 102 126 129 123 128 127 81 28 7 29 105 137 146 144 147 158 160 150 143 144 142 142 143 142 138 132 120 107 101 56
198 206 208 215 216 214 210 211 213 215 213 209 209 205 199 204 207 201 200 200 191 179 169 163 151 147 132 107 89 61 59 85 98 102 103 89 83 72 28 40 94 92 84 123 151 157 161 170 177 166 145 120 93 65 45 39 43 51 78 108 129 146 145 140 138 136 74 24 10 16 89 140 138 147 159 161 157 154 151 148 146 146 146 143 140 137 127 113 107 85
202 207 208 213 210 211 213 215 218 214 212 211 209 203 199 204 210 202 202 199 183 173 169 161 151 146 131 108 94 70 62 77 85 96 101 93 81 82 67 58 90 105 109 136 149 153 168 180 177 162 138 103 76 83 102 109 102 76 101 131 142 148 148 146 144 139 70 26 28 60 89 135 155 147 152 156 151 151 152 152 151 150 148 143 139 136 127 116 104 92
209 207 206 212 208 213 217 214 218 209 211 214 210 205 203 204 202 206 203 184 169 171 169 155 148 139 129 113 103 85 72 73 81 94 95 96 87 81 87 94 107 115 135 140 145 164 171 189 180 156 127 108 117 155 178 172 156 117 119 158 155 152 149 148 149 132 67 33 47 91 79 109 170 145 137 148 149 146 151 154 152 152 153 150 143 134 122 112 104 89
192 197 205 214 209 214 220 218 217 204 205 207 202 200 199 198 195 200 191 173 165 165 161 154 148 135 127 116 110 94 78 68 82 94 101 100 94 90 95 104 105 110 134 145 156 173 176 183 178 162 141 138 160 183 180 163 152 128 95 122 163 155 152 155 157 124 65 48 81 112 95 97 143 135 122 134 149 145 148 153 151 153 156 154 144 132 119 110 102 87
171 183 192 203 203 208 214 217 219 207 206 205 200 199 200 199 196 190 184 177 166 156 152 151 147 134 127 116 109 95 81 71 76 95 115 113 107 111 120 123 130 136 144 158 169 171 178 179 181 173 162 160 169 173 165 156 144 118 59 53 140 150 153 164 157 120 62 50 97 133 137 115 111 143 119 113 140 139 138 146 149 154 158 155 145 135 124 113 107 92
185 189 182 187 194 201 202 204 202 195 195 195 193 193 190 189 186 176 180 178 160 153 154 146 143 132 126 113 105 93 85 80 81 98 110 116 126 129 140 147 151 155 165 169 176 176 177 184 182 177 176 176 171 163 154 143 123 90 35 8 80 122 144 172 159 131 70 39 70 114 126 83 94 182 148 92 111 126 132 138 147 156 162 159 151 143 130 117 105 93
180 186 189 191 196 200 199 196 189 189 187 188 189 188 183 177 174 173 177 169 154 150 149 145 139 127 123 115 102 97 95 94 97 109 115 125 134 143 145 154 158 164 167 170 172 175 178 178 173 175 171 169 175 170 151 139 125 88 34 9 52 99 132 168 160 123 64 50 91 148 169 142 113 171 190 96 101 113 121 130 141 154 164 166 156 145 135 117 105 93
180 184 187 188 193 195 192 188 183 185 184 183 180 176 171 167 168 166 168 163 154 152 148 144 139 129 124 116 108 103 100 101 104 116 124 134 142 154 155 156 162 167 171 172 173 174 172 170 174 173 176 171 172 172 151 139 118 99 61 20 38 81 113 155 151 118 55 55 121 163 172 172 99 147 214 121 88 106 105 119 135 154 166 170 164 151 138 121 105 91
175 178 180 183 189 189 185 182 179 181 182 180 177 173 170 169 171 165 163 159 156 153 147 143 139 131 124 117 113 109 105 108 112 122 131 143 150 164 171 174 186 185 187 182 183 189 189 193 189 186 204 209 204 188 155 141 120 98 85 47 31 62 100 141 141 118 74 44 75 133 152 144 61 106 209 163 81 88 96 111 127 153 168 175 172 156 139 123 108 92
171 173 175 178 181 181 179 179 175 176 176 174 174 173 170 171 170 164 159 155 155 151 143 141 138 129 123 117 115 112 108 110 114 121 131 145 152 162 172 184 190 190 195 190 193 198 193 197 192 195 204 195 186 179 155 136 116 86 81 67 44 55 91 137 140 119 87 49 88 162 175 169 111 104 180 177 81 82 86 99 121 153 174 181 174 157 140 123 108 89
171 174 175 175 174 172 173 176 175 175 175 171 170 167 161 165 163 161 159 157 157 152 143 143 137 126 120 116 113 112 110 110 112 122 129 139 144 149 153 165 171 175 183 181 183 185 174 174 180 182 175 163 156 152 144 130 108 86 70 69 57 50 75 129 130 114 84 68 125 186 188 190 152 101 171 165 81 80 69 90 117 153 178 183 172 156 142 123 108 89
169 173 174 173 172 171 173 177 174 175 176 170 166 161 155 162 161 162 163 161 159 153 144 142 134 123 118 114 109 109 108 108 111 123 124 128 133 139 140 146 158 163 168 167 172 173 166 166 171 170 164 166 160 146 138 127 102 91 75 75 59 48 67 115 127 108 73 64 109 160 174 168 140 86 159 138 87 81 64 73 108 149 176 177 163 150 139 121 108 90
166 171 173 172 173 174 175 177 171 171 172 165 163 159 153 162 163 163 164 160 155 151 142 138 130 122 115 109 105 102 99 102 107 118 120 122 125 135 138 143 149 156 159 162 170 171 167 166 164 166 165 161 153 150 141 122 100 90 87 92 64 52 67 109 121 93 63 62 108 160 174 169 136 90 146 122 85 79 64 63 99 145 170 166 153 143 133 116 105 88
168 172 173 173 175 176 174 172 174 170 168 162 163 162 156 165 168 165 165 159 154 153 147 142 128 122 113 104 101 96 91 96 101 110 117 125 125 131 137 143 147 155 155 158 166 168 168 167 160 156 164 163 155 154 141 122 106 95 97 105 76 52 53 102 111 82 72 49 66 131 158 163 113 76 132 123 88 88 60 63 95 144 167 159 149 140 129 114 105 90
170 170 171 172 172 171 169 168 165 168 163 162 167 160 157 168 166 165 164 161 155 149 145 142 129 120 111 102 95 87 85 92 97 109 113 110 115 126 132 136 137 142 149 154 155 157 160 164 159 162 162 161 157 155 144 121 113 95 96 96 74 61 48 90 95 75 57 56 85 142 166 174 125 71 137 128 88 86 64 63 93 142 155 160 146 138 123 111 105 98
167 167 169 170 168 167 167 167 167 164 159 160 163 161 159 163 161 162 164 162 155 148 143 140 130 122 113 100 90 87 88 90 99 103 112 107 109 124 129 128 132 138 143 144 147 151 154 154 157 155 155 159 156 148 138 122 109 85 87 89 71 67 56 85 88 75 65 69 109 145 168 175 139 90 166 140 80 76 69 63 91 139 151 156 142 132 119 108 106 100
165 166 169 169 167 166 167 169 167 161 159 160 160 161 162 160 161 164 166 163 154 145 139 135 128 115 105 96 86 78 79 90 97 98 104 101 103 115 118 124 126 131 137 143 148 153 156 156 157 152 149 151 148 142 137 129 107 62 65 88 76 69 66 95 87 69 66 87 135 157 166 175 136 105 162 118 77 76 69 65 91 137 151 156 142 130 118 107 101 96
164 165 168 169 167 167 168 170 165 161 162 162 159 162 165 163 165 166 166 161 152 143 138 134 123 117 101 80 73 74 79 91 94 94 93 93 96 97 105 125 124 125 133 145 152 153 155 158 149 146 140 138 139 143 146 140 116 60 56 84 84 82 78 94 85 76 72 88 123 169 177 176 90 106 149 105 80 75 63 66 93 137 154 159 145 130 120 110 102 94
164 164 166 168 167 166 166 165 163 163 164 163 162 164 167 166 164 164 163 159 152 146 140 136 122 116 100 77 67 76 84 90 90 91 91 92 89 95 112 123 129 130 136 146 150 150 151 155 147 143 134 134 143 154 156 146 119 71 64 84 86 83 83 96 83 73 62 75 89 123 140 124 60 110 145 108 76 73 68 71 96 137 154 157 145 131 124 114 102 91
166 165 166 168 168 166 163 161 162 164 162 161 164 167 166 166 164 164 163 159 154 147 140 133 124 105 91 74 62 73 86 88 94 92 98 97 90 103 126 130 131 135 140 143 147 151 153 153 146 136 127 134 151 161 159 148 125 84 72 84 90 88 88 98 83 67 67 109 131 130 144 107 69 125 137 99 73 78 79 84 103 140 152 152 144 133 129 118 105 92
168 166 167 168 168 166 163 159 163 162 160 160 163 166 165 164 165 165 163 160 155 148 139 131 124 103 80 57 53 75 92 92 93 101 102 90 100 113 101 99 124 130 135 139 144 151 153 152 139 125 111 119 137 148 149 143 127 100 88 87 91 96 101 104 88 68 63 115 162 168 158 96 83 136 140 94 79 86 86 97 111 142 152 150 146 136 133 118 101 88
167 165 166 167 167 165 162 159 163 161 160 160 161 163 165 164 164 163 162 160 155 150 142 134 121 99 73 58 66 80 89 98 105 103 95 87 98 65 36 100 121 124 131 139 146 150 152 152 144 128 107 103 114 125 132 131 127 92 80 88 98 99 106 114 94 71 57 88 112 126 112 78 100 139 146 94 85 95 95 101 113 143 151 149 148 139 133 114 101 89
162 162 162 163 164 164 163 163 163 164 159 159 161 161 164 165 166 165 161 156 151 147 140 132 115 86 56 56 73 80 94 102 109 100 99 104 58 19 73 134 115 117 137 140 146 153 161 156 153 140 118 103 105 112 115 116 104 65 81 95 100 108 109 114 102 63 68 87 89 88 64 69 123 148 120 95 99 101 105 107 121 140 147 154 151 139 129 109 98 92
160 164 164 162 162 164 163 162 161 159 157 158 158 160 166 165 162 160 157 153 148 145 140 134 111 85 62 60 73 84 102 112 118 109 112 78 13 30 138 127 91 102 141 151 154 159 163 158 151 148 132 112 101 94 86 82 72 68 83 92 102 109 114 119 94 64 106 142 137 119 85 85 138 136 110 102 110 107 111 116 123 141 148 154 150 137 127 109 98 92
153 159 161 158 157 159 159 157 159 156 156 159 157 160 165 162 159 161 162 159 152 144 135 129 105 78 63 64 74 94 112 124 121 119 96 34 14 47 133 119 73 83 140 155 156 163 165 161 156 150 138 127 111 87 73 76 70 74 82 90 102 111 121 113 96 64 88 127 132 115 88 106 136 117 104 114 120 112 113 120 129 143 149 153 147 133 125 110 102 95
150 155 158 157 156 158 158 158 158 157 157 161 161 161 162 158 156 158 159 157 150 142 135 130 98 65 54 65 81 107 122 131 129 138 77 9 21 73 130 110 69 69 135 157 158 166 165 163 157 156 144 129 117 98 81 75 79 81 84 88 98 107 120 117 98 61 72 101 98 62 78 125 119 107 111 121 120 116 117 123 136 144 145 147 139 127 121 109 101 94
149 151 153 155 156 155 155 158 159 160 157 160 164 162 160 156 153 153 152 151 149 144 133 123 90 53 44 69 91 119 131 138 147 128 32 9 19 76 133 101 68 60 133 163 164 170 165 163 158 157 148 135 126 111 90 76 76 80 83 82 98 106 110 119 95 62 92 99 76 52 95 116 114 112 119 120 118 121 126 134 141 142 139 137 130 121 116 106 100 92
145 146 149 153 154 152 152 155 157 159 156 158 162 161 159 157 154 153 151 152 154 149 133 114 82 49 43 77 99 125 137 145 153 105 14 14 14 71 120 105 66 56 131 166 167 170 165 166 159 155 149 143 134 120 101 87 69 69 81 81 94 106 108 114 98 37 36 39 27 62 98 105 117 117 120 119 121 126 132 139 144 140 135 132 125 120 115 106 101 93
138 142 148 152 153 151 152 155 153 155 154 156 157 157 158 156 155 154 151 149 151 150 135 116 79 56 50 86 105 127 140 148 158 75 12 17 18 75 114 102 68 59 132 166 167 170 168 168 159 158 153 141 130 126 113 92 71 60 75 78 82 97 109 112 88 29 1 10 25 91 105 108 118 118 119 123 126 127 131 136 141 138 134 131 125 122 118 107 98 89
128 136 144 147 149 149 151 152 149 150 153 157 154 153 156 152 150 154 154 150 146 142 125 106 81 64 57 92 108 127 140 146 149 64 19 26 37 84 122 97 72 65 136 168 170 174 172 167 162 153 149 145 136 130 121 105 92 66 60 62 76 88 97 101 77 23 10 31 69 100 111 111 117 119 120 126 127 125 131 134 136 134 132 130 125 123 118 107 95 85
125 131 137 144 147 152 149 152 153 152 153 155 154 153 152 151 148 151 153 149 154 145 115 102 91 69 68 92 112 127 141 146 143 68 25 30 51 99 137 96 71 73 138 166 173 173 171 166 155 155 154 147 139 135 125 109 96 79 61 56 64 77 85 87 70 42 32 57 87 101 105 108 113 117 121 121 121 124 129 131 130 134 130 130 125 117 114 102 91 79
112 121 132 143 147 152 150 153 154 153 154 156 155 154 152 151 151 152 153 149 154 148 119 103 89 70 70 92 115 126 139 145 137 79 32 27 64 112 134 100 78 84 142 165 171 172 171 166 160 157 154 149 142 137 127 113 101 88 74 56 46 63 81 77 71 60 60 74 87 95 101 106 110 113 117 118 120 124 129 130 130 131 127 128 121 113 110 98 87 75
106 115 126 141 146 149 147 151 151 150 152 153 153 151 149 147 150 149 152 151 154 152 130 111 99 70 66 95 116 124 138 144 142 92 36 20 73 118 126 105 87 100 149 164 169 172 170 165 162 155 151 147 142 137 128 117 99 91 84 65 42 47 61 58 44 54 68 78 85 91 98 103 105 107 110 114 118 123 126 126 126 125 122 121 112 106 104 92 79 67
109 115 122 137 143 145 146 149 150 150 151 152 151 151 149 148 147 148 153 153 153 154 139 121 118 72 60 103 114 124 136 142 143 93 40 25 87 125 124 111 97 116 155 163 167 171 168 163 159 154 149 145 141 139 132 122 109 97 84 71 56 48 59 75 77 85 92 91 91 95 98 99 102 103 106 112 117 122 125 125 125 124 122 118 109 105 103 89 73 64
109 112 115 132 140 143 145 148 149 148 149 149 148 149 149 148 149 148 153 153 152 152 142 125 124 80 60 110 115 129 133 139 149 105 52 32 98 130 125 119 111 131 159 162 165 169 166 164 153 152 147 140 136 136 130 122 110 99 85 79 69 54 58 78 90 96 98 98 98 100 100 100 102 103 107 112 117 121 124 125 123 122 120 115 109 106 97 78 66 61
104 109 110 126 133 137 139 141 143 144 145 145 145 145 147 147 148 145 147 149 150 152 145 131 114 92 68 110 120 134 131 138 151 125 70 37 104 133 128 127 128 143 159 161 162 166 165 165 152 153 148 139 135 134 128 120 111 103 92 82 72 67 74 87 95 102 107 108 107 102 100 101 102 103 107 111 114 117 120 122 121 118 114 110 106 100 84 63 62 59
95 104 106 121 125 127 132 134 139 141 144 144 144 144 146 146 145 142 143 146 149 151 148 139 109 96 75 104 123 133 134 140 140 133 87 50 114 139 137 134 141 152 159 161 160 162 162 163 158 157 152 145 140 136 129 123 117 111 101 88 77 74 81 89 97 102 105 104 102 99 100 106 105 105 108 111 113 114 117 119 119 115 110 106 100 87 70 60 61 57
86 98 102 116 119 121 129 133 132 136 140 141 141 141 142 142 146 145 144 146 146 147 147 143 113 95 77 98 122 129 139 142 142 139 98 60 116 140 145 142 148 155 158 162 159 159 158 160 158 156 150 145 141 134 127 122 118 112 102 96 89 80 81 93 99 103 103 102 102 101 101 105 110 109 111 114 115 115 118 120 115 111 107 100 90 72 59 61 56 51
80 88 95 105 111 116 124 122 129 130 130 138 139 135 141 142 139 139 139 141 144 146 146 144 131 106 103 98 126 137 143 140 140 138 108 89 113 141 148 153 157 156 159 159 159 156 155 160 160 159 157 146 139 133 132 128 124 118 111 104 97 95 97 99 103 105 107 106 104 104 106 108 109 110 106 111 115 113 113 111 112 113 108 89 68 58 57 57 44 39
68 81 89 95 102 110 117 111 118 124 126 130 133 134 136 137 138 140 142 142 141 140 141 141 145 133 130 116 128 140 145 141 142 136 118 111 128 145 152 159 162 159 159 158 158 156 154 158 160 158 157 148 144 138 136 130 125 121 117 113 107 104 105 105 107 110 112 111 110 109 109 110 107 110 105 108 113 110 110 115 110 107 95 74 59 56 54 47 35 31
64 69 76 87 95 99 107 111 107 116 120 120 129 137 135 136 134 139 142 143 141 140 141 142 144 145 144 131 130 142 144 142 143 137 130 131 139 148 156 162 162 157 156 156 157 157 155 159 158 156 156 150 149 143 140 133 128 125 124 121 117 115 115 114 115 117 118 117 115 114 112 111 108 112 110 111 114 113 111 108 113 97 76 59 52 52 46 35 27 25
57 61 68 78 84 86 94 102 97 102 109 110 120 133 132 133 132 137 141 142 142 143 143 142 141 144 145 145 141 149 146 147 146 144 141 140 144 153 160 162 162 157 156 155 154 154 151 152 154 153 154 149 149 144 142 136 134 130 128 126 122 121 122 122 123 122 121 119 117 115 113 111 114 108 110 114 111 111 111 103 90 67 49 47 48 43 33 24 21 20
44 58 67 68 72 80 84 84 89 90 102 107 112 124 128 130 130 135 139 141 142 143 143 141 142 145 146 153 147 152 146 148 149 150 147 146 150 157 161 161 156 153 155 154 153 152 149 149 151 151 153 149 148 144 144 141 139 135 132 129 126 126 126 126 126 125 122 119 117 116 115 113 109 110 115 113 108 111 106 88 66 49 41 48 47 35 24 20 18 17
35 45 54 54 59 68 73 79 74 75 88 97 98 105 113 116 121 127 133 137 139 142 145 145 146 150 150 155 150 155 151 151 149 149 148 151 157 158 157 158 150 149 153 154 152 153 152 151 151 151 153 149 149 145 147 145 142 138 136 135 132 131 130 129 127 126 124 121 120 119 118 118 117 116 116 113 113 105 79 56 45 38 35 35 29 20 16 16 17 16
32 30 33 35 41 47 54 69 64 66 73 83 86 91 101 104 106 112 119 125 132 138 142 142 140 145 147 151 149 151 151 150 150 149 150 154 157 155 154 156 155 152 155 154 151 152 150 149 152 151 152 150 151 148 148 145 142 139 138 138 136 135 134 132 127 128 128 127 124 122 121 120 114 113 119 115 94 61 35 33 28 25 22 19 15 15 18 18 15 14
32 31 30 25 29 37 41 50 58 59 57 67 77 83 93 94 97 100 105 112 122 131 133 131 141 143 147 152 154 151 152 151 154 153 153 154 154 154 155 155 158 153 154 153 151 153 153 151 152 149 151 149 152 149 148 143 142 139 138 138 137 137 137 135 128 130 132 131 128 124 121 119 120 117 105 69 35 26 24 24 21 18 16 15 15 17 17 14 17 17
36 32 31 23 26 32 30 38 46 53 51 55 66 70 76 85 87 88 92 98 106 115 122 126 134 141 145 148 152 152 151 153 153 149 154 153 151 153 152 156 158 158 155 154 155 156 155 154 154 153 150 149 152 148 146 140 141 137 137 140 140 140 141 140 136 138 133 130 129 126 125 124 107 73 39 21 16 17 20 18 16 15 14 14 16 16 14 14 15 15
34 32 29 25 27 29 27 30 34 44 46 49 56 61 63 63 67 71 81 89 91 90 96 104 116 123 129 135 142 145 148 152 151 150 154 154 153 153 153 154 153 156 158 158 157 155 154 156 153 156 154 149 150 147 143 139 143 142 144 145 143 141 140 138 140 137 130 131 129 112 86 64 26 16 12 14 16 17 16 14 15 15 14 14 15 15 14 14 16 15
32 33 29 29 29 27 28 29 28 35 38 41 46 53 57 56 57 59 66 77 83 84 85 89 94 101 107 115 123 129 134 139 140 144 146 150 152 153 156 155 153 155 155 154 155 156 155 153 154 150 149 150 147 145 145 144 146 144 144 144 143 142 141 138 134 127 112 96 74 47 26 14 16 14 16 17 15 14 14 14 15 15 14 13 14 14 14 15 16 16
29 33 27 30 29 24 31 32 29 30 32 36 39 44 52 53 47 46 47 53 63 70 72 70 76 81 87 94 102 108 113 118 121 130 133 141 147 149 153 150 155 157 154 151 150 152 149 146 142 140 135 140 135 129 132 137 140 138 137 135 132 126 115 105 86 69 44 30 22 16 16 16 18 17 16 14 13 14 16 15 14 15 14 13 13 13 14 15 16 16
32 34 27 31 31 25 33 33 27 29 33 36 35 35 40 38 38 39 39 39 41 45 49 52 51 54 59 65 71 77 82 87 91 99 101 108 115 120 129 128 125 126 127 125 120 112 108 109 100 107 99 101 100 105 107 103 92 86 80 73 64 54 41 30 20 16 11 14 17 17 19 18 18 17 16 15 16 17 15 13 14 15 14 13 13 13 14 15 16 15
36 34 27 33 34 28 31 28 26 33 36 36 34 35 36 28 37 36 37 39 38 35 37 41 38 39 42 44 47 52 60 67 70 77 79 82 86 89 93 95 102 97 96 101 104 103 105 111 114 115 120 126 120 127 93 44 34 29 24 21 18 17 18 17 19 19 20 23 21 17 18 16 17 17 15 13 14 15 14 14 14 14 14 14 14 14 14 15 15 15
36 32 28 34 34 28 29 27 32 37 36 34 35 37 37 30 33 30 30 34 36 34 32 31 32 32 34 34 35 43 58 70 69 74 78 78 83 87 89 95 105 109 114 121 131 141 147 149 149 141 149 152 148 138 59 11 14 12 13 16 16 16 19 20 17 18 18 18 15 14 17 17 16 16 15 15 15 14 13 14 13 14 14 14 15 14 14 15 15 15
38 35 35 39 38 33 35 37 37 37 33 33 35 34 32 28 30 31 32 31 32 33 32 29 31 32 35 36 38 50 73 90 98 90 79 66 66 77 88 105 114 131 134 120 118 135 150 153 147 149 147 139 150 116 10 14 21 16 16 20 20 18 18 18 20 19 16 17 16 17 19 14 16 16 15 14 15 15 13 14 13 14 14 15 15 15 14 14 15 14
39 36 40 47 42 33 36 39 41 38 34 31 38 35 23 27 33 30 27 34 36 37 32 30 36 32 33 33 41 57 71 106 112 90 69 65 67 68 75 76 75 99 100 100 118 141 154 149 145 145 142 147 137 62 6 18 19 17 16 15 14 15 17 16 14 15 14 14 16 16 15 15 16 15 16 14 15 16 13 14 14 12 13 15 14 15 16 15 15 16
43 42 47 53 46 37 41 45 42 39 35 32 39 37 25 28 34 30 26 33 35 35 29 27 31 32 36 39 49 61 69 102 124 101 77 68 65 62 64 62 63 96 117 134 149 152 150 143 142 142 151 149 95 20 7 20 19 17 17 16 15 16 17 15 14 15 14 14 16 16 15 15 17 16 17 15 16 17 14 15 14 13 14 15 14 15 16 16 18 20
