64 57 55 60 61 52 43 42 39 33 36 39 38 35 31 32 38 33 36 48 50 52 63 62 50 59 72 84 66 38 30 21 16 24 23 28 26 19 16 13 18 28 42 48 46 41 38 43 40 43 39 36 39 38 39 48 37 57 78 84 92 89 69 64 58 69 70 70 75 87 96 91 97 78 58 40 33 36 46 67 78 76 70 66 66 64 59 55 63 71
46 50 44 45 42 31 31 38 35 32 33 34 37 41 38 34 37 30 44 64 56 48 56 56 45 70 90 83 57 41 31 13 11 19 25 27 28 14 15 34 42 41 46 44 40 39 38 38 27 21 16 21 25 20 20 28 42 39 52 70 77 94 104 83 69 59 51 44 47 62 69 70 74 85 89 78 55 33 32 42 56 60 72 75 65 62 62 57 51 54
44 38 45 42 35 40 43 45 43 35 38 43 39 29 29 40 31 40 52 56 50 48 56 57 52 69 90 73 57 49 22 11 13 16 9 26 22 29 35 50 39 35 39 39 35 34 28 18 16 16 15 13 11 10 11 12 16 21 24 43 60 67 89 112 98 91 86 74 53 37 38 48 58 62 58 65 72 65 49 29 28 31 43 57 65 69 67 58 58 56
30 34 40 47 42 44 52 37 37 49 54 41 32 36 42 47 39 51 53 47 49 58 60 56 46 79 87 59 50 45 22 15 14 3 12 39 25 33 35 43 41 42 46 36 20 15 18 21 21 12 11 13 11 9 15 21 15 17 14 15 34 51 61 81 96 91 88 99 87 65 59 41 29 50 57 50 47 55 65 63 39 21 22 34 44 61 68 56 53 57
37 44 53 49 48 46 39 48 57 47 36 30 34 40 38 38 48 44 42 46 54 54 48 45 75 87 58 42 45 34 22 6 6 9 43 32 22 28 30 35 36 28 22 17 17 19 19 21 21 23 34 41 33 24 22 24 31 32 29 18 14 21 28 32 61 91 81 70 84 95 90 68 54 44 44 47 47 44 47 61 71 59 38 24 26 36 50 65 54 49
59 63 57 58 55 43 47 56 43 39 37 35 34 32 32 40 38 41 38 42 54 51 47 65 84 64 44 36 40 35 16 2 13 41 38 9 13 27 35 30 24 22 23 26 35 41 36 35 32 30 28 24 20 21 19 13 20 23 10 15 26 28 32 24 17 51 86 76 58 72 85 84 77 57 47 40 40 41 36 39 45 53 60 55 39 28 30 38 56 58
64 60 59 53 48 48 45 45 44 38 31 28 32 36 34 38 49 51 48 44 50 51 54 73 58 30 42 46 43 37 16 19 32 43 8 6 12 17 24 30 39 51 65 69 67 64 52 42 36 30 26 26 23 19 17 17 17 12 14 40 42 25 30 29 26 13 39 62 60 54 53 71 71 64 59 52 43 37 37 41 36 42 42 47 56 48 34 33 39 44
67 75 62 43 41 47 48 47 49 52 53 50 48 45 43 49 55 31 37 47 43 49 55 50 43 44 48 41 30 32 34 30 29 14 10 24 32 49 67 99 116 124 135 131 125 127 120 105 101 101 97 91 90 89 83 76 57 54 49 40 20 2 4 15 21 9 10 22 36 38 38 53 57 49 45 59 67 59 48 33 35 35 34 38 42 41 38 41 45 45
80 62 47 40 39 44 46 43 52 52 46 39 40 45 47 47 36 42 48 46 47 52 56 42 35 42 39 38 41 43 43 39 45 66 75 93 121 140 153 162 163 160 158 157 157 157 157 154 148 144 139 138 142 143 138 132 123 125 118 103 87 78 74 68 65 57 42 20 23 25 14 29 41 48 43 39 43 50 53 48 42 37 30 32 34 38 42 31 42 50
87 57 44 43 38 43 51 47 48 47 46 39 39 57 62 44 47 52 48 57 60 62 52 49 38 35 44 53 64 75 83 98 114 122 135 155 165 163 165 165 165 168 171 171 170 169 168 165 162 162 161 158 153 150 153 158 155 156 155 157 161 167 171 169 166 151 148 128 104 88 56 29 18 26 38 43 35 26 30 36 44 45 45 34 28 25 27 43 38 38
62 38 29 40 55 62 68 77 72 61 56 60 62 57 52 50 58 60 53 42 49 44 52 58 54 58 76 87 95 106 114 123 130 140 151 158 160 164 172 174 167 175 183 183 178 176 176 175 177 172 166 164 165 165 164 164 166 163 163 167 172 174 172 168 174 168 172 170 163 159 141 119 82 47 23 19 27 37 30 14 24 29 44 47 41 33 23 21 30 32
39 34 44 58 71 75 67 62 52 55 62 60 46 38 43 50 48 51 45 47 48 49 52 60 70 80 91 107 111 117 133 136 145 153 156 161 168 167 171 184 169 179 187 185 179 178 179 179 179 180 177 172 171 174 173 168 161 160 162 164 166 165 161 161 165 168 165 166 168 165 162 160 152 138 105 56 22 13 17 29 20 16 14 25 35 43 47 33 28 27
40 59 68 61 71 77 61 55 59 73 68 53 50 53 60 71 57 60 59 65 62 54 57 70 95 108 111 113 117 133 156 153 155 161 161 163 174 173 167 172 173 181 188 185 180 181 183 183 179 183 183 179 176 177 176 174 168 165 165 161 160 161 160 164 163 166 168 170 166 163 166 162 161 160 155 140 105 44 7 14 18 24 18 15 15 16 28 38 41 44
64 63 83 89 84 86 86 88 67 56 55 61 65 72 76 69 73 87 87 76 83 79 92 107 107 118 134 145 149 154 160 162 157 161 162 154 154 165 174 179 175 181 186 185 184 185 187 187 191 186 183 186 189 188 184 181 181 177 172 163 160 160 154 156 152 158 162 163 163 166 167 160 162 154 158 169 165 139 85 23 7 2 7 10 8 6 5 15 24 33
78 85 101 97 92 92 77 68 51 55 60 67 71 70 64 60 71 89 86 87 92 106 108 114 133 147 157 160 161 163 167 166 162 158 165 160 145 146 163 181 177 180 183 185 186 189 191 191 189 186 186 190 192 188 186 187 183 179 174 163 162 161 146 139 140 151 155 153 158 162 161 163 166 167 171 171 159 162 151 96 43 13 3 4 5 7 4 4 6 8
93 82 86 86 89 89 76 75 68 73 72 67 63 62 67 78 100 100 104 112 118 119 133 143 153 166 158 157 154 152 166 167 167 156 149 133 117 128 153 175 181 181 182 184 187 191 194 195 189 192 195 196 195 193 192 192 185 182 177 163 161 159 139 128 114 120 129 129 131 140 151 165 165 177 172 172 169 164 168 154 127 83 25 2 3 2 3 1 1 2
81 73 98 107 96 81 78 85 73 66 70 79 73 74 95 109 110 118 128 140 143 147 159 163 162 160 151 140 139 156 172 172 164 153 117 80 85 117 155 180 182 186 180 187 182 196 202 202 199 196 198 200 197 199 200 194 190 184 175 170 168 160 145 133 116 106 100 111 118 123 140 151 162 171 172 179 179 171 171 168 157 152 102 31 2 2 0 3 3 3
84 106 112 86 81 92 94 81 74 87 81 83 94 110 130 128 122 133 146 154 159 166 175 179 174 167 141 123 136 165 178 169 159 114 50 65 105 108 153 181 180 176 183 188 186 202 205 206 207 207 204 202 203 202 199 197 194 191 185 177 169 161 150 140 141 128 113 105 106 118 136 155 164 175 178 183 183 181 183 177 171 153 149 121 55 11 3 3 2 0
96 93 85 70 94 110 90 77 81 80 84 99 110 118 127 121 128 136 145 149 159 170 172 171 169 166 140 108 127 172 180 171 130 69 58 102 76 99 168 182 188 182 195 186 190 208 208 204 205 205 203 203 206 206 204 202 197 192 185 175 163 160 155 147 142 145 151 144 138 137 143 161 179 182 182 189 191 186 185 181 173 165 159 154 126 61 7 3 3 3
87 81 86 102 107 90 90 98 98 95 111 116 116 126 130 134 144 150 150 154 162 168 170 168 160 159 142 101 116 168 171 158 90 57 112 66 45 113 168 195 192 184 191 178 195 207 208 211 211 206 208 212 208 207 206 201 194 189 185 179 171 169 163 149 146 154 162 159 157 160 160 163 168 174 174 181 189 188 185 182 176 175 165 160 161 127 59 13 7 15
72 94 124 106 85 91 100 99 104 108 117 119 129 140 140 149 154 159 155 160 162 161 171 173 160 157 140 110 124 174 175 138 66 95 99 28 43 102 157 195 201 190 182 176 206 202 203 218 214 207 210 214 208 203 201 199 196 189 186 181 175 174 167 152 154 151 150 156 154 154 164 167 157 169 165 158 168 178 181 183 185 174 175 166 155 158 121 53 26 25
79 97 83 76 104 109 107 111 109 109 114 134 144 138 143 149 155 151 148 157 162 164 174 177 153 154 135 121 131 170 174 110 74 130 56 27 90 98 132 193 199 198 180 173 209 208 209 218 215 213 212 215 215 210 207 209 200 192 185 177 169 166 162 153 151 149 151 157 150 146 159 161 164 172 171 167 167 163 164 175 182 173 175 170 163 168 154 120 71 42
79 74 85 98 108 105 107 116 115 121 128 141 137 132 146 146 148 137 143 152 158 168 173 177 162 160 142 123 122 159 162 91 101 108 22 100 161 148 133 192 198 200 180 171 202 210 210 206 211 213 213 213 215 214 210 207 198 193 186 178 169 161 153 146 142 144 143 139 141 156 168 165 178 168 164 171 177 172 166 168 164 166 174 174 168 166 161 155 128 91
69 69 80 95 103 100 108 111 119 127 127 130 138 140 140 138 140 131 150 153 152 165 169 182 176 160 142 109 104 152 153 87 95 56 57 124 167 194 152 182 200 190 174 176 202 212 212 212 208 211 215 215 214 219 216 202 197 191 182 172 164 155 147 144 134 120 121 125 124 123 130 150 160 162 170 171 169 174 176 173 165 169 171 164 164 167 160 154 145 130
62 71 85 107 103 99 101 113 131 125 125 130 124 133 140 133 124 134 150 152 163 168 179 181 186 164 142 110 88 127 142 77 73 30 31 59 85 135 159 170 189 183 170 180 198 210 220 216 208 208 216 219 211 216 221 204 192 187 178 160 158 148 134 128 118 115 101 87 93 117 123 130 138 149 166 169 165 164 156 173 178 173 166 162 163 165 161 156 154 148
68 91 100 102 96 100 109 128 129 118 126 127 123 133 121 111 127 148 138 149 161 172 182 191 185 170 150 111 73 104 134 88 59 27 96 89 69 86 146 156 180 184 165 184 210 209 206 217 213 210 215 222 219 221 220 202 186 180 166 152 147 132 122 115 111 94 72 84 128 147 135 138 148 159 163 164 168 167 156 167 174 174 173 170 167 163 162 162 159 154
79 83 87 85 87 108 113 111 107 123 130 127 113 105 116 146 158 138 142 162 165 175 182 196 204 190 147 100 72 91 112 78 46 50 169 97 46 94 129 155 172 180 162 182 196 206 208 209 208 207 211 218 220 221 214 194 179 169 151 139 131 116 115 109 87 74 97 139 137 93 76 115 159 173 176 178 176 173 166 172 173 174 174 172 168 166 164 161 160 156
76 73 73 88 102 111 114 116 127 131 124 116 106 119 138 142 124 143 154 170 171 171 179 190 198 200 160 110 77 80 95 71 38 20 61 30 21 77 110 146 166 171 159 178 178 204 218 209 206 212 215 216 219 222 211 187 166 156 144 128 114 102 104 101 93 109 132 149 132 95 54 93 151 160 175 184 178 180 179 178 175 180 180 172 168 171 171 165 162 157
67 55 83 81 92 121 120 135 127 116 114 116 131 152 131 110 130 163 157 166 167 182 178 186 198 198 168 120 74 75 94 69 36 13 24 20 52 90 101 140 166 170 160 179 179 202 213 212 206 214 214 214 217 216 201 175 153 138 129 107 99 103 109 114 123 149 165 159 140 139 80 102 170 167 174 183 184 193 187 179 177 176 173 168 169 174 173 163 169 167
54 67 66 74 102 109 108 104 99 115 122 127 132 128 118 133 146 142 153 172 173 185 182 185 194 198 177 129 80 74 85 64 37 19 51 106 112 91 105 146 163 167 165 177 182 206 213 209 206 208 209 214 218 210 187 159 137 113 103 91 106 131 136 138 148 162 171 157 141 159 94 93 184 193 186 184 189 191 182 179 178 175 176 177 173 172 173 173 169 170
61 65 70 84 91 78 91 100 114 125 126 129 120 119 127 132 136 154 167 174 175 166 183 186 185 193 178 133 91 81 82 72 59 25 39 101 93 95 118 137 157 158 167 178 189 216 218 208 208 209 212 219 218 202 170 135 103 94 104 116 144 164 164 160 161 168 166 158 166 158 62 35 136 187 187 186 190 182 182 188 181 174 174 178 175 170 170 171 174 177
55 50 63 63 74 88 104 111 126 121 123 121 112 115 120 139 152 169 170 161 163 171 173 176 176 181 182 148 101 87 85 72 57 54 52 84 116 134 120 140 163 156 170 187 206 217 207 206 205 209 212 213 205 184 143 100 102 118 146 163 174 169 166 165 175 173 172 162 164 141 53 10 67 153 170 180 185 173 183 187 185 179 179 180 174 171 171 170 175 178
46 44 51 62 77 90 100 118 116 113 118 120 126 117 131 159 155 152 152 150 164 179 174 176 174 176 175 144 107 95 90 83 67 73 53 81 122 115 122 155 159 168 164 190 219 214 209 208 204 202 203 207 193 155 126 122 140 162 180 181 177 175 177 175 184 176 170 170 163 118 62 31 39 122 142 149 165 172 175 177 179 186 176 172 172 171 177 174 177 173
42 46 51 59 74 89 102 117 113 115 120 131 136 125 140 153 147 153 150 159 173 169 165 163 168 171 174 141 112 107 97 93 81 67 82 59 78 107 128 160 162 156 172 202 214 208 205 205 203 202 204 196 170 149 151 168 169 165 166 176 185 177 179 174 180 179 171 177 164 96 62 91 112 106 120 129 138 163 171 171 175 177 177 178 178 176 176 173 168 171
38 46 52 64 79 86 89 91 110 118 114 115 125 123 132 134 136 156 160 162 151 136 145 154 157 162 168 147 118 107 98 93 104 80 80 86 70 108 136 175 163 156 187 211 208 204 200 202 200 197 200 187 170 171 177 182 172 168 155 175 180 180 175 180 176 177 170 179 157 82 61 110 162 122 107 118 129 132 149 167 173 168 171 171 170 172 172 173 167 176
38 41 46 62 69 71 89 103 113 107 110 110 107 110 119 125 139 143 151 148 134 143 161 157 158 162 164 164 134 107 107 100 103 101 85 100 97 113 154 172 160 174 205 212 203 201 197 201 203 192 193 187 176 179 183 188 184 178 151 131 165 181 178 181 173 178 175 182 147 75 61 107 151 143 107 109 133 110 118 158 176 170 166 168 176 181 176 170 176 181
36 43 51 61 65 77 95 95 101 107 110 104 100 107 116 128 135 140 140 145 146 135 139 155 155 157 156 163 144 114 111 108 107 105 97 100 128 130 162 181 176 192 201 198 200 205 202 198 197 194 192 181 173 178 181 182 186 186 145 73 133 179 180 182 181 184 178 183 145 74 60 111 153 163 131 109 138 128 103 132 161 169 161 160 169 174 178 174 173 170
34 29 42 69 81 82 87 88 96 99 98 112 110 106 113 116 116 134 141 139 121 118 145 156 153 157 157 158 155 135 117 116 111 112 106 102 138 171 179 185 186 194 194 196 202 204 201 191 191 186 183 184 182 177 173 174 174 186 150 53 103 169 179 188 189 188 187 185 134 77 74 125 162 179 150 112 136 160 122 116 143 163 159 157 166 172 179 175 173 168
26 33 50 65 72 75 78 82 89 87 94 112 102 104 108 90 109 116 118 119 119 129 148 151 152 156 157 155 157 151 135 131 124 125 122 123 153 185 187 181 180 190 201 208 203 193 191 187 184 188 183 182 180 177 179 175 180 178 156 58 95 152 181 189 187 184 189 185 130 79 68 109 149 174 154 121 129 178 153 112 127 153 161 155 155 162 173 178 180 181
33 50 57 45 49 69 76 80 98 110 104 103 106 108 101 119 124 117 116 118 135 150 146 151 152 152 151 154 153 155 158 150 152 145 152 165 172 183 180 192 193 193 195 198 195 189 187 190 188 189 180 182 181 179 186 180 173 162 148 77 89 143 177 188 185 185 185 180 133 82 75 145 179 185 167 124 105 178 172 119 116 142 163 159 154 159 163 167 169 178
44 46 43 44 52 64 80 89 99 98 90 99 103 99 92 105 115 112 119 127 139 145 140 144 144 157 151 153 154 161 159 163 166 170 177 178 180 186 192 197 192 194 193 192 191 192 191 189 189 179 179 179 186 187 186 185 174 161 149 89 70 132 170 190 189 190 190 171 128 88 80 176 202 192 174 125 112 158 191 131 109 138 155 159 156 167 164 166 173 178
30 37 45 44 51 66 73 79 71 75 73 78 80 89 92 96 93 99 109 118 116 111 118 131 142 154 154 158 156 160 163 172 181 183 190 196 199 198 196 195 200 199 196 195 198 201 198 192 182 180 183 183 188 193 194 181 174 158 140 111 66 112 152 187 186 190 197 165 117 89 62 118 178 196 167 118 102 140 206 156 108 132 154 159 154 157 158 164 172 177
37 41 38 43 63 69 60 57 74 68 73 87 85 85 86 89 103 118 108 102 108 108 114 122 138 144 145 151 151 156 168 182 186 192 200 207 207 202 202 205 206 208 208 207 207 205 196 185 186 183 180 175 181 195 207 192 178 157 135 134 84 100 134 179 182 179 191 163 113 89 75 146 209 204 197 184 133 114 192 178 115 120 141 153 151 143 148 161 170 175
39 36 29 51 61 48 56 62 69 67 72 82 84 88 92 96 100 106 109 107 98 102 123 132 139 137 134 139 144 151 163 172 182 191 199 205 205 201 203 206 198 204 206 202 198 196 191 185 183 180 172 171 181 197 212 197 173 152 135 135 111 98 119 163 177 173 179 160 114 88 103 213 241 203 206 197 142 118 174 159 111 119 139 143 146 138 145 155 174 178
19 27 33 45 39 42 68 67 58 73 78 73 82 94 99 96 90 92 98 88 73 81 102 119 130 137 141 142 142 146 161 171 181 191 195 201 207 206 203 197 195 200 201 197 193 193 189 185 178 177 166 163 174 183 188 168 156 142 134 123 114 97 110 150 169 176 175 159 117 86 96 189 210 193 196 189 146 122 154 146 104 115 136 142 148 135 140 158 173 178
16 37 45 38 40 54 58 53 65 66 70 79 97 93 85 84 89 87 77 67 82 100 103 114 128 132 135 136 146 151 162 165 172 185 188 192 197 197 196 191 187 188 188 188 191 191 185 178 174 176 167 160 171 179 179 159 148 139 134 120 103 95 107 149 169 169 170 170 126 80 81 159 192 196 195 197 150 117 142 137 100 115 129 132 143 143 144 154 169 175
22 34 36 33 41 36 27 44 53 53 68 80 84 72 78 90 85 75 80 95 108 117 122 124 135 138 139 138 151 152 160 163 165 180 182 185 186 184 190 191 188 186 182 181 183 183 179 173 171 170 169 164 169 175 173 157 152 137 127 120 100 91 100 140 159 172 174 156 114 87 74 118 152 180 191 166 104 118 145 120 104 110 119 134 143 143 140 153 173 181
28 32 30 30 33 33 41 53 53 69 86 74 70 80 94 83 74 86 98 109 108 107 117 120 126 133 137 138 150 145 151 157 158 169 168 172 175 171 174 174 174 175 178 179 179 176 173 171 173 163 166 164 165 169 172 166 156 131 114 113 103 83 87 122 152 179 183 140 88 75 77 136 156 181 200 144 73 125 147 135 98 110 126 146 144 140 137 153 178 186
28 26 27 28 37 50 56 64 67 82 88 82 86 97 92 75 79 98 100 97 101 107 113 112 121 133 128 131 137 136 142 146 146 154 152 151 150 145 151 142 144 155 164 164 165 165 164 170 167 159 158 164 163 166 175 170 145 121 108 108 98 82 82 115 145 169 176 123 86 71 97 171 200 195 204 179 95 117 147 130 99 112 135 149 144 137 136 155 176 177
23 23 30 36 42 49 59 74 87 77 71 81 92 87 77 79 93 98 97 102 106 100 103 112 123 121 113 124 124 135 131 130 131 136 134 136 133 134 143 143 138 141 150 153 150 154 160 157 162 159 154 155 155 159 165 160 132 119 106 95 100 89 84 112 142 157 165 120 82 73 105 170 181 199 195 168 112 117 134 111 97 113 129 140 138 136 141 163 174 173
25 28 36 40 44 52 62 75 65 65 81 96 88 74 75 84 92 94 91 89 87 90 102 110 113 113 112 127 122 121 114 117 123 127 115 121 123 129 136 144 151 150 142 143 147 146 150 151 154 152 144 142 146 151 151 145 130 120 108 95 108 94 91 118 141 158 153 107 77 70 108 177 191 194 191 153 119 121 125 108 95 119 130 136 133 131 139 159 168 168
28 25 27 31 33 37 47 58 78 93 100 80 57 62 78 79 81 83 86 87 92 110 120 110 109 116 120 124 121 100 105 115 116 111 94 90 79 89 106 140 154 157 152 163 169 156 150 148 147 148 142 136 134 136 141 143 130 124 105 98 103 94 98 118 131 149 142 105 82 67 87 133 162 163 139 112 117 120 129 103 100 122 128 134 136 139 144 152 168 168
23 34 38 33 32 49 70 80 80 70 48 42 59 73 75 77 81 84 93 99 104 112 114 109 110 117 125 113 108 95 99 108 102 94 73 68 86 117 112 129 151 154 157 169 167 159 162 156 151 148 145 141 136 135 136 138 137 134 98 99 102 104 110 118 131 142 142 110 81 78 110 144 184 159 89 70 121 125 118 103 107 129 134 136 133 139 150 157 162 164
31 31 30 37 50 63 64 51 43 50 53 60 71 75 75 79 81 93 99 97 100 100 102 113 113 116 123 102 84 94 95 100 95 75 56 95 101 110 137 121 136 148 154 158 157 158 165 164 161 153 145 132 122 123 132 143 149 131 84 104 112 111 112 124 132 146 148 108 76 84 129 167 181 190 132 88 115 130 118 107 114 130 134 133 131 141 150 155 157 159
25 23 32 51 51 38 35 35 44 48 64 76 75 75 82 85 89 97 99 96 102 106 103 109 119 115 105 82 68 80 95 98 91 56 80 89 64 104 154 148 133 146 151 154 162 165 167 174 175 164 149 134 132 137 140 149 150 116 82 108 115 108 109 124 130 142 143 102 76 89 121 146 165 141 77 92 114 119 122 109 114 129 133 130 129 140 147 158 155 155
24 30 30 27 21 27 44 48 54 62 70 72 69 70 79 89 86 81 87 94 100 106 109 116 119 111 82 67 74 67 92 87 58 68 67 43 63 118 150 158 154 150 157 166 171 172 171 173 177 170 154 138 142 149 146 153 149 118 104 116 113 115 120 125 131 134 141 101 68 86 115 123 137 104 62 97 108 120 120 114 127 135 133 126 129 142 143 155 161 159
26 22 25 27 31 40 46 56 60 57 60 61 64 71 75 76 73 73 83 89 94 99 101 108 113 114 78 64 65 68 79 43 38 55 47 81 94 120 142 172 173 163 160 174 171 165 175 171 173 174 164 147 138 136 137 140 132 119 112 110 114 117 118 131 136 137 138 104 67 89 121 135 148 100 76 100 105 111 104 119 136 130 132 131 132 136 141 154 152 155
23 22 22 22 32 45 47 50 47 46 50 56 64 74 79 83 85 85 88 96 91 89 103 109 105 107 83 71 68 79 62 34 43 57 113 124 97 114 147 163 167 167 165 173 175 168 173 175 176 181 173 148 125 116 114 114 100 106 111 111 112 115 120 132 135 137 135 110 64 70 111 130 119 59 72 99 110 106 110 121 135 131 132 136 140 141 142 148 149 151
27 35 39 38 42 45 45 50 56 50 48 51 60 67 72 80 78 88 94 96 88 87 103 110 112 106 83 71 60 80 48 24 48 107 156 168 117 105 145 165 168 169 168 170 176 176 175 177 175 183 184 166 138 119 110 105 101 108 110 113 116 117 121 125 129 136 139 119 62 77 132 123 83 58 84 95 107 105 117 131 135 133 131 135 137 136 142 147 156 157
42 51 59 66 72 64 57 64 75 74 76 77 78 74 70 77 73 82 94 96 96 97 94 98 107 91 72 68 60 83 52 23 40 62 79 149 152 105 144 165 175 171 172 168 169 177 180 183 176 176 182 179 156 133 116 105 111 110 104 111 118 118 122 121 133 141 141 115 60 79 121 89 41 64 85 101 107 110 118 130 133 132 127 133 138 137 141 142 151 152
35 42 45 53 59 53 51 61 70 72 74 73 73 71 73 85 89 79 83 92 103 108 104 107 112 86 69 59 66 80 44 16 28 73 56 76 97 107 148 159 157 162 175 175 175 183 186 190 185 177 180 181 169 152 135 119 113 111 106 112 117 118 124 124 125 133 129 111 64 45 47 29 37 73 91 102 101 125 134 129 129 133 131 133 133 133 143 149 149 150
40 50 51 50 53 53 55 57 62 68 74 73 71 72 75 85 86 86 82 82 87 100 114 109 108 80 69 57 85 84 31 11 77 130 47 66 99 103 150 158 158 161 168 172 179 184 183 188 190 184 182 178 169 161 145 125 122 119 113 111 115 121 126 125 127 129 127 114 60 14 8 18 58 81 109 120 120 127 130 132 133 133 129 129 132 136 144 149 148 149
34 48 52 56 68 81 82 72 63 58 57 61 73 82 77 70 74 79 84 98 101 94 103 114 106 81 64 60 98 87 31 16 45 43 14 47 92 93 140 162 155 154 161 173 183 185 182 183 183 183 183 179 174 170 158 141 133 124 117 112 113 120 123 126 125 129 131 118 54 1 9 37 71 102 126 126 131 128 128 132 133 134 137 136 137 139 138 141 143 143
40 54 55 52 60 78 92 87 73 68 66 60 60 69 70 66 65 80 88 91 104 99 84 94 100 81 60 72 110 90 38 17 19 29 43 66 79 96 150 161 149 147 162 179 179 178 184 184 184 183 183 180 177 173 164 153 141 131 129 122 115 113 115 126 126 137 131 119 58 2 22 69 101 129 132 132 135 133 139 136 142 139 141 139 141 143 136 135 137 136
27 42 43 48 65 64 63 65 72 77 76 71 69 70 69 67 54 67 80 78 88 97 89 88 94 82 66 96 115 100 48 18 38 109 118 90 86 69 134 174 147 142 163 176 179 184 188 183 182 186 188 185 179 174 165 154 144 142 133 124 123 118 113 120 122 116 119 122 57 5 52 104 125 125 129 137 136 144 144 139 139 137 128 131 139 137 134 136 140 139
36 41 39 41 67 75 64 67 63 61 60 59 61 66 68 65 71 67 65 67 70 80 95 106 104 92 73 110 121 101 69 21 27 79 95 83 91 87 122 163 147 133 157 177 180 180 180 183 185 184 185 176 166 169 170 158 152 147 138 127 122 114 105 107 115 113 112 107 54 16 58 106 126 131 138 144 140 144 145 141 139 141 137 137 137 132 133 138 137 135
72 72 75 70 66 68 69 77 77 71 68 65 59 58 61 59 70 67 63 70 69 67 85 99 110 81 77 114 120 103 83 38 28 80 111 107 84 105 141 162 149 138 156 171 179 182 173 176 183 182 183 175 165 167 170 160 156 148 140 131 124 116 104 100 120 123 116 98 71 62 88 114 135 135 137 141 137 144 145 142 142 143 139 140 145 151 151 144 130 129
83 87 95 104 91 79 78 74 74 74 82 83 70 63 67 69 66 69 61 63 67 67 81 98 112 82 91 128 128 102 94 75 29 100 133 96 81 109 136 156 150 147 151 167 182 184 174 178 177 179 179 178 173 168 164 162 156 146 139 133 126 121 111 104 118 128 122 100 96 114 131 136 134 135 137 142 141 147 146 141 139 135 137 147 151 149 145 137 133 132
79 80 64 68 76 84 88 92 96 85 83 83 76 72 72 68 63 65 61 60 67 73 83 97 108 78 120 136 132 117 87 107 56 38 87 74 83 110 135 153 152 146 139 166 175 167 168 174 175 176 176 175 173 169 163 162 153 145 141 134 125 121 115 112 96 111 126 121 121 134 137 136 138 141 143 147 145 152 152 149 152 148 145 145 141 138 133 122 123 122
77 89 90 83 75 84 76 81 87 86 91 97 96 94 93 89 83 77 75 76 79 84 90 96 100 82 114 129 131 121 82 87 92 22 32 64 86 122 141 142 146 146 140 169 169 166 179 177 174 175 177 174 169 171 169 159 147 143 142 133 123 119 118 120 115 110 115 117 118 127 137 148 164 160 154 155 156 163 158 151 147 139 134 137 132 125 126 126 124 124
77 84 94 100 94 106 96 89 90 86 82 79 78 81 85 87 93 103 107 106 98 94 104 109 107 86 103 123 126 128 87 65 94 55 23 70 96 123 141 138 142 150 144 166 165 169 177 169 170 173 175 172 168 170 167 156 143 141 140 132 125 122 120 122 133 127 129 134 140 148 155 164 162 157 149 150 152 156 145 132 130 135 135 132 125 121 122 121 123 123
54 74 79 91 80 80 78 83 90 92 91 90 92 97 98 98 95 110 102 106 115 115 120 113 103 93 92 129 128 131 117 74 61 72 49 66 107 123 141 138 141 147 138 163 170 171 167 167 166 171 169 167 167 165 159 157 146 142 138 132 129 126 120 119 120 135 146 147 149 156 156 152 148 148 144 141 137 141 136 132 133 131 123 120 123 126 127 123 120 120
51 54 55 67 74 74 80 81 82 90 93 88 88 98 106 104 108 115 113 111 113 125 124 117 109 85 89 123 130 127 130 109 67 60 65 73 109 122 137 138 145 137 142 153 156 161 166 164 165 169 175 171 164 165 163 157 143 139 135 130 128 130 127 121 108 108 118 131 136 137 137 134 131 125 128 136 139 142 140 132 126 130 123 123 128 128 127 124 119 98
55 58 49 49 65 77 79 78 73 72 73 72 69 71 80 88 86 93 96 107 112 111 109 121 118 99 88 108 124 125 127 116 104 74 61 90 106 118 127 142 139 134 142 152 150 149 156 162 162 162 165 164 161 161 154 144 140 137 136 131 124 123 129 135 129 130 121 116 124 125 125 131 133 133 137 139 134 130 127 123 129 131 133 130 122 123 125 111 86 67
14 29 35 30 31 33 35 45 48 54 62 65 66 72 77 79 84 89 87 94 103 109 110 121 118 113 94 102 124 124 118 113 119 104 87 96 93 113 121 131 133 130 138 148 148 149 156 160 154 152 154 158 159 158 152 141 139 135 130 126 120 119 124 129 134 136 132 128 130 132 132 135 127 128 128 126 124 124 126 128 131 125 126 129 124 125 116 88 54 41
43 34 39 45 48 47 40 42 40 40 48 58 61 61 63 66 76 84 87 89 89 100 105 107 111 116 98 97 116 119 116 116 118 118 112 102 102 108 118 127 129 131 138 143 146 152 156 154 153 151 151 154 154 151 149 143 131 132 132 130 126 123 115 106 114 117 117 115 114 114 116 120 116 123 126 125 125 126 129 134 127 130 130 126 123 115 85 47 31 25
48 42 53 62 65 62 53 53 57 53 52 52 52 54 59 63 61 63 67 76 78 83 87 95 99 107 99 96 104 110 114 116 111 111 115 107 115 111 120 125 128 135 142 143 142 144 147 147 150 149 147 150 148 144 145 142 128 129 129 125 122 125 127 126 126 131 123 120 128 127 127 140 133 134 131 127 128 129 128 127 132 128 123 117 107 81 45 21 19 17
37 38 33 27 32 39 40 43 47 49 48 42 39 46 52 50 57 60 53 55 59 62 62 72 75 84 90 93 94 101 110 109 104 109 116 111 109 117 124 120 132 134 138 143 146 144 143 144 145 146 142 146 145 140 141 138 135 130 126 122 116 112 112 112 116 118 117 121 129 126 120 124 125 129 131 130 128 129 131 131 127 122 113 91 61 32 13 11 12 15
27 40 40 32 27 26 29 32 24 21 24 29 28 24 22 22 41 59 58 48 40 41 39 44 48 53 61 67 71 82 96 99 100 105 110 113 106 114 120 121 128 128 130 138 146 146 141 141 144 144 139 141 141 135 135 130 130 126 124 126 125 123 120 117 119 112 112 115 119 125 130 129 136 134 133 131 130 132 131 124 118 103 75 39 19 14 11 12 18 27
29 35 42 51 45 38 44 43 33 30 31 34 36 35 30 22 23 39 48 47 38 41 42 42 34 35 37 42 48 57 69 75 87 93 96 99 105 111 113 114 115 122 127 130 136 137 135 135 136 139 133 136 136 131 133 130 128 128 127 124 123 128 132 131 130 134 133 133 136 136 133 132 128 127 129 130 126 122 113 97 78 47 24 26 37 29 21 37 43 52
38 34 36 38 49 50 50 53 51 52 51 49 47 48 49 41 39 34 34 37 35 34 35 38 38 39 31 20 27 36 37 50 66 74 79 86 98 104 106 110 113 119 123 127 132 133 130 129 132 135 130 125 127 129 127 125 127 123 124 126 125 125 127 129 130 131 130 130 133 133 128 123 125 118 122 125 114 98 78 54 20 17 41 50 44 47 52 65 73 59
22 21 26 24 33 46 55 53 59 56 50 51 50 45 42 40 31 36 37 36 35 32 31 34 37 34 33 40 26 14 30 38 42 54 64 70 79 89 94 98 108 110 111 112 118 122 123 124 119 120 123 125 124 124 123 122 124 123 125 128 126 125 126 126 128 128 128 127 125 124 123 120 120 116 107 90 72 58 38 19 40 67 70 54 50 59 62 58 48 36
42 32 29 23 24 26 36 45 47 51 53 59 61 53 49 50 43 39 42 42 35 33 35 31 35 39 40 44 49 34 15 17 26 34 44 54 64 75 85 91 95 100 105 108 112 114 113 113 112 109 112 114 111 111 116 120 121 122 124 125 123 124 125 124 119 120 121 119 116 115 111 103 95 77 62 51 36 29 45 68 86 69 59 59 54 53 54 46 38 29
37 44 46 37 36 27 22 27 29 33 34 39 45 47 49 50 53 39 39 45 43 41 41 34 38 40 44 36 44 59 43 20 19 18 25 36 44 53 69 82 83 90 96 99 99 101 104 106 104 103 106 108 105 104 108 112 113 113 115 115 115 119 121 120 114 115 115 109 102 96 82 63 45 38 35 37 49 70 85 86 59 44 43 42 37 38 35 35 28 23
30 29 31 34 48 45 36 36 31 27 24 27 30 31 34 30 33 36 37 40 43 39 37 44 39 40 42 47 41 45 63 62 40 26 17 20 27 35 45 54 66 73 81 85 86 88 91 93 92 96 96 95 96 98 101 105 108 109 111 112 113 115 114 111 100 95 88 77 64 53 40 28 34 39 50 68 87 88 65 40 33 28 35 40 39 36 29 25 22 19
54 40 38 36 34 31 40 50 52 45 39 37 27 22 29 34 28 30 28 28 35 39 38 38 44 54 48 41 44 43 50 67 61 50 34 21 17 19 20 20 27 33 43 51 54 55 52 47 49 57 59 61 69 76 79 81 83 84 86 86 83 80 74 68 52 43 34 26 18 15 23 34 64 73 79 82 69 37 19 27 27 40 43 43 34 28 34 30 32 29
47 48 58 53 44 41 41 32 38 43 49 54 47 34 30 28 34 30 30 27 25 35 42 37 41 45 57 54 50 45 36 44 59 67 63 48 33 23 19 22 15 16 19 23 25 26 23 17 18 19 18 15 17 22 25 26 26 26 27 26 21 17 13 9 3 3 4 12 25 36 52 70 77 76 60 37 30 36 44 49 53 68 55 53 63 58 58 61 55 51
49 47 52 48 47 46 44 40 39 40 36 40 49 50 44 36 32 33 34 32 29 33 41 44 46 40 42 57 62 62 57 37 44 55 61 61 58 47 33 29 33 30 28 26 23 23 22 17 19 17 18 16 12 10 9 5 9 7 8 8 6 7 10 12 17 27 35 48 65 71 67 67 53 48 52 55 51 56 62 55 56 63 71 72 69 64 65 70 66 61
56 57 52 53 53 46 40 37 41 36 37 39 37 44 45 54 48 40 32 34 40 39 46 43 46 48 42 40 50 65 62 61 45 49 50 53 64 69 56 38 31 30 35 35 34 34 26 23 17 16 15 17 21 21 19 17 21 20 17 17 20 22 33 48 57 63 59 65 68 55 50 55 59 76 79 75 56 48 45 33 33 36 40 42 50 56 57 62 60 58
62 62 58 58 60 54 47 42 37 36 41 42 36 40 41 51 61 54 46 42 41 36 44 43 43 53 52 45 45 56 60 67 65 53 49 54 59 66 66 58 31 25 31 36 36 35 37 49 54 45 33 25 25 28 31 34 41 43 44 48 52 52 57 68 70 65 61 63 55 51 66 73 90 81 69 67 58 54 51 45 47 48 45 39 41 44 43 47 55 53
