183 192 201 190 187 195 199 189 183 183 177 177 181 172 157 147 144 151 136 137 147 136 129 133 132 122 110 107 110 113 116 117 117 132 129 102 99 119 124 120 136 150 150 143 124 122 140 132 115 100 79 70 60 63 66 65 69 71 71 69 74 72 67 79 76 77 104 147 157 112 69 70 87 102 88 74 71 111 127 146 154 139 113 87 73 57 78 71 57 60
191 199 204 182 170 181 191 182 181 187 190 184 175 170 159 142 137 137 126 136 137 126 133 131 118 119 114 109 116 115 113 130 128 116 111 114 124 128 128 136 149 164 152 132 137 146 133 113 94 80 69 60 57 59 84 81 63 61 54 57 69 68 65 79 70 89 102 120 123 97 84 92 81 71 53 62 78 136 135 124 136 137 101 73 59 40 72 94 68 67
188 196 194 185 197 197 189 191 197 191 184 179 175 167 157 149 142 133 133 142 131 123 129 117 104 106 115 116 122 118 103 106 107 108 120 132 135 131 135 150 168 148 131 139 151 130 99 90 81 66 61 68 74 93 92 62 43 46 49 62 69 60 61 74 64 93 99 100 88 75 95 109 79 61 56 49 77 122 122 94 119 138 98 71 63 53 78 95 73 75
185 188 197 200 204 195 188 190 191 185 182 178 176 171 155 138 132 122 136 137 126 128 123 109 98 101 108 109 113 116 110 110 118 122 132 136 131 129 141 158 162 141 127 134 116 84 76 71 68 61 75 89 88 84 55 48 40 46 51 60 60 54 58 60 60 71 75 84 74 69 91 94 66 62 57 45 66 100 95 88 110 127 93 74 76 82 89 81 72 81
197 201 206 198 195 189 186 184 174 179 174 167 169 159 141 141 144 138 143 130 117 117 108 102 112 114 100 98 112 121 131 143 144 137 129 124 127 138 151 154 146 139 119 96 71 66 72 58 54 79 114 79 44 43 45 41 41 55 57 56 54 51 55 53 63 69 82 91 83 76 75 66 62 48 41 44 72 83 74 84 100 87 67 78 93 92 78 66 80 86
197 198 199 198 209 200 184 177 171 167 162 155 153 143 133 142 132 141 140 133 124 113 109 110 111 114 110 123 136 138 147 147 135 123 118 132 153 166 157 132 119 105 82 63 66 68 59 60 84 120 97 38 35 57 55 45 46 62 60 56 66 70 63 56 71 85 94 86 81 79 70 66 64 38 41 58 82 67 67 85 90 55 50 79 87 65 62 84 99 92
193 186 192 194 193 187 182 176 167 158 170 163 143 146 141 121 124 141 138 132 127 116 116 118 122 129 141 151 145 141 141 127 123 121 134 157 160 144 126 108 90 79 67 63 73 67 60 83 91 76 34 24 36 40 35 56 81 72 72 80 79 65 62 78 86 87 76 57 60 66 61 62 59 53 57 78 73 69 73 89 70 52 64 77 63 42 76 117 113 99
185 197 201 186 183 178 174 175 170 172 174 159 148 143 133 132 152 156 142 120 117 127 138 148 155 156 150 137 134 143 140 128 140 149 155 148 120 96 86 72 75 65 54 59 60 48 61 90 69 37 28 34 42 34 46 80 80 77 87 86 76 80 88 96 82 75 63 55 58 60 57 59 71 79 81 76 66 71 79 72 66 59 66 55 39 51 113 136 116 103
183 189 191 195 191 200 195 185 185 181 164 147 154 159 149 152 156 153 129 134 148 157 173 166 150 150 142 128 125 135 154 153 153 145 129 111 93 89 67 55 50 49 43 52 46 41 58 62 51 47 44 47 49 63 84 84 95 102 99 101 95 86 86 79 61 64 65 77 77 65 67 80 92 89 81 69 71 79 75 68 62 57 51 46 58 101 156 145 129 110
192 202 209 218 213 204 191 192 190 175 162 161 158 152 156 164 158 156 168 177 178 174 159 144 135 133 140 144 144 142 147 136 125 109 90 67 56 51 43 38 39 33 34 30 51 68 61 79 80 54 58 72 89 122 136 127 123 132 123 100 82 75 72 66 75 89 94 98 104 106 108 106 90 71 70 77 71 58 47 45 49 52 53 53 94 174 186 151 128 103
204 210 211 205 192 191 184 176 178 180 172 166 160 156 167 170 170 181 190 171 157 155 150 158 159 149 142 134 131 132 131 109 90 75 63 45 41 30 25 20 14 45 64 52 58 79 79 79 76 83 108 131 148 156 148 140 127 118 103 86 83 87 89 97 115 131 140 132 116 110 103 87 71 65 74 76 62 47 46 54 56 54 46 52 116 199 165 137 123 92
205 201 195 191 187 187 182 175 178 179 175 172 170 171 174 168 172 183 176 161 154 157 169 180 168 157 141 116 104 103 101 83 61 51 43 35 37 30 23 18 33 81 83 64 70 83 93 97 106 143 169 171 166 171 165 136 123 109 100 108 123 137 148 159 169 154 144 126 93 76 70 54 44 54 59 50 43 45 53 65 68 52 29 47 126 181 128 119 114 89
195 201 193 186 190 183 178 189 193 181 177 176 181 189 182 168 168 168 171 180 172 158 155 140 108 104 103 96 92 76 59 46 39 45 39 32 20 20 27 39 79 78 74 78 104 122 125 142 173 190 184 165 153 151 151 140 143 147 153 169 180 185 184 164 141 108 85 69 52 45 42 34 38 35 30 28 33 38 41 50 61 49 32 57 123 138 102 100 89 74
205 202 190 183 195 195 197 205 209 201 191 182 186 184 171 172 181 177 167 148 127 109 88 72 57 66 76 74 72 56 39 31 34 42 35 29 20 36 66 97 123 111 129 158 177 180 176 181 175 160 142 132 135 130 135 168 195 206 210 202 167 128 98 61 50 54 55 49 45 41 35 37 45 37 36 35 32 34 39 48 52 43 45 72 103 84 76 77 64 54
205 184 179 188 208 213 215 209 206 199 192 191 189 174 166 179 181 166 127 83 76 76 62 66 74 80 81 59 43 33 32 37 44 46 47 64 85 99 114 126 139 151 151 160 159 140 133 130 119 108 107 109 123 151 173 187 188 173 150 117 69 36 29 24 38 41 40 38 48 57 55 58 49 53 58 53 46 48 54 61 55 43 53 73 84 64 68 68 60 47
190 198 205 199 207 210 212 205 203 193 194 194 177 174 176 153 124 112 95 89 98 92 77 81 77 60 49 36 33 32 39 49 60 63 76 103 128 116 103 91 94 84 62 55 51 50 57 47 55 83 94 96 109 133 146 135 113 86 65 56 54 56 51 45 34 21 17 18 29 44 49 51 56 60 61 62 71 73 66 67 61 61 73 71 69 61 65 64 61 42
210 216 206 202 205 200 196 197 205 191 180 170 161 151 136 106 100 100 92 79 75 69 55 52 43 36 33 28 34 41 45 43 44 54 66 76 65 50 42 44 42 39 35 30 23 26 21 19 23 30 45 58 71 76 67 64 55 58 71 75 71 68 59 48 39 40 40 36 29 25 26 29 40 49 55 55 60 67 68 65 64 57 62 65 57 58 68 73 61 47
220 207 195 193 198 199 197 203 189 150 130 124 126 119 110 101 91 80 66 58 50 44 40 32 18 21 30 44 61 57 43 24 25 29 21 12 15 18 28 35 25 33 47 56 52 53 46 41 40 36 37 38 45 54 54 53 57 55 61 61 55 53 50 49 45 50 56 56 49 39 29 24 21 27 30 29 30 34 39 42 37 47 52 48 49 62 73 73 49 44
203 199 205 202 202 200 175 156 144 126 134 137 132 110 88 84 83 76 66 66 63 56 52 38 28 36 39 46 48 41 61 79 75 80 71 31 16 13 10 19 36 37 46 59 67 82 86 89 99 98 104 106 107 107 96 83 81 64 54 49 47 46 44 46 40 42 44 46 47 47 43 39 27 22 16 15 17 18 20 23 27 43 48 46 56 68 61 45 39 36
209 203 206 198 185 175 164 166 172 147 139 134 125 97 75 74 71 63 48 43 43 36 37 47 59 79 74 67 63 54 81 105 117 96 63 28 17 17 26 59 86 86 88 96 105 119 122 127 138 140 148 153 153 153 143 128 116 99 80 62 49 42 41 46 42 42 41 43 47 49 48 44 41 31 23 21 21 22 21 21 25 42 53 53 54 53 47 43 36 27
194 188 182 175 168 156 149 154 152 134 113 98 92 74 57 42 37 33 34 35 41 44 59 97 120 123 97 84 83 75 106 135 122 86 51 45 25 20 54 104 124 126 119 125 144 158 152 154 166 168 174 177 176 177 173 160 148 134 115 89 65 51 43 41 41 44 47 50 51 50 47 44 43 41 38 33 28 26 27 28 27 29 37 46 46 39 36 37 30 22
176 171 163 161 161 138 106 94 79 73 69 68 61 44 48 54 51 67 93 93 95 113 129 155 157 140 96 75 84 95 123 133 99 70 80 58 11 26 71 110 145 150 137 134 155 174 172 181 189 191 192 193 189 186 181 170 157 147 135 110 83 66 53 42 39 42 47 51 53 54 55 57 51 50 48 43 37 33 30 26 25 21 28 35 29 19 15 14 10 10
169 175 172 148 133 116 89 84 95 90 94 95 92 84 86 90 100 116 143 145 146 164 175 180 177 137 93 78 82 93 119 120 83 85 103 38 10 42 82 120 156 159 141 136 162 188 185 187 194 200 202 204 202 193 184 172 161 146 135 116 94 80 63 44 44 43 46 56 64 66 65 65 64 59 56 53 47 42 36 27 27 24 26 24 13 5 5 6 6 7
183 179 181 158 134 117 113 145 155 130 128 128 130 120 101 91 94 98 125 157 171 173 175 178 169 124 88 74 68 81 110 105 85 117 86 19 69 87 105 142 168 166 142 132 158 192 194 194 205 210 208 210 208 198 189 179 162 150 143 122 91 74 63 51 36 30 33 50 69 77 74 71 69 66 67 65 56 49 46 43 33 31 29 23 10 3 4 5 8 6
188 170 170 158 151 142 160 175 154 126 133 131 116 105 82 77 80 75 96 122 156 179 188 187 169 114 85 65 53 73 102 99 115 122 54 18 76 100 115 130 151 154 140 116 153 200 197 202 210 214 214 210 207 198 193 174 161 148 136 115 88 71 61 48 35 38 42 54 71 88 84 82 80 77 76 74 68 63 59 56 47 39 37 34 24 13 8 9 6 4
182 178 162 152 172 166 168 171 150 132 124 112 94 80 69 68 72 65 78 93 119 159 191 195 168 117 81 57 47 58 87 100 146 113 25 15 30 58 93 119 132 140 137 121 146 191 205 208 216 215 215 212 206 191 184 168 158 146 125 100 76 66 57 41 51 69 73 72 81 93 90 92 92 89 89 89 87 83 76 69 64 53 47 42 33 28 23 19 15 12
190 187 175 178 192 172 167 166 163 136 102 88 84 76 71 69 67 76 91 90 95 128 174 187 152 108 75 51 38 46 82 112 141 86 17 29 6 29 84 130 124 129 133 124 137 186 216 214 213 214 215 213 205 189 181 165 155 137 105 78 62 57 52 41 67 96 95 84 90 102 99 101 103 102 101 100 100 99 93 88 86 73 63 56 48 42 36 30 26 22
187 177 196 213 194 170 178 173 142 122 97 90 86 76 79 88 96 114 120 106 96 110 154 178 146 101 71 51 42 52 79 95 97 60 31 27 0 21 88 135 132 130 132 118 129 187 222 216 210 215 217 212 203 191 184 164 143 116 90 69 61 53 41 44 83 115 108 87 85 102 110 111 113 116 115 112 112 111 109 106 103 95 83 75 64 50 41 36 31 25
183 204 212 197 196 197 183 164 142 123 106 92 81 80 92 113 118 123 118 105 96 98 132 157 127 86 57 37 36 53 73 76 80 38 8 7 5 30 92 127 105 113 130 118 135 197 223 218 216 220 220 210 199 188 180 157 127 94 76 58 52 48 40 63 113 134 118 84 69 99 125 119 121 126 125 122 123 122 117 115 114 117 107 94 80 63 52 46 42 34
203 211 207 193 192 189 169 157 157 129 111 100 105 120 119 121 122 113 104 93 85 84 111 137 107 74 48 30 36 56 72 69 87 58 11 17 29 51 102 112 92 113 136 122 144 203 221 224 221 219 215 207 195 180 168 143 101 72 62 50 49 54 57 89 132 149 133 86 42 77 135 139 134 136 131 127 131 129 123 121 125 136 129 114 99 86 76 64 52 43
194 207 203 195 187 172 162 169 161 136 121 115 126 139 126 114 109 105 100 88 80 71 85 111 101 63 42 34 43 61 66 49 79 66 23 40 65 70 102 103 90 116 132 126 157 207 216 216 216 214 210 201 190 174 154 118 79 55 48 55 69 80 94 124 150 156 142 95 27 52 133 156 151 152 144 139 143 139 132 133 137 143 140 134 122 110 101 84 70 59
199 212 204 200 193 185 175 164 153 137 128 124 128 130 120 115 115 115 104 82 80 71 75 105 98 52 38 38 42 63 77 57 71 81 53 55 90 88 105 102 109 129 133 133 173 216 217 208 210 211 208 196 186 171 142 94 62 44 44 77 106 114 126 144 165 162 153 111 24 32 125 168 159 162 156 152 153 146 137 140 146 141 142 149 139 123 115 96 83 72
213 206 202 207 192 180 166 154 153 144 120 113 121 117 110 112 114 106 84 67 60 60 77 105 111 67 35 42 46 60 86 78 71 88 71 54 69 86 106 110 126 131 130 151 199 225 222 217 212 206 206 198 183 160 114 74 52 51 80 114 127 132 142 159 175 166 159 128 31 15 84 165 168 168 164 158 155 156 147 145 149 146 149 150 145 138 130 120 103 77
203 197 199 193 179 159 161 159 151 129 114 111 116 115 104 100 95 85 68 57 59 66 84 107 114 89 58 53 53 61 86 94 100 102 85 52 49 88 116 136 143 136 149 183 214 228 225 214 213 209 206 193 168 131 89 68 78 103 132 147 148 145 155 175 176 170 178 139 37 3 35 116 167 163 165 169 161 158 158 161 158 154 155 158 154 151 148 144 126 101
209 201 187 174 172 159 157 158 140 116 115 112 104 102 96 96 92 79 65 61 69 81 97 110 112 104 74 60 60 62 81 97 106 106 103 72 53 104 139 153 153 148 172 207 219 223 223 214 207 204 203 180 141 119 111 105 125 153 165 158 158 161 165 176 175 170 184 138 38 1 7 62 152 152 158 171 173 164 160 160 158 158 162 164 161 160 158 154 143 123
195 179 173 175 154 153 157 150 126 109 111 110 101 99 95 93 87 74 66 69 81 98 111 114 117 116 92 71 65 64 77 92 97 107 112 90 64 99 149 154 156 173 200 219 220 214 209 205 201 202 196 165 137 145 156 147 149 166 172 157 158 171 171 174 180 171 179 142 45 11 24 52 134 148 149 156 174 169 162 163 163 169 174 173 170 169 166 158 151 136
175 181 177 165 146 155 153 132 113 109 106 105 100 95 93 92 78 68 66 74 88 106 116 114 114 120 114 96 79 71 76 82 90 95 94 93 107 124 166 169 178 202 216 215 212 204 196 196 196 201 186 167 173 191 191 176 153 157 177 168 161 171 169 174 179 180 178 124 35 32 71 83 125 146 148 148 172 171 167 171 171 171 172 173 174 175 170 163 159 149
181 188 163 130 141 144 133 117 115 113 101 95 91 86 86 86 77 70 70 80 92 107 115 112 117 114 113 102 89 89 94 95 96 83 78 101 161 166 176 181 198 208 209 202 199 196 192 194 195 191 180 179 191 202 199 185 162 133 141 151 157 171 169 171 179 180 173 109 42 68 116 136 135 143 148 143 162 164 162 162 168 162 161 170 178 178 172 166 163 155
186 158 133 124 132 127 127 123 118 103 91 87 88 87 81 77 72 68 70 80 94 107 115 115 118 111 112 110 111 120 121 121 110 94 90 118 171 171 173 186 193 197 198 196 196 194 192 194 195 185 184 193 194 199 204 192 156 87 62 97 141 168 174 172 174 185 179 102 49 96 144 160 143 142 150 134 142 146 150 152 164 162 165 173 183 186 180 173 164 154
161 135 115 124 125 132 128 117 103 86 90 93 91 90 81 78 72 69 71 81 95 108 116 119 118 115 120 121 127 137 138 144 138 124 118 141 166 165 174 182 188 195 196 194 195 193 195 203 198 194 191 196 198 197 192 178 135 53 7 58 124 157 172 173 174 185 173 88 28 75 136 156 130 141 162 137 131 133 140 150 158 166 170 171 178 186 184 176 165 155
126 106 128 149 139 123 113 94 86 93 101 101 91 84 84 82 75 67 71 81 95 111 118 116 120 125 132 131 140 149 145 153 162 157 156 160 166 173 178 179 189 196 196 187 188 197 198 197 199 198 198 198 197 189 176 169 117 30 7 64 101 140 165 171 180 194 172 73 21 90 166 186 136 140 165 159 119 122 135 144 148 162 175 184 179 181 183 181 172 156
112 132 147 142 127 107 91 92 103 106 102 97 92 85 81 80 74 67 77 88 95 110 121 121 121 125 136 139 143 150 156 167 171 174 180 183 180 178 180 181 183 188 189 186 190 197 195 194 197 192 189 186 184 184 175 163 116 27 13 75 92 112 144 164 184 189 149 64 37 111 189 209 181 128 166 173 122 116 119 123 141 161 173 185 180 178 183 187 174 157
142 140 130 123 108 106 102 110 114 100 101 106 97 86 81 76 72 69 81 94 101 111 120 122 121 126 134 138 139 147 163 174 180 183 190 195 196 194 193 191 189 190 190 186 189 192 190 191 198 196 197 194 187 188 183 169 134 59 41 86 80 81 118 155 184 180 125 48 21 65 140 184 152 88 162 197 129 101 101 109 131 161 173 187 186 177 185 196 182 165
141 122 115 119 99 109 118 127 114 100 103 109 99 89 80 72 70 74 83 95 109 115 114 121 121 125 127 130 132 142 159 169 178 181 192 206 213 214 209 203 198 200 200 196 196 197 196 199 203 202 206 211 206 199 187 169 137 92 66 78 63 59 91 139 176 167 106 43 40 83 140 183 153 103 162 195 123 86 87 100 127 163 172 189 191 179 185 197 186 167
128 125 115 113 105 121 124 131 120 116 107 95 94 89 76 71 72 77 86 98 112 117 115 121 122 123 122 127 132 138 152 164 166 173 186 199 204 205 205 204 199 206 211 210 212 215 212 212 212 208 209 222 222 206 185 163 130 107 81 76 59 50 70 121 158 163 107 42 65 132 171 189 170 129 154 170 109 80 75 90 125 162 171 187 192 182 185 193 185 163
132 139 131 123 118 125 124 134 133 116 102 94 92 87 75 77 78 79 92 104 110 118 121 124 123 118 118 126 131 132 140 156 154 157 166 176 182 185 189 192 192 196 199 197 201 205 202 201 200 199 199 207 203 184 165 146 114 92 76 73 55 41 51 105 156 163 107 41 70 143 172 173 163 126 154 157 104 81 66 81 119 157 170 184 191 190 193 196 180 157
141 133 130 125 119 121 127 135 132 103 98 102 96 87 80 82 83 85 99 109 113 120 124 123 121 110 110 112 113 116 120 130 128 128 136 148 157 162 163 162 173 170 167 164 168 174 177 183 183 187 187 186 173 160 150 128 92 72 67 69 53 39 41 98 154 154 98 42 60 115 151 162 141 101 144 139 98 74 64 77 110 151 173 184 188 195 197 194 171 148
132 121 122 118 115 123 134 133 119 103 101 99 97 93 83 82 85 91 103 112 119 124 122 120 117 103 100 92 90 100 101 101 96 95 101 111 118 124 129 131 137 132 130 129 135 142 152 166 180 182 178 173 162 159 149 116 77 66 68 66 53 39 30 84 141 141 86 36 42 85 134 153 113 84 145 138 101 64 63 74 106 149 177 185 183 192 191 183 165 143
108 118 114 110 129 128 132 131 114 93 101 101 103 99 87 85 87 94 107 116 119 121 119 115 107 98 89 84 82 76 82 79 74 72 68 77 79 91 94 102 105 100 96 99 106 108 118 139 167 165 166 161 158 157 134 104 74 67 67 60 52 33 30 74 124 118 70 30 51 95 141 161 118 96 155 149 101 67 60 77 105 145 169 183 179 180 185 177 158 140
102 112 125 131 141 141 146 130 108 102 106 102 103 96 88 85 85 93 106 116 121 121 116 111 105 96 82 73 72 64 63 59 52 49 49 49 54 55 71 77 85 86 86 88 89 85 94 116 140 138 135 138 143 134 108 86 74 64 65 58 47 30 29 64 105 91 45 32 77 122 160 174 135 111 155 140 93 62 59 78 100 143 169 180 176 177 180 169 147 127
138 149 144 136 132 153 153 124 107 113 113 107 104 89 82 83 89 96 106 112 116 117 114 109 105 90 72 60 61 56 53 45 37 30 35 45 48 57 71 83 88 88 89 95 100 99 105 120 121 120 114 117 115 101 87 73 54 51 61 57 43 31 30 54 82 68 34 44 93 121 142 142 94 110 161 131 77 61 64 69 93 138 165 177 176 178 175 160 141 121
165 168 136 132 135 162 139 106 107 112 114 108 103 86 81 88 87 95 109 115 115 118 113 98 89 72 59 46 41 45 51 41 33 29 40 55 62 76 85 102 103 101 99 103 106 110 115 115 102 101 102 105 92 83 82 62 31 43 63 59 43 35 34 49 62 52 31 47 88 115 136 124 72 109 160 130 73 54 62 71 93 132 156 169 171 174 167 152 139 123
154 150 132 151 166 155 122 110 112 110 115 105 99 87 82 87 87 92 108 116 117 124 115 86 63 54 51 43 44 55 66 59 53 49 51 63 96 93 103 121 120 118 117 115 108 113 119 106 87 82 87 97 86 81 80 52 32 52 69 58 44 41 39 50 58 49 33 33 52 87 122 107 67 113 140 107 68 50 58 75 97 129 149 162 164 163 156 146 135 119
140 132 140 164 182 142 119 114 115 111 114 100 93 90 85 83 89 90 102 113 119 126 109 73 54 46 41 40 57 65 62 55 57 59 43 72 127 118 120 129 134 132 130 128 122 128 128 104 77 76 88 105 100 88 78 57 49 62 66 51 44 46 46 56 59 48 34 29 45 80 102 75 53 132 141 91 63 55 61 77 94 124 148 165 166 161 151 146 129 109
134 141 158 169 170 135 123 119 109 108 106 97 94 93 94 88 88 90 102 116 123 118 89 52 45 36 34 39 60 63 56 57 64 39 28 89 141 120 114 132 145 145 141 143 142 145 139 113 77 75 90 107 105 92 79 67 60 62 59 49 48 50 51 60 66 48 36 44 83 114 111 77 88 135 110 66 57 56 62 74 87 116 140 159 163 159 146 141 130 110
143 153 152 158 145 127 115 114 107 107 101 98 98 90 96 91 91 94 103 115 120 105 72 41 33 28 37 44 49 46 53 69 41 45 95 130 142 111 111 124 142 150 149 152 152 150 146 129 98 78 77 83 82 81 75 66 65 60 57 54 55 54 53 61 66 49 33 36 71 89 79 61 94 110 78 62 65 61 65 71 87 110 127 141 147 147 136 131 117 100
166 157 151 145 129 119 117 108 99 99 103 104 98 93 92 93 91 94 107 115 117 101 62 39 28 26 37 41 44 35 53 37 39 108 147 152 134 107 107 123 142 159 158 162 157 158 159 145 123 96 70 65 64 60 62 62 64 58 57 59 55 53 57 63 62 46 41 52 61 57 32 41 90 80 68 66 69 66 65 74 83 99 114 135 139 128 127 124 111 92
163 154 146 135 115 110 114 105 100 100 101 98 93 92 93 92 89 93 108 117 119 98 58 37 26 32 40 37 34 48 49 17 37 78 122 147 114 96 103 117 133 158 162 164 161 162 160 149 136 115 86 67 58 57 61 57 58 54 55 58 55 53 57 63 65 47 48 71 70 52 35 46 79 73 72 72 67 65 70 74 75 97 117 132 132 125 122 113 99 80
152 142 123 115 115 111 104 98 99 98 97 93 92 94 95 92 93 98 109 115 109 81 44 32 32 30 37 45 39 55 52 56 36 12 50 118 115 91 98 111 124 154 164 166 166 168 162 157 150 136 108 82 65 65 71 68 61 56 56 58 57 56 61 67 67 47 47 65 51 32 39 62 66 69 75 76 70 67 69 70 73 99 118 126 126 125 120 104 87 70
148 135 111 106 111 102 95 97 97 96 94 94 95 96 95 93 93 97 105 107 96 64 38 39 39 35 36 43 51 62 35 44 27 0 19 83 124 91 91 101 119 148 164 168 170 172 165 165 162 150 127 103 80 72 78 80 72 65 59 58 59 61 67 72 73 41 26 27 19 19 37 57 68 75 75 73 74 71 67 69 80 104 116 116 117 117 108 90 78 68
130 113 101 101 95 92 97 99 98 95 93 95 97 95 92 92 95 99 106 107 90 56 35 40 41 38 40 42 65 66 17 3 0 6 15 68 120 81 76 92 114 146 167 174 171 172 167 169 161 152 135 114 90 77 80 82 77 70 62 59 61 64 69 75 66 27 8 1 10 30 46 62 79 81 75 70 71 71 71 74 80 103 111 109 110 105 91 77 71 68
86 87 90 96 93 92 97 97 100 96 93 94 94 90 89 92 93 97 104 107 89 55 35 36 37 35 46 53 75 60 17 4 12 12 26 89 105 71 69 84 106 146 170 177 171 169 168 169 159 154 140 119 97 85 84 81 73 69 63 62 66 69 71 75 58 18 4 1 20 42 57 73 79 76 75 73 69 71 75 76 85 105 115 111 107 95 79 70 68 70
70 82 89 94 95 90 90 95 96 95 93 92 91 89 89 93 96 97 103 103 82 49 32 30 37 44 49 53 69 50 19 12 24 31 58 104 96 78 69 65 97 147 168 173 170 170 169 165 162 157 143 124 104 92 87 78 66 62 58 61 71 76 72 69 39 6 3 17 43 57 67 74 74 72 73 75 73 72 77 80 94 103 110 104 92 82 72 67 71 75
91 81 77 84 88 88 90 89 89 93 92 90 90 91 92 96 95 94 98 97 74 47 39 39 45 56 48 49 61 42 25 38 48 64 76 82 90 87 68 62 91 147 163 165 169 172 170 163 156 151 139 126 110 98 90 80 62 55 49 57 74 80 71 62 20 6 23 49 67 65 70 69 75 74 72 73 77 77 80 90 87 86 89 83 72 71 73 71 73 80
75 70 69 75 81 84 87 88 88 87 88 89 90 90 91 93 90 91 95 91 72 48 41 48 59 66 52 49 56 53 25 42 79 77 63 69 83 83 67 61 100 144 161 161 167 170 170 162 153 149 136 126 115 100 90 78 60 51 47 53 69 83 77 61 20 17 38 61 68 71 70 71 74 74 74 75 77 79 79 75 78 78 75 73 71 72 73 74 78 78
59 60 63 67 72 78 83 85 86 88 90 90 89 88 89 91 95 92 96 93 73 49 45 56 71 68 58 49 53 61 30 31 71 67 54 63 79 78 64 62 100 144 163 162 161 160 164 161 149 145 139 132 116 100 88 75 59 50 43 52 69 84 83 61 24 32 55 71 73 73 71 71 69 73 78 79 77 76 75 74 75 76 75 71 70 71 73 74 74 72
50 55 61 65 70 76 81 82 86 86 87 88 90 91 92 91 90 87 93 95 80 57 49 59 72 70 65 56 49 60 39 23 40 45 48 66 80 74 61 69 120 148 163 163 161 160 162 156 148 144 138 125 107 96 88 74 58 53 46 55 68 81 87 67 47 60 76 79 76 76 75 76 75 77 79 78 72 68 68 70 69 71 71 70 71 75 76 75 70 67
47 51 57 63 67 71 73 72 75 80 84 84 83 86 89 91 87 85 90 94 88 66 46 48 60 74 69 65 50 47 44 25 22 35 48 67 74 67 68 94 132 145 154 158 161 163 163 154 143 142 134 118 101 93 83 68 56 52 48 55 64 72 76 65 71 81 86 80 78 80 79 79 73 71 72 74 74 73 74 76 72 73 73 73 75 78 75 69 60 57
45 51 56 57 59 65 67 64 69 71 73 74 77 81 83 83 82 83 85 86 92 78 49 44 60 77 71 69 57 44 43 33 26 38 54 70 71 68 80 116 134 142 151 154 153 153 152 145 141 137 126 110 99 88 75 67 62 56 53 51 57 63 63 69 81 89 90 86 84 82 79 77 75 74 75 79 79 76 73 71 70 73 73 72 72 71 66 60 58 57
42 52 56 53 53 61 65 61 53 59 66 69 70 71 73 74 72 75 79 81 93 88 57 47 73 78 72 68 67 55 43 40 31 39 58 75 76 77 88 117 130 136 146 150 151 152 149 141 139 130 117 105 96 82 69 70 62 58 54 38 34 42 53 79 92 98 97 94 89 82 78 75 72 73 75 77 76 74 71 69 69 71 73 70 67 63 59 56 55 54
38 44 49 51 52 57 60 59 60 58 56 55 55 59 64 69 64 67 75 75 83 83 60 52 75 77 73 68 72 65 53 47 37 42 62 77 76 81 90 112 126 131 138 142 146 149 142 133 126 119 113 104 93 79 66 67 65 64 57 40 34 43 61 86 96 100 96 91 85 79 79 74 69 70 71 70 69 69 71 71 75 74 71 67 61 56 53 52 51 50
37 36 43 54 59 56 55 58 68 67 67 64 60 56 56 58 58 58 67 66 69 74 64 61 65 75 73 71 72 66 66 53 42 49 72 85 76 80 87 103 110 118 126 129 133 138 134 128 120 115 111 95 81 76 69 68 67 65 55 49 54 64 73 76 85 88 85 82 77 76 78 71 68 69 70 68 67 70 72 72 71 65 58 54 52 50 47 46 50 48
40 40 45 45 60 63 61 58 62 76 85 83 76 67 60 58 54 53 55 62 62 64 70 63 61 71 77 73 68 72 68 57 51 60 79 89 84 80 87 93 98 103 110 116 121 127 125 117 118 109 96 86 79 75 71 68 65 63 59 56 56 60 67 74 78 78 78 76 75 75 73 68 67 70 72 71 71 73 74 70 57 43 44 45 42 41 38 39 44 43
44 36 44 42 41 55 57 62 60 58 71 80 72 73 77 69 63 60 59 60 58 62 66 60 61 67 73 73 70 72 71 63 55 69 83 87 83 81 86 91 97 96 100 107 112 115 114 110 105 102 95 87 81 76 73 72 70 67 63 61 62 65 71 77 78 79 77 75 74 73 71 73 71 72 74 76 74 69 60 51 41 37 39 35 31 33 34 36 39 39
45 42 44 44 32 41 42 47 50 50 53 57 60 61 65 71 69 69 69 63 58 56 55 59 59 61 68 72 73 72 70 65 65 74 81 83 84 83 84 88 93 91 93 99 104 106 105 101 97 94 89 82 78 76 77 77 76 74 71 70 70 70 72 76 79 79 76 75 77 75 72 75 80 80 82 78 64 48 37 32 30 27 25 22 26 33 34 35 34 34
39 46 36 40 39 36 38 40 40 39 41 46 49 48 46 45 50 52 54 52 54 50 44 53 59 58 61 65 68 69 68 65 68 73 79 83 81 78 81 89 87 89 92 94 97 100 99 93 92 90 87 84 83 82 79 76 72 71 71 73 74 73 73 75 73 75 74 73 75 78 82 86 84 72 59 48 33 22 21 24 22 22 21 21 23 22 23 27 31 31
36 42 32 32 46 41 42 40 41 38 34 37 44 48 43 36 41 39 42 46 51 54 49 44 54 56 57 57 58 63 67 68 71 68 72 78 78 78 80 81 81 84 87 88 89 91 92 88 88 86 83 80 81 81 78 74 69 69 69 70 71 70 70 70 80 78 80 82 85 87 83 73 40 22 8 8 12 15 16 15 18 21 21 24 26 23 19 18 21 22
47 38 37 25 35 39 41 42 43 44 39 34 38 43 45 47 40 39 43 44 40 48 53 38 42 50 56 54 53 57 62 66 64 65 71 73 70 73 77 75 77 77 80 83 82 82 84 87 84 84 81 77 76 77 78 78 79 80 79 77 78 79 80 79 81 80 86 86 75 61 41 19 3 4 10 18 19 18 19 21 19 20 18 20 26 28 26 19 20 20
51 43 45 30 24 35 42 48 45 44 51 50 39 39 47 45 42 47 42 43 41 44 53 44 36 45 52 53 52 51 53 56 59 60 62 65 67 70 72 70 74 73 75 78 77 77 81 84 80 84 85 83 80 80 80 79 82 86 85 82 82 85 85 82 78 73 69 57 37 22 17 14 18 18 20 22 21 19 17 15 18 19 16 16 15 18 26 25 20 20
40 52 59 53 35 37 38 41 49 54 53 52 55 47 41 46 54 56 35 39 51 44 44 43 40 44 46 48 48 47 47 50 54 54 56 62 66 65 66 71 69 71 73 73 73 76 79 78 80 82 82 79 77 79 80 80 76 80 78 71 67 65 60 54 49 38 31 32 32 26 23 23 22 21 19 16 12 14 16 15 17 11 9 17 18 20 28 28 24 23
55 45 57 78 65 45 37 41 40 46 59 58 58 62 53 51 52 53 39 36 56 54 38 43 44 49 45 33 33 32 34 33 36 41 51 59 58 61 68 63 68 67 71 72 71 66 70 66 61 57 50 41 49 43 37 34 32 26 24 19 17 17 15 19 26 23 21 23 31 40 37 25 17 14 12 7 4 3 3 10 14 22 36 40 32 29 33 36 27 23
61 55 54 58 77 71 59 47 42 43 51 63 60 61 72 68 57 54 49 32 39 55 42 34 41 52 58 42 40 42 36 29 30 37 44 38 50 50 45 43 44 44 47 47 50 50 48 33 17 10 21 40 28 14 1 3 2 0 2 4 5 7 10 17 22 18 22 25 23 29 34 30 11 5 9 18 27 30 28 29 32 26 26 25 21 19 19 17 26 24
57 59 60 60 63 76 76 63 53 47 46 52 64 65 63 76 73 59 54 40 41 55 47 39 30 46 59 63 63 46 35 31 22 27 35 17 29 29 30 41 44 32 26 29 34 31 31 23 13 29 63 69 33 13 3 10 9 5 6 11 15 17 17 21 19 17 20 21 16 16 25 32 35 29 37 45 42 35 26 21 21 15 13 13 11 11 14 15 24 24
68 66 70 74 62 76 84 76 73 60 58 55 58 61 56 68 75 76 67 56 52 54 51 42 38 43 58 68 78 63 43 37 31 24 25 12 12 13 19 30 32 22 19 22 25 20 23 18 15 65 101 56 18 17 16 8 2 8 16 18 15 12 12 14 16 19 17 20 27 29 35 47 50 44 45 43 33 24 18 18 14 11 13 14 11 10 12 14 17 19
79 75 75 74 81 76 78 81 84 89 76 66 62 55 61 71 69 81 83 78 69 59 51 43 47 41 54 42 58 86 73 52 48 44 34 26 6 2 3 7 7 15 24 23 26 28 29 14 14 45 60 20 9 21 17 6 9 18 24 23 22 25 30 31 35 38 35 38 49 52 51 57 54 49 46 42 42 40 34 32 31 25 20 19 17 14 11 8 16 20
79 79 75 75 81 74 70 78 79 94 93 85 86 75 61 65 66 69 83 88 84 78 60 44 45 43 41 24 21 56 85 60 59 70 65 64 39 33 21 12 2 7 11 9 11 14 19 9 7 6 5 6 13 29 19 17 33 35 32 31 36 44 51 48 51 51 53 57 59 61 59 57 64 64 64 60 62 60 50 46 44 38 30 24 20 17 15 14 18 21
88 86 80 84 78 80 76 77 76 73 97 106 104 101 78 63 69 72 82 81 85 96 82 55 43 39 27 23 7 15 69 75 63 67 71 80 82 92 79 63 50 42 35 27 21 14 17 12 15 21 18 18 25 39 31 26 35 39 38 38 38 38 43 42 42 44 51 57 57 58 61 61 60 60 62 59 56 56 54 56 47 47 43 34 26 23 23 24 16 16
96 94 96 89 83 78 83 84 82 77 83 99 105 104 104 97 87 91 88 89 91 93 96 84 63 42 32 25 12 8 45 87 92 70 64 61 68 92 100 96 85 87 89 83 78 72 70 58 52 62 61 49 52 42 38 40 39 36 30 31 32 31 37 39 44 47 50 51 50 47 48 55 53 48 51 53 49 49 50 51 48 51 50 45 39 36 32 28 22 21
116 106 102 102 96 92 91 87 85 83 77 79 87 98 111 108 98 88 83 84 83 84 91 99 94 73 54 31 21 15 24 46 79 95 93 75 58 54 71 92 79 72 68 71 77 83 83 73 70 81 81 67 56 49 50 57 58 51 44 34 31 32 29 35 40 38 35 32 30 33 37 39 42 49 55 50 51 49 49 46 50 51 51 57 61 53 53 40 34 29
135 119 113 115 114 111 107 99 96 94 84 80 80 89 103 104 104 97 94 90 80 75 83 93 94 90 84 62 47 31 21 22 39 75 104 108 89 64 60 69 88 84 69 48 37 42 45 32 25 40 45 41 38 36 40 49 51 53 57 55 52 43 27 24 13 14 16 18 24 34 44 49 52 56 57 50 52 51 52 49 48 51 54 64 73 70 72 62 49 42
