30 26 28 28 31 42 33 28 36 35 40 52 58 58 56 47 40 37 36 31 34 32 41 39 42 36 40 39 41 38 38 38 35 34 38 42 35 45 64 58 52 44 49 78 132 191 214 223 222 229 226 226 231 229 228 229 227 225 227 228 229 231 232 229 229 229 228 230 231 230 229 231 230 230 230 231 232 233 232 232 232 233 234 234 233 233 235 236 232 233
62 35 27 31 33 46 40 33 49 44 34 38 52 56 46 31 36 37 27 26 31 41 46 50 52 43 29 33 43 37 41 39 39 44 51 52 50 62 69 56 56 49 64 47 80 159 172 182 230 227 230 230 230 231 229 229 228 232 232 230 232 232 229 228 226 227 228 230 231 230 228 229 230 231 231 231 233 233 233 233 234 234 233 233 233 233 233 234 231 233
57 50 25 26 39 41 37 45 43 40 40 43 44 50 55 48 36 35 31 25 44 38 38 35 46 44 31 30 37 30 37 41 37 47 57 54 53 62 64 58 50 53 89 68 53 114 151 147 129 160 201 222 225 229 231 227 231 231 228 227 230 228 227 232 234 233 231 228 228 229 229 230 230 231 232 232 233 233 233 234 234 233 233 234 235 235 234 233 234 236
48 63 32 27 38 36 37 38 35 30 35 44 39 33 35 32 36 35 28 33 43 38 29 25 30 34 37 28 28 27 29 33 34 41 49 42 37 44 57 76 67 60 54 58 64 71 98 115 101 115 116 154 217 237 229 228 230 230 230 231 232 232 231 231 228 230 232 232 231 231 229 227 231 232 233 233 233 233 234 235 234 234 233 234 236 236 236 235 231 232
39 67 46 31 33 32 31 35 55 50 38 42 52 40 28 31 34 34 33 35 38 35 33 28 28 31 37 32 32 31 30 27 34 36 44 47 48 48 48 60 64 52 56 63 64 61 90 120 126 154 147 130 160 205 225 230 229 229 232 230 226 230 234 229 230 231 233 233 232 233 233 231 232 234 234 234 234 234 233 234 234 234 235 235 235 235 236 236 235 236
31 55 52 36 35 36 26 38 63 59 42 39 48 44 33 30 36 37 44 35 34 29 41 36 32 33 32 35 35 27 34 30 34 39 50 53 51 49 51 57 65 66 74 63 54 50 80 110 101 127 159 160 159 173 185 200 215 214 221 232 234 230 230 232 230 229 232 234 232 232 233 232 233 234 234 234 234 234 234 234 235 235 235 235 234 234 234 235 235 235
46 45 45 44 39 43 37 32 52 50 42 41 50 55 47 30 36 38 40 42 30 31 40 43 30 32 29 30 32 25 34 35 35 37 43 47 45 50 63 65 71 64 65 63 64 51 69 89 87 117 134 146 168 174 168 164 171 179 182 197 225 234 231 238 237 234 235 237 233 232 233 233 233 234 233 234 235 235 234 235 235 236 236 235 235 234 234 234 235 233
49 55 36 38 42 38 40 40 45 51 42 37 50 57 51 43 33 29 41 49 46 29 33 33 35 34 32 27 36 38 38 41 39 36 38 45 41 47 62 60 56 49 61 51 58 58 60 65 89 123 137 155 154 155 175 155 150 179 169 163 204 231 217 205 205 208 220 233 236 235 234 233 233 233 233 233 235 235 235 235 235 235 236 236 236 236 235 235 237 235
54 65 45 31 41 45 37 40 49 54 41 43 52 46 45 51 49 39 40 45 49 35 29 34 34 37 38 47 55 53 50 51 49 44 44 43 46 54 56 56 61 50 55 53 60 59 63 68 77 100 131 150 159 166 168 163 165 169 163 182 199 186 158 125 105 95 124 187 234 239 234 234 234 234 234 234 234 235 235 235 236 235 235 235 235 235 234 233 238 236
53 64 52 41 48 51 41 37 43 48 45 47 47 45 50 51 50 40 35 36 44 38 35 40 45 55 55 55 58 55 53 54 47 50 56 58 56 59 69 75 83 80 87 91 94 91 91 93 89 89 105 135 157 165 171 178 184 152 146 169 147 145 183 166 74 65 64 105 228 240 234 237 234 234 234 234 235 235 235 235 235 234 234 235 236 237 237 236 239 238
43 51 48 40 43 46 41 36 47 51 49 49 47 47 53 49 35 36 35 34 41 36 37 44 44 52 48 45 53 58 55 48 63 78 83 87 93 102 119 129 134 139 143 149 144 139 135 133 125 118 114 121 134 145 158 173 176 177 171 169 136 152 232 242 85 67 59 97 228 235 236 234 234 234 234 234 235 235 235 235 235 235 235 236 237 238 238 238 237 237
31 36 40 36 38 39 40 43 56 55 46 43 45 43 41 35 32 39 41 41 47 39 38 44 46 51 54 68 89 100 85 58 85 123 139 147 160 164 169 170 171 179 174 178 168 164 160 158 146 151 147 138 136 139 145 152 163 174 175 175 145 148 192 176 78 56 80 162 240 236 237 232 234 234 234 235 235 235 235 235 236 236 236 237 237 238 238 238 238 239
34 30 38 40 45 39 41 49 56 50 44 48 54 51 44 39 45 46 43 46 55 47 47 50 58 74 97 117 129 135 128 107 108 144 161 168 174 174 179 176 176 182 174 177 169 168 166 165 160 159 153 149 149 146 144 148 149 153 158 159 134 124 133 110 118 144 180 236 241 234 235 239 235 235 235 235 235 235 235 235 236 236 237 238 238 238 238 237 240 242
45 28 34 38 46 38 38 45 55 48 52 61 60 55 51 47 54 56 57 63 70 64 73 81 104 118 136 150 154 160 164 155 149 156 163 170 171 173 179 174 178 182 177 177 175 174 171 169 167 165 160 160 161 157 150 147 148 149 147 151 146 133 142 158 192 232 243 244 229 232 234 233 235 235 235 235 235 235 235 235 235 236 237 238 238 238 238 238 238 241
51 24 31 36 42 33 33 33 36 37 47 56 55 53 57 64 72 81 90 97 97 92 111 123 134 148 159 163 165 168 171 167 173 165 164 168 172 177 181 179 187 186 186 181 184 181 177 176 176 177 177 175 174 173 167 160 158 155 148 150 154 157 159 158 164 185 207 228 241 244 240 234 235 235 235 235 235 235 235 234 235 236 237 238 239 239 239 239 236 242
51 23 35 42 45 34 32 25 28 37 45 49 54 56 66 86 96 104 112 118 117 114 135 144 144 158 161 160 166 167 164 158 147 152 157 160 168 174 176 185 192 188 190 181 188 185 182 183 186 180 180 184 184 181 177 173 170 168 154 150 150 148 152 154 147 147 151 163 188 216 238 246 235 235 235 235 235 235 235 234 237 237 238 238 238 238 239 239 240 247
42 40 47 56 38 34 31 27 31 38 44 49 52 60 71 100 115 134 124 127 131 137 151 157 156 159 163 165 163 158 162 153 119 114 143 157 156 161 164 178 188 191 190 191 192 188 187 186 191 186 182 185 186 183 181 179 176 171 167 162 156 155 156 153 160 155 147 144 144 149 176 212 241 242 235 233 235 240 234 238 237 236 237 237 239 238 234 240 239 252
62 60 59 50 32 35 34 33 36 39 50 61 62 70 86 113 135 150 150 155 155 159 169 171 169 172 169 167 174 171 160 134 106 103 133 150 145 143 152 175 186 190 188 190 194 195 195 193 191 188 184 187 189 188 188 185 182 178 175 172 163 158 159 160 159 163 165 161 153 144 141 145 178 226 242 241 234 234 239 237 238 239 242 239 238 240 239 244 240 252
59 50 43 41 39 45 44 50 48 52 62 76 78 84 102 134 157 165 172 178 172 176 182 181 179 183 179 176 184 179 154 112 97 111 136 144 139 134 140 160 181 190 192 193 197 200 200 196 194 192 189 191 193 192 192 187 183 182 180 172 163 162 162 159 161 161 163 167 167 160 148 135 126 152 200 236 238 237 233 233 236 236 238 237 239 245 245 244 241 253
36 36 35 42 46 43 45 54 53 58 61 73 81 88 111 153 175 175 181 185 178 183 186 186 189 190 191 190 186 170 145 107 97 126 137 128 129 132 136 148 175 189 196 198 199 201 202 197 192 193 191 193 195 196 196 190 189 182 179 178 171 162 156 151 158 161 163 163 164 164 160 157 148 129 127 181 230 242 237 238 239 237 239 239 239 242 242 237 246 247
30 40 33 34 39 39 50 55 60 66 69 82 92 104 134 176 189 187 189 192 188 193 193 196 195 194 192 191 179 146 123 106 108 132 139 127 120 117 121 140 175 187 195 198 199 201 204 202 199 199 195 193 193 193 193 188 186 184 179 173 168 167 162 152 149 161 165 161 165 168 162 157 153 146 128 125 163 224 243 236 240 239 241 242 238 237 240 240 247 220
24 29 27 35 45 44 59 63 67 75 89 111 117 131 158 181 188 188 189 193 192 196 194 196 195 197 193 194 186 141 114 110 110 118 128 119 97 82 96 134 183 186 190 196 197 198 203 204 202 202 196 194 193 194 196 191 188 182 179 176 169 164 162 160 154 153 153 163 176 172 165 169 159 161 141 132 122 155 223 245 240 237 235 239 240 240 242 241 255 204
32 27 38 46 51 50 65 78 78 91 113 141 149 163 180 186 191 192 192 197 196 199 200 200 199 205 202 198 180 132 102 96 103 115 123 93 59 55 94 159 180 179 184 195 198 196 201 204 207 206 201 199 196 194 194 189 188 188 188 181 172 167 161 153 151 160 161 156 160 167 169 167 160 163 160 150 128 117 151 218 239 240 235 237 241 241 241 237 249 197
48 39 56 55 61 68 72 76 88 104 124 152 167 184 197 200 192 193 191 195 192 196 201 201 199 204 207 197 169 127 106 93 105 121 109 58 42 63 100 159 167 168 178 197 201 196 201 207 205 206 204 203 201 197 194 189 187 183 179 173 166 164 162 159 148 152 157 159 158 158 160 162 164 158 163 159 150 130 111 155 229 241 243 241 241 239 242 243 254 216
42 60 65 62 69 71 88 93 109 138 158 166 178 187 192 199 197 197 193 193 195 197 203 204 201 200 205 189 152 108 98 92 99 115 87 53 45 76 111 145 160 153 170 194 199 198 199 206 209 208 206 206 206 201 193 188 188 187 179 170 164 161 156 148 150 157 154 156 166 169 166 165 163 159 164 159 150 148 132 112 162 231 244 235 240 238 241 238 253 217
53 73 71 72 71 84 105 123 136 155 170 177 186 190 192 196 200 198 195 198 199 198 202 204 206 204 199 189 165 112 87 87 116 103 58 48 47 87 116 132 143 147 156 191 201 200 199 201 210 210 209 209 209 203 195 191 186 179 171 167 162 154 147 140 142 146 152 158 163 165 164 164 167 159 157 152 151 155 146 131 121 169 232 252 243 242 241 242 250 215
56 52 56 81 86 96 122 146 156 167 180 189 195 197 198 202 201 199 197 202 203 200 202 205 201 209 204 190 166 110 80 85 110 88 51 48 86 116 128 139 153 139 134 188 204 202 195 200 209 209 209 209 207 201 194 189 185 178 169 160 150 138 129 125 114 117 135 155 164 169 169 167 164 164 165 160 155 155 152 148 128 118 173 221 237 246 240 242 255 198
44 62 78 88 109 124 150 163 170 178 190 198 198 198 199 200 201 200 199 203 204 202 204 205 204 200 194 188 161 103 70 77 111 85 45 57 93 137 152 148 149 128 122 189 200 199 193 203 212 212 212 210 206 200 192 186 182 174 162 151 144 131 109 95 84 90 100 121 140 156 168 166 163 162 159 156 155 155 154 154 153 123 116 136 170 202 222 240 251 202
48 56 83 105 125 143 170 178 184 190 197 200 198 199 201 199 202 204 202 203 204 205 206 204 205 204 197 185 154 104 68 66 96 76 37 41 52 94 151 157 140 133 116 182 194 197 198 202 215 214 213 209 204 197 190 182 173 166 155 138 121 101 79 70 80 101 105 119 134 140 157 163 163 164 161 160 161 159 156 155 152 150 133 118 115 117 139 171 206 214
48 62 77 108 137 163 176 191 193 197 200 199 200 205 207 204 206 208 205 204 205 206 207 202 205 200 189 183 153 96 52 58 86 57 61 64 56 64 121 166 136 135 106 179 196 189 202 206 217 215 212 208 201 194 185 176 166 154 140 115 92 75 71 86 133 148 129 129 150 155 157 157 157 159 157 160 163 163 165 165 157 157 148 127 119 124 122 119 123 149
56 58 67 98 133 170 181 184 200 203 203 201 203 206 206 205 208 209 206 206 208 207 206 202 198 201 195 185 149 92 49 61 80 59 78 70 37 62 111 163 123 117 106 183 195 183 201 216 222 217 214 209 200 192 180 168 156 138 116 92 82 91 116 153 176 146 94 91 138 161 160 172 167 165 163 168 172 172 172 166 166 159 157 143 124 120 125 131 127 126
47 50 60 78 123 156 179 191 199 204 206 204 204 203 203 206 208 207 205 208 210 208 206 202 203 194 187 187 153 96 52 63 73 54 38 31 36 51 106 155 131 109 114 179 186 191 207 217 222 217 212 206 196 186 172 158 135 113 94 90 112 138 153 172 168 157 104 65 112 171 176 179 174 175 171 169 165 166 175 176 174 168 162 156 138 119 119 126 132 129
49 48 63 76 116 157 174 191 196 205 208 206 207 206 203 206 209 209 205 208 212 209 205 200 201 193 192 179 161 97 50 62 71 49 39 46 59 58 113 141 125 97 128 171 180 201 215 219 215 216 207 201 193 180 162 139 116 99 102 124 152 170 172 175 167 177 157 59 77 162 183 186 183 181 182 172 169 171 169 179 179 176 169 164 154 133 117 116 124 131
45 52 68 82 104 154 170 181 189 198 207 208 207 206 207 211 211 209 206 209 211 209 206 200 199 191 186 178 164 105 54 64 67 56 52 60 74 90 134 139 119 87 137 176 181 210 212 211 212 211 204 196 185 169 147 125 111 116 139 164 176 176 175 182 172 181 171 73 45 120 163 182 184 184 185 178 171 169 164 167 174 175 173 171 167 151 130 117 120 128
35 46 67 91 99 154 166 170 188 195 204 209 207 206 208 210 212 208 205 208 209 207 206 199 196 191 181 178 165 116 62 66 71 63 53 73 99 117 139 143 108 98 151 182 192 217 205 207 208 205 202 191 175 157 135 121 134 157 178 181 181 181 179 181 172 173 166 84 34 88 129 152 165 170 176 177 175 171 167 164 173 173 172 172 172 166 147 127 116 118
31 34 56 89 102 153 166 168 182 189 195 202 208 208 209 210 210 205 203 207 206 204 204 197 194 191 182 179 164 127 74 67 79 70 54 72 91 109 125 138 100 123 165 191 200 209 202 204 199 196 196 183 165 152 138 135 160 176 181 179 185 187 180 176 177 177 164 92 52 81 108 131 146 157 164 170 174 171 169 167 170 169 169 169 171 174 164 146 123 111
40 35 53 80 105 147 166 172 178 187 188 195 206 206 206 208 208 203 202 207 205 202 202 196 193 190 183 180 164 139 93 73 85 82 69 64 61 99 127 128 110 145 179 200 198 197 197 193 192 186 185 174 162 157 154 159 166 179 185 183 184 189 188 181 180 182 159 89 73 95 114 125 134 145 147 153 163 166 167 168 166 166 170 171 171 176 174 164 142 118
50 46 62 77 106 138 161 169 177 190 188 193 204 203 203 207 206 202 202 207 206 201 200 196 193 187 182 177 167 150 114 87 86 92 81 69 73 117 137 127 134 167 190 199 196 193 186 188 193 185 179 173 170 172 175 179 182 166 164 178 185 184 186 183 180 185 159 86 77 109 139 139 129 136 137 138 147 157 163 170 168 169 174 174 170 171 172 169 158 135
47 46 61 72 99 124 147 159 169 185 186 192 201 202 205 207 202 201 200 204 205 198 197 196 193 184 181 175 169 154 130 108 108 107 92 84 101 136 149 152 160 183 192 193 192 191 185 191 193 186 177 176 178 181 184 184 180 169 148 149 169 185 191 188 185 185 153 88 77 125 169 167 138 132 131 129 136 152 155 156 166 171 176 175 171 170 171 171 165 153
39 36 48 62 86 109 134 151 166 180 182 189 196 197 201 198 199 199 198 201 202 196 193 195 191 184 183 174 171 152 138 125 129 125 123 118 127 147 161 168 177 186 189 192 182 186 195 193 188 184 174 176 178 178 180 176 171 171 126 103 138 173 183 187 185 188 158 100 69 110 156 162 123 126 140 131 117 127 141 152 156 166 176 179 178 178 176 174 166 166
50 41 35 51 85 103 119 138 160 173 177 183 193 195 195 197 197 197 199 199 198 198 197 194 188 190 182 177 174 157 140 141 146 148 148 148 151 154 162 173 177 178 188 191 187 190 192 188 184 182 181 181 180 179 177 174 172 161 133 79 107 153 178 187 186 196 152 104 74 113 170 170 109 119 139 137 126 115 130 138 148 163 171 175 179 182 183 179 167 159
57 42 37 53 81 99 104 132 153 168 175 181 190 192 193 195 193 193 195 195 194 194 193 190 189 185 183 182 176 164 155 151 156 163 168 170 173 175 178 183 181 186 188 188 190 187 184 186 187 186 186 186 185 183 181 180 173 171 150 99 92 136 170 182 186 191 151 103 85 133 190 191 167 135 138 143 134 114 119 130 141 156 165 171 179 185 187 182 175 164
40 43 43 49 66 84 107 129 147 165 174 179 186 188 189 190 191 191 194 196 197 197 195 194 190 182 181 181 175 169 166 162 162 170 181 190 193 191 190 192 190 193 189 187 190 186 183 189 188 187 188 189 189 187 183 180 178 176 165 138 98 120 157 182 188 186 151 110 93 122 180 191 159 130 141 146 135 113 113 123 130 148 161 170 179 186 188 183 180 168
36 43 53 52 60 96 100 127 139 160 171 178 185 188 190 191 191 190 191 193 193 191 188 188 187 183 180 181 179 173 166 163 166 172 186 200 205 201 199 201 198 195 194 197 195 193 195 196 191 191 192 196 202 205 200 192 184 182 175 163 120 119 143 170 183 188 153 100 75 100 175 199 175 153 155 153 143 120 112 112 124 146 165 175 182 186 188 185 181 163
40 36 49 71 49 83 97 112 142 161 173 180 186 188 189 189 188 188 188 191 193 191 188 189 189 185 181 180 178 174 168 165 167 175 190 203 210 210 208 207 202 194 191 194 192 194 204 204 203 203 203 205 212 219 215 205 194 181 168 164 137 109 118 148 173 188 158 92 89 151 213 212 196 154 146 154 147 117 110 109 119 143 163 176 183 186 188 186 188 162
48 63 48 57 61 70 111 126 133 151 164 174 181 184 186 187 193 194 193 193 195 192 188 187 188 180 180 181 175 172 169 161 159 171 185 195 202 208 206 198 197 193 185 186 188 189 198 202 201 201 200 197 199 205 204 199 189 185 174 158 144 113 107 119 141 175 167 84 72 152 204 209 177 127 135 157 145 114 109 105 119 140 162 179 188 190 191 190 185 160
55 74 77 64 73 69 98 116 133 150 164 175 181 182 186 187 188 191 191 191 194 193 188 187 180 177 179 180 175 168 161 152 151 159 172 183 189 193 191 185 186 189 183 185 188 184 187 187 191 190 191 192 193 194 197 199 190 178 164 143 124 100 95 102 129 168 163 91 74 149 197 206 162 109 128 141 127 113 110 109 114 136 159 179 187 184 183 182 179 161
52 62 61 78 81 82 93 109 127 144 160 173 178 179 184 187 191 195 196 196 199 198 192 189 185 183 175 169 168 162 156 155 152 153 164 178 184 183 181 180 182 182 174 175 174 172 178 176 180 176 179 185 186 183 185 191 189 176 167 143 114 97 89 84 118 161 145 87 72 139 185 183 147 101 136 143 126 112 99 106 118 141 168 188 192 184 180 179 172 159
64 55 55 65 83 82 87 102 129 145 159 169 173 177 183 186 189 194 193 192 191 192 192 185 180 180 177 175 169 163 158 150 145 147 165 175 178 183 175 169 168 169 167 170 171 168 167 166 171 172 173 173 175 176 177 177 178 172 161 138 122 115 95 77 100 144 124 78 74 150 184 183 131 111 137 150 138 105 106 104 113 133 171 195 188 181 183 176 172 160
52 44 53 53 68 70 94 98 124 145 158 165 172 177 183 187 185 190 191 191 192 192 191 185 179 180 178 175 167 155 150 146 143 147 159 164 165 167 163 160 163 165 164 162 160 162 165 161 163 167 172 173 171 168 169 170 171 167 157 137 125 117 93 72 89 128 114 66 96 177 199 199 149 132 149 145 119 95 104 105 114 141 175 189 183 181 180 166 166 154
44 40 49 48 60 66 94 96 114 140 155 161 169 173 177 181 184 188 189 193 193 192 191 185 179 181 177 172 163 145 135 135 134 131 134 138 136 135 140 146 154 156 157 156 154 158 164 160 159 162 165 165 163 163 166 170 167 166 154 133 123 115 94 76 85 116 98 60 117 184 192 180 125 127 149 145 110 97 107 109 118 150 178 186 182 183 181 166 162 151
40 40 41 49 60 70 81 93 110 133 148 156 164 167 172 176 183 186 187 192 192 189 188 183 178 182 173 167 157 132 117 121 129 112 105 108 107 111 127 141 147 154 159 161 161 162 164 160 161 159 158 156 156 155 156 157 159 154 142 132 131 123 101 83 91 114 86 76 137 187 198 172 106 119 136 129 96 96 108 117 126 154 176 182 179 176 173 165 161 151
40 41 42 49 62 73 75 92 111 125 139 151 159 164 172 178 181 182 183 188 188 185 184 180 178 178 169 164 150 114 99 114 117 96 89 94 98 110 127 135 150 164 167 162 162 165 169 169 164 156 149 145 145 147 148 149 155 146 134 130 129 117 102 91 97 105 74 89 130 168 172 133 105 127 134 121 95 104 111 118 132 155 172 178 178 175 175 173 164 156
40 43 50 47 60 69 82 92 103 115 131 148 158 164 172 175 179 180 182 185 185 183 183 180 177 172 167 163 136 93 85 107 96 78 73 75 88 113 126 129 138 165 174 168 168 170 171 169 168 159 148 142 141 145 150 155 154 135 119 120 122 114 106 99 101 95 82 113 132 156 130 89 107 129 128 109 98 115 119 122 140 159 171 173 173 172 172 168 165 156
42 51 49 46 52 61 84 90 96 111 126 143 156 162 167 170 177 179 181 183 183 182 182 179 176 168 167 155 113 77 78 91 76 61 60 63 88 120 128 136 141 162 172 172 172 171 172 171 169 163 155 149 146 146 149 153 152 134 121 121 115 106 105 101 121 92 87 136 164 175 121 90 105 117 115 103 104 119 123 126 145 159 168 172 174 175 175 169 160 151
47 64 46 52 50 60 83 91 98 116 125 136 151 159 164 169 174 177 179 181 180 178 179 176 174 168 168 146 94 69 76 73 58 50 64 80 114 137 131 141 156 163 171 178 177 171 171 171 165 158 151 146 145 146 151 155 156 136 120 118 111 106 112 109 127 93 87 132 151 140 93 95 109 110 111 110 117 127 133 139 146 154 162 170 173 172 171 164 161 152
39 67 53 45 49 59 75 80 89 108 119 131 148 158 162 165 170 171 180 175 180 178 177 175 169 168 168 128 78 61 68 63 49 66 105 118 143 146 121 136 152 163 176 182 177 180 176 172 169 159 147 140 134 128 130 139 135 122 109 108 111 110 114 125 129 86 103 150 145 79 60 106 106 110 111 125 140 137 135 143 148 157 162 172 172 174 172 163 159 149
35 60 56 48 48 54 65 80 87 98 107 124 144 153 158 160 170 171 180 176 180 178 176 173 171 171 157 110 64 53 66 56 49 72 123 157 157 139 115 124 152 166 176 180 176 181 178 174 171 167 150 131 121 117 120 126 122 114 107 109 113 114 118 130 126 82 106 165 139 72 77 100 112 117 126 138 142 142 146 144 150 158 163 171 170 172 170 162 154 145
33 58 61 51 48 49 52 71 84 92 105 126 143 149 156 161 162 165 173 173 177 177 176 173 173 175 148 96 57 54 68 49 46 63 80 130 154 136 113 124 146 164 174 180 179 182 179 180 176 171 153 129 119 126 134 135 132 130 125 122 125 128 134 143 126 86 117 125 80 68 92 102 116 126 141 152 151 151 154 148 155 162 165 170 168 170 168 162 155 146
38 59 56 43 41 47 52 69 74 82 98 123 141 148 155 160 163 165 171 173 176 177 176 172 174 169 137 82 51 60 72 46 75 81 52 86 143 135 113 111 140 161 172 182 184 183 179 181 179 173 161 138 121 128 143 147 143 146 142 137 138 139 141 144 125 76 101 81 53 77 94 115 129 142 149 153 155 153 153 153 159 163 165 168 165 167 163 158 155 147
53 66 53 45 44 46 50 57 74 80 92 114 134 145 151 153 160 163 166 171 173 177 178 174 178 160 124 67 46 69 79 50 52 49 32 73 134 119 115 111 135 162 174 183 185 184 179 178 177 177 172 153 129 122 135 148 153 152 146 143 144 144 147 154 121 54 45 46 62 91 107 130 149 156 151 149 152 149 150 156 160 163 162 164 162 165 158 153 151 143
60 58 39 38 39 41 48 55 72 82 93 109 124 135 148 156 154 159 161 169 169 176 180 177 177 155 114 57 51 83 86 51 29 32 37 72 127 113 113 108 130 162 175 180 183 189 187 180 181 182 176 164 149 132 128 139 151 149 148 150 151 146 147 155 110 42 28 51 88 116 131 147 149 150 147 150 154 155 160 163 162 162 161 162 161 164 156 152 151 142
64 54 42 42 40 44 49 56 65 79 92 107 120 127 142 157 157 163 165 172 167 173 178 176 170 155 106 54 64 100 95 50 42 83 101 93 118 119 118 112 130 160 173 181 184 191 193 186 187 182 176 172 162 145 132 128 145 153 154 150 148 147 148 152 103 34 39 84 124 143 145 152 154 154 153 155 155 155 156 154 160 160 159 159 159 163 155 153 151 141
58 46 40 35 32 46 51 61 73 83 91 109 126 127 131 141 155 163 165 172 164 169 175 175 171 163 106 56 78 115 108 56 43 89 117 107 115 122 116 113 137 161 173 187 188 188 190 186 185 178 181 179 163 153 145 131 123 145 151 139 135 141 141 136 81 43 74 129 151 152 158 161 159 161 156 153 153 152 151 149 155 155 155 155 155 159 152 152 145 135
45 40 44 38 34 36 38 50 64 79 90 106 133 143 137 138 148 153 163 167 169 172 171 170 169 140 99 56 83 127 123 72 56 112 131 118 126 128 115 119 144 159 174 184 186 188 192 189 188 180 176 174 169 162 160 145 128 126 139 148 145 144 134 111 61 73 128 152 160 163 163 162 159 159 155 151 153 155 155 155 152 152 152 156 155 150 150 151 135 128
50 43 43 40 38 40 40 44 55 62 79 113 137 139 138 134 151 156 161 161 165 173 174 169 170 138 87 68 94 132 126 92 56 96 111 103 119 132 126 125 148 166 181 190 191 189 190 190 189 184 182 180 176 167 161 147 130 119 124 143 157 157 126 83 88 131 159 152 159 160 156 152 151 155 157 157 158 158 156 155 158 158 154 154 155 153 147 138 128 127
53 41 33 32 34 40 46 46 52 69 76 99 131 146 151 144 147 157 164 162 161 165 168 167 175 144 87 68 80 130 128 105 61 50 63 100 128 127 124 140 153 173 187 193 192 185 183 186 188 186 184 180 178 166 156 143 141 124 111 112 129 149 146 126 138 155 152 150 158 151 155 154 152 154 156 159 162 163 160 156 159 158 152 151 152 148 140 128 129 132
29 25 27 35 39 42 44 38 37 56 66 90 124 139 140 139 144 152 157 160 161 163 170 175 168 143 103 80 77 130 134 114 79 51 58 97 124 131 137 149 160 174 183 186 185 182 186 191 184 184 183 179 180 171 162 154 146 138 131 125 116 112 121 135 136 145 145 151 150 146 159 158 156 159 162 163 163 162 161 158 151 152 151 152 148 140 134 128 128 129
27 27 30 38 41 45 50 47 38 46 65 83 107 131 137 137 143 146 148 156 164 166 168 167 166 144 110 88 81 114 131 124 94 64 67 96 116 128 141 153 170 178 185 188 185 183 185 185 181 182 182 177 180 173 165 160 157 144 131 130 140 147 145 141 148 165 167 166 163 159 161 163 164 162 161 163 165 165 159 151 152 152 146 142 138 135 136 135 130 128
32 30 30 31 35 43 49 52 46 49 64 76 99 123 130 139 147 152 148 150 156 161 165 163 168 157 118 86 84 106 137 141 109 79 73 93 118 138 150 156 172 178 184 187 185 184 187 182 185 186 187 181 181 175 167 163 160 149 137 135 142 152 162 170 177 177 171 174 173 168 160 162 165 163 162 160 158 157 155 151 147 150 145 140 139 139 136 127 132 131
29 26 26 27 37 47 47 50 53 66 68 65 90 122 130 133 141 151 150 153 157 158 164 164 165 166 138 92 82 109 130 137 132 105 87 94 118 142 153 160 179 184 181 177 175 178 183 182 179 179 184 178 178 175 169 165 157 154 148 140 140 149 160 164 169 169 167 173 168 169 166 160 165 159 155 154 153 154 154 150 149 152 146 140 139 141 139 130 131 128
34 33 40 46 63 73 62 61 64 63 61 68 86 110 125 125 140 145 141 149 156 152 156 156 162 160 156 107 87 120 128 143 140 130 115 107 122 142 154 163 173 182 180 175 175 177 179 179 181 179 185 178 177 175 172 167 164 156 151 152 151 152 157 160 160 168 161 168 163 162 162 160 156 154 155 155 152 152 153 149 152 154 150 145 141 140 143 142 136 130
35 44 49 55 68 72 69 71 68 62 58 61 75 97 114 118 133 139 137 144 149 152 149 148 153 155 158 122 82 115 132 139 145 137 126 117 124 141 154 164 172 175 178 180 178 178 182 181 181 176 177 179 175 173 170 165 161 157 154 154 155 156 158 159 161 162 164 161 157 160 161 160 158 154 156 159 153 155 153 150 151 155 151 148 143 139 140 139 137 134
39 44 48 51 53 51 52 57 55 47 44 52 66 84 99 107 115 125 133 142 140 143 147 148 154 147 148 130 89 111 135 138 150 145 137 127 130 142 154 164 169 170 175 181 180 177 177 174 178 175 177 177 172 170 169 164 159 160 158 155 156 160 160 158 161 162 163 163 164 163 160 161 160 157 157 156 151 153 154 152 153 148 147 149 146 141 139 139 142 138
34 37 43 44 42 44 49 53 52 49 49 52 54 62 78 91 101 119 130 139 138 140 144 148 149 145 144 139 99 103 137 150 155 152 147 138 138 146 154 163 171 168 172 177 176 172 173 174 176 176 177 175 170 170 169 166 161 163 162 160 159 161 161 158 163 162 164 166 164 160 160 162 161 159 157 157 156 154 154 153 150 149 151 149 146 146 144 142 140 138
33 38 41 39 41 47 50 47 50 48 46 45 46 54 65 72 86 110 120 131 141 141 137 143 138 143 140 138 113 108 135 157 157 154 149 144 146 153 156 162 172 170 173 174 171 169 172 177 173 174 176 173 170 170 170 166 164 163 163 164 162 160 160 162 167 164 167 169 163 161 165 164 160 162 160 153 152 151 152 149 150 151 147 146 147 145 144 139 141 139
38 42 41 38 42 46 43 38 45 45 43 42 45 49 55 60 69 89 97 115 132 139 137 143 141 145 140 140 135 132 137 147 156 154 153 151 155 160 159 162 166 167 172 171 170 172 171 174 169 170 172 170 169 170 169 164 163 162 162 163 162 161 162 165 168 169 167 167 166 164 165 162 163 152 149 156 162 148 145 145 149 150 141 149 154 145 144 141 142 141
41 43 42 42 43 41 37 37 44 44 44 46 45 43 46 53 56 63 68 85 99 114 126 135 139 137 136 136 140 145 147 150 154 155 158 158 161 162 160 163 162 161 165 165 168 173 170 171 168 169 170 170 170 171 168 165 160 163 163 160 160 164 167 167 167 172 161 160 168 165 161 160 163 139 129 144 167 155 144 129 132 145 146 148 148 144 145 141 142 141
45 45 47 46 41 36 36 38 41 39 37 39 43 43 43 46 49 48 45 54 57 69 84 96 110 115 127 135 140 141 144 144 152 153 157 157 159 160 158 162 162 157 159 159 164 170 167 171 168 168 169 171 171 170 168 166 162 164 164 161 161 165 168 169 161 173 169 165 164 162 178 195 188 177 164 154 168 166 153 115 103 112 129 132 134 143 145 143 141 140
42 44 48 45 37 38 42 41 37 42 40 35 36 40 44 47 50 50 41 42 39 37 41 52 61 71 85 104 120 126 139 145 152 150 151 151 154 156 155 160 161 155 159 159 164 166 163 170 167 167 168 170 170 168 166 166 167 165 165 165 165 165 167 170 171 169 164 169 172 184 214 230 212 218 225 217 212 192 184 157 108 87 105 122 131 139 131 133 138 137
43 39 42 37 41 43 42 43 43 44 42 40 39 38 39 41 44 46 39 45 39 33 34 32 37 39 42 54 72 85 99 112 127 138 142 144 152 154 152 155 156 156 161 163 157 166 160 162 159 165 164 168 169 169 165 168 164 164 165 161 170 170 164 170 168 167 170 179 200 231 240 224 194 227 231 233 237 230 231 227 171 86 98 117 121 114 124 126 130 135
56 48 47 44 46 40 38 40 42 38 37 38 39 41 40 35 39 41 39 45 41 42 46 42 43 45 45 47 52 55 57 61 72 88 106 119 130 145 153 151 145 142 151 159 154 162 160 165 161 167 164 167 164 162 163 162 163 168 167 168 170 174 164 167 173 193 213 225 234 244 243 233 224 241 237 236 239 235 241 244 229 142 81 85 96 99 102 111 115 122
47 40 44 53 52 36 38 45 46 41 41 40 37 41 42 36 33 36 36 41 36 43 51 47 52 53 48 43 44 49 52 54 54 52 59 69 81 102 122 129 141 145 150 150 149 157 156 161 158 159 157 165 165 164 164 162 160 164 154 154 146 149 187 203 215 233 245 244 243 242 243 246 243 245 240 240 241 239 242 248 247 226 163 81 64 79 80 79 79 91
33 36 41 46 44 36 48 56 55 52 50 46 42 41 38 30 32 36 36 39 32 35 38 36 45 47 45 40 40 45 46 42 49 52 55 58 57 59 66 74 83 99 106 109 118 122 122 140 141 145 142 133 133 145 140 134 155 171 129 104 112 109 196 242 240 246 246 243 245 243 242 246 246 242 243 244 245 244 242 245 244 245 239 167 72 64 77 75 80 79
34 34 38 44 44 37 49 55 48 49 49 49 50 46 37 27 30 33 32 37 36 36 34 34 35 38 40 39 40 44 43 37 40 48 55 59 62 67 68 67 69 75 76 77 87 85 98 131 143 143 139 116 101 110 117 145 180 163 106 90 100 96 191 243 247 243 240 241 244 245 245 246 246 242 244 244 244 246 244 245 243 246 249 242 178 85 53 71 110 99
45 44 47 48 52 50 50 41 35 41 45 45 45 41 37 36 33 32 26 31 38 42 39 42 41 38 39 39 38 41 43 41 43 45 57 68 68 67 69 69 73 73 73 71 81 97 130 159 160 152 142 124 118 122 114 133 145 127 109 110 114 160 232 244 245 243 245 247 244 243 244 243 243 243 245 244 244 247 245 243 247 247 245 245 245 156 79 75 67 55
45 52 57 48 54 68 66 47 41 43 45 43 37 34 37 41 40 38 33 34 37 44 41 41 43 38 41 45 40 39 43 45 51 49 57 74 85 87 85 82 73 67 71 84 115 141 162 163 154 150 148 151 150 152 164 198 216 190 192 218 228 240 242 242 243 243 246 246 243 243 245 245 243 245 245 246 246 247 247 244 248 248 245 244 247 224 131 93 89 74
54 46 57 61 60 53 48 47 48 40 39 41 41 43 46 44 33 37 41 44 42 49 45 41 47 39 42 46 39 34 39 45 51 62 61 62 83 103 102 95 90 85 97 119 143 141 148 155 150 145 135 141 147 165 201 237 246 231 238 242 244 245 244 244 246 245 243 242 243 245 245 242 243 245 242 243 245 245 247 246 243 244 245 251 253 247 170 102 103 101
48 49 56 52 48 52 47 43 35 35 38 43 39 32 32 32 26 31 36 32 30 40 38 47 54 38 37 41 33 35 47 50 47 51 53 52 72 86 105 107 118 127 135 137 127 136 132 153 151 150 142 147 171 213 234 238 238 240 240 244 239 242 243 240 245 242 246 243 245 244 244 245 243 244 243 244 246 245 245 246 247 247 246 235 243 251 237 109 96 93
43 48 58 54 52 58 51 41 38 39 43 46 40 34 36 37 29 32 36 32 29 38 36 46 56 40 39 42 33 38 54 60 60 55 55 62 89 108 143 163 178 174 169 153 127 140 153 182 174 198 220 231 231 236 235 233 235 240 237 241 243 245 243 242 246 243 247 243 245 243 244 244 243 243 243 244 246 245 245 246 244 241 247 250 251 243 254 180 96 93
