144 144 142 144 140 137 143 139 127 120 127 136 135 122 122 119 98 74 67 78 102 96 96 93 87 77 77 66 48 39 33 29 27 28 27 30 34 33 29 26 24 32 31 23 20 20 21 23 18 16 23 26 27 28 27 32 28 23 28 36 41 40 37 47 52 46 37 36 43 43 38 38 37 36 34 32 29 27 23 19 19 19 20 23 25 24 20 18 19 20
151 144 138 136 130 133 141 142 125 120 116 114 120 119 116 104 76 80 74 72 77 75 76 74 65 50 38 29 25 23 22 28 25 24 20 20 22 23 22 23 24 25 23 20 19 18 21 26 29 23 24 23 24 30 31 34 32 30 31 29 29 29 28 34 39 40 40 45 51 48 40 38 32 32 31 28 25 23 21 18 21 21 22 23 23 21 19 18 20 22
140 130 123 118 121 132 136 132 130 117 105 108 121 114 97 78 73 83 71 63 63 67 63 55 51 33 35 42 35 32 31 25 24 23 21 20 22 22 21 22 26 25 28 30 29 26 25 24 19 22 26 28 32 32 25 24 22 27 32 29 25 23 23 28 26 32 37 42 46 41 33 32 28 29 30 27 24 22 23 22 21 21 22 21 20 18 18 19 16 17
118 122 124 114 115 124 122 122 115 107 101 98 94 79 74 71 72 64 55 48 52 58 53 49 31 30 32 38 36 26 19 22 23 24 23 24 27 26 24 23 30 29 30 27 23 23 24 19 27 34 31 29 40 41 32 32 28 24 24 25 25 23 22 25 23 26 27 28 27 24 21 22 19 21 23 22 19 19 21 21 19 19 19 19 17 17 18 19 17 19
120 114 102 92 103 112 104 103 99 104 106 94 73 56 59 57 56 37 48 48 55 50 38 35 43 53 54 53 48 33 24 27 22 21 19 19 22 24 23 23 24 23 25 26 25 28 32 31 42 58 65 65 61 49 34 26 18 18 21 25 24 21 22 25 22 23 21 18 17 16 15 17 16 18 19 19 18 19 21 20 18 18 18 17 17 18 18 18 14 15
125 118 104 98 108 110 105 112 111 94 79 65 52 43 48 46 46 38 63 54 44 30 29 36 39 41 39 34 24 18 18 15 21 19 16 15 19 20 20 20 21 17 17 20 20 20 26 33 37 39 43 39 26 23 25 16 18 18 17 19 20 20 21 16 18 19 19 18 18 18 17 15 15 16 16 16 15 17 17 15 19 19 18 18 18 19 19 18 14 16
114 120 119 118 114 104 98 98 89 69 54 47 44 34 34 33 36 37 53 47 34 23 24 25 26 28 18 14 17 16 16 18 18 18 16 16 18 19 18 19 14 14 16 21 22 18 19 26 28 25 24 26 24 27 30 18 17 17 15 19 20 19 21 16 15 16 17 17 18 19 18 15 18 19 19 19 18 19 19 16 19 19 18 18 18 19 19 18 15 17
110 115 110 103 94 83 73 57 62 56 43 29 28 24 24 18 23 27 27 30 25 25 25 21 29 19 14 17 13 15 22 13 17 17 14 13 15 16 17 19 18 20 18 17 18 17 17 22 29 36 34 31 31 38 55 63 39 24 11 15 17 16 19 17 17 17 16 14 15 17 17 15 16 17 18 18 17 17 17 15 18 18 18 18 18 19 20 19 15 17
108 104 90 82 75 51 36 46 51 39 30 26 22 19 19 19 18 12 23 30 41 43 22 18 28 21 23 22 17 17 18 17 18 18 15 14 14 14 17 17 14 19 19 17 19 23 26 27 29 31 37 47 59 66 66 86 89 86 75 63 35 19 12 18 14 18 18 21 19 15 18 16 20 17 15 15 14 14 15 15 16 16 17 18 18 18 17 16 15 15
86 89 83 70 51 29 33 59 58 53 40 25 16 15 14 12 18 29 32 27 45 57 36 23 18 15 20 20 15 13 12 12 14 18 17 16 13 10 13 13 16 23 26 23 23 29 31 28 29 29 38 47 60 76 67 70 105 118 131 136 105 55 17 20 21 18 12 13 14 16 21 21 18 18 19 18 16 17 20 22 16 15 16 17 17 17 16 15 18 18
69 58 59 57 39 37 54 62 60 57 43 24 16 18 19 16 29 38 29 16 30 45 36 27 24 23 23 16 15 27 42 54 65 71 72 69 64 60 64 67 65 68 68 60 53 53 50 40 35 37 49 53 64 91 90 85 106 118 134 152 149 117 54 9 16 18 19 21 18 15 15 14 13 15 17 17 17 20 24 25 24 23 22 22 20 19 19 19 20 19
54 45 47 55 53 51 59 66 68 53 34 18 12 19 28 31 35 26 18 19 21 24 30 31 28 26 23 29 63 108 132 139 143 153 158 159 154 149 149 150 159 158 159 154 145 138 127 111 92 80 66 64 80 119 136 131 129 132 138 149 157 160 112 25 13 13 15 17 17 16 19 20 14 15 17 19 22 26 28 26 25 24 24 24 24 25 26 27 22 21
46 42 44 51 59 67 64 52 38 27 21 21 23 31 37 35 29 16 13 22 21 21 34 41 25 32 62 109 151 165 163 167 166 172 173 173 171 170 173 174 176 172 174 175 171 169 168 162 163 166 150 135 116 120 139 147 141 139 142 154 154 163 144 61 12 12 16 17 15 15 16 20 21 22 24 26 28 31 30 27 23 22 21 20 19 19 20 20 18 17
39 52 48 43 51 47 38 41 52 43 36 34 39 47 46 35 20 18 15 16 19 24 34 40 37 76 119 145 158 159 158 168 173 178 178 178 179 179 181 180 181 178 179 180 175 173 176 178 178 182 176 182 176 168 163 155 150 144 142 154 157 158 148 85 21 15 14 15 17 19 15 14 15 16 19 20 19 18 17 16 17 16 16 17 16 17 19 19 20 19
51 44 55 63 48 42 51 55 57 51 39 37 52 62 52 35 16 19 20 21 27 31 38 52 86 126 155 156 159 163 165 173 179 182 180 179 180 182 186 187 188 186 185 185 183 185 190 196 192 195 197 201 196 195 190 189 177 173 167 162 162 157 150 115 56 35 17 7 10 16 16 17 15 14 16 18 16 14 13 13 18 17 17 18 17 18 18 17 17 17
55 44 64 66 43 61 80 52 45 42 31 37 64 68 42 19 25 17 20 31 37 40 58 91 124 150 159 152 161 172 169 169 175 180 181 181 182 183 186 186 188 190 190 191 195 197 198 199 204 202 208 206 199 205 195 194 190 183 183 174 174 171 173 167 161 144 119 79 40 17 9 15 18 14 15 18 19 17 16 15 15 14 15 17 18 19 20 19 14 14
59 52 56 48 52 70 58 37 34 37 48 69 61 52 51 40 34 35 42 42 52 76 116 147 159 163 157 161 156 136 143 167 177 175 177 180 178 176 186 187 195 196 192 195 192 195 197 199 204 209 211 206 202 202 202 199 198 195 190 182 179 174 170 177 179 177 180 179 160 126 80 39 16 14 18 18 15 17 17 17 15 22 19 16 18 18 18 16 16 15
58 52 48 51 63 56 35 34 36 47 57 59 51 54 51 47 59 64 56 58 77 123 149 160 166 172 170 157 122 109 140 176 176 188 175 171 166 170 167 180 191 194 190 194 195 198 201 204 207 208 207 202 200 204 207 207 201 199 196 188 179 173 171 174 173 174 178 181 181 176 160 140 91 45 14 12 19 23 17 12 18 17 13 15 19 18 17 18 20 19
51 51 56 61 52 33 31 45 50 49 54 54 63 79 72 77 82 78 80 97 127 149 167 177 178 174 165 144 108 126 164 181 180 173 165 163 149 154 154 168 181 187 186 192 195 200 203 207 210 211 211 210 209 211 211 210 206 201 200 191 180 175 171 169 171 170 173 178 182 181 177 174 173 139 84 34 15 12 12 18 12 17 17 17 17 17 18 16 15 14
48 49 54 55 38 31 45 49 56 62 75 78 86 102 96 106 101 104 115 129 155 162 171 176 181 179 152 124 116 157 179 181 175 170 171 150 142 132 121 146 169 178 183 192 196 202 207 211 215 216 219 220 219 217 212 208 207 201 197 189 182 177 170 165 162 170 173 173 176 179 178 175 171 172 167 130 70 27 17 26 24 23 18 15 14 15 19 16 18 18
50 53 45 43 44 48 60 65 72 93 107 106 106 123 128 131 134 142 139 150 158 171 175 177 180 174 139 118 139 176 179 184 178 172 166 138 123 88 69 130 161 172 182 195 198 206 214 218 221 221 221 221 220 217 213 209 205 200 193 185 182 178 169 167 168 167 168 170 172 171 173 179 178 173 170 168 155 115 75 66 65 52 41 40 37 30 26 21 21 22
50 49 42 47 58 67 85 102 107 116 120 125 129 143 151 151 153 154 156 169 172 171 177 182 178 148 134 139 163 184 183 182 174 173 151 125 96 66 54 116 155 168 177 191 199 209 217 223 224 224 224 224 222 220 216 211 203 199 192 184 182 176 167 168 166 169 170 168 169 172 174 173 175 173 176 173 168 160 135 108 95 92 89 89 85 83 80 69 61 62
52 45 49 67 84 99 118 130 130 133 138 151 153 154 154 158 163 165 167 166 171 172 189 187 164 132 146 158 171 178 183 178 176 169 143 128 81 45 56 98 153 166 168 179 195 207 213 222 225 228 231 231 228 224 218 211 204 197 191 185 180 173 164 164 161 160 167 174 173 171 172 172 174 177 176 166 165 167 156 144 118 115 112 111 108 113 118 111 100 102
55 58 71 92 115 132 141 145 144 152 160 167 168 170 165 167 171 175 170 174 173 185 191 177 150 138 154 155 177 181 182 184 182 157 155 145 66 44 112 117 156 168 161 170 193 206 208 220 226 231 235 234 231 225 217 208 207 195 189 185 179 171 161 156 155 156 164 171 172 175 179 178 174 171 173 170 167 171 166 156 145 121 112 126 129 126 129 129 131 133
49 73 103 124 143 151 147 154 159 168 173 176 177 178 178 174 172 171 172 176 187 199 194 181 161 134 144 149 171 179 184 186 182 160 171 148 51 104 151 124 156 170 148 167 187 204 206 219 228 235 238 239 233 223 214 207 203 196 189 182 173 162 152 147 139 142 164 166 173 177 182 182 179 175 176 174 169 171 170 161 155 145 122 118 127 126 130 136 139 141
77 102 133 148 152 156 157 159 168 180 186 187 186 185 186 183 178 180 184 189 200 207 199 187 162 136 136 127 156 178 192 193 177 164 184 105 64 131 170 128 154 161 136 158 188 207 205 215 225 237 242 241 235 222 213 209 198 192 187 179 167 155 142 128 126 141 142 149 171 180 184 182 182 177 173 171 171 173 172 168 154 151 136 117 108 117 131 132 132 136
102 129 153 162 161 162 169 171 174 188 195 195 192 189 188 185 186 190 192 197 205 208 201 192 159 133 123 105 137 174 194 193 185 179 182 47 24 76 136 149 155 153 123 147 189 213 207 212 222 237 241 240 235 221 208 203 199 185 177 172 157 141 128 116 118 111 99 124 155 172 180 182 180 178 175 174 176 176 173 173 166 157 148 130 110 104 112 124 123 129
117 144 158 168 174 172 175 179 188 199 201 198 193 189 188 185 191 195 197 202 210 209 200 193 160 123 102 85 105 159 189 191 175 178 154 43 31 12 41 129 151 147 117 139 184 209 205 213 223 236 241 239 234 220 205 193 187 177 168 158 139 120 109 103 82 70 77 123 154 168 166 170 177 179 179 177 176 176 176 176 170 158 150 142 127 100 85 103 107 114
140 156 162 170 179 178 183 190 201 208 206 203 202 200 199 199 199 202 200 205 213 212 207 200 158 114 90 78 80 148 185 185 168 171 135 45 40 15 19 113 158 142 110 135 190 216 208 210 222 234 241 237 224 210 198 184 178 174 159 140 124 107 87 73 65 70 73 112 144 158 159 170 172 178 185 184 181 181 179 172 168 165 157 146 138 115 86 84 95 101
151 158 167 177 180 182 190 195 205 212 213 214 215 210 207 206 202 203 202 210 216 216 212 201 151 105 83 70 65 136 177 175 153 155 126 17 13 19 20 101 154 128 103 138 194 214 205 208 223 236 243 233 210 196 189 178 171 160 141 126 112 93 76 73 88 91 71 105 149 160 170 175 177 180 186 186 185 186 183 174 176 175 167 154 143 128 101 82 92 97
157 162 170 173 176 184 194 203 211 218 220 222 220 210 205 206 202 205 208 218 221 219 214 196 157 104 80 60 64 124 173 181 147 137 121 21 23 24 15 102 147 113 99 149 206 215 204 210 229 240 240 224 202 188 181 171 160 146 129 114 98 84 90 108 117 111 66 88 155 173 180 180 192 189 185 183 184 185 185 185 184 177 170 164 150 131 112 91 88 89
162 170 175 172 179 189 192 206 214 221 221 222 220 211 211 218 216 215 212 218 217 219 220 204 152 95 72 50 64 109 158 176 142 113 123 53 38 49 54 119 133 101 100 158 209 207 199 215 231 237 228 209 194 182 171 159 143 131 113 99 100 118 139 151 153 155 83 65 152 186 187 199 195 194 190 190 191 185 181 186 184 179 173 172 160 139 122 103 84 83
171 171 169 174 184 187 193 206 216 218 223 225 223 223 222 216 214 212 217 225 224 223 223 212 153 93 67 53 61 106 151 169 148 102 100 64 38 75 103 134 116 89 121 182 209 208 199 219 229 233 219 198 183 171 157 145 130 117 115 121 144 161 173 168 172 178 123 46 131 180 184 189 191 198 196 185 187 191 185 186 188 186 182 175 168 156 131 106 92 77
170 174 175 177 183 186 192 204 219 222 223 223 223 223 222 219 218 222 219 219 221 220 220 219 166 112 85 65 70 109 148 161 157 119 92 76 53 69 95 118 118 111 148 203 209 202 208 224 234 229 213 196 178 160 144 130 121 125 144 155 173 181 183 180 177 182 133 39 100 163 177 180 189 193 192 189 192 190 186 189 192 191 188 179 171 165 146 120 89 82
166 174 177 179 186 190 196 205 209 217 219 220 224 224 220 220 218 225 222 220 223 221 218 216 175 120 96 87 92 113 140 155 159 144 107 91 60 48 78 124 127 128 164 204 201 204 222 235 235 226 209 188 164 145 134 123 123 146 174 183 186 184 186 180 183 188 145 37 73 143 163 173 181 186 185 188 193 191 191 196 194 195 196 187 177 173 158 133 99 84
172 176 176 178 185 190 193 199 209 217 222 222 224 223 219 218 218 219 222 225 224 225 221 207 178 140 128 122 117 119 138 157 153 150 135 107 97 64 78 135 149 154 185 205 201 212 220 230 226 223 206 178 151 136 133 129 144 181 192 190 190 187 189 182 182 181 136 35 67 141 146 146 168 182 182 182 188 189 193 198 200 200 199 193 184 176 162 145 119 84
171 171 171 175 183 187 191 198 208 215 220 219 217 218 218 218 222 218 221 224 222 226 224 207 176 157 146 131 127 129 139 148 147 148 135 132 120 114 94 143 157 171 191 198 199 210 213 224 222 213 187 165 157 153 148 139 157 192 200 191 193 199 192 187 184 182 130 33 54 137 146 132 147 172 181 178 182 187 192 198 209 204 198 196 194 180 163 154 140 103
168 170 172 176 181 186 192 200 201 208 214 214 214 215 216 215 222 221 221 222 222 224 224 212 190 167 145 131 137 140 144 147 148 140 137 134 140 142 141 159 181 195 192 196 199 205 211 217 211 200 176 164 167 171 173 174 163 167 198 205 191 201 196 189 188 194 135 39 35 122 160 145 128 150 172 175 177 185 193 202 208 205 199 201 204 187 164 154 141 121
160 166 171 175 181 188 195 202 199 207 211 212 214 215 212 210 217 218 218 221 222 223 222 213 197 174 148 134 140 139 145 158 153 148 142 148 157 169 181 179 192 199 194 200 203 204 204 202 200 190 173 167 175 186 192 190 164 129 152 195 194 199 199 192 189 196 125 46 27 102 164 165 129 125 150 167 170 179 190 202 205 209 208 206 206 193 170 155 144 129
160 168 173 173 177 184 189 190 194 203 203 203 211 214 211 212 214 211 213 219 219 222 222 212 190 174 148 130 141 148 156 166 165 170 156 159 160 173 187 188 188 189 197 203 197 198 194 194 191 187 177 172 179 191 192 178 150 93 73 149 197 196 190 192 193 196 113 47 20 78 163 197 146 112 133 159 162 170 181 196 207 218 219 208 201 194 179 163 152 127
160 160 161 174 179 182 184 191 192 203 199 202 206 210 208 210 211 210 207 208 216 223 220 213 197 185 166 157 161 166 168 171 177 180 174 173 171 176 182 188 191 192 196 197 192 192 195 195 193 186 176 175 185 188 189 175 111 46 51 112 178 197 194 200 198 200 108 51 31 67 156 220 176 119 110 144 158 159 175 194 207 217 222 216 206 195 181 168 150 128
158 159 156 166 176 181 179 187 189 200 200 205 207 208 204 204 204 205 206 208 213 216 215 211 202 194 181 175 177 178 179 182 188 191 188 192 187 186 186 189 190 191 190 190 190 191 193 196 194 187 181 184 189 188 187 170 90 31 58 101 168 195 194 195 203 200 111 54 34 50 131 207 198 133 98 123 144 147 167 189 203 215 223 217 205 192 177 165 148 127
148 155 159 167 169 173 175 183 188 194 195 204 207 209 204 199 201 201 203 206 209 212 216 219 211 202 190 184 183 182 185 191 191 196 196 200 192 189 193 201 194 195 192 191 194 194 193 195 196 191 190 189 186 181 183 169 124 57 59 99 162 195 189 197 208 189 109 57 40 48 117 183 192 135 84 101 132 143 165 182 199 206 210 208 202 191 172 155 148 127
149 152 160 169 167 176 180 179 186 191 194 200 198 200 202 200 200 199 203 208 207 206 208 210 205 199 191 189 188 186 188 193 200 207 210 216 211 208 206 206 199 199 199 201 204 202 196 194 192 196 200 200 201 197 193 172 164 103 61 94 155 179 177 190 197 175 106 58 59 68 108 156 167 134 89 84 105 128 158 179 192 199 202 198 192 183 168 155 144 124
146 149 156 163 162 174 182 182 191 190 189 194 192 196 198 197 203 200 203 207 207 206 207 207 209 202 196 194 193 189 189 191 194 200 205 217 224 230 225 216 215 213 216 220 221 219 215 210 206 197 203 228 238 210 187 173 153 122 81 88 140 155 167 171 173 180 120 55 59 61 87 157 163 139 102 81 96 128 157 178 191 195 197 193 188 182 169 157 139 120
136 147 153 158 162 172 178 186 187 190 190 196 191 193 199 203 198 197 203 210 212 211 208 203 200 193 188 187 187 185 184 184 185 192 194 200 202 213 216 210 209 205 207 209 208 207 205 202 195 197 203 218 228 207 187 170 144 124 99 92 113 136 153 161 170 181 125 56 55 53 65 148 160 140 107 80 87 119 151 178 189 192 192 191 189 184 170 156 139 120
140 149 151 159 170 180 180 184 185 187 186 194 194 196 198 201 197 196 199 202 203 206 205 198 196 191 188 188 186 182 177 172 177 186 189 189 181 186 192 191 191 190 191 192 190 188 187 187 185 191 191 190 192 183 177 163 140 122 110 108 101 123 134 147 173 182 129 59 47 47 58 153 169 147 104 75 83 111 144 172 178 186 192 191 186 179 169 160 143 124
143 149 153 160 164 175 180 185 183 186 184 191 191 190 190 194 193 193 196 197 198 205 207 200 195 189 183 180 178 177 174 171 173 176 176 177 169 171 174 172 169 173 175 178 180 177 175 179 178 180 177 174 178 177 174 156 140 125 119 104 94 110 135 150 183 181 112 51 65 74 59 146 158 148 104 78 83 103 137 163 175 181 186 187 186 182 171 160 145 126
136 146 153 160 164 170 180 185 183 186 187 190 191 185 184 193 193 195 200 200 203 207 201 195 188 184 177 173 171 169 167 168 173 171 169 167 158 160 157 155 154 156 159 165 169 167 165 166 167 166 162 164 166 175 182 164 143 127 100 97 104 119 122 150 178 173 101 54 80 75 68 138 156 130 91 80 89 105 138 161 173 176 181 183 183 180 170 157 141 130
123 141 155 163 168 172 179 185 187 188 187 187 189 188 187 190 190 191 193 202 205 202 199 191 178 174 171 166 162 164 165 159 164 166 161 157 151 150 144 143 141 144 148 154 157 156 153 151 151 153 149 155 166 174 175 159 141 117 98 93 110 123 130 143 169 154 90 58 74 61 70 128 141 124 88 82 99 113 139 158 170 173 177 179 178 174 162 149 141 132
111 136 152 161 168 171 176 182 189 189 188 186 187 190 190 186 187 194 191 195 198 199 198 179 160 152 151 151 146 152 157 149 155 154 148 150 143 138 134 133 136 140 143 145 148 150 148 146 144 152 146 145 153 157 158 154 108 58 89 97 109 119 128 142 156 138 82 53 62 38 63 129 123 118 86 87 109 117 137 153 167 172 177 178 177 172 159 146 139 129
99 127 145 157 170 174 177 182 186 187 190 189 186 189 191 186 184 192 192 193 196 197 188 162 145 130 128 132 132 137 145 143 138 139 131 129 127 131 129 128 133 139 144 146 148 151 149 145 148 147 130 124 137 151 158 157 81 24 79 105 118 124 123 132 149 122 83 77 87 47 66 124 124 120 93 100 120 124 142 155 172 177 179 176 172 167 156 145 141 132
82 114 136 151 168 174 176 182 185 185 190 191 187 189 192 189 188 184 187 193 195 191 177 161 138 125 118 120 124 130 136 136 126 118 112 121 126 128 125 131 137 142 147 148 149 153 156 155 145 139 122 114 128 148 158 156 99 64 81 104 123 127 129 133 143 125 86 73 63 32 79 119 129 120 98 111 127 130 147 158 167 173 173 168 166 164 158 152 138 128
73 105 127 142 159 168 175 185 186 185 188 191 189 190 192 191 189 186 192 195 193 188 166 145 133 126 116 113 120 129 130 127 120 104 110 122 120 126 123 128 139 142 148 152 153 158 162 163 153 142 126 117 127 147 161 164 140 108 104 119 127 130 127 134 142 137 77 63 57 34 87 109 124 112 100 115 129 134 147 155 164 171 172 168 166 162 154 147 132 123
58 87 111 130 149 161 172 182 183 185 188 189 189 190 190 188 182 187 191 189 187 187 170 139 120 115 105 102 112 123 123 119 113 120 126 119 119 120 106 128 137 139 150 160 163 165 167 166 156 146 131 118 115 125 143 160 155 123 123 129 129 132 126 131 137 137 83 84 88 57 81 102 114 109 112 125 135 140 148 154 159 167 168 164 164 160 150 142 132 123
27 57 87 115 139 153 163 169 178 184 189 188 187 188 186 183 185 190 189 192 188 178 162 129 105 96 88 90 102 114 117 115 122 135 108 85 105 80 61 154 150 147 152 162 167 171 178 182 176 161 144 131 121 110 106 114 112 120 128 128 129 126 132 134 143 139 83 49 36 37 71 100 105 111 125 135 140 143 146 153 162 165 160 153 152 151 142 135 126 117
26 40 69 90 122 150 154 165 173 177 182 187 189 183 180 182 178 189 185 187 190 174 157 122 96 86 72 79 91 107 110 124 130 114 83 103 106 37 83 170 144 153 158 160 170 175 176 186 182 183 171 159 151 131 106 95 105 120 128 125 128 133 134 141 146 142 92 51 32 37 60 98 116 124 134 140 142 144 149 154 163 162 157 152 151 145 137 136 127 110
23 25 39 63 97 132 152 156 160 168 174 177 179 179 177 177 177 183 181 181 182 173 157 115 78 72 62 64 80 100 117 130 113 85 107 128 65 64 139 168 136 146 162 168 166 175 184 186 191 190 184 176 165 145 120 104 109 121 126 122 130 143 144 142 144 144 94 43 25 38 73 109 125 130 137 142 144 145 148 150 158 158 149 149 145 141 142 128 116 110
23 21 22 43 68 102 142 149 151 158 163 166 171 174 176 180 171 176 178 180 178 170 151 98 57 54 52 53 77 101 128 128 90 127 151 82 83 160 163 165 141 132 148 170 173 176 184 186 188 187 191 193 184 167 141 116 106 107 115 124 135 143 143 142 146 148 93 27 19 50 95 124 128 133 140 145 148 149 150 152 149 150 144 145 141 136 136 123 118 109
23 24 20 30 45 72 114 132 142 147 151 159 167 168 168 172 171 173 177 177 173 166 150 100 55 48 49 53 85 114 141 119 112 173 136 48 143 198 159 168 147 130 136 165 178 175 182 192 194 189 191 194 188 178 158 136 110 99 103 117 130 138 139 140 143 146 91 26 38 76 113 127 134 138 144 146 145 143 142 143 140 141 146 145 143 134 120 121 120 95
20 23 18 20 34 53 83 110 131 133 131 136 149 158 163 169 162 166 173 175 171 161 145 104 59 43 41 48 89 122 146 110 155 173 106 33 64 120 157 161 151 134 129 154 177 182 187 191 194 192 192 193 189 183 171 157 135 118 106 104 114 131 139 138 137 134 77 26 52 86 113 124 140 142 145 145 144 142 140 139 144 143 145 139 136 130 119 121 100 76
15 20 20 17 27 39 59 91 111 121 122 120 133 148 155 159 157 162 169 172 167 155 136 101 58 42 41 54 103 138 153 118 181 160 74 65 21 34 116 163 154 128 119 148 174 183 189 188 188 191 194 193 190 184 177 172 160 144 128 114 107 114 125 134 134 121 65 31 56 82 108 132 139 139 140 142 145 147 147 146 144 146 145 143 136 129 119 102 78 73
20 19 19 18 21 27 40 63 94 113 118 112 118 131 139 144 151 156 167 173 171 157 134 94 58 47 46 61 117 147 148 123 164 145 53 23 14 31 77 144 150 125 116 145 169 176 187 192 191 193 193 190 185 182 180 178 170 160 151 137 119 106 104 113 112 108 71 56 70 86 104 128 138 140 142 143 144 145 145 145 145 147 146 142 134 125 105 81 74 76
37 23 17 20 23 26 32 36 66 94 110 110 113 119 126 134 145 146 155 161 163 157 138 96 70 61 54 67 124 149 138 122 160 124 41 11 34 23 73 130 150 131 115 135 167 183 191 187 188 188 190 191 189 188 185 179 172 169 161 146 133 118 97 83 102 113 96 92 96 108 119 134 142 147 152 152 148 145 145 145 145 144 148 139 134 120 84 67 77 70
49 41 26 19 22 25 26 28 41 63 78 84 95 105 115 126 128 138 152 155 159 157 137 99 75 76 68 69 127 155 137 122 154 130 36 44 75 54 83 116 145 128 123 131 162 179 187 186 187 184 189 194 190 186 185 182 178 172 161 150 141 127 110 100 98 106 108 111 124 140 151 158 153 153 153 149 148 146 142 145 146 142 141 142 125 86 65 73 74 71
43 39 31 25 26 27 29 33 33 48 65 80 84 78 86 108 117 129 141 151 157 155 138 93 85 91 86 91 131 154 146 118 145 133 54 49 100 118 103 116 142 131 125 131 162 180 186 182 183 181 186 191 189 188 186 182 176 173 165 156 149 138 127 121 120 128 132 135 145 155 161 163 156 157 154 151 151 151 148 144 141 144 142 126 92 70 71 68 66 63
26 28 25 22 20 20 22 26 26 31 39 57 77 81 77 79 95 113 131 146 151 151 140 90 76 95 102 116 139 151 152 116 142 139 85 66 163 177 109 125 149 139 129 132 161 177 184 186 183 182 186 190 190 191 189 184 183 179 170 161 153 144 136 133 136 143 148 152 159 164 164 163 163 162 154 150 145 144 148 144 140 147 122 91 69 60 66 62 56 53
20 21 21 19 18 17 18 22 23 23 25 40 60 70 75 84 79 98 124 138 142 147 143 102 69 94 108 130 143 148 155 129 125 127 92 60 150 148 86 135 156 146 132 139 163 173 180 190 186 187 190 192 193 195 193 187 181 176 168 162 158 153 147 145 141 145 149 153 159 162 160 158 157 153 144 147 145 142 148 140 141 126 85 61 62 60 55 54 53 50
23 22 20 19 20 21 22 24 19 23 26 32 45 55 64 74 77 85 113 128 136 144 143 125 76 88 108 140 149 149 151 134 123 123 93 56 84 94 84 142 154 146 133 145 166 174 178 185 185 188 191 192 192 194 193 188 187 182 174 167 162 156 150 148 145 147 149 153 158 159 157 155 156 156 150 150 146 144 148 137 118 82 59 52 53 53 47 45 48 46
21 19 17 17 19 21 23 23 20 27 28 25 29 38 48 57 71 69 95 117 135 140 139 138 101 85 97 137 147 151 155 143 130 128 111 70 48 50 85 143 148 145 133 147 167 179 181 183 186 190 194 195 195 197 196 194 186 184 178 172 166 159 154 154 151 150 151 155 158 157 154 152 150 154 151 149 147 144 132 110 71 46 47 47 39 37 35 40 32 31
19 19 20 21 20 21 23 24 25 24 25 29 31 29 32 40 51 53 71 97 126 134 134 137 123 92 88 134 150 155 159 151 142 130 118 89 63 52 84 133 141 140 132 151 166 178 183 186 183 187 190 191 192 193 193 191 186 184 179 174 169 162 157 157 155 152 153 157 158 156 153 152 157 155 151 148 144 124 86 52 33 30 34 32 29 27 25 30 27 26
19 22 27 27 23 22 25 26 28 30 27 23 25 29 29 28 33 44 53 74 111 126 133 134 135 101 80 123 146 148 154 154 143 131 125 120 89 84 90 124 131 133 132 157 167 172 178 185 187 189 192 193 195 195 194 193 190 185 179 175 172 165 158 156 158 154 155 159 160 158 157 156 152 150 147 134 109 72 34 19 23 24 20 19 23 26 23 18 20 19
25 21 20 22 24 28 27 23 31 33 35 31 26 27 27 20 32 31 33 47 78 110 127 130 132 118 82 95 139 154 156 158 148 143 135 122 112 115 123 124 125 130 142 156 167 174 179 181 187 187 190 191 188 191 193 189 186 183 179 177 173 166 159 157 157 160 157 158 160 157 157 155 152 146 122 82 47 26 18 17 19 18 18 19 20 20 19 19 22 21
26 24 23 22 20 23 26 26 27 30 33 33 31 27 25 26 30 32 29 28 42 71 105 129 135 129 94 81 114 145 154 158 156 150 143 135 129 132 134 130 127 134 145 158 167 173 177 181 186 183 185 190 192 192 190 186 189 184 179 175 169 160 155 155 156 155 153 161 163 156 150 145 134 98 52 24 16 17 19 21 20 20 20 20 19 18 19 21 21 21
30 27 26 25 25 27 28 26 26 30 31 33 33 28 23 24 30 32 32 31 30 35 63 98 127 138 122 93 106 138 149 155 161 158 156 153 149 148 144 137 136 141 147 157 167 172 174 179 177 180 184 186 184 182 184 189 187 182 178 176 171 162 157 158 157 164 163 156 153 148 122 86 46 31 18 18 22 21 18 16 21 21 22 21 18 17 19 22 18 18
27 26 27 27 24 24 27 27 24 27 27 27 31 31 27 23 25 32 31 29 34 37 38 43 83 114 135 127 122 133 143 150 152 156 162 163 158 154 150 144 146 147 146 152 165 170 171 175 179 183 182 181 183 184 184 186 183 178 172 169 165 162 160 159 155 148 142 131 106 77 48 25 16 18 19 19 20 21 21 19 21 21 21 20 18 17 19 21 18 18
30 26 24 24 23 25 28 27 22 21 22 25 28 31 31 27 20 26 26 26 33 37 35 34 42 66 99 125 134 139 145 142 143 151 160 163 159 156 154 153 153 153 150 154 166 172 173 177 177 179 180 181 184 184 184 186 181 177 173 168 165 161 153 143 126 108 86 62 39 27 21 16 20 21 20 17 17 23 26 23 21 19 19 19 19 19 19 19 18 18
26 27 30 29 23 23 27 30 31 25 26 30 27 24 26 28 25 20 19 26 31 30 34 44 39 41 56 87 113 131 145 144 147 152 158 159 157 155 155 156 150 153 154 157 164 169 171 175 178 175 174 177 178 175 174 176 172 167 162 155 145 129 105 83 60 42 30 24 22 22 20 20 21 20 19 19 18 21 21 18 20 18 18 18 20 20 19 19 17 17
24 23 26 28 27 27 26 24 35 30 31 33 31 26 27 31 25 26 28 27 21 20 28 36 41 40 44 55 73 94 119 142 144 148 151 153 151 149 149 151 151 155 159 162 166 169 171 174 172 175 179 177 172 169 167 163 151 131 108 90 74 58 40 24 20 17 21 22 23 22 19 22 24 18 15 17 18 21 21 18 19 19 19 20 20 19 20 21 20 20
28 23 24 27 29 31 30 27 24 27 28 31 37 39 39 42 41 32 29 30 23 19 24 29 36 34 38 37 51 69 85 119 129 134 140 144 144 143 143 145 148 148 152 156 158 161 163 163 164 167 166 158 153 151 131 102 73 56 44 44 44 41 35 29 18 23 25 17 17 23 20 21 20 20 23 22 18 18 20 17 19 20 22 21 19 19 20 23 20 20
28 25 31 30 24 24 36 34 32 34 33 31 34 40 40 36 37 43 42 34 26 24 25 27 29 32 34 36 42 49 63 78 90 100 111 116 120 124 129 133 140 141 141 140 143 148 150 149 148 143 131 114 92 71 50 34 32 35 36 38 42 44 38 31 23 19 18 21 23 23 22 23 26 25 22 21 23 22 19 17 20 24 21 19 23 23 20 22 23 21
23 23 29 26 26 30 36 27 34 37 35 30 29 32 34 33 33 34 38 42 42 35 27 24 30 30 27 27 30 33 36 43 52 58 62 64 67 75 85 92 100 105 112 119 124 122 112 101 83 70 55 42 31 24 24 27 28 30 31 33 35 36 31 24 21 20 19 21 23 22 20 20 17 17 16 17 20 21 20 19 20 23 22 18 17 17 18 22 21 19
28 23 28 30 28 22 25 27 26 31 33 31 30 31 32 30 31 31 33 38 39 35 35 39 38 35 28 25 28 29 28 28 28 29 29 28 31 34 34 34 39 41 42 42 43 45 45 43 35 32 28 25 22 23 25 26 26 26 27 29 30 29 23 19 20 20 20 21 21 20 19 17 19 20 19 21 24 24 23 23 20 22 22 20 18 19 23 26 29 27
23 24 31 28 25 22 27 31 23 27 30 31 32 35 33 30 28 27 26 28 32 32 28 26 32 36 38 34 31 29 29 32 26 29 30 27 25 24 22 20 18 20 23 25 28 29 27 24 24 19 22 31 31 25 24 29 27 26 26 29 30 27 22 19 19 20 20 19 19 19 19 18 20 21 20 21 23 22 20 21 25 23 25 25 23 23 25 23 23 21
36 29 30 24 23 22 25 27 23 25 25 25 29 35 39 39 30 28 25 24 27 29 30 31 32 31 28 25 25 26 28 29 26 28 29 31 34 36 32 28 29 32 35 34 30 26 23 23 22 20 19 20 22 25 28 28 26 25 26 29 29 26 22 21 20 20 19 18 19 20 21 22 20 21 22 23 25 24 23 24 27 25 28 30 28 30 31 28 23 21
69 44 32 23 24 24 24 25 27 27 26 22 22 25 30 32 28 28 29 31 29 24 23 28 31 28 26 27 29 31 29 27 35 39 40 37 36 36 35 34 30 25 21 20 21 23 23 22 23 18 17 22 25 23 23 24 23 22 23 25 25 23 21 20 22 20 19 19 20 21 23 26 22 24 25 26 28 26 24 26 23 23 27 29 28 29 33 34 32 30
102 80 65 39 27 27 26 20 24 27 27 25 22 23 25 27 28 26 26 31 35 33 29 27 27 29 33 33 28 27 32 37 39 38 31 25 25 26 25 23 20 22 26 30 31 29 25 22 25 26 26 23 24 27 25 19 22 21 20 20 20 19 19 20 22 19 19 21 22 21 22 24 19 20 21 23 24 21 19 21 22 24 26 25 22 21 24 27 27 25
113 97 93 69 42 30 28 28 29 30 30 28 26 26 27 27 26 28 26 24 26 30 30 27 25 22 24 27 27 25 25 25 23 25 26 24 26 27 24 20 25 23 23 25 27 29 32 35 32 32 29 24 24 28 28 24 23 22 20 18 18 18 19 20 20 18 18 22 23 20 20 22 18 20 21 24 26 25 23 24 24 26 27 27 25 23 23 26 26 24
136 130 114 99 81 62 36 29 33 31 29 31 28 22 25 27 28 27 28 30 29 30 30 27 24 25 25 23 23 23 25 27 31 34 35 25 24 17 24 22 23 25 26 27 29 29 29 31 30 28 30 30 27 25 23 21 23 24 23 20 20 20 20 19 19 22 23 20 18 19 20 21 21 23 22 27 35 31 24 24 23 20 27 23 23 24 26 24 26 26
138 145 141 130 118 103 69 48 34 32 30 32 29 24 26 28 28 27 29 31 30 31 32 29 31 33 33 32 32 33 36 39 40 39 36 27 30 27 34 30 28 28 28 28 29 28 28 30 28 27 28 29 26 23 22 20 23 24 23 20 20 20 20 19 20 22 23 20 18 18 20 21 21 22 22 27 35 31 24 24 23 20 27 23 23 24 26 24 22 22
