113 116 105 94 85 72 55 60 74 95 67 54 62 73 75 71 66 70 61 61 69 66 61 57 57 52 51 55 54 49 43 42 46 48 52 52 47 47 45 39 41 40 43 45 46 50 53 50 48 46 44 41 38 38 42 45 40 43 41 47 40 43 43 44 41 41 44 43 40 37 36 41 38 42 41 37 38 42 42 39 39 37 39 43 44 41 42 47 56 58
99 89 71 71 65 65 73 73 84 75 75 72 65 70 76 63 67 71 65 62 64 65 65 59 58 52 48 48 49 49 46 44 46 44 42 42 42 45 47 44 43 44 47 48 46 44 42 38 38 38 38 39 41 44 48 52 60 56 49 47 45 45 40 40 42 38 39 41 42 42 40 42 42 43 42 41 41 41 40 38 41 42 41 40 39 40 42 43 65 72
72 69 65 75 67 69 77 72 78 74 85 74 72 70 71 77 73 64 60 63 57 49 49 49 50 49 46 45 46 48 47 44 43 41 39 39 41 42 43 43 43 44 42 40 40 39 38 39 38 44 45 45 47 49 56 68 78 73 67 52 46 42 42 50 43 39 40 42 45 45 40 39 41 41 42 42 42 39 37 37 38 41 41 39 39 40 41 41 44 47
61 68 78 82 77 80 80 82 89 78 86 73 65 72 82 92 88 81 75 70 62 59 59 53 46 48 47 45 42 42 41 41 46 45 42 39 38 37 39 44 40 43 42 41 43 43 43 47 41 41 40 46 55 54 52 59 55 45 51 45 55 55 48 45 43 40 41 42 43 44 41 42 44 44 43 42 42 41 42 44 41 41 42 43 42 42 42 44 42 42
61 69 76 81 81 86 88 97 94 73 73 83 80 85 85 87 94 89 81 69 60 57 54 52 54 53 51 48 43 39 39 41 43 45 45 43 41 38 37 41 40 43 42 41 44 44 44 48 50 51 55 66 73 60 47 48 44 39 55 54 57 55 51 47 42 39 39 39 41 45 46 49 47 46 43 39 39 40 39 38 43 41 40 40 39 39 40 41 39 41
68 72 72 90 92 89 89 85 79 81 72 79 88 93 77 74 80 78 74 68 63 55 51 56 54 52 50 50 48 44 42 42 38 40 43 45 46 43 39 37 39 40 40 39 40 40 41 44 54 60 70 80 80 64 53 54 59 51 57 51 43 42 44 44 42 39 41 42 45 48 46 47 41 45 47 48 50 49 45 40 39 41 41 40 40 42 41 38 40 42
76 90 95 103 94 86 87 83 77 72 79 88 86 79 73 77 70 69 65 56 53 53 48 49 50 50 51 50 49 48 45 42 44 41 40 40 40 43 43 39 35 37 42 45 44 43 41 40 42 45 51 57 59 56 51 49 48 45 44 45 38 40 42 42 42 41 44 46 48 49 45 45 45 51 57 58 52 45 42 42 46 47 47 47 47 46 44 42 43 47
92 102 103 99 100 105 92 83 70 71 85 73 72 85 97 96 85 69 59 54 55 56 56 65 60 63 61 55 52 52 52 49 47 44 43 41 39 42 43 37 39 37 41 43 41 40 41 39 39 43 45 42 39 41 42 40 38 41 38 45 40 43 42 42 43 41 44 44 46 49 49 52 48 55 62 60 50 44 51 65 61 53 48 47 44 40 40 43 42 44
98 95 103 113 106 85 71 76 89 56 74 101 95 89 83 71 70 57 49 50 50 49 51 54 51 51 48 48 46 48 55 51 50 48 48 49 46 42 39 38 43 41 40 42 41 37 38 42 40 43 46 46 43 39 39 42 42 46 47 38 39 44 43 50 49 46 43 42 43 45 46 46 44 55 60 53 52 66 72 64 53 48 42 40 42 42 41 43 40 39
92 91 114 105 74 68 64 59 56 88 88 80 80 76 76 67 55 43 45 48 41 40 41 34 34 41 47 49 42 40 49 51 46 44 42 42 42 42 40 38 40 34 36 43 45 47 51 54 49 47 47 46 41 41 43 43 47 49 46 44 46 46 48 53 49 43 41 44 44 42 42 43 50 50 51 54 62 66 61 51 43 39 37 41 43 41 39 41 41 39
89 105 93 64 68 76 69 75 89 67 59 67 77 74 60 52 50 49 50 50 45 41 42 45 49 42 38 40 40 40 43 42 44 45 45 44 43 42 42 42 38 49 75 96 100 100 99 92 83 69 57 47 36 35 44 49 51 48 45 57 63 59 59 53 43 40 40 41 39 38 43 48 46 48 51 55 58 53 45 41 41 40 38 37 35 34 37 43 40 39
102 89 63 62 72 77 80 74 47 49 52 59 66 77 86 80 74 68 57 50 48 44 45 53 56 47 42 42 39 36 37 38 43 39 37 39 42 43 44 44 69 97 131 146 145 148 151 145 141 129 118 105 83 59 49 47 42 40 48 62 60 55 53 41 43 43 43 42 40 42 44 42 42 52 54 50 46 41 38 40 40 39 39 39 40 41 41 40 40 39
85 73 57 64 75 71 59 36 42 48 57 65 76 84 79 72 65 60 55 50 47 56 69 73 66 55 50 52 54 50 46 44 43 42 47 59 73 91 113 131 158 168 175 175 176 180 179 173 176 170 164 163 155 128 93 71 55 55 74 76 57 52 51 42 39 40 43 43 40 41 42 40 46 52 49 42 42 42 41 42 45 38 36 40 44 44 41 36 40 39
76 71 75 72 62 52 41 40 55 56 78 80 73 72 60 59 53 56 53 51 61 77 84 83 82 87 102 113 117 114 107 106 104 108 123 144 161 170 177 184 183 185 186 187 186 183 182 183 179 181 176 174 181 181 171 164 145 133 135 117 87 77 68 56 48 38 36 41 40 38 39 38 46 45 41 39 41 43 43 45 46 42 47 52 49 42 41 43 44 42
79 71 67 49 41 44 43 52 55 67 54 68 93 100 97 76 72 83 82 82 98 110 115 123 140 150 167 173 173 172 169 172 170 170 172 174 176 176 178 180 184 180 183 189 190 187 187 189 185 189 187 184 188 192 191 189 193 185 182 175 161 150 134 116 94 65 42 36 33 35 40 42 42 39 38 39 40 41 42 44 47 50 56 58 52 50 56 62 50 46
82 58 43 40 42 47 56 67 77 86 69 79 103 108 109 98 97 97 101 114 131 146 162 175 176 179 185 182 182 182 176 175 173 170 166 163 167 176 182 182 183 176 179 186 186 187 190 188 188 187 188 191 192 190 190 191 186 188 183 186 188 182 178 169 157 138 114 86 54 36 35 38 42 39 39 40 40 43 43 40 44 49 55 55 55 61 60 51 45 40
55 41 43 44 43 57 76 88 98 112 112 122 137 131 124 126 130 136 150 164 174 182 187 187 185 186 187 187 186 179 183 178 160 139 134 141 159 181 187 190 185 179 176 190 185 193 189 190 188 188 187 190 194 193 191 193 191 190 188 185 183 183 181 177 176 172 168 158 138 110 75 45 29 38 37 38 41 37 38 40 40 48 47 48 49 45 44 41 37 36
43 42 37 40 62 81 89 103 115 142 157 166 171 166 165 172 180 183 188 191 189 189 189 188 186 190 190 188 196 191 177 157 135 120 142 162 179 193 187 192 181 175 186 189 196 196 190 185 191 193 193 190 189 190 191 192 192 189 188 185 181 179 178 178 181 177 172 167 168 168 155 133 97 57 31 36 40 41 46 45 42 40 40 43 41 39 41 36 40 39
42 44 57 73 86 95 110 131 144 160 168 172 178 181 185 188 190 190 192 192 190 189 190 190 194 190 188 189 199 179 149 134 126 146 174 191 188 189 193 176 165 177 199 198 195 194 189 194 191 191 192 190 187 188 191 191 189 186 186 187 185 182 181 181 179 178 181 182 174 167 166 167 165 144 108 48 23 39 42 46 38 41 39 38 38 38 40 39 41 41
57 68 101 125 122 122 139 156 163 170 173 176 182 188 192 192 193 192 191 192 194 196 196 196 191 195 201 197 187 150 126 140 151 173 189 188 189 182 156 135 149 175 198 200 198 196 196 200 191 185 188 194 192 191 194 194 192 189 188 189 188 185 180 176 175 173 174 177 180 180 175 167 155 157 161 140 80 35 34 40 46 39 39 42 37 35 39 40 37 36
76 92 106 117 131 147 162 172 170 173 179 186 191 197 198 197 201 199 197 196 197 196 195 194 201 202 195 174 160 137 137 169 171 177 186 188 163 112 103 149 143 178 202 199 206 190 197 191 194 188 193 199 196 195 198 196 192 191 189 187 186 185 181 174 172 172 171 168 165 165 170 174 174 170 159 159 158 110 52 42 43 43 40 37 41 42 38 38 38 38
79 95 107 128 157 172 174 173 181 185 194 196 195 196 198 202 198 200 200 198 198 197 196 198 205 192 177 166 163 145 147 174 185 186 188 154 102 114 150 136 143 182 191 192 199 193 202 199 198 198 202 202 196 197 199 194 191 193 192 187 184 185 184 179 179 173 173 178 178 171 167 170 181 180 172 169 161 162 140 69 37 35 38 40 41 38 37 43 36 37
95 110 130 157 175 182 186 184 192 195 201 200 200 200 195 193 196 199 200 199 199 197 197 200 198 188 177 173 168 148 158 183 182 192 167 105 114 159 125 72 141 188 193 198 193 195 196 202 201 204 208 206 201 201 199 192 195 196 194 190 185 183 181 178 172 175 174 173 175 177 176 174 176 173 184 182 169 168 166 154 97 44 31 43 38 35 38 36 38 40
110 139 163 180 190 191 192 189 192 199 205 198 197 200 199 200 202 203 202 201 202 201 199 200 198 194 179 162 152 149 175 198 185 178 130 118 160 129 68 88 159 191 191 185 191 196 198 204 205 206 210 212 211 208 202 195 193 191 190 190 188 184 180 177 173 173 173 177 179 177 175 178 176 175 178 178 179 174 166 168 161 113 59 30 34 40 34 37 39 42
135 164 177 187 195 194 197 198 199 200 203 199 197 199 201 205 205 200 199 203 203 200 199 203 198 193 172 143 132 164 186 196 185 161 124 150 148 84 113 148 151 180 196 192 186 190 198 199 196 202 208 211 213 214 207 197 195 192 189 187 187 186 181 175 172 166 164 172 176 178 182 184 179 176 171 174 177 175 174 172 161 160 131 69 32 35 38 34 37 38
154 181 192 193 197 200 203 200 205 203 204 201 200 203 203 204 208 206 203 202 202 203 204 205 196 191 164 125 118 157 202 198 178 147 137 175 115 90 147 167 158 181 197 192 178 186 197 194 193 199 205 210 215 216 209 201 194 192 188 186 183 179 176 172 161 152 157 158 166 173 186 181 184 184 180 179 177 173 176 177 175 166 159 130 80 42 33 44 40 43
166 185 198 199 198 202 203 201 208 207 208 206 205 206 204 205 208 210 208 202 201 204 205 202 199 188 152 113 103 151 202 199 181 141 160 166 77 65 87 108 154 186 194 185 176 182 189 190 187 193 197 201 209 213 208 202 194 189 183 183 179 175 171 155 150 146 141 139 153 156 168 184 182 186 185 185 180 174 176 178 177 173 169 165 144 85 39 40 43 44
176 182 195 200 200 199 200 203 208 210 215 213 209 208 206 207 208 212 212 206 204 206 205 201 197 187 146 107 92 156 193 191 176 143 171 133 84 69 53 60 129 178 184 184 176 175 183 184 184 189 189 190 200 205 203 201 194 186 176 178 175 165 161 151 140 128 110 104 114 132 147 163 177 183 186 190 188 182 179 178 176 178 174 169 167 143 93 54 47 40
188 185 193 201 201 200 203 211 211 212 217 217 213 211 209 211 211 214 214 212 210 210 208 205 202 177 137 108 92 144 186 192 168 143 174 115 136 126 54 51 119 175 181 185 160 156 182 179 183 186 186 187 195 200 200 200 192 189 175 170 168 154 143 139 109 81 88 108 128 151 172 174 180 184 186 190 191 187 186 184 182 179 175 172 171 162 139 114 108 104
185 186 192 200 203 205 209 213 215 214 217 216 215 215 213 214 214 213 213 213 213 211 210 210 206 178 136 98 89 127 189 184 163 142 165 108 71 47 39 54 96 164 173 182 152 144 175 178 179 182 184 186 191 196 196 193 185 176 174 159 139 145 138 102 75 87 108 102 120 137 163 177 184 186 184 184 184 183 187 189 184 191 186 179 177 170 153 134 132 146
177 186 190 198 204 206 211 210 214 213 216 217 216 216 214 215 214 213 213 213 213 211 209 209 201 179 141 95 87 111 179 189 167 134 160 120 48 33 38 50 95 159 165 167 137 132 161 174 175 176 180 184 186 189 188 181 174 172 158 139 141 134 97 70 92 115 127 118 130 162 174 181 183 186 185 185 184 183 188 190 194 186 183 183 178 177 174 154 128 139
180 190 191 198 203 203 210 209 210 212 218 219 216 214 213 215 216 215 215 215 214 211 208 206 199 178 129 82 94 132 174 180 164 130 157 123 47 64 84 69 114 159 166 165 128 134 163 173 175 173 177 181 181 185 183 173 166 153 149 139 120 91 80 110 142 154 158 134 78 148 192 191 182 188 190 193 194 192 193 192 190 194 189 185 181 176 173 165 149 133
183 190 187 195 202 204 202 207 209 210 216 220 217 216 216 213 216 216 210 210 213 211 206 201 196 175 130 88 102 144 164 177 162 123 139 135 72 90 111 90 136 151 164 153 118 140 166 172 171 175 176 182 181 184 176 162 154 154 132 108 87 108 129 156 173 181 187 140 33 106 187 192 191 191 189 190 192 191 189 191 192 193 191 188 185 179 171 169 164 142
180 190 187 192 200 205 203 204 208 209 215 217 215 214 215 213 214 213 207 207 210 209 209 207 195 172 137 102 107 145 165 168 155 123 123 140 102 85 120 133 156 153 152 136 120 141 167 178 179 178 175 180 178 179 171 158 141 121 100 112 131 156 169 179 186 191 188 149 37 54 161 195 188 190 192 192 191 192 191 189 190 191 192 193 192 184 176 174 173 154
181 195 192 194 201 210 208 205 209 210 214 216 214 214 215 213 213 211 207 208 209 205 202 200 192 171 146 118 117 146 160 157 164 132 113 131 124 106 136 142 150 150 146 124 121 141 169 187 183 180 179 188 185 177 163 148 125 108 118 159 177 178 186 188 192 187 190 156 68 56 103 172 183 186 190 191 190 190 190 189 188 190 193 196 196 189 183 182 180 167
183 196 194 194 201 210 209 207 209 210 212 213 212 213 213 211 208 206 205 209 209 203 199 195 193 181 162 139 135 152 158 153 158 150 122 120 130 112 102 111 144 156 141 124 134 158 180 191 189 187 189 199 190 173 151 135 118 142 176 191 192 189 195 191 187 185 185 160 95 94 127 161 179 181 183 185 187 186 187 190 188 189 192 194 194 192 189 188 184 176
185 196 193 196 202 208 207 209 208 208 208 208 210 211 209 207 207 206 205 207 204 197 197 197 195 189 179 161 152 157 157 148 147 159 140 125 124 124 101 100 152 164 133 129 146 173 189 191 189 188 189 198 187 171 155 146 150 183 199 188 190 192 190 190 190 190 183 155 108 112 172 183 175 180 178 176 181 184 185 188 188 190 192 191 192 195 194 192 187 182
185 193 189 195 202 206 205 209 208 208 206 206 208 210 208 206 206 207 207 207 200 193 196 198 195 189 188 178 162 162 160 144 138 147 144 140 124 136 126 107 161 162 130 140 159 182 190 188 183 184 187 195 185 177 173 171 174 183 190 193 191 191 193 193 190 187 183 155 113 137 183 185 176 183 179 171 174 182 184 183 186 188 190 190 192 196 196 193 189 185
181 187 183 191 200 203 201 204 206 206 205 203 205 208 208 208 202 203 204 206 201 196 198 197 194 189 190 185 173 170 167 151 139 141 140 143 136 139 148 162 174 163 146 162 180 191 188 182 183 187 190 194 183 179 182 184 180 180 176 195 189 191 201 192 194 191 176 158 103 156 223 203 183 183 181 176 172 177 181 178 182 180 183 187 190 192 194 193 191 188
181 186 182 191 202 206 202 203 202 203 202 199 201 204 205 207 207 204 201 201 200 197 197 192 188 188 184 181 177 174 169 158 150 145 152 143 137 147 168 188 178 170 177 184 187 185 183 184 182 187 189 190 179 178 185 189 190 181 147 177 187 184 195 195 196 192 177 161 101 119 190 188 191 181 182 183 172 170 176 176 178 173 175 182 186 187 190 192 194 191
177 183 185 191 195 194 196 200 200 201 202 202 200 203 205 202 207 206 201 198 199 197 192 189 193 189 189 188 184 180 174 165 163 163 162 161 159 163 178 197 190 187 188 191 188 183 181 181 192 188 192 187 179 182 184 187 185 178 95 143 194 183 191 198 201 196 187 159 109 120 189 198 193 179 180 195 184 168 171 175 171 170 171 178 186 187 187 191 193 192
177 183 186 192 196 194 197 201 201 201 202 202 202 205 206 202 197 199 198 197 198 197 193 193 192 190 189 188 185 183 178 173 175 177 177 177 177 179 186 193 190 187 187 188 185 182 185 189 186 185 186 182 179 182 181 183 178 170 94 124 191 184 189 200 198 201 183 152 114 153 220 212 200 190 182 192 188 174 170 170 171 166 166 173 183 187 188 189 189 187
179 185 189 194 196 194 196 200 199 198 199 200 201 204 203 200 198 201 201 199 197 194 191 192 191 191 188 185 184 182 179 178 183 185 184 180 180 185 190 191 190 185 183 183 181 180 184 187 182 183 184 181 183 185 180 178 177 163 104 111 182 181 185 196 196 199 180 154 111 151 208 202 202 178 161 188 195 175 164 166 170 162 161 168 177 185 190 190 188 186
182 188 190 194 195 193 196 197 197 197 197 198 199 201 200 198 196 198 197 196 197 196 197 200 194 194 189 185 186 184 181 182 183 189 193 193 190 190 188 186 186 181 178 180 181 181 181 181 179 180 180 179 183 188 187 183 177 160 125 117 168 178 182 192 197 194 176 152 108 152 197 202 197 167 147 186 198 175 164 168 167 160 160 165 171 182 191 191 189 186
185 188 189 193 194 193 195 196 199 199 199 199 199 200 200 200 201 200 197 196 196 195 193 196 192 191 185 183 186 185 182 183 187 192 201 205 202 195 190 187 184 179 178 181 183 184 185 184 186 184 182 183 186 196 203 199 184 171 151 135 155 167 166 181 195 191 173 145 124 196 223 215 209 193 161 186 197 179 163 161 165 159 158 162 168 179 188 188 187 184
184 187 188 192 193 193 196 195 199 200 199 199 199 198 198 200 201 200 197 197 199 195 192 193 186 183 179 179 183 184 182 182 188 187 193 198 198 195 193 192 187 183 182 182 181 183 187 188 194 191 191 193 193 200 207 201 181 176 163 146 148 157 150 174 193 190 167 136 132 213 226 209 208 196 148 172 194 180 158 155 163 158 156 159 167 179 184 182 185 182
183 185 187 191 192 192 195 194 196 197 197 197 197 196 196 198 199 199 198 198 199 194 190 192 186 182 180 181 181 182 183 181 179 178 183 189 188 187 186 183 181 179 179 178 177 179 183 185 188 188 186 190 192 193 194 188 182 174 164 148 143 145 137 161 189 187 162 134 134 198 218 215 210 187 137 172 194 176 157 158 158 157 156 158 169 180 183 181 185 183
182 185 188 191 191 190 193 192 195 196 195 196 197 196 194 197 196 197 197 197 195 189 186 190 187 182 181 181 178 178 179 177 173 174 179 180 176 172 171 167 167 166 169 173 175 178 180 179 180 180 176 180 186 186 188 184 180 166 158 145 140 139 135 155 182 188 161 133 126 170 191 192 201 180 141 179 184 165 158 161 152 156 157 160 170 180 184 184 184 183
184 184 187 188 188 190 192 193 194 195 194 192 192 193 194 194 196 194 194 194 192 189 188 189 187 185 184 182 178 175 175 174 175 175 178 169 167 162 158 153 156 153 152 157 160 159 163 167 165 173 172 172 174 176 182 179 182 162 164 148 148 142 134 146 172 186 156 134 135 185 207 194 191 155 132 181 187 168 160 158 151 155 158 165 175 183 186 187 187 184
185 182 183 185 188 191 192 190 193 194 193 192 192 192 192 192 192 192 194 195 192 188 187 188 186 183 179 175 172 166 165 168 170 169 160 155 155 148 147 148 140 140 139 143 148 150 153 153 155 157 158 163 167 167 171 174 165 159 149 137 148 147 133 132 167 174 150 127 157 199 218 203 202 161 141 181 179 169 157 152 150 152 156 164 173 180 183 184 182 179
182 182 185 186 185 187 190 191 190 191 191 191 192 191 190 190 190 192 194 194 190 187 188 188 187 184 176 172 170 164 160 163 158 151 141 145 140 136 139 140 142 142 144 146 150 154 154 152 154 151 152 155 156 156 157 163 155 149 133 139 149 147 133 126 148 162 147 134 167 201 205 199 200 153 153 194 178 167 157 157 143 142 150 161 169 177 183 183 181 178
182 184 188 188 185 185 189 191 188 189 190 190 192 192 191 191 191 192 193 192 188 188 189 188 182 176 168 165 165 161 155 152 147 143 131 129 127 130 129 135 140 140 144 146 148 151 152 154 156 153 154 148 146 149 149 156 156 124 109 141 152 145 130 122 145 154 140 127 158 195 204 206 195 139 154 189 174 158 156 162 149 146 154 165 170 176 181 181 181 179
186 184 184 186 188 190 191 189 189 190 190 191 192 191 191 192 192 191 192 191 189 191 192 187 176 162 153 153 155 155 149 139 132 128 129 124 125 143 148 146 142 138 145 150 149 150 154 163 161 158 156 144 137 139 141 150 152 112 111 147 149 140 127 128 144 147 139 110 138 174 198 192 162 144 175 182 167 150 154 164 157 153 159 168 170 174 179 180 179 177
183 182 183 185 186 189 191 190 191 191 191 191 191 190 190 191 189 189 190 190 190 193 192 183 169 147 136 142 147 149 145 138 146 141 139 129 136 147 158 165 150 142 149 153 150 147 151 164 169 164 156 143 135 134 139 149 146 126 138 153 145 135 127 137 146 146 135 122 149 188 195 168 98 142 185 170 160 153 158 166 159 156 158 165 168 171 176 177 177 176
177 179 184 184 182 183 188 191 190 191 192 191 190 188 188 190 189 188 189 188 187 192 189 177 154 128 119 135 145 143 143 146 148 142 123 117 136 112 134 182 159 147 153 157 152 149 150 161 171 168 156 144 140 144 152 155 146 134 145 147 143 137 132 137 149 150 135 147 169 204 204 187 113 159 176 161 158 162 163 162 162 159 157 161 166 171 174 175 177 176
177 177 179 181 181 183 185 186 189 190 191 191 190 188 188 190 191 189 188 186 184 188 185 173 143 116 110 134 149 144 145 158 141 113 110 136 137 86 133 189 162 150 156 160 158 157 156 164 174 175 159 145 144 152 160 154 142 130 141 143 143 137 142 145 156 147 128 143 167 179 184 182 157 173 164 165 157 163 163 163 155 152 149 153 164 172 175 177 176 176
175 176 177 179 182 183 184 186 188 188 189 190 190 188 187 187 193 189 187 189 186 186 182 164 128 102 103 132 148 147 158 156 112 104 144 141 104 112 163 188 167 144 148 168 169 163 167 169 175 175 166 154 149 143 145 137 125 130 135 144 144 141 145 146 153 151 126 139 153 162 165 144 172 174 162 160 166 169 170 159 153 149 146 152 166 174 176 179 178 174
174 175 176 177 179 180 181 184 185 186 188 188 186 184 185 187 186 184 187 190 186 185 178 158 119 92 93 121 146 154 165 128 103 149 158 123 131 167 176 187 173 149 145 165 172 170 173 174 177 177 177 170 158 136 122 108 120 137 140 140 143 142 145 150 158 151 135 139 155 181 158 145 166 168 163 167 171 169 167 157 150 151 149 152 166 179 182 181 175 170
173 175 175 175 177 179 182 184 184 185 187 186 184 184 185 188 190 186 186 186 180 178 172 152 106 86 98 124 149 160 158 98 143 178 134 137 194 190 182 183 170 151 147 168 181 179 179 179 177 181 187 180 169 145 132 134 132 136 140 147 148 145 149 152 162 147 141 156 175 182 156 157 159 159 160 168 171 167 168 161 151 156 157 161 173 184 186 183 172 166
167 170 171 171 173 176 179 182 184 184 184 184 184 185 185 185 189 188 185 183 180 176 164 143 97 82 108 134 157 170 143 101 181 160 95 119 165 193 179 169 179 159 147 167 186 185 181 177 180 187 194 186 181 156 139 147 151 148 150 151 145 143 149 154 158 140 125 133 127 94 126 158 160 159 162 169 167 164 165 159 156 161 167 173 181 184 182 180 172 167
167 171 173 172 173 176 178 180 179 181 181 181 181 182 181 180 183 185 181 179 181 176 159 139 89 82 121 144 159 171 123 137 186 133 88 66 59 113 167 176 173 159 150 171 189 186 185 183 185 185 191 188 187 168 144 136 144 155 154 148 154 160 155 152 157 141 121 118 106 89 136 154 154 157 163 168 166 166 167 161 159 166 174 179 181 180 176 173 169 166
162 168 171 170 170 171 172 172 175 179 181 180 179 179 179 179 180 183 178 176 178 172 153 132 88 83 124 151 166 175 114 160 171 118 128 79 56 90 158 161 183 164 148 167 186 186 188 188 190 183 189 188 184 176 164 147 142 150 153 150 153 159 159 160 153 127 86 54 51 107 151 164 157 159 162 162 160 163 164 161 163 171 177 177 176 177 175 170 166 164
155 163 169 170 170 171 171 170 174 177 179 178 176 177 179 179 174 178 179 179 176 168 148 121 83 88 133 161 173 175 120 166 153 75 42 38 40 79 156 154 177 162 151 173 190 187 192 193 193 190 192 189 183 176 174 160 150 139 141 148 155 162 163 164 157 101 43 31 69 146 159 160 159 161 161 159 160 164 166 167 167 170 173 173 173 175 174 170 169 167
145 155 163 166 168 170 170 169 173 174 174 173 174 176 178 176 174 174 177 177 170 165 151 123 92 101 142 167 176 173 127 155 155 62 32 41 47 81 146 158 178 162 152 177 194 189 193 191 191 192 187 184 188 181 179 171 160 150 138 135 149 162 161 166 157 84 28 59 123 158 153 156 165 166 166 166 168 168 166 168 169 166 167 171 172 171 170 170 169 166
137 142 155 164 163 164 166 166 170 170 170 171 173 174 173 170 174 172 173 170 166 163 147 124 102 104 143 164 173 178 121 157 150 67 44 90 94 103 133 155 179 160 145 187 191 189 190 191 190 191 187 183 183 182 177 174 165 153 147 125 135 153 157 159 140 72 39 100 154 157 160 159 167 169 168 163 161 162 163 162 164 167 165 166 168 170 171 167 167 166
132 135 144 156 161 162 164 165 165 166 167 167 170 171 170 168 170 170 171 168 163 158 142 122 100 111 140 164 174 175 122 135 146 74 57 113 112 111 146 159 177 154 153 190 189 185 185 184 184 185 183 181 183 182 176 172 167 163 153 140 126 145 153 147 137 84 94 138 155 161 164 166 165 166 166 166 164 161 159 157 165 169 168 168 169 170 170 167 166 164
127 127 132 143 154 158 158 161 162 165 166 166 167 168 167 167 167 170 170 165 160 152 133 115 112 122 134 161 173 172 137 131 150 94 70 123 123 133 157 169 170 146 165 192 186 181 181 178 181 183 183 181 181 181 178 176 168 168 156 149 129 136 149 138 115 107 145 167 166 168 160 164 161 162 165 167 166 163 162 164 166 170 169 169 169 168 169 167 164 162
121 123 124 132 145 152 155 160 160 164 164 164 165 166 165 165 167 170 168 165 162 151 128 109 116 130 138 159 167 170 146 112 149 111 83 148 142 145 162 174 163 144 176 190 183 180 180 178 179 182 182 178 176 176 177 178 173 171 161 150 137 121 137 142 138 153 164 161 162 164 160 164 166 169 172 173 170 167 166 168 167 169 166 166 167 166 166 163 157 154
111 117 117 119 131 141 146 154 154 159 160 159 162 163 162 163 166 167 166 165 166 156 133 112 104 124 140 151 159 175 160 109 125 142 87 93 113 142 169 167 160 152 183 184 180 180 180 180 176 177 177 174 172 173 175 174 169 163 161 157 152 131 130 138 146 154 152 153 159 168 175 172 170 174 175 174 172 171 169 166 165 166 163 164 166 164 162 157 155 153
107 113 114 114 121 128 135 143 149 154 154 154 160 163 163 164 163 163 164 166 167 161 144 127 111 111 127 144 156 168 169 134 113 142 115 68 97 141 164 169 163 164 184 179 177 178 178 178 175 175 175 175 176 178 177 173 168 163 162 160 145 140 137 148 152 156 164 175 182 182 179 175 172 170 166 162 164 167 166 162 162 163 161 164 166 162 158 153 153 151
102 106 109 113 117 121 128 136 144 149 149 149 157 162 162 164 161 162 165 165 163 162 154 143 121 100 106 136 157 156 169 161 128 116 130 87 81 129 158 170 166 171 179 175 174 172 173 173 173 173 175 177 178 180 179 175 174 169 166 162 147 147 142 146 166 173 176 181 184 178 174 174 173 167 159 155 157 160 159 157 161 163 162 163 162 157 155 153 155 153
86 88 95 105 111 114 121 131 140 145 144 144 153 159 159 160 161 163 167 165 159 159 159 153 138 111 102 124 149 145 166 167 151 125 117 102 95 140 159 162 166 173 173 174 171 167 168 169 168 170 173 174 172 174 176 173 174 172 172 161 155 145 148 150 157 168 171 176 173 170 177 168 166 162 160 160 162 161 160 160 161 164 162 161 157 152 153 155 153 152
72 81 89 86 94 107 112 119 129 143 144 136 142 151 153 158 161 161 159 158 159 160 157 153 148 125 100 106 131 143 160 166 163 151 136 136 123 143 159 162 168 169 171 172 169 165 165 168 168 166 171 172 172 175 174 171 172 171 167 162 157 154 155 158 156 165 169 173 171 167 169 166 165 161 163 165 160 160 162 160 159 161 161 158 156 154 153 153 151 151
61 70 80 81 84 91 100 113 122 134 139 135 138 146 150 152 153 156 157 157 157 157 156 153 148 130 103 95 114 132 155 161 163 163 157 156 140 154 165 165 169 168 166 166 164 162 161 162 163 165 173 174 171 172 172 171 171 170 167 163 159 156 156 157 165 169 168 168 166 162 165 163 163 161 156 157 164 163 160 162 163 158 152 150 154 157 155 152 150 150
59 60 66 68 72 79 87 95 106 117 129 132 129 135 143 144 147 151 154 155 155 156 155 154 153 146 123 101 100 112 141 156 162 167 162 157 143 155 166 168 167 167 166 164 162 161 160 160 161 163 171 171 168 169 169 170 168 167 164 161 159 159 158 157 161 164 163 163 162 160 161 159 156 158 161 162 160 160 158 155 153 152 150 151 154 155 152 149 150 149
52 57 64 63 63 69 76 80 88 99 113 119 118 123 134 136 139 143 147 149 151 154 155 154 151 153 146 130 117 110 127 143 154 161 159 158 151 157 163 165 161 163 164 160 157 157 160 161 161 161 165 166 165 167 166 167 165 163 161 159 159 161 161 158 160 161 161 160 158 157 156 156 156 156 161 161 157 158 157 149 145 145 145 146 148 149 149 150 152 150
58 63 66 66 65 68 72 73 78 86 91 98 105 111 121 125 128 132 137 143 149 153 155 154 153 151 150 146 141 130 133 136 148 155 156 159 157 158 161 163 160 161 160 156 154 157 162 164 161 160 163 163 164 165 163 163 163 160 159 159 159 162 162 158 161 160 159 157 155 155 157 159 157 159 156 158 163 155 145 144 143 140 137 140 144 146 146 146 146 146
75 72 63 61 63 62 65 67 74 78 73 78 90 97 105 108 117 122 129 138 146 153 156 157 158 153 151 147 149 146 146 143 149 152 151 153 152 151 157 161 156 156 156 156 158 161 162 161 159 160 163 164 163 163 160 162 163 160 160 161 160 161 160 156 156 156 158 156 155 155 156 159 158 158 157 159 155 140 129 131 136 135 134 136 138 139 141 143 145 148
81 83 71 62 60 58 64 71 67 72 65 70 79 83 90 92 101 107 115 123 131 140 148 154 152 153 156 151 150 149 150 147 148 151 152 152 152 150 153 151 148 148 149 152 156 158 158 157 160 160 162 162 162 162 160 163 164 160 160 162 159 158 159 157 157 156 160 158 156 155 152 155 153 160 160 137 102 81 79 81 90 90 91 96 103 110 119 127 137 143
66 75 63 54 58 60 61 62 59 67 66 70 73 74 81 82 84 91 98 104 110 120 134 143 149 148 152 148 148 147 149 148 149 151 152 150 152 150 151 143 147 146 146 148 151 155 160 163 162 160 159 158 160 162 160 164 165 159 159 160 156 156 159 160 159 157 159 157 157 158 157 161 162 150 104 50 30 34 38 38 44 39 37 43 51 54 54 54 62 69
86 68 43 43 54 57 57 55 59 70 70 65 68 76 80 75 72 79 84 87 89 95 107 118 122 131 143 152 151 146 145 148 146 148 149 147 148 149 146 146 147 151 149 149 152 153 156 156 157 163 162 163 162 161 164 157 160 159 156 155 161 155 161 158 156 156 161 160 156 161 154 130 86 49 24 29 37 38 37 36 48 47 47 51 55 55 49 43 34 30
78 53 50 60 53 50 59 58 63 66 65 68 69 67 70 73 69 70 71 73 74 73 78 88 93 94 110 127 136 143 145 139 141 143 145 143 143 145 146 148 149 152 149 147 148 148 152 154 155 153 157 161 160 159 157 156 155 155 157 161 159 158 157 157 157 156 154 151 139 109 69 40 30 28 33 37 36 38 43 46 44 45 45 45 45 45 43 41 44 43
68 62 60 58 57 59 60 62 63 66 64 66 68 70 73 71 66 63 58 58 59 59 64 72 69 70 81 93 101 112 123 123 126 132 138 141 142 142 144 147 146 150 149 151 153 151 152 152 158 149 151 150 148 149 147 151 152 151 154 145 142 149 139 133 126 113 89 66 49 32 24 28 37 37 39 40 42 48 50 46 44 45 46 45 42 41 40 40 37 38
75 62 54 51 57 63 61 64 68 70 65 63 66 71 72 64 63 64 60 55 53 52 51 50 55 62 66 67 70 75 81 87 96 102 109 117 121 126 135 140 145 148 146 147 150 148 146 145 139 139 141 141 143 143 139 143 143 145 148 100 69 71 63 54 44 35 28 26 27 33 36 34 35 34 36 36 36 38 42 43 42 44 45 45 43 41 39 38 34 34
68 63 59 53 56 61 65 80 72 67 62 64 65 64 65 63 59 59 58 57 58 56 51 48 52 54 51 49 51 52 52 54 58 65 73 84 93 101 113 116 126 134 135 137 140 138 138 138 140 137 126 133 151 154 151 150 164 162 161 90 19 29 32 30 31 32 38 39 34 37 39 32 38 35 34 35 35 35 36 37 40 43 45 45 43 41 39 37 36 35
62 63 59 57 66 73 75 83 69 67 66 66 64 63 66 65 65 60 58 62 65 59 52 52 52 48 46 44 41 43 45 45 49 51 50 56 63 74 89 91 105 118 122 125 133 141 153 162 162 133 98 111 151 165 159 148 155 159 166 106 21 38 37 35 33 34 34 34 34 33 34 35 37 36 35 34 34 35 37 38 38 41 43 41 39 37 37 38 38 38
60 53 61 71 68 71 81 74 66 66 66 68 65 63 65 61 63 61 62 69 70 59 51 52 50 48 49 47 43 41 44 46 46 48 45 47 51 61 74 70 82 101 109 112 121 129 139 146 120 99 84 102 137 158 161 159 144 156 159 88 26 35 33 36 36 36 33 33 38 37 34 36 35 36 37 37 37 35 34 32 35 35 35 34 34 35 35 36 35 36
52 68 72 69 69 76 80 67 60 50 51 66 68 59 59 62 64 66 68 70 67 59 56 60 56 52 43 39 42 43 44 52 46 49 46 48 52 63 76 72 86 103 107 104 105 104 103 102 98 89 95 110 134 157 160 158 152 159 143 48 31 36 34 35 34 35 34 33 34 36 36 36 34 34 34 36 36 34 33 36 35 33 32 33 37 40 39 37 35 36
56 71 71 79 87 79 66 69 63 51 49 61 63 55 51 48 53 62 72 67 63 59 59 55 54 51 47 42 38 44 43 50 43 47 41 46 52 63 68 63 128 143 123 108 106 98 97 95 93 99 116 124 144 142 147 143 150 153 95 35 32 37 32 37 34 38 36 36 37 35 35 34 33 35 35 35 35 35 35 37 36 34 34 35 36 36 36 35 35 36
70 80 77 82 80 71 60 58 60 64 67 64 53 46 49 47 50 58 62 52 51 55 60 55 54 52 50 45 39 44 43 50 41 44 40 50 56 55 74 119 159 157 134 117 111 104 102 100 98 115 136 128 122 109 123 132 123 81 38 31 39 37 35 35 33 36 35 36 37 36 37 36 34 35 35 35 35 35 36 37 36 34 34 35 35 35 35 34 35 36
