56 41 52 69 67 59 56 55 53 48 45 43 39 39 39 37 35 37 38 38 37 38 38 38 37 38 36 35 36 37 37 37 35 37 38 37 37 37 37 36 40 37 37 38 39 40 41 39 39 38 38 37 37 39 37 33 46 79 110 127 132 123 116 123 120 113 103 90 75 98 97 91 79 98 99 110 93 111 126 116 122 122 123 127 126 122 123 123 125 125
54 60 65 59 55 60 59 51 46 41 40 40 39 39 39 36 37 38 39 38 37 37 37 37 36 37 36 35 36 37 37 37 37 37 36 34 34 36 37 37 38 36 36 38 39 41 40 38 37 38 37 37 38 36 39 49 40 56 90 117 123 123 122 114 111 104 102 87 57 72 90 105 83 109 98 93 98 102 116 121 120 125 124 127 130 125 123 123 128 128
64 60 71 75 61 48 45 45 40 37 38 40 38 38 38 36 37 37 37 36 36 36 36 36 38 39 39 38 38 38 38 38 35 37 39 39 39 39 38 36 37 38 38 39 41 42 40 37 34 39 40 39 41 41 42 45 51 58 66 82 106 116 108 100 92 86 66 50 51 81 88 93 82 115 108 89 99 88 104 117 120 127 125 124 128 126 125 128 127 127
69 74 69 55 48 42 37 41 38 39 41 41 37 36 37 37 37 37 37 37 37 38 39 39 41 41 40 39 40 39 38 38 39 39 39 38 38 40 41 40 39 41 41 41 40 40 38 36 37 36 37 41 42 40 41 45 53 57 64 74 80 77 69 65 58 48 37 43 54 63 64 79 91 100 108 98 95 75 90 110 120 128 127 124 124 123 125 128 125 125
74 66 61 50 41 41 41 38 39 39 40 40 38 37 38 39 39 39 39 39 40 41 42 43 41 40 38 38 40 40 38 38 39 40 39 38 39 41 42 42 40 42 42 40 39 37 36 37 39 40 34 29 34 42 49 57 61 66 65 56 51 52 51 47 45 42 46 49 48 62 76 81 88 81 100 111 100 73 67 90 111 119 122 123 125 126 129 126 125 125
63 57 49 44 46 44 39 43 39 37 36 37 40 40 40 40 40 39 39 39 40 40 40 41 41 40 38 39 41 41 40 40 39 40 41 41 42 43 42 40 42 43 42 41 41 40 41 44 38 47 55 73 89 75 55 54 64 63 59 57 60 62 60 58 50 45 45 46 53 69 77 71 77 91 111 115 102 81 57 74 106 111 114 118 122 126 129 126 126 126
51 41 43 44 41 40 39 38 38 37 37 38 41 41 41 41 40 39 39 40 40 39 39 40 40 40 39 40 41 40 40 41 41 41 40 38 39 41 42 41 40 39 38 41 46 46 48 54 60 87 119 151 175 170 143 122 106 67 55 69 71 66 64 59 51 48 43 40 46 50 56 60 76 106 120 115 102 81 56 60 105 112 113 114 117 119 123 124 127 127
45 45 47 43 39 42 41 39 38 40 41 42 41 40 39 42 42 41 41 42 42 42 42 42 38 39 39 39 38 36 36 37 36 37 38 38 38 39 37 34 36 33 32 38 47 49 52 59 65 75 92 103 120 153 178 177 165 133 85 53 45 45 46 49 42 35 37 42 42 40 45 43 42 53 61 74 76 61 56 60 92 107 112 115 117 117 122 130 127 127
43 40 38 38 38 39 40 40 41 41 41 41 40 40 39 39 41 41 39 37 36 36 37 38 38 38 36 34 37 39 37 33 37 38 34 33 35 36 49 70 86 96 107 116 125 127 126 127 136 136 133 128 125 130 138 144 150 166 174 158 119 65 35 37 41 44 47 40 38 41 39 44 40 39 40 37 40 56 63 54 78 97 102 110 119 118 121 121 126 127
38 40 42 41 39 40 40 39 41 41 40 40 40 40 40 40 39 38 38 37 36 36 36 36 39 39 36 35 36 37 36 36 34 36 48 70 97 125 148 160 166 168 166 165 167 168 170 173 171 174 175 174 169 164 160 157 155 150 145 152 162 144 102 71 56 43 37 38 41 43 42 43 44 40 37 38 40 39 40 45 67 78 77 93 115 118 119 121 123 125
40 42 43 41 40 41 42 41 40 39 39 39 39 39 39 39 36 36 36 36 36 35 36 36 36 38 38 37 38 36 39 47 65 96 135 160 169 174 175 172 168 171 171 172 176 177 177 178 177 176 173 172 170 168 165 165 164 165 160 154 155 158 158 156 143 117 89 71 52 40 41 41 40 42 44 43 41 42 42 39 48 60 73 85 90 99 116 119 119 121
45 43 42 43 43 43 42 41 39 38 38 38 38 38 37 36 36 36 36 36 36 36 37 38 37 36 35 37 39 47 75 108 137 155 166 169 173 176 176 178 180 182 181 181 182 181 179 179 177 175 174 175 174 171 167 165 163 162 162 161 158 157 158 159 165 163 155 147 124 93 66 41 37 42 39 36 40 38 36 42 37 43 59 73 73 86 111 117 122 124
46 42 43 46 46 42 39 38 39 38 38 38 38 38 36 35 37 37 38 38 38 37 37 38 38 41 39 43 66 103 135 151 161 168 172 174 178 181 181 182 186 186 185 185 185 186 186 185 181 179 176 175 174 171 168 167 166 160 158 160 159 158 159 161 161 163 156 158 160 151 133 111 74 45 33 40 40 36 38 39 38 41 50 71 87 93 104 117 122 123
45 42 43 45 42 38 37 38 40 39 39 39 38 38 37 36 36 36 37 38 37 35 36 38 38 39 57 91 122 143 157 163 168 165 170 175 177 182 186 183 185 185 186 186 186 186 185 182 179 179 178 177 175 173 170 168 166 159 155 156 158 161 160 159 162 167 165 164 162 157 154 152 142 113 69 38 32 37 38 36 40 42 46 54 70 91 109 117 120 122
46 44 43 41 39 39 40 40 40 40 39 38 38 38 38 38 36 36 37 37 37 37 42 47 52 63 95 128 146 157 165 166 171 167 171 176 176 180 185 183 188 188 188 188 187 187 187 185 185 185 183 181 179 179 177 173 170 168 163 158 155 154 156 158 160 159 162 162 163 163 159 159 152 153 133 89 48 34 38 40 39 39 43 43 54 89 115 115 114 118
45 45 44 42 42 45 44 38 40 40 38 37 37 37 39 40 40 39 38 38 39 43 52 61 75 106 143 149 137 145 166 174 168 167 165 164 168 173 178 182 182 184 188 191 191 191 190 187 185 185 183 180 181 183 182 178 175 172 167 163 160 154 151 154 157 155 163 161 158 163 162 161 159 151 147 146 120 64 32 37 41 40 42 42 50 73 99 116 114 120
53 48 46 46 46 44 40 37 38 40 38 36 38 40 39 35 38 41 42 45 52 63 81 99 117 145 157 139 129 149 170 171 166 160 152 151 148 156 170 174 180 188 189 190 192 191 191 188 185 185 185 184 185 184 182 180 176 175 171 167 163 159 153 150 151 158 159 157 158 159 157 157 160 155 150 145 143 134 92 38 38 40 38 46 45 50 76 113 122 115
61 58 57 53 46 43 46 47 42 42 41 41 43 45 43 41 44 45 47 56 74 94 113 128 147 161 151 131 138 158 166 166 167 164 150 141 125 141 159 176 178 184 189 193 194 194 194 190 192 191 190 188 186 184 181 178 177 176 171 167 163 158 152 149 148 152 156 158 158 155 153 153 161 160 158 151 145 147 137 115 45 31 45 43 50 49 59 91 112 115
71 65 64 63 59 57 56 52 48 47 44 43 44 45 45 46 50 57 67 83 107 128 143 152 163 164 144 128 145 167 172 173 167 160 146 128 108 116 156 163 178 182 187 193 193 195 200 197 195 195 192 190 187 185 182 180 178 175 171 166 163 157 150 147 147 148 153 157 155 152 152 151 152 152 154 152 146 146 143 135 113 60 34 40 43 46 51 62 94 111
76 67 63 59 50 48 50 47 42 41 41 43 45 47 52 57 64 79 97 115 134 148 156 162 170 157 141 136 151 170 176 173 168 148 136 117 92 104 145 152 173 182 187 190 192 197 203 203 197 197 195 192 189 186 182 180 178 175 169 165 161 155 149 146 146 148 153 154 151 154 156 152 156 152 153 154 152 149 145 138 141 113 56 35 37 45 48 52 77 106
67 58 54 49 41 39 40 38 38 40 43 47 51 55 63 72 88 104 122 136 149 158 165 172 174 151 137 144 162 176 176 165 168 142 116 118 71 88 138 151 164 182 189 191 195 199 203 203 202 201 199 195 191 187 182 178 178 174 168 163 160 154 148 145 143 144 149 151 151 156 159 156 155 155 154 152 150 149 148 146 136 139 116 59 36 41 53 46 51 83
54 48 45 44 42 41 40 39 44 45 47 51 57 65 80 93 111 123 136 147 158 166 173 179 169 148 136 150 172 180 176 170 164 122 123 115 53 76 138 153 158 180 188 189 194 198 201 204 203 202 200 197 194 190 184 180 178 173 166 161 158 152 145 142 137 136 141 149 154 155 157 159 155 158 158 156 154 152 148 145 144 135 134 113 60 36 52 52 46 67
47 46 43 40 38 38 42 48 49 53 58 67 78 92 108 122 132 140 149 159 169 174 177 183 165 147 139 155 176 180 176 176 148 112 147 89 47 86 133 158 155 173 182 186 191 193 198 202 200 199 197 195 194 190 185 181 175 170 162 158 154 147 139 134 129 129 134 144 153 156 157 161 159 160 158 156 158 156 150 146 148 141 132 141 106 54 33 50 42 48
43 42 37 39 47 49 48 50 64 72 84 99 113 126 136 144 152 156 161 168 175 178 180 185 163 141 134 156 179 184 181 178 123 143 139 63 55 91 136 162 151 165 178 188 192 191 194 196 200 198 195 192 190 186 181 176 172 166 159 154 150 141 132 127 124 128 131 138 151 158 159 162 162 163 161 161 162 158 152 152 145 141 142 128 136 106 48 43 43 37
38 40 42 40 46 53 61 77 96 107 118 128 136 142 149 154 163 164 168 171 174 183 189 184 166 139 133 163 183 181 185 172 126 157 112 52 95 136 138 169 152 152 171 183 184 188 190 191 190 188 190 189 191 185 181 174 170 163 156 149 144 138 126 118 116 118 120 122 142 154 159 170 167 169 166 162 161 158 155 153 148 145 144 134 132 131 93 49 39 41
44 44 47 50 64 81 96 112 126 133 141 147 153 158 162 166 171 170 172 176 180 188 189 183 166 128 124 161 183 180 181 169 137 157 92 65 124 163 138 165 148 150 170 181 183 186 184 185 185 182 184 181 179 172 169 165 156 150 149 146 136 124 114 115 100 92 103 120 142 153 160 166 168 170 168 166 165 165 162 161 153 151 140 141 132 133 135 87 31 39
41 46 60 74 92 111 126 137 145 148 153 158 163 168 171 173 176 174 176 181 185 190 191 186 169 121 122 160 180 178 175 160 140 166 74 39 67 115 147 165 142 146 169 176 179 184 179 181 182 179 179 175 173 165 162 158 147 142 136 127 122 117 104 95 95 102 124 139 150 156 163 167 169 172 170 167 166 165 162 161 156 154 153 152 139 131 136 132 77 37
48 62 85 105 121 135 147 152 160 162 165 168 170 173 175 175 178 177 179 184 187 191 194 194 164 118 126 158 173 174 169 152 145 156 66 32 32 58 134 157 135 141 167 172 173 182 179 181 179 175 174 170 168 160 154 148 139 134 131 124 113 100 91 92 101 119 139 147 158 161 167 171 170 174 173 171 171 171 169 168 164 162 162 150 150 147 128 133 121 83
69 85 109 129 143 155 166 170 172 172 175 178 179 180 182 181 182 181 183 187 190 192 195 197 150 111 126 157 168 166 161 148 138 129 57 35 35 44 99 138 128 138 166 170 168 179 179 179 175 172 172 167 163 152 144 137 132 127 122 113 102 96 99 109 112 123 135 141 152 154 162 169 168 173 174 172 172 172 170 169 166 167 165 161 154 146 140 134 131 130
86 107 131 153 167 174 179 180 176 175 179 182 182 184 186 185 186 185 186 189 191 191 191 190 148 114 127 156 164 156 149 142 121 119 55 37 34 44 89 120 122 139 164 169 166 175 176 173 170 169 170 162 154 140 133 127 126 118 112 106 110 119 123 125 135 143 150 149 150 148 157 159 167 174 177 175 175 174 172 171 170 167 165 169 162 151 148 140 131 128
104 132 158 179 189 187 186 184 183 181 182 184 183 184 186 184 188 188 189 189 190 189 187 186 158 128 129 149 158 148 140 133 116 111 53 40 41 47 98 114 116 142 161 164 166 171 171 167 163 162 163 154 145 132 126 122 122 120 128 140 144 141 139 144 161 165 167 162 147 123 129 146 156 165 172 173 175 176 175 175 172 172 173 165 164 165 151 144 140 133
122 152 175 190 193 187 186 188 185 181 181 184 184 187 190 189 189 192 192 190 188 187 188 190 164 138 128 138 150 145 138 127 109 105 73 51 71 72 108 115 113 144 156 159 166 169 168 165 163 160 159 152 145 134 130 126 128 141 159 166 164 159 157 161 173 172 171 166 128 66 77 137 155 166 174 176 177 178 178 178 179 172 172 170 166 164 156 153 144 138
144 170 186 194 198 196 193 188 186 185 184 185 185 187 189 189 191 191 190 189 187 186 185 184 168 140 129 134 144 144 128 121 111 96 80 59 108 107 107 113 118 151 157 156 162 161 160 157 160 158 158 152 149 144 148 151 155 171 175 175 167 169 164 173 176 176 177 172 116 40 61 152 172 171 173 180 172 175 178 177 170 156 167 175 171 169 162 157 151 145
157 178 191 198 200 196 193 189 186 185 186 187 187 187 188 188 189 188 188 187 185 182 180 179 169 142 126 124 132 137 128 125 114 104 90 60 67 82 104 109 124 151 158 159 162 159 160 161 163 165 169 166 164 161 167 171 176 161 160 172 165 173 174 177 180 182 177 158 113 48 55 139 170 165 180 176 178 175 176 181 179 167 172 174 169 169 164 161 155 149
166 181 191 196 197 193 189 187 186 185 186 187 187 187 188 188 189 188 186 184 182 179 177 175 171 149 133 125 127 134 130 129 119 111 103 84 54 68 111 135 141 156 159 162 162 157 162 167 169 175 184 183 179 172 175 176 171 163 143 162 176 168 175 176 176 179 179 161 112 63 66 105 168 169 163 173 177 173 173 171 179 174 179 177 172 171 166 163 157 152
170 181 190 194 196 192 189 189 186 184 184 185 185 186 188 189 190 187 182 179 177 176 174 173 168 153 139 127 124 128 127 126 114 113 113 118 94 92 119 144 155 158 158 161 163 164 172 177 183 185 189 182 175 169 174 175 171 167 126 123 171 171 174 175 178 180 177 159 102 73 97 102 149 162 150 165 172 171 174 169 172 175 181 178 175 175 169 165 159 155
172 180 188 193 194 191 188 189 186 183 183 184 184 184 185 187 186 183 178 175 173 172 170 169 166 155 141 127 121 124 127 127 121 121 114 119 126 129 142 152 155 157 160 164 169 176 184 187 189 186 185 175 170 169 177 178 175 156 120 82 142 174 176 179 178 183 176 153 104 90 130 148 160 160 156 147 159 164 168 166 168 173 177 175 174 176 173 170 164 161
175 179 188 191 191 189 185 185 184 182 183 184 184 182 181 181 182 180 177 175 173 171 168 166 163 155 145 134 127 127 131 131 128 125 120 119 132 135 144 148 155 162 169 173 177 183 187 186 187 183 182 173 169 172 180 178 166 146 97 62 126 169 178 179 177 178 179 149 98 87 124 161 151 158 161 159 155 153 160 162 163 168 173 175 175 177 176 172 167 164
175 178 187 188 187 186 183 184 182 180 180 182 181 179 178 178 180 178 176 174 173 170 167 165 159 153 147 141 134 131 133 133 132 129 133 137 143 146 154 165 167 173 179 180 182 185 184 183 186 181 179 171 169 172 180 176 163 138 54 62 133 170 181 178 180 177 178 143 93 91 131 169 161 155 151 168 157 149 152 152 154 158 166 174 176 178 178 172 168 166
170 172 180 180 180 181 179 180 179 176 176 178 177 176 177 178 178 176 174 172 170 168 165 164 161 155 148 144 138 133 136 137 139 137 142 147 153 166 170 178 179 180 181 181 185 187 184 183 179 178 182 177 175 176 178 170 160 124 38 80 142 175 180 181 181 185 173 135 97 104 150 182 182 149 156 168 164 148 141 144 148 150 159 171 175 178 181 175 169 167
167 173 179 180 180 179 175 173 175 172 172 173 173 173 172 171 173 172 171 169 168 165 162 159 157 154 148 145 142 138 138 144 143 145 149 159 170 176 178 180 182 184 187 186 184 183 178 177 179 180 180 173 171 182 180 164 153 135 65 81 145 167 185 181 178 184 172 128 101 106 150 178 169 122 141 165 188 156 135 135 138 142 152 163 172 178 178 175 169 164
161 165 169 170 171 171 170 170 172 169 169 171 171 170 170 170 171 170 170 168 166 164 159 156 154 152 148 148 148 146 146 150 152 156 160 167 176 180 181 182 186 186 187 184 181 180 176 175 175 174 173 177 187 192 182 166 150 150 109 91 125 157 171 181 181 179 165 129 98 80 121 168 169 161 151 150 191 171 137 123 126 133 144 156 167 177 179 174 169 163
162 164 166 169 170 169 170 172 168 167 167 168 169 169 169 170 170 170 168 166 164 162 159 156 156 153 149 149 150 149 148 151 161 167 172 176 181 185 185 185 183 182 182 180 178 178 175 175 176 174 174 187 203 200 180 168 159 152 137 103 103 147 168 166 158 172 164 123 99 104 151 187 190 184 153 148 185 171 138 116 116 125 138 151 164 176 180 175 169 163
165 166 167 170 170 168 168 169 167 167 168 169 170 170 170 171 171 171 169 166 164 163 161 159 156 152 149 149 150 150 152 155 162 170 175 179 186 191 192 192 186 185 186 185 185 186 182 182 180 179 181 193 202 192 173 164 153 151 137 107 99 130 156 156 157 168 162 119 96 111 160 182 187 162 139 151 174 159 134 111 109 119 135 151 163 174 178 176 170 164
167 169 167 169 169 165 167 167 167 168 169 170 171 171 171 173 171 171 170 168 167 165 163 161 157 154 152 151 150 151 153 155 161 167 170 172 178 182 183 182 184 182 182 181 181 182 179 179 179 178 182 187 186 177 166 157 147 142 128 111 98 114 144 148 155 160 153 119 97 100 144 173 184 154 142 152 166 152 129 109 104 113 131 150 162 169 173 174 170 164
169 171 167 169 169 166 169 168 167 169 168 168 170 171 171 173 170 171 172 171 170 167 164 161 157 155 153 152 149 149 150 150 156 160 161 161 165 168 167 166 168 165 165 164 165 168 167 168 172 170 174 175 170 168 163 153 149 136 128 114 88 97 134 148 151 165 155 116 93 86 121 157 162 132 142 155 165 149 128 107 102 110 128 150 163 167 171 174 169 163
167 171 167 168 168 165 168 165 167 169 166 165 167 168 169 172 171 172 173 172 170 167 164 161 155 152 151 150 149 150 151 149 147 151 153 155 159 162 162 162 157 154 155 154 156 158 158 161 163 160 163 164 161 163 160 150 148 138 120 110 93 89 121 149 153 166 153 114 96 90 125 166 168 131 143 154 161 141 129 112 104 111 129 150 164 170 174 174 168 162
167 173 169 172 171 167 169 164 168 168 164 162 165 166 167 171 173 173 173 171 169 167 164 162 161 156 153 150 148 149 150 147 144 147 148 149 151 152 151 152 149 147 148 147 148 148 146 148 155 153 155 156 156 158 155 145 138 131 120 125 96 77 120 145 155 166 150 106 93 103 145 176 190 157 156 153 163 135 122 107 105 112 128 148 163 172 175 173 167 161
171 171 176 177 173 170 166 167 163 165 166 165 165 167 169 170 172 175 171 168 170 168 164 163 161 157 155 151 148 146 146 150 146 146 145 141 151 147 148 146 143 143 141 138 137 139 138 136 141 144 147 149 150 152 151 147 133 131 135 120 79 74 113 140 150 163 136 103 87 114 149 169 187 136 146 152 149 133 118 107 107 116 129 146 162 172 173 168 164 161
168 169 174 171 168 169 168 168 168 166 163 161 163 166 169 169 174 174 173 171 171 170 168 165 159 155 153 148 144 143 140 142 141 130 136 141 147 143 145 146 147 143 139 136 135 135 134 130 134 137 141 144 145 147 147 145 132 128 106 95 76 79 107 129 149 155 127 103 98 121 150 173 160 101 139 150 141 131 112 109 114 119 131 147 159 166 168 164 164 162
165 169 173 168 165 167 166 164 165 165 163 161 161 163 166 168 170 168 169 169 167 169 168 163 162 157 152 144 140 139 134 132 134 130 125 131 140 139 147 145 152 148 144 141 139 138 136 133 134 132 131 131 134 138 143 146 139 121 77 86 88 91 110 126 140 145 118 96 92 107 129 148 130 108 147 151 137 126 113 112 120 121 135 152 160 165 168 166 163 158
158 163 168 166 165 166 164 164 161 160 159 161 163 165 164 162 167 167 167 167 168 170 169 166 160 154 146 136 135 138 135 132 127 123 124 132 142 146 152 157 154 153 152 149 145 141 140 139 137 131 124 122 128 135 142 147 142 109 60 96 104 100 114 128 130 138 116 95 100 124 147 153 111 123 148 143 136 126 120 121 121 120 136 152 157 161 165 166 161 153
158 160 164 164 164 161 157 159 155 158 161 162 160 159 161 164 165 167 165 165 169 170 168 168 162 151 138 126 125 129 127 126 129 116 134 143 151 171 167 168 163 162 161 157 151 147 145 144 137 132 125 125 133 140 144 146 144 112 67 107 116 110 122 130 134 137 119 100 113 148 171 163 110 123 140 135 134 131 125 130 127 124 138 151 154 159 163 166 167 159
159 157 159 162 165 162 158 162 160 158 157 156 156 157 159 161 159 163 161 160 165 166 163 163 153 139 126 116 116 121 122 123 122 130 138 157 172 174 168 176 175 173 168 163 158 155 151 146 142 139 131 129 137 143 146 148 141 124 84 103 114 117 125 126 135 137 123 104 110 134 148 130 106 137 138 131 134 132 133 135 131 128 141 150 154 161 165 170 166 158
161 158 157 160 164 161 155 158 158 157 155 153 151 152 155 160 159 161 161 161 164 164 160 158 145 131 119 114 115 118 119 123 127 136 152 159 125 128 161 172 176 175 173 168 164 162 158 152 152 150 139 130 131 137 142 147 144 134 106 106 116 125 130 131 133 138 125 102 105 117 118 89 101 139 131 127 132 133 141 137 129 130 143 150 156 165 165 167 163 152
156 153 154 156 161 159 152 153 155 153 152 151 151 151 152 154 159 159 162 163 162 162 159 154 138 124 116 116 120 123 124 130 138 140 131 78 62 134 168 168 173 177 179 176 173 172 168 162 158 158 146 131 127 130 135 141 144 132 116 113 118 124 131 136 134 138 123 107 128 149 146 108 118 119 124 128 129 140 140 134 132 136 150 155 161 168 163 162 157 147
150 149 150 153 155 153 151 150 153 150 148 149 148 147 150 154 157 157 157 158 159 163 161 148 123 114 114 121 133 131 132 137 135 111 72 31 83 155 151 161 169 172 176 175 173 175 172 169 165 160 157 140 123 120 125 134 137 134 110 108 119 121 129 132 136 143 130 106 118 122 95 90 118 120 120 125 135 138 134 130 135 140 149 158 163 163 161 159 152 147
147 146 147 148 148 147 148 150 148 145 144 145 145 144 146 150 152 152 152 155 157 159 152 133 116 104 111 131 142 139 141 141 114 83 48 72 117 147 143 156 165 168 172 174 176 178 176 173 172 166 162 150 134 126 122 124 131 119 109 116 120 120 132 136 138 143 134 107 95 71 55 84 111 118 126 134 137 132 130 133 142 145 150 155 158 158 155 152 150 145
141 140 141 142 143 143 145 148 145 143 142 143 144 143 144 146 147 149 151 153 156 156 144 119 105 108 122 140 143 147 149 134 113 70 77 168 159 151 140 138 159 162 167 172 178 180 180 179 178 172 170 164 153 141 127 119 117 103 103 112 114 118 129 134 142 145 133 96 80 63 60 92 111 120 130 137 138 136 139 147 150 150 150 152 152 151 148 146 147 143
134 134 134 138 141 143 143 143 143 142 141 142 142 142 142 144 145 149 151 153 154 154 139 112 104 116 128 143 146 153 150 126 129 48 54 121 150 153 146 138 152 157 163 171 178 180 183 185 184 178 174 169 162 155 144 132 118 109 106 106 114 123 126 132 142 147 131 66 33 41 70 102 123 130 135 137 140 145 148 150 152 150 148 148 148 147 145 143 143 141
128 129 130 134 137 139 139 139 140 139 138 139 139 139 140 141 143 146 148 150 152 151 134 105 100 119 133 149 149 149 145 137 106 41 39 42 93 146 143 126 148 154 158 168 178 181 185 186 182 181 178 173 168 165 155 141 127 121 116 109 117 126 125 133 136 139 123 54 30 52 90 117 130 136 141 145 148 151 150 147 149 147 145 144 144 144 143 142 142 141
121 123 126 128 129 130 133 135 135 136 136 136 136 137 138 139 143 144 145 148 151 150 130 99 101 125 135 146 150 153 140 138 88 32 36 42 69 141 142 126 145 151 153 166 179 183 185 184 185 185 179 173 167 165 160 147 129 118 116 115 116 122 126 133 135 134 109 41 38 69 104 125 136 140 148 154 154 151 150 150 146 144 143 142 142 142 142 141 142 141
111 115 119 120 120 122 125 129 130 132 134 135 135 135 137 138 141 143 144 146 148 146 130 103 101 132 143 145 146 150 131 135 75 31 37 32 70 134 138 125 140 150 153 166 180 182 186 184 184 183 179 177 172 166 160 148 137 120 115 118 116 117 124 129 136 129 108 55 68 97 121 134 148 149 152 154 151 147 147 147 144 143 142 142 142 142 142 142 142 140
103 107 111 114 117 119 121 122 125 128 131 132 132 133 135 136 138 141 143 144 142 140 129 108 107 129 140 147 148 146 121 134 65 43 54 42 70 131 129 123 135 150 156 168 179 181 186 185 185 182 177 178 174 167 163 154 149 131 118 117 116 114 117 120 120 108 110 90 108 121 136 147 150 150 149 147 147 149 147 142 143 143 142 142 143 143 144 144 141 139
95 100 105 109 114 114 113 115 121 125 128 128 129 130 131 132 136 136 140 140 143 144 130 116 111 130 141 141 143 147 126 131 67 49 75 79 91 127 123 125 138 149 159 170 179 182 184 185 181 178 174 175 173 168 163 156 150 144 128 115 114 116 118 120 115 111 114 127 138 141 144 147 150 147 146 147 147 145 144 142 142 142 142 142 144 144 141 140 138 135
88 92 96 100 106 109 111 114 117 120 123 125 127 128 130 132 130 133 138 138 140 142 130 117 118 135 141 140 140 142 124 124 73 64 111 118 107 130 126 122 137 152 162 171 179 182 184 182 180 179 176 173 167 161 160 158 152 150 138 124 115 113 120 129 137 140 143 144 144 144 145 146 149 146 145 146 145 143 142 141 141 142 142 142 144 144 142 141 138 135
80 84 86 89 94 99 103 106 111 114 118 122 125 127 128 131 130 133 137 137 139 139 126 112 119 137 140 138 137 136 121 112 93 80 117 103 102 125 123 125 137 155 167 173 178 181 181 177 175 177 176 174 167 159 157 155 147 147 141 131 119 111 115 126 133 134 135 135 140 148 153 154 147 145 145 145 143 141 140 139 141 143 142 142 143 144 142 139 135 131
69 72 75 77 81 87 92 95 104 107 112 118 122 123 124 127 130 131 134 135 139 138 124 107 116 138 142 139 138 136 124 104 99 61 78 71 106 126 124 127 143 161 172 177 180 180 180 176 177 174 167 165 163 159 157 154 149 145 139 135 128 118 116 121 132 136 143 149 153 152 148 145 145 143 143 143 141 139 139 139 142 142 141 140 142 142 139 136 130 127
58 60 62 66 71 79 86 90 97 101 106 112 116 118 119 121 124 126 127 130 136 138 128 114 110 132 140 137 136 135 127 101 117 61 42 66 105 116 122 128 147 163 173 177 178 175 174 173 177 171 161 159 161 159 155 151 153 144 137 136 133 125 121 122 132 140 149 150 148 146 145 146 141 141 141 140 138 138 139 139 140 140 139 138 141 141 137 133 126 125
57 56 57 61 66 73 82 87 92 97 102 106 110 113 114 115 119 124 125 127 131 135 133 123 106 123 136 135 134 133 130 108 109 84 36 70 95 110 124 133 150 165 172 175 175 171 170 169 173 170 162 161 163 158 154 150 147 142 139 138 134 127 124 124 131 140 145 143 141 144 144 141 139 139 139 139 137 137 139 140 140 139 138 139 140 138 134 132 127 127
59 56 56 60 62 66 74 79 87 92 95 98 102 106 108 108 112 119 119 122 125 130 131 124 106 115 134 138 136 133 134 121 99 101 57 67 84 108 123 137 153 168 174 174 173 172 171 168 171 170 162 159 158 155 154 154 146 143 142 140 136 132 129 128 131 136 139 138 139 143 140 134 139 139 139 138 137 138 140 141 141 141 140 142 140 135 130 130 131 130
55 51 53 58 59 61 67 72 81 85 88 89 94 99 102 101 102 108 110 115 121 126 128 118 101 104 127 136 135 128 132 126 109 96 81 74 86 109 121 135 149 166 171 168 168 170 168 162 161 164 159 158 157 152 150 151 150 144 139 135 134 134 134 131 129 133 138 140 138 137 137 138 140 139 140 139 138 139 141 142 144 143 144 144 140 131 127 128 133 132
57 56 53 50 51 56 60 61 67 73 80 85 88 90 94 97 97 95 99 108 114 119 123 124 99 87 114 136 133 133 129 129 120 106 90 86 96 108 123 138 151 162 168 168 166 164 166 164 160 162 163 161 159 156 154 152 149 145 141 138 137 136 136 136 133 136 138 138 136 136 137 139 142 139 139 142 141 141 142 143 142 146 143 136 134 131 129 132 135 135
52 50 50 53 54 55 58 60 58 63 68 72 76 80 84 88 88 87 89 95 101 108 116 122 112 92 107 130 135 134 130 129 123 115 102 97 105 117 128 137 148 158 163 164 164 164 165 163 160 162 162 161 158 155 152 149 147 143 140 139 138 137 134 133 134 135 136 137 138 140 140 140 139 144 143 142 143 141 141 148 144 143 138 133 132 133 134 136 139 139
42 41 44 49 52 54 56 59 55 57 58 59 62 65 69 73 80 81 81 83 88 93 103 113 115 100 103 122 132 133 134 132 124 122 113 108 115 127 136 140 145 153 155 157 158 159 161 159 160 161 161 161 159 156 152 149 148 145 143 142 143 142 140 138 137 137 136 137 138 140 141 140 136 139 138 138 145 147 144 144 145 139 134 133 134 136 139 138 138 138
45 46 47 46 48 53 56 56 60 60 59 58 59 60 62 64 72 75 75 75 78 80 85 94 106 108 110 122 129 131 137 136 128 126 120 115 121 132 140 143 148 153 153 154 155 156 158 157 156 157 157 158 157 155 152 149 143 141 138 138 139 139 139 138 139 139 138 136 135 136 138 139 141 141 144 143 142 146 150 146 142 136 135 137 136 137 138 136 137 137
46 47 47 45 47 53 57 57 60 60 59 59 60 60 59 59 61 65 66 67 69 68 69 75 85 100 108 120 126 126 133 133 134 132 127 124 126 132 139 143 150 153 152 152 152 152 155 155 151 151 152 153 153 151 148 146 144 142 141 141 141 141 142 142 140 140 138 136 135 136 138 139 144 141 141 141 140 145 147 141 131 129 133 138 138 138 139 137 134 133
43 42 44 47 50 53 58 60 60 60 60 60 60 58 56 54 55 56 57 59 62 62 62 64 64 77 88 107 119 123 130 133 134 133 133 133 134 136 141 144 146 150 149 150 150 148 151 153 150 150 150 150 150 149 146 145 142 142 142 143 143 141 141 141 141 140 138 138 140 142 143 142 143 143 144 145 147 142 134 129 124 125 130 133 133 132 132 132 131 130
47 47 48 51 52 54 56 57 63 63 62 62 63 61 58 56 56 54 53 54 56 57 58 58 56 61 69 84 101 115 127 134 130 133 137 139 139 141 144 145 145 148 149 151 152 149 150 151 150 149 149 149 149 148 146 145 142 142 142 143 143 143 142 142 142 142 142 142 144 146 146 145 142 142 144 148 145 133 120 114 122 125 128 129 130 130 129 129 130 130
44 47 49 48 49 54 56 53 58 58 58 59 61 61 60 59 60 55 53 53 52 52 53 51 55 56 58 61 75 98 115 125 130 134 139 140 139 141 143 142 143 146 147 151 151 148 148 147 148 147 146 147 147 145 144 144 143 141 140 141 143 145 145 146 144 146 147 147 146 146 146 146 144 145 152 142 109 84 80 83 91 97 102 107 117 123 124 126 126 126
47 49 50 51 52 52 53 55 54 54 53 53 56 57 56 54 55 54 52 53 54 53 49 46 54 54 55 56 58 70 95 118 125 128 135 139 138 140 143 140 141 142 142 146 147 146 147 146 147 146 145 144 145 146 145 144 139 144 143 145 145 144 148 148 149 143 147 151 150 149 149 144 148 155 128 74 42 39 42 43 45 42 46 50 54 61 72 90 100 115
48 48 47 49 53 56 57 58 62 61 58 55 56 57 58 58 54 54 52 52 52 51 49 49 47 48 52 52 45 45 63 85 116 126 129 129 136 136 135 140 142 143 143 148 149 148 149 148 147 146 145 144 143 143 145 147 148 142 141 148 149 145 146 148 148 154 152 148 149 146 145 154 146 94 45 32 39 43 42 42 39 38 38 40 42 40 47 64 74 82
39 45 50 52 51 50 50 52 54 56 56 55 56 56 55 54 52 53 53 52 51 50 49 49 48 46 48 54 55 49 45 46 73 108 128 129 133 135 134 137 136 136 135 138 142 144 149 150 148 146 145 144 142 140 141 145 143 149 148 144 146 148 146 150 149 148 152 148 146 155 140 101 53 36 37 44 41 42 44 36 40 41 41 46 46 41 47 62 81 89
41 42 44 46 50 51 51 52 51 53 52 51 52 54 55 55 55 55 52 48 47 48 50 52 52 51 48 47 48 51 50 48 48 66 93 118 132 133 133 135 134 137 136 138 141 142 145 146 147 144 143 145 145 143 143 144 148 148 151 149 150 150 147 150 151 151 148 146 136 99 55 33 32 41 41 38 40 38 37 42 40 42 41 45 44 38 44 53 98 121
41 41 41 43 47 49 49 49 51 51 50 50 52 53 51 50 51 52 52 50 50 50 49 49 46 50 52 49 46 48 50 52 51 47 59 85 106 120 129 134 131 136 134 135 138 141 146 148 144 142 142 145 147 146 146 148 149 141 146 147 141 147 152 147 145 132 115 91 58 38 36 40 40 39 39 41 42 41 40 40 43 43 43 44 39 38 43 47 95 132
39 42 44 44 44 43 43 44 45 47 47 49 52 52 49 45 47 50 51 51 51 51 49 48 53 51 50 51 50 48 47 49 50 52 53 58 71 88 104 117 124 132 132 133 136 136 140 142 139 139 139 139 139 139 140 142 144 144 141 141 143 138 128 114 93 69 48 38 35 37 41 41 39 44 41 37 39 40 38 39 41 40 42 40 38 41 46 53 100 133
45 43 40 40 44 46 48 48 50 48 45 44 47 51 51 50 51 51 49 45 44 47 50 52 52 51 51 52 50 46 46 49 50 48 46 51 58 58 65 80 92 106 115 122 128 128 129 130 135 136 135 134 135 136 137 137 136 136 130 139 131 91 63 53 41 36 33 37 43 43 41 42 43 38 40 41 35 37 42 41 42 41 43 39 42 44 45 64 117 132
41 43 44 43 42 41 43 46 51 51 47 45 46 48 47 45 48 51 51 48 46 46 46 46 48 50 53 52 51 50 51 51 50 49 49 52 54 52 51 56 60 74 82 88 95 101 107 113 114 115 115 117 122 126 126 123 126 134 142 141 90 39 37 37 38 37 40 43 42 43 42 38 39 41 40 38 39 41 41 41 41 40 43 39 46 48 46 76 126 126
43 43 43 43 43 43 43 43 46 50 50 47 46 47 48 48 46 47 49 50 50 51 49 45 43 45 49 53 53 52 52 52 52 51 51 53 51 57 57 61 61 63 63 69 76 82 91 96 86 90 82 94 104 109 117 122 126 140 163 102 39 38 44 37 41 40 42 41 41 41 39 40 40 41 43 41 41 42 41 44 42 42 42 45 45 39 58 101 122 124
43 43 43 44 44 43 43 42 43 48 50 48 46 47 49 51 55 52 49 47 48 51 54 53 47 46 48 50 51 52 52 52 51 52 53 54 52 58 59 64 74 75 71 71 72 73 77 78 70 89 101 129 141 137 131 127 141 154 118 45 38 45 32 44 41 40 42 42 41 41 39 40 40 41 43 41 41 42 41 44 42 42 42 44 46 46 69 113 115 121
