216 214 216 217 215 216 216 213 207 212 214 217 212 211 219 220 225 224 219 225 226 222 227 222 221 225 228 228 227 227 227 226 225 224 225 228 229 228 225 222 227 227 223 223 230 222 218 226 223 223 225 225 223 227 215 222 214 210 210 206 210 219 220 224 224 222 223 226 222 220 225 223 216 222 222 218 219 212 202 206 204 195 194 197 191 179 169 162 174 176
209 217 216 213 218 217 212 213 217 214 208 209 212 217 219 211 208 214 217 209 196 185 174 161 150 157 180 201 203 200 197 191 183 182 179 174 174 178 183 183 171 157 146 155 155 149 131 122 134 129 124 124 120 129 127 127 137 137 134 136 145 146 147 160 172 170 164 162 169 185 194 189 196 193 185 176 176 177 174 176 172 168 165 159 149 146 148 148 165 168
215 216 217 214 212 213 212 210 206 208 207 205 203 201 195 182 175 156 145 138 135 134 127 123 110 87 80 93 101 104 108 110 112 113 115 117 117 117 115 112 127 143 140 149 129 124 126 124 131 127 125 137 137 136 138 137 138 134 126 120 115 114 116 115 103 104 105 112 119 125 132 133 119 125 132 130 131 135 134 134 128 126 128 131 130 131 131 128 136 141
211 210 208 208 208 205 201 199 203 202 196 182 162 147 134 122 113 112 111 116 129 133 119 104 77 62 61 72 79 84 95 102 110 107 110 113 111 109 113 118 112 115 98 90 88 102 107 117 118 127 137 151 152 143 134 130 128 129 125 127 126 127 137 135 144 142 144 154 152 133 114 102 105 114 117 106 97 98 101 106 111 106 108 113 109 105 106 107 102 102
209 202 203 202 192 192 192 180 166 144 123 114 113 116 111 103 112 121 116 119 123 109 90 73 70 63 52 53 66 70 64 63 63 63 74 91 99 101 99 96 79 62 67 66 87 106 102 130 141 134 123 106 101 111 120 126 124 134 130 133 139 135 142 156 171 169 162 154 143 135 135 134 122 122 116 108 111 113 106 102 103 96 93 94 90 90 94 98 97 92
196 201 193 181 174 161 139 124 113 115 122 118 106 99 100 105 106 112 104 104 98 74 64 60 67 66 52 72 108 86 55 73 76 91 120 149 171 189 193 185 168 150 140 131 136 137 130 126 130 116 116 117 118 114 117 123 129 138 132 119 116 127 146 159 161 141 119 106 97 95 100 100 111 109 105 103 110 113 105 102 94 91 91 91 89 91 93 89 91 89
183 172 154 131 114 113 121 124 120 104 93 85 85 91 91 91 92 97 89 78 68 63 69 74 77 68 46 66 114 105 66 61 75 100 133 156 170 189 202 200 197 206 211 222 189 146 133 118 111 91 81 95 114 104 116 143 158 150 149 142 141 158 163 147 140 118 103 102 99 95 89 76 89 98 111 114 110 100 92 94 89 90 95 95 90 90 92 90 90 90
141 118 106 110 112 111 103 92 83 81 85 82 81 86 83 81 84 70 67 73 82 93 103 111 103 54 35 51 59 56 50 40 40 58 92 125 152 175 182 174 180 192 203 219 213 215 190 160 135 140 128 142 170 146 143 164 168 157 166 171 166 163 157 153 153 154 155 149 137 134 127 104 97 88 90 96 100 101 96 94 100 93 93 98 97 94 90 85 85 82
106 108 100 98 92 77 73 73 82 77 72 74 78 75 69 67 69 75 82 102 101 119 132 111 66 44 53 58 62 61 53 49 44 42 37 49 78 99 114 130 146 166 183 193 196 207 213 196 177 183 189 185 185 170 141 137 154 157 153 154 157 154 156 161 163 164 168 151 147 141 136 128 118 109 99 99 97 89 85 84 95 95 95 84 82 88 90 97 89 82
103 92 75 70 75 77 75 71 74 74 73 72 70 68 74 84 91 101 106 116 113 125 120 91 72 56 62 72 71 61 67 78 78 70 58 58 70 77 87 101 122 139 161 177 179 186 203 211 191 194 193 190 177 154 139 134 138 140 144 149 154 155 154 154 159 160 165 160 155 139 137 138 140 135 130 127 119 110 101 88 80 81 82 80 80 82 82 85 88 84
77 79 81 77 74 74 71 67 78 81 83 84 84 85 93 104 113 107 101 110 114 116 95 64 57 64 67 61 59 65 85 90 87 83 81 86 96 104 116 131 141 143 152 155 151 156 180 209 211 208 198 196 182 174 190 187 158 136 134 141 144 143 136 134 137 128 121 131 143 135 136 137 127 121 120 129 133 127 121 114 102 96 86 82 79 74 74 75 73 72
92 89 93 86 79 85 88 92 88 91 91 91 93 98 104 111 104 91 97 115 110 89 73 68 75 97 106 94 94 110 124 115 112 117 127 139 149 156 163 168 169 166 166 158 153 155 163 181 192 193 191 196 190 194 211 199 158 109 97 110 113 106 92 89 96 93 81 87 95 97 115 126 129 121 100 92 99 101 107 116 111 104 90 86 82 76 79 76 67 66
106 96 95 92 91 95 96 98 97 98 93 84 81 84 88 90 89 92 104 108 103 105 115 120 141 143 150 142 138 141 149 152 157 158 161 162 165 171 174 172 170 172 175 170 170 170 164 166 169 171 176 184 186 193 197 184 154 99 76 79 82 84 80 79 79 83 71 74 72 69 81 82 114 129 118 93 83 83 87 91 100 98 89 83 77 74 80 79 74 71
88 78 76 77 78 81 85 90 89 86 78 72 75 82 87 89 105 103 112 124 134 140 155 157 162 163 153 125 123 140 155 160 168 169 169 169 173 179 179 175 177 178 178 176 178 179 176 177 181 174 173 174 174 176 174 170 159 133 121 116 115 122 120 112 99 93 76 77 70 66 68 60 67 92 110 105 85 74 76 76 81 88 93 93 84 77 77 74 70 66
63 63 65 76 83 82 82 83 88 88 90 96 103 105 105 107 122 130 139 150 163 161 169 165 154 152 132 116 130 143 159 170 176 175 172 174 182 190 194 196 194 192 189 191 191 189 190 188 191 186 185 186 184 179 172 169 166 163 161 159 159 162 159 151 143 140 126 118 90 76 68 53 53 60 79 98 91 73 67 67 67 68 77 82 80 80 79 80 74 69
75 82 84 92 95 90 92 93 98 98 101 105 105 105 118 135 145 163 167 169 174 160 164 156 153 160 132 121 149 161 169 167 175 171 167 171 182 189 194 201 198 195 191 196 200 199 199 191 197 195 191 190 189 188 187 181 177 170 162 164 165 164 167 168 168 164 157 157 141 136 116 86 62 49 49 74 91 84 73 67 60 50 54 60 65 69 66 68 75 71
87 112 98 92 99 103 94 100 103 106 113 121 131 143 157 168 167 165 156 156 152 155 163 168 167 175 144 126 155 176 172 172 158 165 165 157 157 168 189 194 203 201 198 201 200 203 199 195 197 200 198 202 193 194 190 185 180 173 168 162 162 165 164 170 170 173 166 167 160 163 155 141 120 85 64 60 65 75 71 60 55 52 46 50 53 54 61 64 71 78
101 92 91 102 101 108 111 114 120 121 124 128 134 141 146 149 154 151 158 164 171 178 165 175 180 168 141 129 151 179 181 164 160 157 153 136 131 159 185 196 196 203 199 204 204 202 193 198 202 193 189 201 202 201 192 187 184 182 177 166 160 162 163 170 170 172 171 174 166 164 160 162 155 137 111 78 61 62 61 59 58 51 45 50 45 41 54 57 54 63
97 112 113 120 132 143 141 132 125 132 142 153 165 175 180 181 179 179 180 183 176 173 178 198 196 167 138 132 152 179 181 163 149 128 111 100 111 151 182 191 189 196 201 210 197 202 198 194 198 197 200 199 193 199 194 193 186 182 175 165 160 159 159 164 164 171 174 171 168 171 162 161 165 151 149 134 93 57 45 48 52 53 51 54 48 41 44 38 41 49
123 143 153 169 157 115 102 113 134 149 167 179 184 184 179 174 175 167 165 164 166 187 197 203 187 173 144 126 146 174 174 163 134 93 108 101 103 149 181 177 180 199 199 198 186 199 199 203 202 197 204 204 201 203 195 194 189 183 178 175 169 161 161 169 167 172 175 167 170 179 170 169 162 163 159 149 128 88 50 38 42 53 53 46 49 53 48 42 51 54
179 194 168 118 95 99 119 140 157 167 177 179 176 171 165 160 159 160 160 182 190 197 209 207 184 158 126 117 147 176 168 150 112 100 130 87 91 135 156 168 170 192 200 200 187 197 200 205 204 196 200 195 199 206 199 192 193 185 178 178 176 166 159 159 168 171 180 175 175 172 165 173 167 167 159 152 150 134 91 50 35 36 41 35 41 49 41 44 52 53
198 149 113 92 113 136 140 155 166 165 163 161 161 165 170 172 177 182 198 202 205 210 197 209 191 147 115 105 131 177 175 137 106 139 116 61 97 122 132 149 167 169 184 199 199 208 214 210 205 208 215 203 203 208 203 192 188 190 185 180 171 158 151 148 164 171 185 183 184 178 168 164 176 161 163 167 156 152 137 99 47 27 34 37 33 33 28 37 38 40
134 103 116 130 142 155 163 159 160 160 162 167 174 182 189 192 195 201 205 209 210 207 203 220 195 142 115 113 133 170 162 119 119 139 86 90 135 133 144 144 153 166 187 201 211 204 207 214 219 212 212 208 208 201 200 195 195 195 187 182 174 161 151 143 149 168 188 187 188 186 188 181 171 170 169 168 161 158 154 138 100 55 33 36 39 40 38 33 41 42
93 110 134 154 166 159 167 165 168 171 178 186 194 199 203 205 205 211 207 209 210 213 212 215 195 153 127 115 125 151 145 117 142 128 80 130 162 136 132 149 150 154 182 198 210 208 217 214 219 214 213 208 210 203 203 193 193 190 182 180 173 157 148 143 140 148 166 181 195 191 190 177 174 167 162 165 163 164 164 151 134 98 56 41 36 36 42 36 32 30
115 147 145 166 170 173 182 182 189 191 195 199 202 203 205 208 209 213 212 213 210 206 211 209 197 155 115 96 111 152 141 122 148 94 63 104 151 168 151 158 152 151 159 200 201 212 216 213 217 223 220 212 209 207 203 201 197 188 182 176 161 152 147 130 111 134 156 175 188 194 190 185 183 174 168 164 161 163 163 159 150 135 106 85 73 50 47 51 42 43
149 157 161 173 176 185 192 193 195 196 199 202 203 204 206 208 208 212 212 213 214 213 216 217 207 163 110 85 100 141 134 132 163 73 23 31 79 142 139 146 156 148 159 199 206 208 211 216 219 221 220 217 212 206 200 198 191 185 181 171 159 152 137 113 115 155 155 178 189 195 195 191 183 178 175 173 170 170 170 166 159 150 131 97 83 72 61 58 51 48
153 152 181 190 191 199 202 203 208 207 207 209 209 209 211 213 210 212 213 212 215 216 214 217 207 172 108 77 90 130 128 147 138 84 59 30 40 116 127 145 146 130 155 198 210 209 213 217 221 218 218 220 214 203 196 193 185 178 172 163 157 146 122 109 147 148 141 179 186 193 193 198 188 185 183 179 174 171 170 168 167 158 146 123 127 143 139 121 91 85
167 159 189 191 201 212 213 213 213 210 209 209 210 210 211 214 214 214 215 211 215 218 212 214 212 179 103 69 91 133 123 140 138 107 73 25 31 113 129 150 143 121 159 198 207 208 214 209 221 215 217 219 212 200 193 188 184 177 169 157 148 127 113 135 174 155 152 181 196 198 198 200 198 194 190 185 179 175 174 173 174 168 155 129 110 118 144 141 147 142
170 172 198 197 214 219 218 215 214 210 208 209 210 210 212 214 215 214 216 214 218 222 216 217 218 191 112 66 84 125 114 121 134 52 22 23 30 105 127 141 146 124 164 197 207 207 214 210 217 215 218 217 209 199 191 183 174 168 162 146 133 125 139 181 190 183 154 150 206 205 203 200 199 195 190 186 183 180 178 177 171 171 170 154 126 108 128 140 142 141
170 184 205 206 221 220 222 220 218 214 212 213 214 214 215 218 217 216 217 216 219 222 219 217 218 201 131 69 72 108 106 105 121 51 23 33 46 109 121 144 135 129 167 199 213 210 212 215 214 217 219 214 205 196 185 175 170 158 149 135 131 149 175 197 198 196 158 106 175 210 206 206 200 197 192 190 189 185 182 181 179 174 172 158 141 112 107 129 134 139
187 196 211 216 228 226 226 220 220 216 215 215 215 214 216 219 219 218 217 218 217 219 222 215 218 206 150 80 70 98 102 88 111 70 31 47 71 122 123 137 128 140 178 205 216 212 209 212 213 218 216 207 197 187 176 168 163 152 144 144 157 183 200 200 205 202 179 90 114 205 212 202 201 197 192 191 190 186 182 181 185 181 178 170 165 133 104 106 124 136
196 201 218 224 225 223 227 226 222 219 217 217 216 214 215 218 220 219 217 220 218 220 227 219 215 211 172 97 72 89 97 78 100 101 57 82 117 150 137 131 128 151 188 210 212 214 214 210 213 218 213 200 189 179 169 164 160 159 157 168 186 198 203 203 207 206 189 97 55 156 198 205 203 199 195 193 193 190 188 188 183 184 179 178 176 149 125 104 108 123
201 208 220 225 224 225 225 227 223 221 218 218 219 219 219 218 220 221 221 220 218 221 224 215 213 207 185 131 87 86 92 82 84 99 80 108 145 157 147 138 135 168 196 216 211 221 213 203 212 220 207 199 182 174 171 169 170 176 183 194 200 198 199 205 210 206 187 108 23 105 180 195 188 198 195 193 191 196 195 191 188 192 184 185 178 165 149 115 101 111
203 213 225 227 226 228 227 227 226 224 221 220 220 220 219 218 222 223 223 221 219 221 221 213 215 205 186 146 106 93 93 92 72 88 89 94 116 138 153 145 152 184 200 213 211 214 202 204 209 213 203 197 184 177 173 174 180 194 201 205 204 199 200 199 205 210 174 116 39 82 166 185 184 188 190 194 189 190 193 193 189 192 187 190 184 172 158 133 107 99
206 216 226 225 224 228 227 225 224 223 221 220 221 222 223 222 223 226 223 221 221 220 219 212 218 207 194 166 128 102 94 98 84 86 97 84 101 133 173 166 171 194 202 208 205 203 194 201 210 203 191 188 183 180 177 180 192 204 201 202 204 203 206 201 202 211 175 122 71 92 143 178 181 177 178 190 186 184 189 194 196 194 192 193 188 180 172 159 122 95
215 221 227 226 226 229 228 228 226 226 224 221 220 222 223 222 223 226 223 221 222 220 218 213 212 206 198 177 146 118 103 105 98 91 105 104 123 149 187 177 184 195 201 205 198 198 195 197 204 191 185 188 190 189 176 162 174 199 204 205 206 201 206 206 210 205 173 117 90 131 144 166 174 168 161 173 180 181 183 191 199 197 199 196 192 189 182 176 144 110
221 223 227 227 228 229 227 229 227 226 224 222 221 222 223 224 223 226 223 222 222 220 218 214 209 202 196 181 157 131 111 107 111 107 114 133 157 175 199 191 190 194 200 202 195 198 199 195 197 188 187 189 194 196 172 130 134 178 200 206 208 203 205 208 212 197 167 114 81 146 169 163 181 178 157 159 174 179 175 182 194 198 205 202 199 198 189 181 161 135
222 224 227 228 230 228 223 226 225 223 222 222 222 223 224 226 224 226 224 223 220 218 217 213 216 205 198 190 174 150 129 123 118 119 120 148 178 195 203 193 190 192 194 195 195 195 194 192 188 189 188 184 189 192 167 107 87 137 178 196 205 209 211 210 213 191 161 102 78 148 171 157 186 190 164 152 164 172 168 172 187 197 207 205 202 203 196 188 172 156
222 227 231 229 229 227 223 225 226 222 221 223 222 220 219 221 222 222 223 223 218 215 216 211 208 199 197 193 181 165 151 145 141 139 135 148 171 187 192 188 187 185 186 188 192 189 188 189 180 187 185 184 190 184 165 113 70 106 161 192 202 209 212 211 215 184 156 96 114 181 189 177 174 187 171 151 147 158 164 168 180 195 205 205 203 203 200 194 180 168
220 227 231 225 224 224 220 222 221 218 218 222 222 219 218 221 218 219 221 222 215 213 215 209 205 202 206 200 186 176 169 164 172 171 175 170 172 177 181 187 186 178 181 186 190 185 187 189 184 187 179 182 190 177 171 140 102 106 149 187 200 210 211 209 213 184 160 102 134 188 207 192 172 191 185 158 136 146 160 164 174 192 203 208 206 202 200 195 187 174
221 226 226 217 217 223 221 221 220 216 217 220 218 215 217 219 219 217 219 217 212 212 212 208 202 203 203 201 196 189 183 181 193 199 203 193 187 185 186 182 180 182 178 181 187 189 191 194 194 193 195 200 197 193 181 156 131 116 137 174 196 208 212 211 214 182 158 87 108 171 197 192 169 186 198 157 136 134 153 163 169 185 202 208 207 202 196 194 185 176
224 220 218 215 218 219 217 222 219 216 214 214 214 215 218 218 214 213 216 217 213 211 209 204 205 205 204 201 198 194 192 193 204 209 215 208 204 193 193 197 191 194 195 195 193 195 202 202 198 200 208 228 221 198 179 150 124 117 132 164 183 197 212 213 217 178 146 86 111 182 212 196 176 184 202 164 135 129 146 157 168 185 204 207 203 203 200 194 184 177
220 216 215 218 222 218 213 217 216 214 213 213 214 216 216 212 210 207 210 213 210 209 208 205 207 205 202 199 198 198 201 205 215 218 219 214 214 204 203 208 208 199 197 209 213 207 209 213 211 204 202 223 214 185 169 143 121 116 124 152 168 182 203 207 207 180 137 101 169 209 218 218 195 183 204 173 135 119 134 154 163 187 211 214 209 208 203 190 179 175
218 217 214 213 216 216 214 215 215 213 213 214 214 214 212 207 211 207 207 211 209 206 205 205 197 197 194 192 192 194 200 206 210 219 221 211 207 200 200 198 199 203 200 206 214 210 209 214 200 201 207 220 205 179 169 151 126 110 106 122 136 152 177 194 207 192 142 105 184 209 213 214 200 176 196 169 135 115 122 143 156 187 212 217 212 207 198 183 175 171
213 217 215 211 211 213 213 213 217 212 212 213 212 210 209 209 210 207 209 214 214 210 208 208 201 200 197 192 189 188 192 197 205 211 212 205 201 195 191 175 169 178 177 181 192 193 195 201 193 197 205 204 193 183 172 156 136 119 115 112 117 136 161 189 205 188 135 106 162 204 213 206 195 174 191 161 138 127 124 136 159 191 210 214 211 203 193 185 177 171
206 214 214 214 214 211 211 212 212 208 209 213 211 207 207 209 205 203 204 207 207 203 202 203 193 191 188 185 183 183 185 190 190 193 196 193 185 175 177 166 169 166 164 169 173 172 175 179 187 186 186 180 181 181 163 146 137 134 137 119 112 130 154 186 207 187 137 106 105 172 198 202 188 164 177 159 148 128 118 135 163 196 210 212 211 200 191 186 170 162
201 208 208 209 211 209 211 211 206 205 207 209 207 205 205 206 212 209 208 208 206 201 199 200 194 190 183 179 178 178 179 181 187 187 184 181 175 164 170 167 167 172 168 165 166 169 172 170 172 176 174 174 176 170 159 153 143 148 148 124 112 127 154 186 205 180 134 99 85 168 190 182 140 154 188 166 151 131 119 128 161 195 209 209 206 196 188 180 172 161
189 200 202 206 209 208 207 202 205 204 204 202 201 203 205 205 204 204 207 209 209 205 202 202 197 189 179 173 173 173 174 174 179 184 180 172 162 149 156 157 160 158 147 151 165 162 154 154 163 169 167 178 181 162 151 150 144 151 147 129 119 126 151 178 200 178 128 102 143 206 197 204 184 180 193 168 152 127 117 129 164 197 209 207 202 195 191 180 174 163
178 193 202 200 199 203 205 203 203 204 203 200 199 201 201 200 207 207 205 204 206 206 202 199 196 193 184 171 161 156 160 169 176 171 161 157 146 138 136 144 141 148 149 149 155 150 158 153 150 152 152 166 167 155 152 136 132 141 138 135 116 122 139 171 193 161 135 106 132 183 197 194 179 177 189 173 145 127 118 137 171 203 206 205 201 198 192 180 173 156
170 180 190 194 196 199 202 203 202 200 198 198 199 200 199 198 203 203 201 201 202 202 199 197 188 184 179 170 153 139 142 156 168 154 149 144 135 136 130 133 137 142 142 142 151 147 155 158 155 149 142 146 155 168 156 107 102 131 132 130 119 124 139 162 177 157 129 109 139 177 193 189 175 179 180 164 140 122 124 144 172 200 201 203 200 196 191 182 169 150
152 161 172 183 192 195 196 199 200 197 196 197 198 198 197 198 199 199 199 200 200 198 194 192 188 181 173 160 140 129 135 146 138 124 115 109 107 118 122 130 131 140 146 147 158 155 154 158 152 146 141 140 153 174 149 82 83 120 117 113 111 124 144 165 175 164 132 113 125 180 187 180 164 176 167 151 132 120 133 152 175 196 196 198 196 193 189 182 166 145
127 143 156 170 186 192 191 194 195 195 196 196 195 194 195 197 198 197 199 202 201 197 193 190 189 181 164 138 121 123 129 124 107 101 84 76 89 119 133 137 135 145 148 144 152 159 158 158 155 143 140 149 167 176 139 78 90 110 108 108 111 127 145 161 171 162 132 109 97 152 160 142 155 170 161 143 128 126 143 156 176 194 193 193 191 190 185 178 165 144
102 127 142 154 175 187 187 191 189 192 193 191 190 192 193 193 197 195 198 202 202 198 195 193 191 183 159 124 108 116 116 99 82 64 57 64 89 126 134 139 146 151 150 143 147 159 161 161 159 145 143 154 166 173 150 109 99 92 97 108 116 134 149 163 174 158 131 103 97 136 152 131 155 164 161 140 129 138 151 157 174 192 191 190 187 187 179 168 159 138
86 110 128 140 159 175 182 186 186 189 190 188 189 193 193 190 195 192 194 199 200 198 198 197 186 172 141 107 94 102 98 80 58 43 58 71 96 140 144 149 154 157 156 157 155 162 163 163 160 149 145 146 149 167 170 141 102 81 92 107 118 135 148 161 184 161 137 103 112 167 154 148 160 160 156 137 131 146 153 157 171 188 189 188 185 185 174 161 152 133
80 94 115 132 143 157 170 175 182 185 186 187 188 190 191 190 193 188 190 197 198 197 197 197 188 162 121 93 91 97 86 67 42 59 75 79 107 158 162 150 158 166 161 164 160 162 163 165 168 160 147 140 140 156 158 125 84 79 97 116 130 141 152 160 179 166 141 113 107 158 120 143 166 157 148 136 139 150 153 159 172 185 186 187 184 183 173 163 151 135
79 82 106 129 134 142 158 164 177 179 183 185 185 184 187 190 191 185 189 197 198 196 195 194 190 154 105 82 91 96 75 48 55 81 76 95 136 165 165 149 157 175 168 169 165 165 163 162 173 176 160 148 140 133 123 91 76 89 109 125 140 147 157 162 177 174 143 130 100 104 94 145 170 158 142 138 148 154 155 163 176 183 184 185 183 182 174 169 147 132
74 79 94 116 137 144 144 153 168 173 181 183 180 180 184 188 186 184 190 195 191 193 196 190 186 137 88 74 85 84 64 49 77 88 93 127 156 166 164 148 154 172 175 183 179 174 166 167 174 177 171 163 155 145 127 106 103 116 128 134 144 156 161 165 178 179 148 123 118 98 109 159 168 152 145 154 163 160 162 170 176 184 183 179 179 174 166 164 148 138
64 79 91 105 131 146 145 151 158 166 177 182 179 177 181 185 186 187 191 194 190 190 194 193 174 123 80 69 86 75 57 77 103 104 143 160 163 172 171 154 148 168 176 182 185 183 177 176 173 178 177 176 173 166 157 146 140 141 147 148 151 160 166 169 173 180 144 136 109 85 139 162 159 154 155 162 163 161 164 171 181 188 188 184 179 172 164 162 149 138
56 68 87 101 119 142 151 147 151 157 168 177 180 181 183 186 188 192 192 194 193 191 194 196 169 105 70 70 90 74 65 111 112 118 181 192 179 177 179 159 146 165 178 179 188 189 186 185 186 183 178 180 181 174 166 158 154 149 153 156 159 166 171 172 176 170 144 149 76 69 149 161 153 156 164 168 163 162 167 172 179 182 184 182 176 170 163 158 147 135
59 59 79 94 104 131 152 152 150 156 164 171 173 175 179 185 185 190 187 190 193 190 191 191 147 88 71 77 87 77 81 110 73 81 126 174 186 167 172 163 143 159 179 178 187 188 191 192 192 190 186 186 183 174 170 167 159 153 153 155 160 168 171 170 178 179 152 103 56 88 139 156 158 161 168 169 164 164 170 174 183 180 181 180 174 168 161 153 146 134
59 59 70 83 100 123 143 155 151 152 154 160 169 175 179 182 182 187 183 187 192 190 191 188 145 80 63 83 95 88 103 106 66 61 51 108 154 156 167 163 138 149 177 181 187 188 193 198 189 190 189 189 186 179 175 170 167 160 152 146 152 164 169 172 174 178 144 35 45 98 140 161 167 166 168 169 166 166 171 175 180 177 178 176 171 167 161 152 136 125
65 60 66 75 89 112 134 148 153 156 157 158 163 169 174 178 181 186 184 187 188 188 192 184 136 81 64 88 106 103 126 111 109 72 21 60 122 144 156 161 137 143 177 188 187 189 191 195 182 184 184 189 191 186 180 172 168 163 153 142 145 156 163 170 168 171 110 20 55 109 153 172 171 169 169 169 168 167 170 175 174 174 176 173 168 165 160 151 133 126
75 64 67 72 76 94 120 140 153 156 155 155 162 171 175 177 178 181 180 185 182 183 187 169 110 77 72 95 120 122 128 82 43 35 21 47 106 134 142 149 138 138 173 191 184 193 190 191 191 194 195 196 191 182 178 175 168 165 161 151 144 146 152 159 165 164 60 25 86 141 164 176 170 171 167 165 168 168 169 173 176 178 177 172 168 164 154 142 132 129
69 70 73 77 81 82 98 129 151 157 156 153 158 167 172 176 178 178 179 186 181 183 184 157 111 73 81 120 141 121 114 69 17 17 22 45 111 135 140 146 135 132 167 188 181 197 194 191 196 192 188 191 189 181 177 175 164 161 163 156 142 138 143 151 161 134 43 68 137 170 170 174 169 170 163 160 167 170 168 169 173 175 171 167 167 164 149 133 129 128
63 69 74 82 91 86 81 111 146 149 162 160 153 163 173 172 175 179 178 180 182 183 181 162 121 83 84 135 140 128 110 75 25 30 54 66 108 124 135 142 137 129 168 187 180 187 190 193 196 188 189 186 183 182 175 179 169 164 162 151 146 140 131 141 148 116 61 95 155 162 170 173 165 161 156 157 166 173 175 174 174 172 167 166 168 158 140 130 132 131
63 64 72 74 85 97 84 93 131 140 155 165 154 150 166 171 179 180 179 183 184 185 181 164 130 81 94 141 137 122 119 91 34 65 87 101 121 124 132 134 133 133 172 188 182 192 193 191 187 185 185 179 179 186 181 178 171 164 159 153 147 138 129 135 137 105 92 122 157 169 172 171 157 154 154 160 167 170 172 175 171 170 166 163 158 147 136 132 130 128
60 66 63 65 67 94 112 95 102 125 144 165 160 148 164 169 176 173 172 174 178 179 164 139 120 84 101 142 154 128 110 89 62 87 126 145 125 123 134 132 134 137 168 178 176 189 189 180 181 181 183 175 174 180 174 170 174 165 156 150 145 140 137 137 123 95 116 148 159 165 163 163 167 165 166 170 171 169 166 166 164 163 164 161 149 136 131 132 128 126
63 80 69 62 71 80 90 116 109 128 141 167 172 155 162 171 166 171 177 176 177 180 166 142 123 111 123 146 159 134 108 108 81 123 171 146 109 127 134 134 140 147 171 177 173 181 183 179 179 180 185 183 180 177 172 172 165 163 157 152 147 145 142 132 97 97 122 150 159 168 173 165 160 161 164 167 172 175 172 167 163 161 162 157 143 134 134 135 131 130
50 54 56 65 66 75 86 92 97 104 115 146 167 154 149 167 172 174 176 173 170 169 155 132 114 112 128 151 152 138 114 116 100 95 123 115 117 146 150 150 148 151 169 180 181 182 181 180 182 181 185 188 185 179 173 174 163 162 158 151 144 143 142 132 130 138 152 171 175 170 172 166 161 162 164 166 168 170 169 163 162 157 151 143 132 131 134 132 131 130
73 65 54 69 65 63 84 92 102 111 118 129 150 154 147 157 173 172 170 176 180 176 163 136 119 120 134 155 152 141 118 116 124 83 83 109 137 153 156 152 154 159 170 178 176 171 172 178 182 180 180 181 182 180 175 171 170 163 158 153 146 145 148 151 146 159 171 172 171 172 167 158 158 157 159 162 161 159 160 160 163 155 147 140 134 133 133 128 124 122
94 78 65 61 63 73 73 85 96 115 125 119 129 148 153 158 164 174 173 177 176 170 159 127 120 128 137 153 166 157 129 113 130 99 64 100 149 159 152 153 156 163 166 173 178 177 178 182 179 177 175 177 181 184 181 175 170 163 162 157 152 151 152 161 166 171 177 176 175 171 164 163 158 157 160 163 162 162 164 164 155 146 139 138 136 131 125 120 120 118
139 107 81 76 65 69 76 74 91 112 133 133 128 133 142 148 156 174 169 171 174 175 168 127 109 127 146 152 164 156 137 113 108 107 86 123 151 157 149 151 161 173 175 177 181 180 179 178 181 179 176 179 181 181 179 174 171 164 162 151 146 149 149 161 167 173 168 168 171 166 163 164 162 162 163 162 161 163 162 156 150 139 133 136 135 127 120 120 117 115
135 144 126 87 87 88 78 83 82 90 123 150 146 133 129 134 143 158 172 172 164 178 173 142 102 128 144 161 167 162 147 137 104 98 112 128 143 148 142 153 164 169 176 175 175 176 182 173 181 181 181 179 178 180 179 174 172 170 163 156 155 154 156 161 162 167 167 170 173 168 164 162 163 161 161 163 162 159 155 146 135 133 134 131 124 120 117 110 107 105
140 144 160 138 107 92 90 94 88 81 96 124 143 147 139 132 130 132 149 173 165 166 170 149 106 125 148 157 166 159 158 148 127 119 125 134 143 147 146 156 166 172 171 169 179 178 180 180 178 175 175 177 176 176 175 172 172 171 165 160 160 160 161 165 163 167 165 166 166 162 163 165 161 160 161 161 158 157 149 133 130 126 125 121 114 110 108 102 96 95
149 143 156 171 153 117 106 97 100 88 85 98 125 149 150 144 133 123 118 148 162 164 163 146 110 121 141 161 165 166 163 153 146 138 133 136 140 141 147 157 164 169 165 164 176 173 175 179 179 176 177 180 180 178 177 175 171 171 167 163 164 165 165 166 162 164 163 165 167 163 162 162 163 159 164 169 160 146 132 121 116 112 109 105 99 96 92 87 84 84
168 158 160 162 167 157 135 117 110 108 98 86 96 122 141 151 145 145 120 113 129 154 161 147 117 121 135 160 163 166 162 159 159 152 140 141 145 145 154 160 165 168 171 171 173 171 177 178 176 176 177 179 179 177 176 174 170 171 167 164 165 167 166 165 166 164 159 162 166 164 163 160 169 167 166 157 138 117 104 101 98 94 91 88 83 80 76 71 67 67
161 166 171 177 174 167 170 149 128 129 119 98 90 99 117 135 150 152 144 122 101 113 135 151 133 129 138 149 167 170 170 163 165 161 149 151 155 155 161 162 167 170 176 174 173 172 179 176 171 176 178 176 175 176 175 172 172 171 169 166 167 170 169 166 167 167 164 168 170 170 170 168 170 169 154 121 100 92 81 76 77 73 70 67 64 61 57 54 49 48
168 156 169 176 178 177 177 177 155 147 138 126 115 106 105 114 134 142 154 148 119 96 93 119 141 143 147 147 158 167 167 165 165 164 157 158 162 161 164 162 166 170 171 168 172 172 176 173 173 180 181 178 177 179 177 175 174 173 171 171 172 174 174 172 172 174 172 171 169 168 170 167 162 144 114 79 64 63 57 58 53 50 47 44 41 39 37 37 36 34
180 174 170 167 179 182 181 177 177 165 156 146 136 126 116 114 117 136 148 154 148 124 92 85 97 117 136 149 150 159 157 164 163 167 165 164 165 165 165 164 168 170 167 165 173 171 173 173 172 176 177 176 176 177 175 174 175 173 173 175 175 176 175 174 178 177 172 170 171 172 168 158 129 84 49 36 37 40 33 31 31 31 29 28 26 24 24 25 25 25
180 179 187 176 172 175 176 184 187 182 173 156 143 140 136 132 124 127 134 157 159 144 118 99 84 85 102 117 135 143 148 154 159 165 168 165 164 165 165 167 169 167 166 168 172 168 170 171 169 171 171 172 174 173 170 171 175 171 172 175 175 174 174 172 174 172 167 169 171 162 137 108 54 26 23 25 23 24 21 21 19 21 23 25 24 22 21 22 21 22
179 177 183 186 181 175 170 172 183 189 190 181 166 155 151 151 138 142 127 138 153 161 166 137 109 94 91 89 101 125 135 146 153 151 161 163 164 166 161 164 167 167 169 162 168 167 166 166 167 169 169 167 167 170 169 170 168 169 166 169 171 169 169 170 172 169 169 162 144 111 67 38 25 26 28 27 26 26 27 26 24 24 24 23 22 23 24 23 24 23
183 178 182 181 188 193 180 172 166 173 182 189 191 183 165 149 156 153 152 151 141 141 162 178 162 138 126 121 109 107 118 129 137 146 152 159 161 157 159 163 161 171 168 167 162 172 163 164 167 167 167 167 169 167 164 166 164 168 167 164 164 169 173 173 160 142 119 90 59 35 22 24 31 31 30 28 27 28 31 31 30 28 25 22 21 23 25 26 26 25
157 174 186 187 180 182 191 190 185 178 171 173 184 191 184 173 159 166 169 167 164 152 144 154 173 175 155 139 138 133 128 127 139 150 154 154 154 159 164 163 164 167 169 163 167 168 166 167 165 166 164 162 164 164 166 168 171 170 169 164 157 147 128 107 82 61 42 32 31 32 32 35 34 33 32 31 30 30 30 29 32 32 31 31 30 29 30 33 31 30
134 140 171 188 188 185 183 191 196 187 178 173 173 177 187 196 185 169 162 168 171 170 165 147 144 165 168 148 125 121 137 150 135 133 146 149 149 156 158 164 164 167 167 167 168 170 165 169 163 168 169 166 163 165 164 155 143 130 114 96 79 64 50 42 37 33 32 31 37 43 41 39 40 39 39 39 38 36 34 32 37 36 34 33 31 29 31 38 38 37
163 151 128 135 159 177 191 191 189 191 193 190 181 172 168 169 186 186 184 174 164 171 179 171 158 155 165 168 151 127 120 131 141 130 126 121 131 147 147 149 148 149 152 150 157 158 157 160 159 162 162 157 143 131 113 83 53 48 46 42 38 36 35 39 43 43 45 44 45 47 42 38 45 43 42 43 42 42 42 41 40 39 38 40 41 38 37 41 44 44
176 183 166 130 117 126 150 184 198 192 188 192 197 193 179 167 161 166 175 178 183 177 166 177 183 159 146 155 169 161 124 97 116 131 138 145 146 129 119 124 133 135 139 130 150 160 163 156 153 143 130 121 110 104 94 69 29 23 27 26 22 24 26 32 31 32 37 41 41 39 35 36 35 33 33 36 36 36 35 35 39 37 34 38 45 49 52 58 63 63
149 163 174 184 165 127 112 110 142 177 203 199 192 196 197 190 178 161 156 160 170 180 175 166 162 152 154 155 154 166 155 107 88 100 100 104 116 120 121 125 121 133 135 142 109 94 82 105 134 137 132 131 128 125 117 95 47 22 22 28 29 37 39 37 41 42 47 49 50 49 47 49 51 49 49 51 50 47 46 46 48 51 52 55 60 61 62 67 65 67
166 150 153 173 178 178 167 139 107 109 132 171 195 195 192 194 197 195 177 164 155 159 179 182 169 157 144 145 144 160 173 148 93 88 85 64 50 56 63 74 111 136 129 105 50 48 52 82 137 150 142 133 131 134 132 117 69 29 26 33 26 29 35 36 41 46 51 49 49 53 53 53 57 52 48 46 42 40 40 42 39 50 58 65 72 77 83 92 98 101
168 169 162 157 165 174 176 179 172 153 129 116 135 165 182 195 192 200 195 189 171 147 150 159 180 181 173 152 137 138 149 164 134 94 82 60 43 42 42 46 43 45 76 114 130 123 128 126 143 144 136 123 143 149 141 128 72 25 21 29 29 35 45 45 52 50 56 56 52 50 41 36 37 33 35 37 37 40 46 56 58 65 77 85 98 110 126 133 125 125
140 142 153 165 171 172 174 178 173 176 179 169 154 138 134 150 183 193 190 195 198 185 168 148 147 159 173 171 154 136 134 150 138 101 94 78 60 50 40 36 46 48 33 23 58 104 145 156 149 140 137 120 114 111 122 122 58 33 39 43 43 46 47 43 45 40 43 40 40 47 47 47 43 39 41 43 44 47 53 62 67 76 88 91 96 97 104 107 114 114
