54 54 51 48 53 58 54 48 47 53 48 58 57 62 63 55 56 55 57 59 59 61 65 67 54 52 58 59 57 48 47 47 45 42 43 38 33 36 35 32 35 38 35 33 37 38 38 43 38 42 47 51 59 60 53 50 57 54 51 48 46 45 45 46 42 40 38 35 36 40 38 36 33 33 34 35 36 36 36 36 34 34 35 36 36 34 35 38 41 40
58 67 65 62 60 56 54 48 54 59 57 65 57 56 59 59 55 58 59 60 61 59 59 61 49 44 44 44 47 42 39 34 34 31 32 35 43 45 36 30 31 34 37 39 41 43 44 45 60 60 63 58 54 59 62 63 48 47 48 48 47 46 44 42 40 40 45 45 42 40 35 34 32 33 35 37 39 38 37 35 35 35 36 40 43 40 37 36 34 36
65 63 51 56 57 49 56 64 61 62 57 61 54 52 56 55 61 62 57 51 48 42 38 41 40 39 39 35 38 36 38 34 39 39 38 35 35 33 30 34 38 42 50 55 58 62 65 64 60 55 67 74 69 64 59 54 56 53 49 44 41 41 41 39 44 35 34 36 40 43 40 41 38 38 37 37 37 36 36 35 38 35 33 35 37 37 36 37 36 38
54 52 45 51 57 52 56 63 61 63 60 58 54 54 56 50 43 43 40 37 37 37 37 41 40 45 49 44 45 44 45 41 45 44 45 46 51 54 52 53 59 62 64 64 63 63 63 62 61 57 63 64 60 61 56 46 38 40 40 39 38 40 40 37 41 35 35 35 36 38 37 39 36 36 36 35 35 36 38 39 36 37 37 37 37 35 36 39 40 39
44 53 58 49 51 64 67 68 65 61 56 53 53 52 46 32 38 37 37 39 40 42 44 44 46 50 50 45 52 56 59 56 58 61 67 66 63 66 67 68 65 69 66 61 60 57 55 57 57 53 58 61 54 44 37 38 37 40 43 43 41 41 40 36 36 35 37 35 36 39 37 35 36 37 39 38 36 35 34 35 34 36 37 37 36 35 36 40 42 42
50 53 62 55 58 72 68 65 56 50 48 43 42 38 40 36 43 41 42 44 46 51 56 55 46 55 62 60 63 62 63 61 65 62 63 60 56 59 61 61 53 59 57 53 54 53 51 53 51 50 46 40 40 41 38 40 41 41 40 36 33 34 36 36 39 36 35 31 33 37 34 29 32 34 35 36 35 35 36 37 33 33 33 34 35 35 36 38 34 38
63 52 59 67 67 64 56 53 48 42 44 39 42 42 48 48 44 45 45 46 49 55 60 62 55 63 69 63 60 54 56 59 61 55 55 56 58 58 55 56 55 58 56 52 50 48 45 45 44 40 38 39 45 44 38 40 38 36 34 33 31 31 31 31 28 30 35 34 31 32 31 33 35 34 32 31 31 32 32 33 31 32 34 37 39 37 33 32 32 37
57 52 63 76 70 59 54 48 48 49 57 47 46 44 47 42 45 50 49 48 51 51 51 55 50 51 50 45 48 45 47 51 48 44 45 49 52 47 44 53 47 48 48 45 42 43 42 40 35 39 42 40 38 35 30 30 32 29 29 31 33 34 34 34 35 32 34 34 32 30 27 29 30 29 29 31 32 32 30 28 32 32 31 31 31 30 29 29 31 34
52 58 77 82 67 54 49 54 59 55 53 40 45 34 39 42 41 44 44 42 39 38 37 38 36 40 40 39 43 43 41 41 39 42 37 37 42 36 41 37 39 41 37 33 36 40 40 39 38 39 36 38 37 29 27 31 34 30 31 33 32 32 34 36 36 33 31 30 29 30 32 31 29 33 31 32 34 34 34 32 35 35 32 29 28 26 27 31 41 41
52 75 82 61 49 52 53 58 55 46 45 37 41 38 43 37 38 38 36 33 33 32 29 27 28 28 28 32 37 40 38 34 41 42 35 35 44 44 46 38 38 41 41 38 39 40 39 39 37 37 34 38 40 35 34 34 29 33 36 33 28 31 34 32 29 30 33 34 31 30 31 31 32 33 33 36 34 33 35 32 35 31 28 29 30 33 37 39 37 37
58 69 62 48 57 68 59 49 51 41 42 39 41 34 40 41 38 40 38 34 33 34 36 37 32 30 32 33 29 29 30 29 33 36 35 35 40 37 42 39 42 43 43 44 46 45 39 34 39 36 32 34 35 33 33 29 35 30 29 32 32 33 34 32 31 31 34 36 34 33 36 37 33 27 27 31 30 30 32 27 32 31 36 37 32 30 32 30 32 32
58 47 48 62 66 53 42 43 40 43 44 39 43 37 36 37 35 37 36 35 37 39 37 34 31 30 30 30 27 27 30 33 25 28 30 31 31 25 34 39 40 39 37 38 42 45 46 45 56 52 46 44 41 40 40 34 33 32 35 37 36 37 39 38 39 35 34 35 33 32 32 30 28 29 30 31 29 31 38 38 40 38 38 36 31 29 30 29 30 30
39 45 57 62 50 39 40 44 48 41 35 36 42 36 33 37 38 41 39 35 33 32 32 31 37 34 30 31 38 39 37 38 38 40 45 48 52 47 46 43 49 52 56 57 57 60 64 68 64 64 63 62 59 59 62 56 49 42 43 47 42 32 28 27 33 29 28 30 32 33 35 36 34 36 33 31 32 35 37 35 36 32 27 27 31 35 35 35 33 33
42 63 64 50 45 53 53 41 38 39 41 42 42 45 44 38 37 35 33 34 38 40 40 39 39 46 52 61 74 82 86 92 92 92 96 95 100 103 106 102 107 106 106 106 108 113 117 117 119 120 117 112 103 96 91 84 81 79 73 65 61 62 56 43 36 31 29 29 28 27 29 30 29 36 34 31 28 26 28 27 30 33 33 31 31 28 26 27 30 30
44 50 44 42 48 51 49 44 39 39 41 43 39 42 46 48 55 59 63 63 61 58 61 66 82 95 108 114 118 124 132 139 138 137 143 143 143 140 145 147 156 156 157 160 164 171 172 167 166 169 166 163 159 151 144 137 127 124 118 108 100 98 97 92 88 76 62 50 37 30 26 25 28 27 27 30 30 29 31 30 29 33 37 35 31 29 31 33 33 32
51 52 45 45 49 49 49 44 45 49 43 44 53 67 73 79 87 89 90 86 80 81 94 110 128 137 147 149 147 151 156 157 150 142 152 164 169 162 166 175 172 177 183 182 180 184 190 190 189 192 188 186 186 179 172 167 162 157 152 146 142 141 137 129 130 122 115 108 94 75 56 42 35 28 28 34 31 28 33 33 33 30 32 33 33 35 35 31 31 31
50 47 36 49 55 57 51 47 54 54 57 65 90 110 121 118 120 109 94 90 97 104 120 144 149 168 182 182 175 167 160 152 151 157 167 171 177 170 173 175 180 193 190 195 193 194 200 198 198 199 203 198 195 195 188 184 179 175 170 160 157 157 152 149 150 145 145 142 133 125 109 87 59 45 29 28 33 27 32 31 33 29 29 31 31 30 30 28 30 29
39 43 54 66 58 55 52 55 63 64 93 116 135 131 137 131 115 111 102 99 111 128 148 165 178 183 189 188 181 169 154 143 154 162 177 180 186 178 169 162 172 196 198 202 201 201 202 199 202 205 210 205 201 201 196 196 191 187 181 172 168 167 162 159 162 157 154 151 149 149 144 135 116 87 51 33 32 29 34 28 31 32 31 30 31 28 27 31 28 28
39 50 67 70 60 61 61 73 83 109 138 133 141 130 129 119 108 108 108 113 128 148 166 176 190 191 193 185 172 157 143 144 165 174 185 186 189 180 154 128 165 196 201 205 207 208 208 207 202 206 210 206 202 201 199 199 198 194 192 186 181 176 167 163 163 162 161 160 159 157 153 149 143 128 103 73 44 23 29 30 30 27 26 28 29 31 32 32 31 30
53 70 75 64 62 73 84 101 125 138 145 134 140 127 119 116 108 107 115 131 147 162 178 188 195 195 190 172 157 143 138 155 177 187 187 187 186 176 127 98 171 196 198 202 206 209 212 214 212 212 213 210 209 208 206 204 201 197 196 192 186 180 170 165 165 163 162 163 161 157 154 151 148 145 138 118 84 46 33 23 31 31 31 30 28 27 29 31 36 36
68 80 74 66 73 90 114 128 141 135 135 140 132 121 115 118 119 120 131 147 159 168 183 198 203 198 174 147 140 134 135 159 180 190 187 184 186 162 87 94 185 200 195 200 204 208 213 215 215 215 213 212 211 209 207 204 206 201 199 193 186 183 177 172 165 160 162 165 161 158 155 149 155 151 146 138 122 90 62 31 26 28 27 29 34 31 27 30 31 30
80 71 64 72 91 111 137 139 137 141 135 131 116 113 109 115 119 131 146 160 169 177 191 205 210 201 164 132 127 124 138 171 188 194 198 191 193 134 57 117 188 202 196 197 200 209 217 218 218 219 217 217 213 208 208 207 206 202 202 196 190 188 182 177 170 160 159 160 156 155 156 150 149 153 148 141 136 119 99 72 32 24 28 33 27 25 30 28 31 31
78 61 65 84 111 128 142 135 133 129 116 109 107 107 108 118 130 145 159 170 179 184 191 200 203 196 158 125 108 102 135 180 193 197 202 193 186 89 52 136 182 209 201 189 192 208 221 222 221 222 220 220 215 207 207 206 201 200 203 199 193 192 185 177 169 163 162 164 162 161 159 153 144 150 146 142 144 133 123 108 69 39 27 29 24 30 36 28 31 31
64 62 84 101 125 135 136 131 122 111 107 102 101 108 122 126 141 151 158 169 181 185 187 196 204 196 158 126 98 88 132 182 202 204 204 198 182 62 74 154 179 218 207 182 181 204 220 222 225 226 223 223 217 207 206 204 200 200 203 198 192 193 188 179 170 165 160 158 158 158 155 152 149 150 144 146 151 136 128 123 114 78 36 21 30 31 28 32 32 32
53 67 96 111 130 132 126 113 108 103 109 115 113 117 130 140 153 163 173 180 187 193 198 204 209 200 161 120 89 93 130 184 202 202 196 198 166 73 129 175 178 208 215 177 169 197 219 225 226 229 221 226 219 205 210 206 203 206 205 202 197 189 183 182 177 164 155 154 159 159 152 150 154 155 150 151 148 144 143 136 125 116 81 39 24 27 29 34 34 29
63 100 113 114 120 120 112 108 102 103 101 108 123 133 144 161 171 175 180 187 192 194 195 198 197 191 160 114 82 87 126 181 201 204 201 207 150 53 121 193 182 206 210 179 163 192 219 225 224 229 225 225 218 207 210 206 203 200 197 196 194 188 179 173 169 162 157 152 151 150 150 156 157 160 156 153 151 148 149 148 130 131 118 84 39 25 37 27 27 27
86 115 108 111 117 118 107 102 100 109 121 132 140 151 157 155 145 148 152 158 164 170 179 190 201 194 169 110 73 79 126 183 198 200 195 200 115 43 39 83 178 207 201 171 154 191 221 226 224 227 225 219 211 206 205 201 207 201 195 191 188 183 178 177 161 154 150 146 144 145 149 157 160 162 162 155 149 148 150 154 146 138 133 132 91 35 23 31 27 29
102 108 105 115 113 105 101 100 116 127 137 141 139 130 126 132 150 159 171 183 194 200 205 211 212 197 171 106 71 82 129 180 197 199 188 187 101 66 38 57 158 207 197 161 146 189 221 230 229 224 221 213 207 207 205 202 204 196 190 188 186 181 174 169 167 151 139 135 140 148 152 158 162 161 168 161 150 151 152 154 152 150 144 140 130 88 39 25 33 35
103 95 104 110 106 100 110 119 125 125 122 122 134 155 174 184 187 197 203 202 202 203 205 208 208 196 177 113 74 84 133 181 192 196 183 177 94 36 35 49 150 197 185 151 147 196 223 224 226 214 210 207 205 206 204 203 197 192 189 186 180 173 167 163 145 140 140 136 129 128 133 141 153 158 166 160 154 153 148 150 160 155 153 149 146 131 84 38 26 30
92 94 109 107 111 106 109 114 118 125 153 176 178 183 194 195 197 201 202 202 208 214 212 208 207 196 176 122 80 89 133 174 187 187 180 174 95 29 35 53 158 186 172 144 148 199 226 226 221 206 201 202 201 199 197 195 200 190 183 179 177 172 163 151 142 130 122 114 108 111 119 128 139 152 155 151 154 150 139 141 156 161 164 162 150 147 128 76 31 28
80 97 104 104 109 108 115 128 158 174 182 182 186 189 192 198 199 204 205 207 211 213 209 206 201 195 178 134 85 88 127 163 180 178 177 166 93 41 53 81 172 178 159 137 160 209 227 222 214 203 197 200 197 193 193 190 188 184 181 176 168 161 149 135 131 114 104 99 100 107 113 119 124 137 140 141 148 146 142 140 146 161 169 172 165 158 149 121 68 39
77 97 96 109 115 119 135 160 171 182 190 191 194 198 199 197 201 204 207 210 214 213 207 205 198 194 179 148 99 99 128 155 170 169 168 160 108 56 97 127 171 175 158 138 174 218 224 218 203 196 191 194 190 188 192 189 186 182 177 168 158 151 141 128 111 101 104 115 123 125 116 108 105 115 122 132 137 143 150 142 140 154 169 176 179 175 158 146 120 64
84 92 101 108 125 139 157 166 180 195 201 202 204 199 206 204 206 204 207 209 209 211 210 203 200 189 178 155 117 105 126 148 162 167 169 154 142 80 101 142 165 181 146 151 194 224 221 205 201 192 187 189 189 189 190 189 184 178 163 151 142 133 121 104 109 120 138 142 142 134 104 78 88 111 126 138 152 151 165 166 157 151 163 184 188 182 171 158 142 109
81 90 105 120 140 154 171 180 191 203 206 204 204 199 206 204 199 197 201 206 208 211 211 205 199 191 183 162 129 113 128 147 158 160 161 159 152 110 87 152 180 173 149 176 211 219 209 201 194 188 188 195 197 193 185 178 173 160 148 132 126 113 102 123 150 163 161 156 161 137 88 61 94 138 160 163 170 176 177 180 180 166 167 181 189 189 183 175 162 137
91 100 120 138 157 166 178 186 197 206 206 201 200 194 199 198 202 198 199 204 206 210 210 207 199 194 187 170 145 130 135 147 152 153 153 155 148 143 115 162 190 177 171 199 216 212 200 192 192 193 196 200 200 196 185 174 159 143 122 116 117 117 136 163 176 180 174 172 176 157 100 44 102 155 176 177 179 191 186 186 188 182 177 176 183 192 191 182 168 151
98 108 131 148 164 173 183 189 199 205 205 200 199 194 196 194 195 193 197 203 206 208 207 205 200 196 187 175 160 148 145 151 155 160 152 151 145 150 153 162 189 188 196 209 210 206 202 197 205 207 206 203 203 199 183 164 141 129 114 124 141 160 185 192 189 190 188 182 176 173 128 48 76 147 176 176 183 194 191 188 192 188 184 185 187 185 185 189 184 170
104 117 141 154 168 178 188 193 199 201 200 195 197 194 195 192 193 193 196 200 202 203 204 204 198 196 190 180 171 161 156 157 159 164 154 155 154 152 163 171 189 193 207 214 212 209 213 218 219 215 209 208 210 200 174 151 133 130 132 143 170 194 194 189 194 199 193 184 184 183 134 50 37 108 167 171 178 185 184 186 192 191 189 188 188 185 185 189 187 177
114 125 149 158 167 177 185 189 195 194 192 188 192 191 191 190 191 194 198 200 201 201 201 201 195 197 195 187 178 170 166 165 167 168 169 170 166 178 178 196 203 210 217 215 216 214 217 215 215 210 209 212 209 192 173 163 182 189 187 179 183 204 210 191 194 199 198 192 192 190 149 86 60 79 152 177 171 168 173 181 183 190 190 186 189 196 192 183 184 180
129 136 161 169 177 184 188 191 191 190 191 187 192 191 191 190 182 190 197 202 204 205 201 197 196 197 197 190 182 179 177 174 172 171 176 175 169 190 187 201 203 212 215 210 218 220 223 212 208 209 209 209 202 190 185 190 204 213 204 194 176 181 208 199 199 197 200 199 197 187 142 89 91 79 125 166 159 149 156 166 177 179 184 191 196 197 195 191 190 188
136 140 163 173 178 180 180 183 186 187 190 188 193 191 190 190 194 198 199 198 201 205 205 203 198 197 195 190 185 186 186 180 175 177 174 179 183 189 191 202 205 207 209 211 219 214 218 210 212 213 210 205 202 198 197 201 203 202 204 203 181 156 167 195 193 196 200 197 199 185 137 98 129 146 148 173 172 148 139 147 165 169 179 185 187 191 196 196 192 188
148 158 164 170 174 176 181 185 188 187 191 192 193 194 193 194 198 201 201 200 200 200 201 201 196 194 194 192 188 188 186 182 179 178 179 184 187 190 198 200 205 210 214 212 210 214 215 210 212 211 212 212 209 204 203 205 198 200 196 196 185 147 128 172 191 200 199 198 199 183 140 94 118 163 152 166 187 176 154 138 145 155 163 183 186 177 189 199 196 194
147 156 161 167 172 174 178 182 188 188 192 192 192 194 193 195 192 197 200 200 201 200 199 198 195 193 192 190 187 188 188 187 180 179 180 186 188 193 202 204 207 210 212 209 209 217 223 221 218 215 212 212 211 208 208 211 210 201 194 185 175 121 79 130 182 193 199 197 196 173 130 108 136 167 174 167 181 183 165 136 137 146 152 167 176 174 183 194 198 198
149 157 160 166 172 175 179 181 185 186 191 192 193 195 195 198 196 199 201 200 199 197 196 195 193 191 190 189 187 187 187 186 182 182 183 188 191 196 206 208 212 217 220 218 216 219 220 217 219 215 213 215 215 211 210 212 209 203 198 179 155 83 45 111 170 185 194 201 199 170 131 115 156 186 187 182 182 185 186 150 125 134 142 156 174 181 186 196 196 198
149 156 158 164 171 174 178 181 185 187 192 193 194 196 195 196 198 201 201 199 198 196 195 194 191 190 189 189 187 183 182 180 182 182 182 186 189 194 204 206 213 218 221 220 220 222 223 221 216 213 213 217 218 217 217 219 213 203 193 178 151 79 55 112 162 184 191 205 198 164 134 105 140 186 196 182 170 203 197 167 126 126 133 144 165 181 186 195 199 199
149 157 160 165 171 174 179 183 189 190 195 195 195 196 192 192 191 195 199 200 200 200 197 195 190 191 187 189 186 179 178 176 179 179 178 181 183 189 197 198 206 211 215 217 219 222 222 221 221 218 217 219 220 220 223 226 220 203 191 183 162 100 72 117 158 183 192 204 198 166 141 117 157 204 215 201 181 207 200 174 137 124 123 131 151 176 187 198 200 199
152 160 163 168 173 176 182 185 187 190 195 195 195 196 193 193 193 196 198 199 201 201 199 198 191 190 183 185 183 176 176 175 176 176 175 178 180 186 193 192 203 205 206 207 210 213 215 216 215 216 217 218 219 220 222 224 213 198 190 179 160 117 79 119 162 176 183 189 192 166 132 123 178 209 213 211 189 191 199 175 146 127 119 124 144 171 188 198 199 198
154 161 164 169 174 177 181 184 184 188 193 192 192 194 193 195 198 199 198 197 198 199 197 195 189 186 177 179 179 172 174 174 172 171 171 175 179 185 191 189 193 197 200 204 208 208 206 206 200 204 207 210 212 214 215 214 201 191 180 169 151 135 93 107 154 163 172 182 191 168 131 124 173 199 209 201 178 188 188 167 149 133 118 117 136 165 183 189 201 201
158 165 167 172 178 180 184 186 185 189 193 190 187 188 190 193 194 196 196 197 198 197 192 188 186 183 172 174 175 168 171 171 166 166 166 171 176 182 188 185 193 195 196 199 203 204 202 202 200 202 203 200 200 202 202 199 191 190 176 167 145 147 110 92 136 154 169 185 186 159 129 115 160 200 198 210 182 185 181 161 148 136 115 110 132 164 185 193 202 203
161 165 170 175 179 181 182 184 185 187 191 190 185 186 190 190 191 193 195 195 198 197 191 189 180 182 170 170 166 170 167 164 164 162 164 165 172 178 185 184 190 192 197 197 201 204 199 199 196 193 194 200 196 195 194 194 190 191 177 164 154 153 117 93 128 154 165 184 187 162 129 109 138 177 199 176 143 189 179 164 156 136 116 112 132 163 183 192 202 201
162 168 174 177 177 178 181 185 188 186 185 186 187 185 187 191 194 194 194 194 196 195 189 187 179 172 154 153 151 157 158 157 158 152 154 163 172 171 174 181 188 190 195 193 192 195 195 200 196 191 188 192 190 190 192 197 194 183 170 161 152 129 98 94 124 148 166 183 178 156 131 123 161 195 204 174 125 192 182 162 150 128 113 113 132 163 183 189 197 198
162 167 172 176 178 180 183 186 186 185 183 186 190 187 184 187 189 192 195 195 194 191 190 190 184 163 140 140 143 150 152 149 149 146 144 144 152 167 177 179 186 189 197 197 193 193 195 198 194 186 181 183 186 187 190 196 193 183 172 153 138 110 94 104 124 146 169 175 153 129 120 135 170 191 202 182 172 199 178 166 150 126 113 115 133 168 193 198 201 204
163 170 176 177 175 174 178 184 184 186 186 185 188 188 185 184 190 191 191 194 194 191 188 183 172 142 121 129 141 150 151 145 144 141 131 131 145 167 177 180 185 187 193 195 194 194 193 190 193 187 181 178 183 183 185 187 186 182 172 145 127 124 116 110 125 142 166 168 145 127 127 156 175 185 194 179 214 197 169 156 142 126 117 117 135 169 190 192 199 202
163 166 170 174 177 179 180 181 186 186 186 185 183 186 188 187 183 187 190 194 192 190 192 188 161 125 110 122 138 146 148 143 138 137 141 157 165 179 184 190 197 197 196 195 194 194 193 187 193 190 185 173 173 173 179 180 179 179 171 144 111 126 129 119 132 145 162 156 132 122 131 168 192 206 202 180 189 175 161 142 127 123 116 114 138 173 190 193 198 202
165 169 172 174 175 175 177 179 185 181 184 187 184 183 186 188 186 186 184 187 187 187 187 174 137 102 97 114 132 141 150 149 151 142 139 123 99 148 191 183 199 205 202 198 194 192 190 185 188 188 187 168 160 159 175 182 183 182 180 158 109 115 125 128 139 147 158 151 130 123 124 143 175 178 175 176 177 165 156 143 126 129 120 116 142 176 189 193 196 199
164 166 167 170 175 177 178 179 180 179 181 186 185 183 183 184 186 188 187 190 189 188 187 169 124 91 95 116 137 147 159 160 158 135 111 81 65 150 207 183 189 206 208 204 201 197 195 191 188 185 188 167 152 146 168 178 185 183 182 160 123 122 126 129 144 152 164 154 128 132 147 159 159 140 144 166 181 165 142 127 124 130 125 126 154 181 187 190 195 196
164 166 167 169 172 174 176 179 177 180 179 178 182 184 182 182 183 185 183 187 186 183 177 152 110 79 91 119 145 157 168 167 139 104 71 83 122 188 199 174 174 198 203 200 200 198 198 196 193 187 191 170 151 137 156 165 173 176 170 135 113 121 134 139 152 157 166 152 122 137 167 177 168 156 167 171 162 163 143 125 136 138 131 132 158 182 186 189 191 191
162 164 168 169 168 170 175 179 177 176 176 180 183 181 180 185 182 184 184 183 185 182 172 139 93 78 91 127 156 169 174 168 117 73 85 140 159 195 195 167 162 192 206 206 209 202 201 199 192 189 189 183 170 145 135 135 147 141 118 98 109 132 141 147 154 160 170 149 132 124 141 143 139 150 165 165 168 155 137 134 147 140 136 148 170 183 187 190 196 190
158 162 163 163 166 170 172 172 176 177 175 177 181 181 179 181 181 182 183 184 184 179 167 132 86 75 93 132 175 176 179 152 83 44 84 156 184 197 196 171 154 182 205 210 213 204 199 194 191 192 195 187 181 166 148 134 126 110 101 113 132 135 137 155 164 168 174 147 133 147 145 126 135 150 166 166 155 135 140 155 152 142 144 161 176 181 185 190 199 192
153 160 160 159 166 172 171 170 174 176 174 174 178 180 179 179 182 181 182 183 185 176 159 123 91 81 104 147 179 179 181 129 74 54 45 89 176 211 188 165 145 170 205 213 209 203 204 203 195 199 201 186 181 177 164 151 139 137 138 139 142 146 150 159 160 169 174 148 134 161 157 138 145 158 161 155 149 145 158 161 159 150 153 168 176 182 190 197 193 187
146 156 157 157 165 169 169 172 170 173 174 174 177 178 178 180 184 182 180 179 183 170 146 115 87 89 120 165 179 184 173 108 61 50 31 63 173 211 187 165 147 164 201 213 211 209 208 203 202 199 201 189 190 187 172 161 146 142 150 154 153 158 162 161 168 175 170 151 138 116 100 125 146 156 156 148 154 164 171 159 155 158 165 174 182 189 194 194 191 185
140 149 151 154 161 163 164 170 170 171 172 175 178 177 177 180 180 183 180 177 180 161 134 111 93 98 136 168 178 185 157 86 39 29 32 70 166 197 187 164 152 167 201 209 205 205 207 204 203 200 201 194 195 191 179 172 159 142 142 154 160 160 159 162 171 167 166 130 108 82 82 118 144 142 151 154 164 167 163 157 156 167 175 179 186 191 190 186 183 178
136 142 145 150 158 160 161 166 172 170 170 174 179 178 176 178 177 183 185 181 179 157 132 117 105 91 141 165 176 185 159 76 36 47 42 83 151 199 184 165 140 168 207 213 206 201 204 202 201 201 200 191 190 186 186 183 175 157 141 142 157 161 158 165 163 162 151 74 47 67 95 121 133 141 162 169 172 166 160 165 168 176 180 183 187 186 181 178 173 169
129 135 141 147 153 158 161 162 168 170 170 172 176 177 176 178 179 181 186 183 178 158 138 126 119 98 147 171 178 182 153 70 41 77 87 123 158 195 178 161 142 174 204 209 208 204 206 200 200 198 192 192 196 189 188 179 179 162 141 134 147 155 151 151 157 161 113 43 42 68 101 134 159 165 169 165 168 166 167 170 174 178 183 186 186 182 177 174 175 172
121 130 139 144 149 156 161 160 163 170 172 171 173 175 177 180 182 177 182 180 175 159 144 130 128 119 146 170 178 179 141 84 74 116 129 132 181 196 181 156 147 184 209 211 209 203 205 199 201 199 192 197 200 186 188 183 176 173 162 139 132 147 154 146 143 132 66 41 59 95 142 155 158 168 168 168 173 168 174 179 181 180 181 180 178 180 182 180 178 176
108 118 127 131 145 147 159 159 162 162 170 171 170 175 174 172 174 177 179 181 181 173 155 136 131 117 163 173 180 169 150 97 91 135 138 136 181 197 176 154 157 195 211 205 203 201 199 201 201 200 195 194 193 188 185 187 179 171 165 151 132 133 141 136 130 111 48 51 90 122 151 155 158 165 166 165 171 177 179 181 180 179 176 176 177 180 184 180 184 174
102 114 118 123 135 139 146 150 156 157 162 165 170 169 166 173 171 171 173 176 177 172 158 144 131 131 170 173 177 174 158 112 72 84 119 160 189 189 175 156 170 199 209 204 203 201 200 201 198 197 195 195 195 190 185 185 177 175 171 156 135 126 131 136 115 95 56 64 88 107 124 132 148 165 171 172 177 176 172 177 176 178 180 181 179 177 180 178 172 169
87 102 106 116 127 134 137 144 151 153 157 160 165 164 162 170 171 169 169 173 178 176 164 151 139 138 162 175 182 182 164 133 82 70 114 169 192 186 174 163 186 201 204 202 200 199 199 199 195 195 194 195 195 191 186 185 181 173 162 154 148 137 131 133 126 111 100 103 105 114 124 140 147 160 165 164 166 168 171 177 180 180 179 182 182 179 179 174 169 159
74 87 93 107 117 128 131 139 145 148 154 156 156 159 161 161 167 165 164 168 174 175 163 148 144 145 162 181 179 178 163 147 101 81 121 168 185 180 175 178 194 198 199 199 198 196 197 195 196 195 193 193 194 191 187 186 182 175 164 158 153 142 134 136 135 133 141 150 151 156 151 152 155 155 157 156 156 166 177 179 185 184 180 180 180 178 177 170 156 133
68 75 81 95 101 115 121 129 136 141 147 150 150 153 156 156 159 161 162 162 167 171 163 149 137 145 158 180 175 183 174 158 124 85 124 174 184 179 180 182 195 195 195 198 197 194 196 194 196 194 193 193 193 191 188 186 177 175 169 161 152 144 141 144 145 151 157 166 169 174 168 165 161 159 161 163 165 175 182 179 182 185 183 179 174 171 168 159 133 117
60 62 73 85 92 103 109 115 125 134 136 143 149 146 148 157 152 159 162 160 160 165 165 158 145 143 151 181 179 183 178 166 139 107 139 174 177 177 184 188 194 194 194 198 197 194 196 194 194 193 193 193 192 191 187 183 178 171 165 159 155 153 151 147 152 162 166 173 171 170 168 169 164 166 163 163 170 177 179 179 178 179 176 173 169 164 154 138 124 126
53 54 66 73 84 90 96 103 111 122 124 132 140 138 143 152 146 152 155 154 152 156 160 160 148 141 147 183 181 177 179 180 152 133 147 162 173 181 188 190 193 194 195 197 197 194 195 194 193 193 194 194 192 190 187 183 180 174 167 162 158 156 153 151 157 160 165 171 171 173 168 167 164 165 159 156 165 172 173 175 173 170 166 165 162 154 142 128 130 134
55 53 60 59 73 77 85 96 99 110 115 122 126 130 139 142 145 147 149 150 149 150 153 157 155 148 147 175 179 178 180 175 166 148 158 170 175 179 187 189 192 195 194 195 195 193 194 193 194 194 194 193 191 190 188 185 179 173 167 165 164 160 158 160 158 163 172 172 166 171 166 166 162 160 158 158 164 172 172 166 165 165 164 163 152 140 137 134 134 129
53 54 51 55 59 64 78 87 88 95 106 105 111 121 122 134 136 143 146 152 155 152 153 153 156 153 152 173 180 178 179 176 174 168 168 174 178 181 187 190 195 190 191 195 194 193 194 192 194 195 195 193 189 187 187 186 181 178 171 165 163 161 161 163 163 166 169 171 171 170 168 166 162 160 164 162 165 174 170 168 168 171 159 149 142 137 138 134 124 125
54 54 52 54 53 51 60 69 76 79 92 94 94 94 96 115 132 135 140 147 148 151 158 156 158 160 158 172 174 174 175 174 174 175 178 180 179 182 188 190 189 189 192 191 185 186 192 194 191 194 193 191 190 187 184 185 183 180 174 167 164 163 165 168 169 171 173 174 174 173 171 170 171 162 167 162 167 168 165 170 173 158 143 134 131 127 120 115 120 122
56 53 49 51 52 49 52 57 68 63 67 69 75 77 73 84 102 124 132 134 144 153 158 159 158 164 160 168 173 177 177 175 178 179 180 180 182 187 188 184 189 188 189 189 182 180 186 191 190 195 194 191 192 189 185 187 182 179 173 169 167 167 168 169 171 173 174 174 172 171 170 170 168 174 171 172 166 173 172 167 153 131 120 116 120 126 120 117 123 124
61 56 51 53 57 54 48 42 47 55 62 53 52 58 55 57 68 98 117 127 141 149 152 157 156 166 165 168 170 172 174 177 177 182 185 183 181 184 186 186 187 182 184 190 190 187 188 190 187 190 191 189 190 188 185 186 182 178 174 172 172 172 171 168 171 171 171 170 168 168 168 169 169 167 171 167 170 174 172 131 108 108 115 113 107 109 111 112 102 103
57 55 52 51 57 62 58 53 52 44 42 43 47 50 50 58 57 64 91 117 130 138 147 151 156 162 160 165 170 172 170 172 172 176 179 181 180 179 181 184 191 186 183 183 184 185 187 188 185 186 189 189 187 187 187 184 182 179 177 177 176 176 174 172 174 173 171 170 170 170 170 170 172 168 167 179 181 159 106 92 96 92 90 92 90 87 86 75 81 84
56 58 59 54 53 56 54 54 54 55 52 41 41 49 48 44 49 51 66 84 105 127 140 144 147 154 157 164 164 166 166 172 168 168 171 176 179 177 177 180 182 188 191 188 187 190 191 188 185 184 188 190 186 187 189 184 181 180 180 179 175 175 177 177 179 175 172 173 176 176 174 171 173 178 178 169 127 63 55 54 57 57 54 60 58 56 66 68 71 74
52 56 63 62 59 53 45 44 49 54 54 43 38 44 46 44 45 54 55 54 73 99 115 130 138 142 148 154 154 160 160 163 162 166 170 173 173 171 175 183 177 182 185 183 181 181 181 181 183 182 185 186 184 184 185 182 181 179 180 180 176 177 179 179 173 178 182 181 175 172 173 178 178 171 145 75 28 42 41 44 43 42 42 46 50 51 53 54 60 61
59 56 60 63 65 62 54 55 44 47 52 51 48 46 47 47 52 52 55 50 50 62 86 113 118 126 136 142 142 153 158 162 160 161 161 161 165 167 171 177 179 176 176 181 184 181 180 184 183 185 185 185 185 185 183 182 182 179 180 182 181 182 182 179 182 177 176 179 184 183 176 170 142 89 49 39 42 39 38 44 43 43 45 39 40 45 39 38 43 45
57 62 57 61 64 61 62 58 48 43 43 45 49 48 44 47 48 50 53 51 45 43 53 66 80 93 116 125 129 142 151 159 158 161 163 165 166 164 164 167 167 171 175 176 177 179 180 180 179 180 180 186 185 186 183 181 182 180 182 182 178 180 183 181 183 185 185 180 174 163 131 93 51 36 41 42 43 42 36 49 42 39 39 41 41 42 42 40 40 40
56 64 56 57 64 61 62 64 58 50 44 43 45 46 42 45 43 43 45 48 48 46 45 46 48 62 78 86 101 121 132 139 152 159 160 161 163 163 162 165 164 163 165 168 169 171 171 169 171 176 177 175 178 175 174 181 176 177 180 182 183 184 183 181 178 176 166 145 114 81 52 35 39 32 37 36 36 39 38 49 41 39 41 43 44 44 44 41 42 42
54 63 57 56 59 56 60 66 62 55 48 44 46 47 43 44 35 36 39 42 45 45 44 43 47 45 46 53 67 76 86 102 114 129 139 147 156 158 156 160 157 155 152 150 149 151 153 151 150 151 157 152 165 166 166 171 173 175 174 173 173 167 157 151 133 113 83 59 43 32 30 36 35 37 40 37 36 40 43 47 38 37 39 39 36 34 34 33 38 38
53 59 62 64 59 56 60 59 59 60 60 54 50 46 43 46 40 40 39 38 39 42 43 43 54 48 44 49 53 48 50 64 68 80 87 95 107 111 116 128 121 124 123 121 121 120 119 121 125 125 128 110 121 125 126 124 124 124 120 114 106 93 76 65 47 41 34 32 33 32 32 33 32 37 39 40 41 44 47 45 36 37 38 36 31 29 33 37 32 32
54 57 62 67 65 63 62 55 58 58 59 57 57 55 49 50 49 45 40 36 38 41 40 36 44 47 47 47 48 50 51 52 53 57 56 57 61 61 67 83 92 93 89 91 97 93 93 106 121 128 110 57 53 57 59 55 54 50 47 43 38 38 38 33 36 34 35 36 36 38 40 37 37 42 42 44 43 42 44 42 38 38 36 34 30 29 32 37 31 32
62 59 54 56 63 67 63 60 61 59 58 57 58 57 53 55 52 51 46 40 36 35 35 35 39 41 40 42 45 49 52 51 46 48 51 56 60 58 63 74 74 72 71 82 95 91 92 108 132 138 94 31 29 39 40 35 33 32 34 34 32 36 39 35 42 34 32 36 37 40 41 37 39 42 44 47 46 44 47 49 42 40 37 36 36 33 32 35 31 33
60 62 62 56 51 53 60 69 61 63 65 62 56 51 51 58 55 57 55 47 38 33 33 35 36 38 36 42 47 41 41 45 47 46 48 52 55 57 60 64 60 58 57 66 79 86 95 108 118 109 62 28 33 38 36 32 38 38 39 38 36 38 38 34 38 37 38 40 39 38 38 37 40 41 44 45 44 43 42 44 35 34 33 35 37 34 32 34 31 34
67 60 62 60 53 56 60 57 60 55 56 60 65 63 57 59 52 53 54 53 50 44 39 35 31 41 36 35 40 40 42 47 44 42 42 42 44 50 52 50 51 55 55 51 55 70 82 84 79 59 29 35 40 36 38 38 35 39 40 39 42 43 41 39 36 41 41 38 36 37 37 40 39 38 43 43 45 46 41 40 37 39 39 39 39 35 34 37 34 37
63 59 63 57 59 59 58 59 59 62 64 62 62 69 70 62 60 63 63 62 54 53 48 45 36 36 35 37 36 36 40 39 39 38 35 35 41 43 43 45 45 47 42 40 42 42 45 47 42 39 36 40 37 31 37 38 35 35 37 37 39 39 38 44 41 40 41 42 42 42 41 40 42 43 41 46 44 45 43 39 35 35 32 31 34 35 35 39 34 36
100 76 71 66 64 59 58 59 56 59 62 60 59 65 66 61 63 63 62 65 64 66 59 52 50 47 40 39 40 39 38 35 42 40 36 36 41 43 44 46 48 50 45 44 45 42 40 38 39 37 35 40 38 33 39 40 39 39 40 40 42 42 39 43 44 44 45 47 46 45 44 43 45 46 42 46 43 43 40 37 35 37 36 35 38 36 33 35 34 36
