25 20 17 18 16 16 19 17 23 21 17 19 18 17 20 15 15 19 22 21 22 28 44 61 70 71 81 94 103 109 112 113 115 117 118 119 120 123 125 124 126 129 130 128 128 129 130 130 130 129 127 126 125 126 129 132 132 132 135 137 136 137 138 137 138 138 137 136 134 133 129 127 122 120 109 97 87 75 76 91 109 122 132 135 135 132 128 128 129 134
26 30 28 24 23 20 20 25 24 22 19 21 19 15 18 16 26 23 20 23 36 56 75 88 95 97 104 113 118 121 123 124 123 125 127 127 127 128 131 133 134 134 134 132 133 136 138 139 137 136 135 134 133 133 135 137 138 139 141 142 142 143 145 145 145 144 143 142 140 138 135 132 132 131 124 114 104 90 79 79 95 109 125 132 135 137 136 131 129 133
28 32 28 22 22 20 19 22 24 22 20 22 21 17 21 22 24 21 26 44 68 92 107 111 112 114 119 123 124 124 126 129 131 133 134 134 134 134 137 140 142 142 140 140 141 145 147 148 146 145 144 144 144 143 142 142 141 142 143 143 143 144 147 148 148 148 147 145 144 142 140 138 135 135 131 124 118 110 97 88 87 96 113 127 133 137 139 135 132 132
34 30 29 23 19 22 22 20 21 20 18 19 19 20 22 26 22 29 51 79 101 114 120 120 123 127 131 132 132 132 135 137 138 138 138 140 141 141 141 144 147 148 148 149 150 151 152 152 152 151 151 152 152 150 148 146 144 145 144 143 143 144 146 148 148 149 148 147 146 145 144 142 139 138 136 132 125 120 113 104 88 85 95 114 128 135 140 145 141 136
33 31 33 29 25 28 26 23 22 23 20 18 21 23 24 26 36 56 85 106 114 120 123 123 127 132 135 136 137 138 140 142 143 145 145 146 148 148 148 150 152 153 154 155 155 154 154 155 156 155 155 156 156 155 153 151 152 152 151 150 149 149 149 151 152 152 152 151 150 149 148 147 144 142 143 142 135 128 122 114 99 90 86 99 116 126 136 146 145 140
34 32 31 31 38 39 25 21 23 25 24 21 23 26 26 32 57 86 111 117 117 123 128 129 134 140 141 141 143 145 145 147 147 150 151 150 153 154 154 157 157 158 159 159 158 156 157 158 159 160 160 159 159 159 158 156 157 158 157 155 155 154 152 153 156 156 156 155 154 152 151 150 146 143 144 146 143 136 128 122 114 104 91 90 103 116 126 136 143 144
41 35 33 33 42 42 25 20 22 23 24 22 25 28 34 51 85 109 124 125 125 129 132 135 138 144 146 144 146 149 149 151 152 155 152 151 157 161 161 162 162 162 163 164 163 161 161 162 163 164 164 163 162 162 162 161 159 160 158 157 158 156 154 155 157 158 158 157 156 154 153 151 151 148 146 147 146 140 133 128 123 114 102 95 98 108 120 128 139 146
43 35 39 35 30 30 23 22 24 24 26 26 31 35 49 77 114 126 131 132 136 133 132 137 141 148 149 147 150 153 155 157 159 158 151 150 161 169 167 165 164 164 165 168 169 166 164 164 165 167 167 166 164 164 164 164 161 162 160 159 161 160 157 158 157 158 159 159 157 156 155 153 150 151 149 149 149 146 139 135 132 122 113 105 98 100 111 120 132 140
40 36 38 33 27 24 20 22 27 30 32 36 42 50 76 107 134 133 135 135 136 135 135 139 144 146 147 147 151 157 162 165 166 166 162 161 169 172 169 168 166 166 169 170 168 168 169 167 169 169 168 167 167 167 167 166 166 166 164 162 161 161 160 158 159 160 160 160 160 158 155 154 155 153 151 152 152 148 143 140 136 130 122 115 107 100 104 114 125 135
44 35 32 27 23 24 26 29 31 37 44 51 58 75 104 130 136 138 140 137 137 139 139 142 144 142 143 147 155 160 165 169 170 174 176 175 177 175 171 170 170 169 171 172 170 171 172 170 171 171 171 171 171 171 171 171 170 170 169 166 164 163 162 161 160 161 161 161 161 159 157 156 158 156 154 154 154 150 145 143 138 133 127 121 112 102 100 104 119 128
45 37 32 26 23 27 31 35 41 44 52 64 82 105 126 135 140 142 143 138 138 142 144 146 143 141 143 150 157 161 167 175 177 180 182 181 177 174 173 172 171 171 172 173 173 174 175 174 175 176 176 176 177 178 178 178 177 177 175 171 168 167 166 164 163 164 164 164 163 161 159 159 160 159 158 157 156 153 148 147 144 140 135 129 121 110 103 101 111 120
32 33 30 27 30 35 38 43 47 55 68 83 102 121 133 137 141 143 144 141 142 145 144 144 141 144 149 154 156 158 167 177 182 183 184 181 176 176 177 175 171 172 174 176 177 179 180 180 181 181 181 181 182 184 184 184 183 183 181 176 172 170 169 168 166 167 167 166 165 163 162 161 161 161 160 159 158 155 151 149 147 143 137 131 125 117 109 103 104 109
33 37 31 30 41 46 47 50 56 71 87 103 121 132 137 142 139 144 146 142 143 148 143 137 138 146 153 154 154 157 165 173 177 179 183 182 177 175 175 172 174 176 179 181 184 186 186 187 187 187 186 185 186 188 188 187 187 187 185 180 176 174 173 171 169 170 169 168 167 165 163 163 160 162 161 160 158 155 152 151 149 144 139 133 128 124 117 110 105 104
36 36 28 34 53 59 59 63 67 84 100 115 129 134 136 140 142 147 146 136 138 147 142 132 134 145 153 152 152 156 161 164 166 174 181 181 175 172 172 172 175 178 181 184 188 190 190 191 193 192 190 189 190 191 190 189 189 189 187 183 180 178 176 175 172 172 171 169 169 167 164 164 161 162 162 160 158 156 153 152 152 147 142 137 132 128 123 116 109 104
39 33 31 48 64 62 61 63 74 95 115 125 129 133 137 141 143 144 143 136 136 140 133 126 132 143 151 150 149 150 151 152 156 168 177 178 175 172 171 175 174 178 180 185 192 195 195 195 196 195 194 193 193 193 192 190 190 190 189 186 183 182 180 178 176 176 173 172 171 169 166 165 164 165 163 160 158 156 154 153 152 148 144 139 131 127 124 119 111 105
40 32 40 68 78 68 66 66 85 102 121 132 140 147 149 144 139 137 140 143 141 133 121 118 132 143 151 150 146 143 142 143 144 159 170 175 175 171 168 171 175 178 180 186 196 201 200 200 198 197 197 196 196 195 193 190 190 190 190 187 186 185 183 180 180 178 175 174 173 171 168 167 167 167 164 160 158 157 155 154 156 151 147 142 133 129 127 124 117 111
43 32 53 80 80 71 73 86 100 113 129 139 144 150 151 146 145 148 149 149 146 134 122 118 131 143 142 143 139 137 135 136 135 144 160 167 169 170 167 166 167 173 182 191 197 201 203 204 201 198 197 199 201 199 196 193 193 193 192 190 188 187 185 184 181 179 177 177 175 171 169 169 170 169 166 162 160 159 156 155 156 155 151 144 138 131 128 129 123 118
44 47 67 80 81 81 88 100 113 125 137 143 146 149 150 148 151 154 153 151 145 133 123 123 138 148 146 141 132 126 126 127 119 120 141 158 164 169 168 163 170 174 182 190 197 200 202 203 202 198 196 198 199 199 198 197 196 196 193 191 189 188 186 184 181 179 177 176 174 172 171 171 171 172 170 166 163 160 156 155 153 153 150 145 140 134 130 131 125 120
53 58 73 85 88 88 100 120 129 137 144 148 151 153 153 154 155 158 158 153 144 130 124 129 145 152 148 141 131 124 124 120 103 101 119 145 160 165 164 165 171 175 182 189 196 200 203 204 202 199 198 200 200 201 201 201 200 198 195 193 192 191 189 187 183 179 176 175 174 172 172 172 173 175 174 171 167 161 157 155 152 151 149 147 143 138 133 131 126 121
61 71 82 86 91 102 115 128 139 144 146 150 157 159 158 160 158 162 162 156 144 130 128 137 153 155 148 142 137 128 127 114 85 87 108 136 151 157 163 168 171 175 181 187 194 199 203 205 203 201 202 204 204 203 203 202 202 200 197 196 196 196 193 191 186 182 178 175 174 173 173 173 173 176 176 172 167 162 158 157 154 153 151 149 145 141 136 132 126 121
72 81 90 95 100 113 129 137 145 148 149 152 159 160 159 162 163 165 163 157 145 132 135 149 160 158 150 143 139 129 127 106 82 98 123 137 140 150 164 166 171 175 180 185 191 197 202 204 202 202 204 206 206 205 205 203 202 200 198 199 199 198 196 193 188 184 179 176 175 175 175 175 175 176 175 171 166 162 160 160 158 155 153 151 148 144 140 134 129 124
82 89 97 105 110 119 136 147 150 154 156 156 157 157 158 161 165 164 159 152 141 131 138 156 163 159 152 145 140 128 129 104 92 137 151 136 134 144 157 167 172 176 181 184 188 194 199 202 201 202 203 205 206 206 206 205 202 200 200 200 200 198 195 192 190 186 181 177 176 176 176 175 175 175 172 168 165 162 161 162 161 158 156 154 151 148 145 140 133 127
87 105 108 104 112 129 143 145 153 156 159 158 156 156 160 163 165 161 154 148 138 129 137 155 163 159 154 146 141 128 129 100 120 179 187 156 144 144 151 165 173 178 182 184 186 191 196 199 201 202 204 206 206 207 207 205 201 200 200 201 200 197 194 192 190 186 181 176 175 174 173 172 171 170 168 164 163 163 163 163 164 161 160 158 154 152 149 144 136 131
98 114 110 106 118 132 143 147 154 155 158 158 156 160 165 166 165 160 153 148 139 130 136 153 164 159 154 147 142 126 124 90 113 168 194 174 149 145 157 163 173 178 183 184 185 190 196 199 202 203 205 207 208 207 206 203 200 200 201 201 200 197 194 193 191 187 180 175 172 171 168 167 166 165 163 162 162 164 164 165 167 164 164 161 156 154 151 146 139 134
115 110 100 116 126 139 146 152 153 158 161 161 161 162 165 168 168 160 155 152 144 131 133 154 161 158 154 149 141 127 118 73 76 96 145 171 161 151 160 166 173 181 184 183 185 189 194 199 200 202 205 208 208 209 207 205 203 202 201 201 200 197 195 193 191 185 180 177 173 168 164 162 160 159 157 158 163 166 166 166 167 166 164 162 160 157 153 151 144 140
123 110 106 125 138 148 153 153 155 159 161 162 164 166 169 171 173 161 158 161 154 135 133 154 163 153 159 155 138 129 110 64 52 61 82 134 168 159 160 166 175 181 183 182 185 189 194 199 198 200 204 206 207 207 206 204 202 201 201 201 200 197 194 192 189 185 181 177 172 167 162 160 157 154 153 158 165 167 166 164 166 167 167 165 163 160 156 153 149 146
112 104 120 138 148 150 154 156 159 161 163 164 167 170 173 176 177 165 163 167 161 141 133 149 159 156 158 152 141 134 109 91 86 59 61 110 163 176 165 168 176 181 183 182 184 187 192 198 199 201 204 205 205 206 205 203 201 200 200 200 199 196 192 190 186 184 182 178 171 165 161 157 150 145 148 157 164 166 166 164 168 169 169 168 166 163 160 157 153 150
108 109 136 148 154 150 155 161 163 165 166 167 169 173 176 179 178 174 172 170 162 146 135 143 156 160 155 151 143 138 121 126 131 71 59 108 161 180 166 172 176 181 183 183 183 183 187 193 200 202 205 206 206 205 204 202 200 199 198 197 196 194 191 189 185 183 182 177 170 166 160 154 141 138 145 157 161 163 165 166 170 171 170 168 165 164 162 160 157 155
126 129 147 152 162 160 162 165 167 169 169 170 171 174 177 179 179 181 182 176 166 149 134 135 149 154 158 162 138 125 110 89 73 60 70 133 174 175 164 164 172 179 183 182 181 180 182 187 200 202 204 206 205 204 202 200 199 197 195 194 193 192 190 189 186 184 182 176 170 166 159 148 133 137 148 159 161 160 163 166 169 171 170 166 164 164 163 161 157 155
138 143 155 160 167 167 169 171 171 173 174 174 174 176 178 181 180 183 187 185 173 149 128 126 146 153 156 158 135 125 114 70 54 67 112 183 194 171 154 157 168 176 180 180 180 181 183 186 198 199 201 202 202 202 200 197 197 195 193 191 190 190 189 187 188 185 182 176 170 167 158 143 130 140 154 162 164 162 161 163 165 168 168 165 164 165 164 161 158 155
145 151 159 169 168 168 171 173 173 177 179 179 178 178 181 184 185 186 191 193 182 153 125 119 135 151 153 149 140 128 117 78 89 131 185 219 194 170 155 159 167 174 177 176 181 187 190 192 198 198 199 200 199 199 198 195 193 193 191 190 190 189 187 185 185 183 181 175 170 168 158 140 130 144 154 160 167 167 162 161 163 167 167 165 164 167 168 166 163 160
161 160 160 174 168 169 172 171 175 180 183 182 181 180 183 186 191 192 197 198 189 160 128 117 126 145 155 150 145 131 126 98 143 205 219 219 182 149 148 157 167 173 174 175 183 193 198 199 201 200 199 199 198 198 196 193 191 191 191 190 190 189 186 184 181 180 180 175 170 170 159 140 131 145 152 156 168 171 165 162 164 167 167 164 165 170 172 172 165 161
161 164 163 172 176 173 169 172 177 183 184 182 183 184 186 190 194 198 198 201 195 167 135 115 120 138 148 144 140 129 122 110 128 197 220 205 169 139 150 155 163 169 172 178 185 190 196 197 198 199 201 199 195 194 194 190 191 190 189 190 188 185 185 182 180 178 178 179 174 171 160 138 132 149 147 149 160 171 168 165 162 166 170 170 171 175 176 175 169 162
164 168 165 172 174 173 173 178 184 188 187 185 186 187 189 192 196 200 201 203 199 173 140 115 116 133 144 141 138 128 122 111 111 156 192 181 146 132 143 157 163 168 170 178 187 193 196 194 196 198 200 196 191 189 189 188 185 187 183 184 187 185 183 181 178 178 180 182 180 177 161 135 132 153 153 149 155 169 170 166 162 165 170 174 178 181 182 180 174 166
167 171 168 174 175 176 178 184 189 191 190 188 190 191 191 193 197 203 205 206 202 180 147 118 111 126 138 137 136 127 122 112 109 124 159 159 134 133 149 161 162 167 170 179 188 192 194 190 193 196 195 190 183 179 178 180 180 186 184 185 187 183 179 178 176 178 181 182 184 183 161 131 133 153 153 147 149 162 168 169 163 163 168 177 184 187 187 185 178 169
168 172 171 178 181 184 185 188 190 193 194 193 195 195 196 197 197 206 209 208 202 184 154 124 112 122 135 137 138 130 125 117 112 111 124 138 131 135 156 156 159 167 174 181 184 186 190 188 190 190 183 175 168 163 161 162 169 180 186 188 185 179 177 175 176 178 180 179 183 182 156 127 136 149 149 148 145 153 163 170 165 161 165 178 188 191 190 187 180 170
169 173 173 183 188 193 193 192 194 196 197 198 198 199 201 203 201 207 209 208 203 190 163 133 117 123 136 141 143 138 133 127 121 118 116 130 136 142 159 156 158 167 175 180 180 181 186 186 183 176 164 155 151 149 148 149 155 165 177 185 180 176 178 174 175 177 179 178 181 176 148 124 137 149 154 154 144 147 159 170 165 157 162 178 190 195 195 192 183 172
171 175 176 186 192 198 198 196 196 196 197 197 197 199 202 204 206 207 207 208 205 196 173 143 124 124 136 141 146 144 141 137 132 132 131 134 138 143 150 155 161 167 173 177 177 177 181 179 168 156 146 144 146 152 157 157 155 158 168 178 177 175 178 173 173 175 178 178 181 170 140 123 137 153 164 165 149 147 158 167 162 153 158 176 192 200 202 199 185 174
170 176 179 189 192 198 199 197 194 194 194 195 196 198 201 202 206 205 206 208 204 197 180 155 134 129 137 142 147 148 147 145 147 147 151 147 146 149 151 159 164 167 170 173 172 171 173 169 155 144 142 148 156 166 172 170 162 161 165 175 176 175 176 173 173 171 175 177 180 165 135 126 137 152 169 178 160 151 155 161 157 148 154 174 191 201 203 199 185 174
167 176 182 190 191 196 197 196 192 192 194 197 198 200 201 200 202 203 205 208 202 194 182 162 145 136 141 144 150 151 152 151 154 153 158 159 156 157 161 165 166 168 169 170 167 165 166 160 151 142 147 158 164 173 177 172 164 163 164 173 177 175 175 175 173 168 171 176 180 162 134 130 137 146 166 185 170 153 152 157 153 145 151 172 188 198 199 194 186 175
164 169 176 183 190 194 195 195 190 192 194 195 196 197 197 197 198 201 202 201 199 195 182 168 151 145 144 150 152 155 159 159 156 154 153 156 159 160 163 167 165 167 170 170 166 163 159 153 152 149 153 161 169 181 181 161 149 162 172 176 181 178 179 175 173 172 172 176 180 162 138 132 136 149 162 183 185 162 150 153 146 142 150 171 186 192 192 190 182 174
159 166 173 179 184 187 189 190 191 190 190 190 191 193 193 193 192 194 195 195 193 189 180 170 156 150 149 153 155 157 160 160 158 155 153 155 158 158 159 162 167 169 172 169 164 162 160 155 155 153 155 162 171 182 175 148 125 155 186 187 182 178 182 180 180 177 176 178 176 158 137 135 135 148 162 183 189 171 156 154 145 141 150 169 184 188 187 184 177 170
159 165 171 175 178 181 184 186 186 187 188 191 192 191 187 184 187 187 188 190 189 186 180 176 169 161 157 156 157 159 164 166 164 160 157 159 162 162 161 162 165 169 171 166 161 160 159 156 156 157 158 163 172 181 168 136 113 147 191 198 191 186 184 181 181 175 172 174 171 155 137 136 134 147 160 176 179 163 152 152 147 141 146 163 176 181 180 177 172 166
172 177 180 179 176 174 174 174 182 182 183 187 191 192 189 187 184 182 183 187 187 184 181 180 179 171 164 161 160 163 167 170 167 164 160 161 163 163 162 163 167 171 172 166 161 162 161 158 158 160 161 166 174 180 167 138 123 143 186 199 196 188 182 181 182 174 167 168 173 161 140 137 143 150 161 175 180 166 153 151 147 139 142 156 169 175 174 170 164 159
167 173 179 181 182 182 180 179 174 176 179 184 189 191 190 188 183 180 180 183 183 182 182 184 180 176 172 170 170 171 172 173 177 174 171 171 171 170 169 171 174 176 172 165 161 162 162 160 161 163 165 171 177 179 171 153 141 147 178 189 188 181 178 182 180 175 164 161 173 167 147 141 137 144 160 180 184 167 151 150 142 135 139 154 167 171 167 160 155 151
166 171 175 177 180 183 184 185 182 180 177 176 177 181 184 187 184 181 180 181 182 183 186 188 184 182 180 179 180 182 183 185 185 183 180 178 177 175 176 178 181 180 173 164 161 161 160 160 162 166 169 176 181 180 175 166 152 149 161 164 169 170 171 172 175 175 164 156 168 172 156 147 142 141 155 179 191 176 153 145 140 134 137 150 160 164 162 157 153 149
168 172 173 173 174 177 181 183 183 183 182 180 177 176 177 178 181 182 184 184 183 186 188 189 188 187 185 184 186 189 192 194 192 189 186 184 183 182 183 186 186 185 178 170 166 163 161 162 163 168 173 181 187 186 181 173 167 159 155 154 164 170 174 173 177 180 172 158 164 174 162 144 138 138 152 172 181 171 150 143 140 135 137 145 151 156 158 157 153 149
165 171 174 174 174 175 176 177 179 182 185 184 181 178 178 179 174 180 185 185 184 186 187 186 185 187 186 186 189 190 191 193 189 186 183 181 182 182 183 185 184 184 179 173 169 164 160 161 165 172 177 187 195 195 188 178 171 164 155 153 161 164 173 176 182 184 178 159 157 169 156 129 129 130 146 163 173 166 147 139 138 135 138 145 149 152 154 154 150 145
161 167 173 172 170 172 174 172 176 182 187 189 187 181 178 181 179 177 178 181 184 187 188 188 189 188 187 189 189 188 185 180 179 172 171 172 170 170 174 176 177 176 174 170 167 164 161 161 166 172 178 189 203 209 198 183 174 161 156 152 157 160 164 167 173 176 173 161 159 159 142 128 127 125 140 157 166 159 140 136 137 140 143 146 150 152 151 148 143 138
158 160 164 167 169 172 175 176 179 182 184 185 185 182 179 179 181 179 179 179 180 182 186 188 188 186 185 183 181 178 173 168 159 158 157 155 154 156 158 159 162 164 163 160 158 158 159 160 164 171 179 188 201 207 197 182 172 163 153 152 162 159 157 158 159 161 160 153 152 150 135 124 128 124 136 147 152 145 131 132 137 140 143 145 147 147 146 144 139 134
159 157 158 163 167 171 175 179 180 180 180 182 181 176 174 177 179 179 179 177 175 177 182 185 185 183 180 175 170 166 159 153 146 144 140 136 137 139 140 141 145 149 151 148 147 149 151 153 158 163 169 178 189 195 190 184 172 157 146 147 156 150 149 150 150 148 146 142 141 138 128 123 119 119 132 142 142 135 126 130 138 141 144 144 144 143 142 140 135 131
162 159 159 162 164 167 173 178 177 176 178 178 172 163 165 174 174 176 178 177 174 175 177 178 178 176 172 166 159 154 145 137 132 126 121 121 123 124 124 125 129 131 133 132 131 133 138 144 153 154 159 169 177 178 177 177 165 145 142 140 141 140 142 143 142 139 136 133 132 128 121 116 110 111 124 135 134 128 125 132 139 141 142 143 142 141 140 138 131 127
162 163 163 162 161 163 169 174 175 175 175 170 160 156 162 172 171 174 177 176 175 175 174 173 171 169 165 159 151 141 131 122 115 114 114 115 114 114 116 119 121 119 118 119 119 118 123 132 138 143 149 156 161 160 157 156 148 140 148 136 132 137 135 136 134 135 134 133 131 127 120 110 107 104 112 120 120 119 123 132 138 139 139 139 139 138 136 134 127 121
161 164 167 166 162 162 167 172 173 175 172 161 153 159 167 170 171 174 176 176 176 177 175 172 169 166 163 156 145 132 121 114 113 118 120 119 118 116 117 122 122 119 118 119 116 110 108 112 120 128 134 137 141 144 143 139 135 146 153 131 132 141 134 134 134 135 133 132 132 131 127 117 107 100 102 111 114 116 124 132 136 135 134 135 135 134 131 128 125 116
159 160 165 168 165 162 165 169 172 172 167 159 155 162 168 168 170 172 175 176 178 180 179 174 169 165 160 151 137 124 119 118 123 125 126 138 150 139 126 132 132 129 125 123 120 115 109 106 109 113 117 120 124 126 126 126 132 148 149 133 139 144 141 136 133 132 128 129 130 132 133 126 112 103 103 113 117 119 126 130 131 131 132 133 133 131 126 123 122 110
154 154 159 167 166 160 161 166 171 166 164 162 159 161 165 167 166 170 174 177 180 183 182 177 168 162 154 143 128 117 119 125 131 128 131 165 195 173 141 145 148 144 135 128 128 130 128 125 121 118 121 130 132 125 122 125 133 144 141 141 149 145 147 137 134 131 128 132 134 135 138 133 124 112 108 116 118 118 124 127 128 129 131 133 133 130 125 122 118 103
148 155 156 159 166 164 159 162 170 168 163 162 162 162 164 164 167 167 168 176 182 182 182 178 168 158 148 136 119 117 127 127 130 115 119 169 196 180 140 144 153 153 151 145 137 138 144 143 143 145 149 160 165 149 132 132 137 139 145 152 153 149 145 143 139 135 132 132 134 136 138 138 132 121 112 112 116 118 121 124 128 130 132 133 133 129 122 117 108 96
146 156 158 157 159 156 156 163 166 167 162 162 165 166 165 159 163 166 169 174 178 178 178 172 164 152 136 123 112 116 128 129 126 113 94 113 150 168 157 151 150 151 154 154 149 145 148 151 158 160 164 171 176 169 162 163 160 160 161 161 158 154 151 150 144 139 135 134 133 134 135 135 138 132 118 113 120 123 122 126 129 134 136 131 126 126 120 110 100 95
145 152 151 151 156 158 155 157 160 164 162 161 164 166 164 156 157 163 166 169 170 170 170 164 160 145 122 108 105 117 130 131 128 95 69 59 76 120 160 157 142 144 153 161 161 155 155 160 165 168 170 172 174 176 177 178 178 176 173 167 161 156 153 150 147 142 138 136 135 134 132 131 133 132 122 117 124 127 126 128 131 131 133 131 122 117 112 104 91 105
150 153 149 148 155 157 151 146 156 162 162 161 160 160 160 157 155 160 162 164 163 162 163 159 155 139 112 98 103 119 131 130 126 90 78 69 61 74 128 145 138 142 152 162 164 158 155 159 168 171 175 176 176 179 182 182 183 182 180 174 167 162 156 151 148 144 140 138 137 135 131 127 127 126 128 129 130 132 134 133 132 129 127 122 115 108 101 95 96 120
144 151 151 149 151 153 151 150 154 159 160 160 157 154 156 156 156 157 157 160 160 157 160 160 151 132 105 94 103 120 131 129 119 93 143 112 61 67 105 141 134 137 149 158 163 163 159 162 167 168 175 179 179 181 184 184 181 181 181 178 175 171 163 156 153 147 142 139 137 134 130 125 125 123 128 134 135 135 135 133 129 130 122 113 109 104 93 86 108 127
144 150 149 146 147 148 147 148 152 155 156 157 156 151 151 150 154 151 149 154 155 154 158 160 147 123 98 94 105 122 132 127 111 72 67 60 55 67 121 156 136 136 148 155 158 162 160 160 165 166 171 177 178 178 179 180 177 177 177 177 176 174 169 163 160 153 145 140 136 133 129 125 124 123 124 130 138 137 133 133 129 124 115 110 103 84 67 65 98 112
137 139 138 139 144 148 146 145 149 152 151 151 151 148 147 144 149 146 143 147 152 155 159 158 142 114 93 97 111 126 133 126 114 72 52 51 57 89 151 163 128 126 141 151 153 160 161 163 168 169 172 176 180 181 179 178 177 176 175 175 174 172 170 167 162 156 149 143 138 134 131 129 129 129 127 130 135 135 131 129 126 114 102 95 82 59 46 51 72 77
129 132 134 136 141 143 142 141 145 151 149 146 144 145 145 142 148 146 142 145 152 158 162 158 138 108 91 101 117 131 136 126 112 77 71 79 100 150 185 165 123 118 136 148 149 155 159 162 162 166 168 171 178 181 179 175 175 174 173 172 169 166 166 165 159 156 152 147 141 136 134 133 134 132 133 131 126 127 126 118 112 107 92 73 61 61 66 68 63 50
118 123 127 128 134 138 136 138 143 141 140 141 142 141 140 141 146 143 142 148 153 157 160 154 131 99 94 107 122 132 133 118 103 75 117 159 171 189 191 155 113 113 131 140 145 156 160 162 166 167 169 171 175 177 176 174 174 171 169 170 167 163 163 164 157 155 150 144 139 136 133 131 132 129 128 125 121 120 117 113 106 87 70 62 63 61 56 58 53 48
115 112 115 122 127 128 128 135 137 135 135 138 141 141 140 139 140 137 136 142 148 154 156 148 125 97 95 109 122 128 130 118 98 72 120 180 198 192 170 133 105 106 123 133 142 156 162 168 170 170 170 170 172 173 172 171 172 170 169 169 166 163 161 161 158 153 147 141 138 133 128 125 123 122 120 118 116 115 109 99 83 61 46 48 58 65 60 55 56 49
109 101 104 113 118 120 122 130 130 129 128 130 132 132 131 130 132 131 131 137 144 151 152 144 122 93 91 110 128 130 128 116 100 66 91 144 172 163 140 117 99 104 118 128 140 154 161 170 174 173 172 171 170 171 171 170 168 167 166 165 162 160 158 156 156 150 145 141 136 130 124 120 115 113 111 110 110 105 89 69 52 41 40 44 50 62 73 80 72 60
92 88 93 99 103 110 115 117 124 122 121 121 122 122 122 122 124 126 127 133 140 147 148 139 116 90 87 109 130 129 126 115 94 66 68 95 123 123 109 98 97 105 119 128 140 152 159 169 173 173 172 170 169 169 170 170 166 166 165 162 159 158 157 154 149 145 141 136 129 121 116 114 109 108 107 102 92 78 58 41 32 31 39 45 49 56 66 76 79 65
75 74 80 83 87 98 105 108 110 110 109 110 111 112 113 114 116 121 123 128 134 139 139 132 107 87 84 105 125 123 121 115 92 78 65 60 73 81 85 89 100 110 121 129 140 149 157 168 169 170 170 168 166 166 166 167 163 163 161 157 155 154 153 149 147 141 135 129 121 116 112 108 105 101 94 80 60 42 33 30 25 27 31 36 43 48 51 59 73 62
62 61 66 70 73 80 90 100 99 99 100 101 102 104 105 106 111 117 120 124 128 130 129 122 106 85 76 97 122 122 119 109 96 89 75 54 52 60 84 104 116 123 128 132 139 145 153 162 165 167 167 165 163 162 161 161 159 157 155 152 149 148 145 141 139 130 122 116 113 112 108 100 95 79 60 45 32 24 24 26 23 28 31 31 36 40 45 58 70 65
50 51 57 59 60 62 70 85 93 92 91 93 96 100 103 104 108 113 115 118 122 120 116 110 104 84 71 89 117 120 116 102 95 91 82 64 55 61 94 120 132 133 133 135 137 141 148 152 158 159 160 158 156 155 154 153 152 150 149 147 144 139 134 130 127 119 112 106 102 100 91 78 62 45 29 22 21 23 24 22 25 29 32 34 39 42 44 52 70 71
45 51 58 57 55 54 60 74 83 80 78 80 88 96 102 104 104 109 109 112 115 112 106 99 94 83 72 85 107 108 109 101 96 94 95 87 78 79 106 126 135 134 132 134 135 139 144 146 150 151 151 150 148 147 146 146 141 139 139 138 134 127 121 116 107 102 97 89 79 70 56 38 23 20 19 19 20 22 23 22 26 28 33 36 40 47 53 60 69 76
36 53 59 52 50 54 59 64 67 69 64 63 70 79 87 96 98 102 105 107 110 109 101 90 88 74 65 76 97 108 106 100 100 98 100 104 103 104 116 130 134 134 131 130 131 132 133 137 141 143 142 140 141 138 134 132 131 130 127 123 116 108 99 92 81 71 65 52 36 28 22 22 22 20 20 20 19 22 24 23 24 26 31 33 42 57 67 75 72 66
31 41 43 39 40 45 52 60 66 60 52 50 52 54 64 80 91 93 94 95 98 101 97 90 73 62 53 61 82 97 99 95 94 94 100 108 110 110 116 124 124 123 119 117 118 118 120 124 124 126 127 129 130 126 120 117 116 113 106 95 86 82 70 52 42 36 34 30 26 25 21 20 22 23 25 24 18 16 20 24 24 28 33 34 41 55 74 93 93 73
20 25 27 29 34 36 42 50 48 46 43 44 46 45 54 69 82 86 89 88 88 88 86 82 72 60 46 42 54 71 81 84 85 87 93 99 100 97 98 100 105 106 106 105 106 105 104 106 108 109 108 107 107 103 101 102 93 83 76 70 63 63 62 54 40 33 33 32 30 27 23 21 20 20 21 21 20 21 25 26 28 29 33 35 40 49 70 100 97 66
19 20 21 25 29 29 30 34 34 40 42 40 38 37 39 43 52 63 75 80 80 77 73 69 71 63 50 41 39 42 47 50 53 55 59 59 55 53 54 56 62 65 69 74 79 81 82 85 85 85 83 81 78 76 79 85 81 75 80 87 79 68 70 78 57 41 39 45 45 42 35 25 21 22 21 20 21 25 27 26 29 28 34 45 55 60 73 99 100 72
28 25 21 20 21 22 21 22 22 29 31 28 28 30 30 29 38 44 52 57 59 59 59 58 51 47 42 39 34 28 25 27 22 23 24 23 20 21 24 26 25 27 29 34 40 45 49 54 57 58 60 62 62 59 59 63 67 66 69 75 72 64 71 88 73 47 35 41 50 63 64 45 23 24 26 26 25 24 27 32 37 38 42 49 64 76 84 96 87 69
24 23 19 16 17 19 19 19 21 22 23 24 24 25 25 25 27 28 30 34 36 35 30 26 24 19 16 19 20 16 15 18 15 15 16 16 17 19 20 20 22 23 24 25 28 30 32 35 40 41 43 46 49 46 41 39 42 47 45 41 42 43 47 54 46 35 31 37 47 68 76 55 27 22 22 30 33 27 27 35 37 48 57 60 72 86 85 78 68 56
15 15 15 16 17 17 19 19 18 16 17 22 23 21 21 22 23 21 21 22 23 21 18 17 18 15 13 15 17 15 14 15 16 16 16 17 17 17 18 18 19 20 21 23 24 23 22 24 29 29 29 30 33 31 27 25 29 35 35 31 32 36 36 34 33 34 35 36 38 52 61 49 32 26 24 34 42 38 33 35 40 49 59 60 67 79 76 64 52 43
15 14 14 16 15 14 16 19 21 18 17 20 20 19 18 18 18 19 20 21 18 16 16 18 15 15 14 13 13 14 16 18 19 19 20 19 17 16 19 21 23 24 22 22 22 20 19 21 19 23 24 25 26 27 26 27 28 30 36 39 37 35 35 34 31 32 30 33 38 43 46 39 26 30 34 40 48 49 47 46 46 46 52 53 54 58 54 44 40 31
17 15 14 14 16 17 18 17 19 18 17 17 17 17 16 15 17 18 18 18 18 18 18 18 16 16 14 14 17 20 21 24 26 28 29 28 28 30 28 22 22 22 21 21 21 20 19 19 18 20 22 22 21 21 21 22 26 29 31 31 30 28 29 31 28 29 32 32 32 37 39 35 31 32 44 47 57 55 54 53 50 46 50 57 57 53 47 39 30 28
21 19 17 16 16 18 19 19 20 19 18 17 17 16 16 16 16 17 18 17 17 17 17 17 16 16 14 14 18 20 21 23 24 26 27 28 31 36 36 32 24 24 23 22 21 19 20 21 19 20 21 21 20 19 19 19 18 20 22 23 22 22 23 26 25 26 29 31 31 33 34 31 29 28 42 55 65 60 56 57 61 51 46 49 54 53 43 31 31 29
20 20 19 17 16 19 21 21 19 19 18 18 17 16 16 16 15 16 17 17 16 15 14 15 16 16 14 14 18 20 19 20 23 23 22 23 26 31 32 29 28 29 27 25 22 19 18 20 19 19 19 19 18 17 16 16 17 18 18 19 19 20 22 25 23 24 28 30 30 30 29 28 30 27 38 61 68 64 57 62 69 60 48 41 41 41 35 30 28 27
20 21 21 18 16 19 20 19 18 18 18 18 17 15 15 16 16 16 16 16 15 13 13 14 15 15 13 14 18 18 17 17 20 19 18 17 18 20 21 20 24 26 25 23 21 17 16 16 17 17 17 17 18 17 16 15 16 16 16 16 17 17 18 21 21 23 26 29 28 26 27 29 32 29 38 60 64 65 55 57 63 61 50 38 33 31 29 29 25 23
21 23 23 20 17 18 18 16 17 17 19 20 19 16 15 16 16 15 15 15 14 11 12 14 14 14 13 15 17 17 14 15 17 17 18 17 17 17 19 19 17 18 18 17 17 16 16 16 17 16 16 18 19 18 17 16 15 15 15 15 15 15 16 18 19 20 23 24 23 21 25 31 34 34 39 53 54 60 49 44 48 49 44 38 38 37 30 25 24 22
20 20 20 18 17 17 17 16 17 18 20 23 22 18 17 18 17 16 15 16 14 12 13 16 15 16 15 16 17 15 14 15 18 18 20 21 19 18 19 20 19 20 18 16 15 15 16 17 18 17 18 20 21 20 17 16 15 16 16 17 17 16 16 18 17 18 18 19 19 20 25 33 39 37 39 41 42 50 45 38 34 37 38 37 39 39 35 31 27 25
28 24 20 19 17 17 19 19 18 19 21 24 24 21 20 21 20 17 17 18 18 15 16 18 18 18 18 17 17 15 14 17 19 18 19 21 20 17 16 17 22 24 22 19 16 15 15 16 18 17 19 21 22 20 17 16 14 15 16 17 16 15 15 16 18 18 16 17 20 23 29 35 40 34 36 35 38 43 43 38 30 33 35 34 32 34 36 36 30 28
43 35 28 23 19 17 18 19 19 19 22 25 25 23 21 22 22 19 19 21 21 19 19 21 20 21 20 19 17 15 15 19 17 15 16 19 19 17 16 16 17 21 22 20 18 16 16 17 16 16 18 21 22 20 17 16 16 17 17 17 17 15 14 16 20 19 17 18 24 29 33 38 36 28 36 38 43 40 41 36 34 32 32 32 30 32 33 29 30 29
48 46 45 35 24 21 19 19 20 22 22 22 22 21 22 26 27 22 20 22 21 21 22 21 19 23 22 19 17 16 16 17 16 16 16 16 16 16 15 14 16 18 18 19 18 16 18 16 14 15 15 18 20 18 17 18 19 18 18 15 14 15 13 16 20 19 18 21 26 28 28 31 35 37 44 43 43 45 40 39 35 29 28 32 33 32 31 31 33 33
57 55 55 50 43 38 29 22 19 21 21 21 21 20 21 25 27 21 19 21 20 20 21 19 19 22 22 19 17 16 16 17 16 15 15 16 17 17 16 15 15 17 17 18 17 15 17 15 15 15 15 17 19 18 17 19 19 18 18 15 14 15 13 16 18 18 18 21 26 28 30 34 39 38 43 40 40 43 41 42 39 33 31 33 33 31 30 30 32 32
