140 140 137 143 143 140 145 139 144 137 146 154 159 168 163 151 145 144 145 146 145 136 124 124 124 122 111 120 124 121 119 121 111 123 123 106 113 111 105 99 92 89 96 93 99 97 91 93 93 86 94 100 95 93 98 107 110 103 99 102 93 102 107 112 113 114 122 130 121 115 123 128 142 147 143 139 144 147 145 146 142 140 127 121 123 123 127 133 133 128
139 143 141 149 152 142 142 145 148 160 179 177 163 157 152 146 140 140 139 134 131 128 121 119 116 117 112 114 107 113 125 123 122 118 112 111 102 102 111 110 100 102 104 102 104 106 106 91 87 84 87 92 100 103 98 102 111 106 100 104 102 101 98 108 125 127 131 147 152 145 152 161 150 147 151 155 150 144 139 135 136 112 114 130 135 137 130 111 103 94
140 143 141 145 145 142 151 161 167 168 166 154 145 150 153 152 133 131 131 125 122 124 123 121 119 111 112 108 88 80 73 69 91 76 59 70 67 73 86 87 90 87 77 85 95 90 95 85 82 89 96 99 108 114 114 116 117 129 131 132 131 132 128 130 135 135 133 145 151 143 141 138 133 139 138 137 144 146 135 125 117 112 114 120 124 112 91 88 94 96
143 149 145 140 147 168 174 156 157 152 143 137 141 146 142 134 130 125 127 126 122 123 123 122 122 124 123 114 114 100 64 72 73 56 48 56 52 68 78 61 60 76 76 85 100 90 90 90 78 89 104 111 112 117 122 122 118 124 122 117 112 115 116 111 110 112 116 118 121 129 130 121 119 125 126 126 128 117 105 107 106 99 103 106 115 124 115 110 113 115
151 143 150 169 174 167 159 149 146 148 146 142 138 133 129 128 133 129 131 131 129 130 129 127 131 123 121 122 118 112 94 95 64 51 52 56 67 63 53 49 58 58 69 83 97 92 89 87 77 87 103 117 124 127 130 128 129 121 115 118 118 114 115 112 111 112 118 115 124 144 142 133 132 126 124 123 118 117 121 126 130 130 143 134 117 113 100 88 91 94
154 167 178 176 158 142 139 145 151 150 145 141 136 133 139 143 138 136 136 130 126 128 126 123 121 121 119 118 97 100 108 86 67 54 72 79 75 54 45 52 42 41 77 88 70 59 64 67 66 76 84 98 110 113 118 127 135 136 132 132 136 131 134 131 128 129 128 120 129 140 136 137 136 133 130 131 135 136 134 134 116 108 92 77 80 84 78 83 81 83
180 172 156 143 150 166 164 152 147 146 144 148 147 144 141 132 134 133 129 120 115 113 110 112 114 126 109 99 100 104 92 66 62 85 98 75 58 59 54 45 38 59 90 72 42 37 44 44 43 51 53 62 72 76 89 105 110 125 135 135 139 138 143 130 134 138 125 110 101 92 91 93 102 121 121 113 119 125 119 114 125 120 108 102 106 105 100 102 109 117
155 147 161 180 179 169 160 154 154 155 151 148 140 134 131 120 122 120 118 115 113 109 109 119 114 101 99 107 101 83 68 80 89 69 65 80 67 58 52 49 76 89 82 51 46 47 41 40 44 41 36 37 36 35 43 48 55 61 80 100 118 132 150 136 126 131 126 140 149 146 146 128 111 108 108 112 117 122 128 132 134 142 135 130 129 120 113 115 114 114
153 184 185 175 168 158 156 153 152 142 140 133 127 128 125 120 115 110 105 103 112 115 123 114 99 99 102 92 70 75 90 106 100 87 84 76 66 64 69 84 98 100 93 87 88 80 69 66 59 52 50 49 46 46 45 40 48 46 45 45 50 51 74 105 127 133 136 130 115 119 122 136 141 129 131 125 123 120 120 112 114 122 117 101 93 96 97 93 73 65
188 178 169 165 163 164 162 151 140 138 137 131 128 122 112 113 110 115 111 106 116 111 108 99 100 100 80 74 88 102 107 100 87 81 91 99 97 105 120 129 130 136 139 139 140 136 125 114 101 88 82 76 67 66 69 64 66 69 73 74 73 51 33 27 46 66 72 97 116 124 131 127 140 132 128 134 130 131 135 125 128 104 105 107 86 80 88 83 80 78
173 161 160 163 166 162 147 136 135 129 120 116 119 116 111 115 118 107 106 113 115 104 102 98 91 80 97 98 94 96 98 106 116 135 148 153 157 162 166 165 170 170 173 175 173 174 171 162 163 151 146 141 127 123 125 121 98 104 122 127 124 116 93 54 32 47 38 33 37 59 106 112 102 112 125 136 123 131 139 142 142 121 123 132 123 116 118 116 110 108
161 168 170 165 158 146 132 126 123 112 107 111 116 117 114 114 103 99 110 117 109 102 99 88 92 98 100 88 99 126 148 147 160 171 167 170 178 175 173 175 182 174 174 176 173 174 177 177 178 172 174 177 172 171 173 172 155 152 162 160 157 164 164 137 98 61 50 44 42 74 128 130 69 52 60 72 82 105 110 126 133 128 119 119 129 130 123 121 121 121
171 168 160 149 129 119 121 109 106 106 112 119 117 110 105 103 105 116 121 114 99 88 90 104 101 99 112 133 155 155 146 146 161 174 178 178 177 178 182 175 177 176 178 182 181 177 178 180 180 178 178 181 181 180 180 182 182 177 172 168 172 169 170 173 156 137 130 123 130 130 131 130 91 70 77 79 85 80 69 76 87 104 105 94 96 100 93 84 86 91
165 154 121 113 120 117 116 110 111 117 116 111 102 96 101 109 120 120 114 98 87 103 104 90 100 135 171 164 150 156 148 162 176 180 181 185 185 177 174 174 177 183 185 183 183 181 179 180 182 184 184 184 187 185 182 184 181 180 177 171 174 170 168 166 170 172 173 171 170 165 161 145 103 76 69 82 98 86 85 86 78 62 53 66 75 60 51 64 66 64
134 123 118 119 112 113 121 114 109 109 102 98 98 107 122 128 113 98 85 95 105 107 105 127 164 168 149 151 153 157 152 177 170 180 181 177 180 177 169 172 185 190 189 185 184 184 183 183 181 184 186 186 187 185 182 181 181 178 180 170 166 171 177 165 170 171 162 171 172 169 170 165 157 154 121 75 65 98 123 106 95 89 88 98 95 69 60 78 62 55
133 134 124 114 120 119 111 118 114 105 102 109 113 123 125 105 90 87 102 112 102 127 154 170 167 161 159 161 149 173 168 182 178 172 175 173 170 170 160 152 184 186 188 190 190 187 184 184 186 188 189 188 185 185 185 183 183 180 184 181 175 169 172 171 169 174 168 173 166 168 168 164 169 165 171 162 116 87 67 57 61 61 59 53 57 72 79 72 76 77
120 125 121 121 122 108 104 121 112 101 111 121 124 118 97 76 89 105 109 116 147 170 172 175 181 171 163 152 162 180 181 182 181 178 171 170 166 140 117 128 184 189 192 187 193 189 184 188 189 187 184 184 184 184 183 181 183 179 180 178 171 170 170 166 167 169 172 170 167 170 171 165 167 163 162 166 167 156 134 115 100 102 105 100 98 108 110 99 96 88
121 131 128 114 109 111 114 118 112 120 123 124 112 82 66 96 111 112 128 156 171 171 174 180 182 159 161 148 160 177 181 178 177 177 166 158 117 85 88 140 187 184 190 189 190 188 190 188 188 186 184 184 185 185 183 179 180 180 179 177 175 172 166 161 161 164 168 169 171 171 169 168 167 165 162 158 159 161 157 150 137 126 115 109 106 100 89 81 72 67
133 126 119 118 119 119 122 128 125 125 128 108 75 73 103 124 111 135 160 175 175 180 186 175 153 149 166 148 167 180 180 180 177 167 167 119 71 89 94 156 184 180 183 187 190 190 196 192 187 187 186 185 185 186 183 180 181 184 178 174 176 171 163 163 165 168 170 173 177 174 171 173 168 169 168 164 160 160 159 156 150 140 115 88 72 62 57 58 57 55
125 136 128 107 108 127 131 122 128 127 93 76 90 104 123 112 132 163 180 182 181 186 188 170 156 160 165 145 170 187 186 184 184 171 150 81 103 90 94 161 182 182 176 179 193 192 195 195 187 190 190 188 185 185 185 183 180 183 179 173 172 168 163 165 160 162 165 169 173 174 174 177 171 167 166 168 167 164 162 163 158 154 146 112 61 39 43 38 39 39
133 109 102 120 133 133 131 131 113 81 80 101 114 123 104 134 162 176 181 185 191 192 185 170 167 161 154 155 174 187 187 179 175 170 100 89 102 59 101 162 186 187 175 170 190 194 193 194 191 193 192 189 187 187 186 184 178 179 178 174 171 168 164 160 156 158 163 167 169 174 179 178 178 171 167 168 168 165 162 161 159 155 156 154 115 58 39 48 52 56
96 104 126 138 134 132 130 119 78 84 109 111 124 120 142 167 171 176 184 187 188 189 183 172 173 153 130 147 177 181 181 185 178 144 93 128 64 71 116 157 187 187 175 162 180 196 198 197 196 194 191 190 190 190 186 183 184 179 177 175 170 169 166 157 150 151 157 162 165 172 178 176 176 175 172 169 167 167 164 159 156 159 148 149 153 125 83 55 52 58
114 136 146 138 137 139 114 78 91 112 116 123 125 152 162 169 182 180 191 192 186 183 179 181 183 153 118 128 177 184 179 184 172 123 119 92 63 127 139 155 188 187 177 152 168 196 201 201 198 196 194 194 193 190 186 183 187 181 178 175 169 167 163 152 142 141 145 154 165 174 179 181 180 180 178 173 170 170 168 163 159 160 160 158 148 146 127 78 45 37
142 149 143 139 134 108 87 93 111 116 123 130 150 157 167 179 186 185 192 186 187 192 185 188 179 149 125 119 165 181 184 178 168 118 124 64 109 167 156 162 191 193 179 145 160 192 196 200 198 198 199 199 195 189 185 185 181 179 179 176 168 163 154 143 134 131 131 141 157 165 169 176 177 176 177 177 175 171 166 162 160 161 160 161 153 150 147 123 61 31
153 146 139 133 113 94 108 118 123 126 135 147 158 168 180 190 192 197 191 190 192 193 195 187 174 145 124 111 133 176 180 181 164 126 107 53 112 141 152 173 189 189 174 139 152 191 191 197 200 202 205 197 192 190 184 183 181 175 174 172 162 154 144 130 120 116 111 113 121 131 144 156 171 177 177 173 176 178 173 166 162 159 156 157 159 155 148 144 110 49
145 138 132 116 103 119 114 118 130 136 145 157 170 180 187 192 192 195 189 192 195 194 194 188 170 149 124 101 119 172 176 178 157 132 86 51 82 102 140 178 183 189 168 136 149 190 199 197 197 203 206 196 188 187 186 186 183 174 168 165 158 143 125 112 104 93 93 103 111 123 133 138 154 167 175 176 178 181 176 169 164 163 160 160 161 158 152 147 141 102
130 153 124 106 126 119 126 124 132 146 156 165 176 184 188 193 192 193 189 194 197 195 197 194 183 158 126 96 98 157 171 174 150 113 61 128 112 63 149 178 182 191 160 125 155 191 193 192 201 206 202 192 183 181 184 181 177 174 165 156 145 129 111 101 96 92 115 131 116 120 148 162 169 166 166 169 172 176 180 181 175 171 163 156 155 157 157 157 152 139
167 142 109 116 125 121 123 129 149 160 167 173 183 187 186 190 193 195 195 198 198 197 202 202 194 158 121 99 88 140 169 173 145 104 62 107 81 35 123 168 179 182 153 115 163 192 190 199 208 206 195 188 182 180 183 177 174 168 157 144 128 110 99 97 105 121 139 145 127 119 144 161 174 171 172 176 176 176 176 176 178 177 172 165 163 162 160 157 156 156
145 114 122 130 123 130 130 143 157 171 181 186 190 188 190 199 196 199 202 202 201 203 206 204 194 162 121 105 91 125 159 163 129 101 75 24 20 39 117 167 175 172 140 112 168 190 198 207 204 197 184 183 181 178 179 172 166 158 147 132 111 100 107 120 129 147 158 158 134 124 150 163 173 181 185 180 176 178 179 175 177 181 181 177 175 171 164 158 158 156
118 127 138 133 136 129 138 155 168 180 189 195 198 195 194 199 201 202 205 206 206 208 207 201 195 176 130 102 97 118 148 156 131 89 85 40 57 72 134 162 164 167 119 123 191 197 199 198 197 188 181 181 178 175 171 163 159 152 135 113 106 122 140 146 157 165 173 172 138 99 123 178 185 187 185 184 184 183 181 181 180 182 181 178 177 176 172 167 163 157
136 138 145 146 128 131 144 168 185 197 207 207 201 197 197 199 204 202 205 208 207 208 206 203 195 183 142 99 101 120 144 157 131 89 102 64 95 122 144 152 165 156 98 143 197 198 197 201 193 185 182 177 173 173 166 156 156 143 122 114 131 154 159 152 169 176 172 168 156 87 66 162 191 190 186 186 190 186 182 186 179 180 180 180 181 181 177 173 171 163
148 145 152 135 113 131 166 169 192 203 211 209 204 204 205 203 204 200 204 208 206 205 206 208 198 185 154 101 102 119 137 150 147 89 105 81 100 128 140 156 167 139 104 180 192 188 188 194 185 177 175 167 165 170 162 151 142 128 124 146 168 165 159 167 174 170 177 173 166 99 44 114 169 192 197 187 187 189 185 183 182 182 181 182 185 185 182 179 177 170
145 164 140 108 114 144 169 176 196 206 209 211 205 208 208 203 206 203 204 207 204 203 206 201 194 191 171 130 105 113 132 147 151 114 90 102 98 129 144 158 166 110 147 197 187 185 187 190 179 170 165 165 166 165 156 150 138 132 149 163 177 176 165 170 174 174 178 172 173 93 38 91 140 173 189 190 187 184 188 184 184 183 184 183 183 187 186 180 177 176
163 164 112 97 131 153 171 182 197 207 210 212 207 211 209 202 205 205 206 207 204 202 201 195 190 190 179 148 117 110 125 145 149 143 100 109 97 109 143 154 149 121 169 192 184 183 181 187 176 173 170 164 161 158 149 145 140 150 171 177 177 174 170 170 172 179 177 182 175 84 32 69 117 152 173 189 189 184 190 178 177 181 185 186 186 187 190 192 185 184
177 132 97 112 149 162 169 190 203 210 209 208 205 211 211 203 205 207 206 205 202 199 197 191 186 185 184 167 138 117 121 140 150 155 132 114 112 109 148 163 148 148 186 182 179 179 182 185 178 178 176 168 164 160 153 153 159 173 182 179 176 178 178 174 175 178 179 182 164 87 36 40 40 98 169 187 185 188 181 186 178 177 176 181 187 190 191 194 190 189
142 91 98 136 157 165 172 194 205 211 207 205 202 209 210 202 203 207 203 200 199 197 195 191 188 183 184 179 160 139 131 140 153 156 157 129 137 137 157 176 162 174 185 175 176 176 184 180 178 177 173 168 169 167 162 166 165 175 181 179 178 181 175 172 175 178 181 177 165 103 48 84 79 49 113 170 181 186 172 176 180 176 170 172 181 185 185 188 193 194
99 92 112 146 160 166 178 186 201 208 207 206 201 206 205 198 199 203 200 197 197 197 196 192 183 178 178 176 167 154 142 141 156 163 160 155 155 161 166 177 171 178 176 176 175 176 179 175 181 176 174 175 178 176 174 179 169 171 182 191 182 180 175 178 178 178 181 172 161 124 83 141 172 110 101 150 174 179 186 175 174 177 174 170 171 173 177 184 189 192
99 106 131 151 160 169 176 183 198 205 203 203 197 201 202 198 195 198 197 197 196 195 195 191 183 181 181 177 172 166 157 154 160 163 165 165 164 170 171 175 174 171 175 178 175 179 175 180 180 175 176 179 179 177 175 179 171 158 162 186 181 178 176 178 183 181 185 179 158 134 103 148 176 180 150 149 162 167 181 175 171 176 175 171 169 169 173 178 184 187
108 114 140 154 162 172 176 190 198 202 199 199 194 198 201 200 196 195 196 197 194 192 192 187 183 179 178 175 174 171 164 163 167 163 175 166 171 173 175 177 177 169 177 176 177 180 180 185 185 180 181 181 179 179 176 173 169 150 123 159 181 181 177 175 180 183 178 175 159 136 109 171 194 183 167 158 157 160 170 178 176 173 171 171 170 168 169 170 174 178
108 136 148 159 170 172 181 192 194 198 198 201 196 198 200 198 198 195 195 196 191 189 190 184 185 176 173 175 177 174 168 167 172 174 177 173 172 175 178 177 177 172 177 173 181 179 187 181 186 179 179 176 173 177 174 165 165 147 85 120 167 174 176 182 184 186 182 174 156 143 106 151 195 185 181 171 164 167 170 177 178 171 170 171 167 163 164 166 170 176
119 134 151 164 166 170 184 192 194 196 195 193 194 195 191 188 187 191 189 185 186 186 184 181 182 180 184 182 178 176 172 175 182 182 178 174 175 176 177 179 180 176 178 179 178 180 182 179 181 174 172 175 173 170 171 168 163 152 91 86 146 174 175 178 180 185 185 175 163 141 102 116 168 185 171 138 164 159 175 176 175 175 165 165 167 162 166 168 174 176
120 137 153 165 170 175 184 188 191 191 188 185 187 188 186 185 184 186 184 179 179 180 179 178 179 178 182 180 176 175 172 175 191 187 187 187 183 178 179 181 178 176 176 177 176 177 178 175 173 174 175 177 178 181 179 170 158 162 135 104 131 171 174 175 182 191 188 171 158 145 113 129 191 192 180 161 190 163 173 184 179 176 165 162 164 162 166 170 177 179
121 142 157 166 173 178 182 184 188 187 184 183 186 186 185 185 183 185 183 180 180 180 180 182 181 181 183 179 175 176 178 182 187 185 191 195 188 183 183 182 181 179 177 177 179 179 179 178 179 179 179 182 193 204 194 174 169 161 157 137 140 166 171 175 179 188 189 174 158 149 113 110 161 185 196 182 199 163 179 195 182 177 167 158 159 161 164 174 181 183
124 148 161 166 172 176 180 182 186 186 185 187 190 188 186 186 181 183 184 183 182 182 182 184 180 180 181 177 174 174 178 182 183 188 196 199 196 194 193 188 185 183 178 177 182 184 183 183 177 177 179 181 191 200 190 173 172 161 148 137 134 153 172 169 169 180 190 178 154 147 119 110 160 192 200 181 179 158 182 196 182 177 169 155 154 161 164 179 185 187
131 153 163 165 172 178 182 184 185 186 187 189 191 188 184 185 183 184 186 186 184 184 184 184 177 178 178 177 173 171 174 176 180 186 190 190 191 190 187 185 184 181 176 176 182 184 182 182 176 172 175 179 186 189 178 170 161 158 142 131 124 133 156 157 160 174 185 175 153 147 123 118 186 206 204 199 178 162 185 200 184 176 166 150 153 163 167 183 190 192
140 155 162 167 174 181 186 186 186 188 188 189 189 186 184 185 189 189 190 188 186 186 186 184 179 176 172 171 168 166 171 174 173 174 173 175 177 176 175 178 176 175 173 174 177 178 177 176 177 170 173 178 185 184 172 167 159 149 141 139 131 122 131 145 153 172 179 171 155 144 115 113 180 201 197 198 160 151 179 197 185 176 161 145 154 167 171 184 190 192
144 155 163 170 176 181 186 185 186 188 189 188 188 186 185 187 189 189 189 187 185 186 184 178 178 172 165 166 163 160 165 169 170 169 168 170 170 170 171 172 166 165 167 168 167 168 171 171 168 168 174 172 173 173 165 166 157 144 139 136 132 128 125 130 142 168 181 171 148 135 113 114 165 198 200 195 154 153 181 187 181 174 158 146 156 169 172 182 187 189
144 154 164 173 176 178 183 182 182 186 188 187 187 186 186 188 186 187 189 188 186 186 183 174 176 171 166 170 168 161 164 165 165 166 168 166 162 164 165 160 158 157 161 161 157 160 167 169 169 169 172 166 169 174 166 163 149 141 138 139 138 136 131 122 136 158 178 172 144 133 111 101 129 177 192 186 151 149 179 182 174 173 159 149 158 167 171 179 186 188
142 155 164 172 178 179 182 183 184 185 185 183 182 184 186 187 188 187 186 187 185 181 182 180 177 170 166 167 160 161 158 159 163 158 162 159 156 155 151 145 151 143 143 146 145 149 157 160 162 165 159 164 166 159 163 169 151 136 141 137 138 145 130 120 130 154 172 167 135 127 108 120 163 202 201 186 140 146 169 174 178 170 158 147 153 166 172 177 180 186
143 155 164 171 177 178 180 181 184 184 182 181 181 183 184 184 186 185 184 185 184 180 180 177 177 171 166 164 154 152 150 152 161 157 156 158 150 151 141 138 139 137 135 137 142 146 149 150 156 157 154 154 152 155 163 158 143 140 138 136 142 143 129 124 125 147 164 152 130 128 111 127 177 198 198 192 153 154 171 176 177 171 153 142 151 159 164 171 178 183
148 159 166 172 178 178 181 182 184 182 180 180 181 183 183 182 183 183 182 183 183 181 179 175 170 166 162 162 152 146 144 150 157 155 148 153 145 150 136 132 137 138 135 134 139 144 144 144 144 145 145 146 144 150 156 146 143 135 128 134 143 140 134 133 121 134 153 141 131 125 117 148 182 190 191 182 146 155 168 166 167 167 146 141 155 158 161 168 177 181
153 163 168 174 179 179 181 182 179 178 178 177 178 179 179 179 180 182 180 182 183 181 180 175 174 168 157 153 141 136 140 151 157 157 148 146 138 142 137 137 136 138 137 136 140 143 143 143 140 140 139 143 145 145 148 147 148 113 107 129 138 140 139 130 119 130 143 135 136 120 118 147 189 193 195 175 138 150 164 168 162 162 142 143 159 160 164 169 178 179
156 165 169 174 178 178 179 180 178 179 179 179 178 177 177 178 176 179 178 180 182 181 179 176 171 173 156 141 128 128 136 145 148 147 142 133 122 118 130 142 136 136 138 141 144 145 146 145 144 141 138 140 141 140 145 151 146 103 109 133 134 139 142 133 120 134 138 132 136 116 120 135 159 184 183 147 131 158 165 163 165 161 142 144 157 159 165 169 175 174
159 167 171 175 179 179 179 179 178 179 179 178 176 174 174 175 173 176 175 177 180 178 177 177 170 175 150 126 115 125 137 140 143 129 118 109 106 110 132 146 150 145 142 142 142 144 145 145 145 140 139 138 134 137 143 145 143 110 113 126 127 136 139 133 126 138 138 140 136 113 133 158 165 174 148 118 134 165 160 160 162 156 144 147 155 157 164 167 169 167
161 169 172 176 180 179 179 179 176 174 173 172 171 170 169 168 171 174 172 175 178 174 175 177 176 167 129 108 109 124 135 136 126 125 118 109 100 118 145 154 163 162 153 144 140 140 141 143 143 140 137 134 135 139 140 141 152 125 112 121 132 140 140 130 131 139 142 145 132 114 139 166 177 166 134 113 134 161 156 153 157 154 150 151 155 157 161 167 166 163
160 168 171 175 178 178 178 177 177 173 170 171 172 172 171 169 171 173 171 174 176 172 173 177 165 145 106 103 118 130 131 129 136 134 111 95 89 131 159 156 168 176 169 154 148 144 143 147 146 145 134 129 139 143 140 148 147 131 117 127 133 131 136 132 131 143 144 137 123 119 128 130 137 126 131 143 149 156 157 158 160 158 155 151 152 155 159 169 166 163
160 162 167 170 172 174 176 175 174 173 170 167 166 166 167 169 168 171 171 175 175 176 175 174 156 118 89 103 121 134 131 141 142 117 79 97 84 155 173 154 159 177 170 170 160 162 159 156 154 149 139 133 130 134 138 126 113 107 116 129 129 131 133 129 138 147 145 141 119 133 140 152 168 149 117 131 149 152 154 157 158 159 161 158 158 152 158 165 165 165
162 165 170 171 171 172 174 173 171 170 168 167 167 167 167 168 170 170 169 171 175 167 169 158 131 105 90 106 122 132 137 146 124 73 100 96 99 162 171 160 155 177 176 179 173 171 168 167 168 165 153 141 132 124 116 106 100 106 115 126 132 133 134 136 143 149 141 128 120 150 165 168 169 155 90 113 159 145 154 158 161 162 164 160 160 154 157 161 160 160
161 166 170 171 170 170 172 172 168 168 167 166 167 167 167 167 169 169 168 170 176 161 165 145 109 95 94 108 124 135 148 141 88 88 118 90 142 167 173 164 148 175 180 183 180 175 173 173 169 170 164 152 144 130 114 111 110 116 120 126 131 130 132 141 141 144 144 124 120 143 148 145 136 99 79 131 147 150 158 162 163 164 166 163 164 158 158 160 160 160
159 164 168 168 168 170 171 171 166 167 166 166 167 168 167 167 167 168 170 171 174 162 156 132 101 90 95 109 126 143 154 120 85 107 106 138 165 166 176 166 140 168 180 179 180 176 177 178 172 171 170 162 156 142 123 122 120 119 123 130 133 133 137 144 143 139 143 122 122 136 144 147 129 73 80 138 142 154 159 160 164 164 166 165 167 162 161 161 164 164
160 164 166 166 168 170 170 170 166 167 166 165 167 168 167 167 169 169 171 170 168 164 141 115 101 87 98 119 138 154 156 105 93 98 133 195 173 165 179 174 135 156 179 176 181 181 184 184 180 175 175 169 161 148 127 119 125 125 125 128 134 140 144 148 149 147 134 115 122 133 147 136 96 59 103 133 154 162 162 164 165 164 165 163 167 163 162 161 163 163
160 165 166 165 167 168 166 165 166 167 165 164 165 167 167 167 169 168 169 167 164 161 128 104 96 87 106 135 152 162 151 102 89 106 154 166 167 162 173 174 139 145 180 178 182 184 185 185 183 176 176 173 164 153 136 120 121 133 135 134 144 149 144 142 151 160 133 107 108 111 112 71 38 66 142 153 155 155 154 162 165 164 163 160 163 161 161 160 165 165
155 162 164 163 165 165 162 161 164 166 164 162 163 165 166 166 168 168 168 163 161 144 116 96 92 99 122 149 160 166 141 102 96 133 114 104 149 167 172 177 146 132 177 178 182 182 182 182 184 180 176 173 166 159 148 130 121 133 137 137 144 149 149 149 153 162 138 89 70 74 67 38 57 120 143 154 162 156 159 154 162 161 160 156 161 161 163 163 170 170
147 156 160 160 162 162 159 159 163 164 163 161 162 164 165 166 167 169 169 160 156 123 103 87 97 120 143 161 167 173 140 105 78 145 83 61 141 164 169 176 150 122 173 178 182 182 181 185 182 182 174 171 167 164 159 142 122 126 136 142 140 142 149 153 158 155 142 68 25 36 31 41 102 150 158 154 162 158 165 157 158 158 158 155 161 162 167 168 167 167
148 155 155 156 163 165 162 161 165 162 162 161 160 163 165 163 164 163 162 159 154 121 101 86 108 139 157 165 172 172 145 93 68 37 28 26 102 162 172 172 153 118 172 181 180 182 181 181 179 176 176 173 167 168 165 152 137 125 128 137 135 137 147 154 157 156 144 73 33 35 39 90 141 153 160 159 156 156 155 153 154 156 155 157 162 164 164 166 165 162
146 151 154 156 159 161 161 161 163 161 161 163 163 162 163 164 161 162 161 154 149 125 107 88 109 144 163 169 171 165 136 87 62 41 36 48 110 155 171 173 159 117 168 181 182 180 177 179 180 172 171 173 169 165 162 157 148 129 124 131 131 131 140 148 148 150 143 80 29 37 80 141 151 154 156 157 155 151 152 157 155 157 157 158 161 161 159 160 161 158
143 146 151 153 152 153 157 159 161 159 160 164 166 161 159 164 163 161 156 145 133 118 108 93 113 149 167 171 170 160 133 90 64 48 109 135 126 144 168 166 162 117 165 180 181 178 174 176 179 171 168 170 169 164 160 160 152 136 125 126 127 126 132 140 137 133 135 93 41 66 125 148 154 152 152 154 154 151 152 157 158 160 161 161 161 159 157 158 157 154
142 144 147 150 149 149 152 155 157 158 158 162 166 161 157 160 163 158 154 143 126 116 116 111 121 152 165 168 168 161 140 104 75 61 118 126 126 148 163 161 159 117 166 177 175 175 176 173 173 173 169 166 166 165 161 160 151 144 133 125 123 124 128 134 137 136 130 113 100 117 141 142 146 150 151 151 154 156 156 154 159 160 161 161 160 158 158 159 156 154
140 143 144 147 151 150 149 154 153 156 156 157 162 162 158 158 161 158 155 144 123 117 117 116 133 155 161 164 166 162 145 113 68 80 137 125 133 152 163 164 156 119 167 176 171 173 176 169 167 172 170 164 164 164 161 159 153 149 140 129 123 121 124 129 130 136 127 112 118 137 145 143 145 151 153 151 155 161 160 155 157 157 159 159 157 156 156 157 157 156
132 137 138 142 149 149 147 151 150 154 154 153 158 162 160 157 159 158 153 136 114 113 113 111 140 156 160 163 163 158 144 113 88 68 149 148 129 149 162 162 151 122 169 175 171 171 172 167 164 167 167 165 164 162 160 160 154 150 144 139 131 122 118 121 130 130 139 144 143 146 150 153 155 158 157 155 158 162 162 160 149 150 154 158 159 160 161 161 158 156
126 131 135 139 144 145 145 148 148 151 152 151 153 158 159 157 157 158 152 135 113 115 115 118 135 150 159 164 160 155 144 115 115 64 95 113 120 155 161 165 137 127 175 173 171 169 168 168 162 162 164 166 165 163 162 162 155 151 149 146 136 126 121 121 125 139 144 149 155 155 155 157 164 165 163 161 162 164 164 163 159 157 158 161 159 157 156 155 155 154
124 129 136 140 141 143 146 147 148 149 151 151 150 154 157 155 157 158 155 143 118 114 112 122 126 142 156 165 159 154 147 120 116 102 61 84 120 152 165 168 122 132 182 170 168 168 166 169 161 161 163 165 165 166 166 163 156 155 152 145 133 129 130 129 131 139 143 150 152 158 170 164 164 168 169 166 166 168 167 164 162 158 158 159 157 156 156 154 151 151
116 122 130 135 139 142 145 149 149 149 149 152 152 151 155 155 156 155 155 144 123 105 113 117 124 140 152 159 157 154 146 125 104 125 80 57 117 151 161 155 119 150 172 168 163 167 165 162 158 163 165 163 162 165 167 167 158 157 152 146 141 136 131 130 137 144 152 158 162 165 167 168 167 169 170 170 169 165 162 161 158 158 157 155 155 155 153 151 149 149
117 116 124 129 134 142 144 145 146 147 149 153 153 153 157 157 152 152 152 146 129 107 111 118 127 138 150 156 154 152 146 133 100 110 107 63 99 151 163 132 126 156 169 166 163 161 162 161 158 162 162 160 160 163 166 168 163 161 155 148 143 137 132 131 136 144 154 160 162 163 165 166 165 166 166 166 165 161 157 156 158 157 155 152 152 154 154 152 149 148
106 110 118 122 128 134 136 144 145 148 149 152 151 150 152 152 151 151 150 145 133 109 110 123 120 130 147 155 155 154 148 142 130 103 94 77 107 153 142 136 140 164 165 164 165 159 161 160 158 160 161 160 161 163 165 168 166 163 157 150 144 139 135 134 136 145 156 161 161 161 163 165 164 163 162 162 161 158 154 153 154 153 151 150 153 156 153 148 148 146
102 102 108 117 121 124 135 141 145 148 147 149 149 147 149 148 150 153 151 146 139 115 110 122 116 123 141 149 152 155 150 149 137 129 119 96 126 142 129 139 154 166 162 163 165 159 158 158 155 157 159 161 163 163 163 165 163 161 157 151 145 141 140 140 139 147 156 160 160 160 162 164 161 161 160 159 158 155 152 152 150 154 155 153 153 153 151 147 139 136
109 97 94 108 110 116 136 133 142 145 145 147 149 149 151 152 148 152 152 148 148 129 116 118 113 121 138 146 151 156 149 145 149 147 136 113 125 136 138 152 161 162 163 162 160 157 153 154 152 154 156 159 161 161 160 161 158 157 156 152 146 144 144 145 143 149 156 159 159 159 159 160 157 158 158 157 155 152 151 151 153 151 148 148 151 153 149 141 131 128
104 103 90 91 95 100 118 127 136 142 144 147 150 150 153 155 151 149 149 147 152 142 129 124 120 123 131 136 144 152 152 152 146 150 145 126 122 148 150 159 163 161 165 162 156 153 151 153 154 154 154 156 159 159 159 160 156 155 156 153 148 146 147 147 147 151 156 158 159 158 156 154 156 157 158 157 155 152 152 153 155 154 152 151 150 145 137 129 129 126
94 107 98 81 82 87 95 114 123 133 139 144 147 147 151 154 153 146 149 148 151 148 142 138 128 128 128 135 142 147 151 152 148 148 150 132 137 151 157 158 160 162 161 159 156 152 153 154 154 154 153 153 156 158 158 158 157 155 155 154 150 149 150 148 150 152 154 155 156 156 155 153 156 157 158 157 156 154 153 154 151 151 152 152 148 138 126 119 117 115
94 101 107 85 75 87 89 94 106 121 131 138 143 144 149 154 150 143 152 152 151 148 148 147 141 136 129 135 139 139 146 150 147 149 144 146 143 156 163 161 156 162 153 154 156 152 155 153 151 152 151 150 153 156 155 154 158 154 153 153 151 151 151 148 151 151 151 151 152 154 156 156 154 155 155 156 156 153 152 152 151 153 153 146 129 111 100 98 96 94
100 93 109 108 84 76 81 86 93 101 122 130 133 142 147 149 149 151 150 149 150 149 148 148 146 144 143 138 133 137 145 146 149 148 147 149 152 154 156 158 158 155 152 152 153 154 153 153 150 153 151 150 154 156 155 155 158 156 153 156 153 150 153 150 156 152 152 153 153 154 156 154 154 150 156 153 157 151 151 151 148 155 147 118 94 90 93 92 90 94
103 102 98 115 115 82 69 81 86 97 99 111 127 131 137 143 150 147 145 149 154 151 146 145 145 145 147 147 143 141 143 142 146 146 147 149 151 152 152 152 151 149 149 151 153 154 153 152 153 157 156 154 156 157 156 156 158 156 156 159 156 152 155 152 152 155 156 155 154 155 155 155 150 153 157 150 154 151 152 154 158 143 114 87 82 95 99 91 101 112
109 106 103 96 108 113 82 56 72 83 90 104 114 118 126 129 122 133 142 146 147 146 145 145 146 144 143 144 146 145 145 147 150 150 150 152 153 153 154 154 150 150 150 151 152 151 151 150 152 157 157 156 156 155 154 155 159 157 156 157 153 151 154 154 158 158 152 149 153 154 153 155 157 150 155 152 151 153 156 149 123 97 83 93 104 103 100 102 118 112
99 105 109 105 99 113 119 91 59 69 81 88 99 106 108 122 118 115 118 131 143 144 142 145 144 144 141 141 145 145 142 141 147 148 149 150 151 150 150 150 151 150 149 149 149 148 149 150 153 157 158 157 157 157 157 157 156 155 156 156 154 153 157 159 159 156 152 152 154 152 150 152 152 152 156 150 149 155 147 125 106 107 114 117 110 104 111 124 112 95
106 105 103 111 105 97 108 116 81 72 75 77 81 93 97 98 112 112 110 110 118 127 133 135 136 141 141 140 144 148 147 147 145 148 150 151 151 150 148 147 147 147 147 147 148 149 151 153 153 154 155 155 155 156 156 156 152 153 155 155 154 153 154 156 151 152 155 156 151 149 149 148 152 156 152 151 149 128 100 97 108 113 117 118 122 125 117 103 93 94
120 114 106 104 111 107 101 111 111 95 66 62 79 83 86 89 93 101 108 109 104 100 108 120 129 137 142 143 142 145 147 149 146 148 148 148 147 147 147 148 147 147 149 150 151 151 152 153 152 151 151 151 151 151 152 151 153 152 153 151 151 152 153 156 152 151 152 151 151 156 158 152 150 144 126 109 91 79 75 92 113 120 130 133 126 112 101 97 102 104
117 126 115 116 112 103 112 109 111 116 100 73 57 66 84 82 84 90 94 96 102 104 99 93 101 109 122 133 135 136 139 140 145 146 147 146 146 148 150 151 149 150 151 152 152 151 150 151 153 151 151 151 150 150 150 150 152 151 152 150 151 153 151 154 155 152 151 150 146 137 125 115 98 77 71 80 77 91 107 120 131 132 129 117 102 95 100 108 97 82
119 119 118 121 121 119 116 108 108 104 116 110 83 66 69 83 82 84 82 82 89 94 93 90 82 82 94 109 115 119 125 129 130 134 140 143 144 144 144 144 148 148 149 150 150 149 149 150 149 148 148 149 147 147 148 149 152 152 154 151 148 143 133 131 127 117 104 93 78 61 58 69 91 99 118 133 125 137 142 141 127 118 105 96 96 102 103 99 79 59
122 120 117 108 112 123 120 117 109 104 107 114 118 93 62 65 81 82 84 81 79 82 83 80 82 76 77 90 100 104 97 107 111 113 116 127 134 136 139 140 144 145 146 143 143 146 145 146 143 145 145 148 151 152 155 155 159 154 155 151 108 75 77 65 56 52 53 61 61 78 102 121 133 139 143 144 144 144 142 139 113 86 90 101 107 108 90 78 63 61
131 125 123 116 111 109 107 114 120 116 110 103 111 123 104 74 62 74 83 81 77 79 78 72 69 68 67 70 77 86 78 81 91 94 99 110 118 121 125 124 129 131 135 136 141 149 152 155 164 168 167 168 167 164 162 158 152 154 156 149 110 90 98 82 83 97 115 128 128 139 144 143 138 140 146 146 131 109 99 100 105 87 100 112 106 94 76 70 72 79
