118 91 65 46 35 35 36 28 32 35 36 37 38 40 39 39 37 36 37 38 38 37 36 35 41 41 40 39 39 39 39 39 36 37 39 31 28 36 48 65 83 86 90 85 89 81 58 58 72 85 100 110 111 112 116 115 110 102 99 94 86 67 51 62 75 89 100 109 116 122 123 116 120 126 130 126 128 126 129 129 128 123 124 127 126 126 127 125 125 124
47 34 30 34 36 38 39 36 35 37 38 37 37 38 38 37 36 35 37 38 38 38 39 39 38 37 35 34 34 35 35 37 42 37 36 40 49 52 42 34 32 37 41 35 35 35 33 45 44 44 42 44 47 56 72 81 81 93 97 92 110 128 115 101 95 86 71 70 86 104 114 114 116 117 121 121 127 126 128 129 123 124 127 125 122 124 126 123 125 124
30 32 37 40 38 35 36 38 37 39 38 37 37 37 36 36 37 36 37 38 37 38 40 41 39 39 37 36 36 36 36 37 38 39 37 38 40 42 43 42 40 42 40 38 36 35 33 35 38 35 32 35 37 35 38 40 40 46 50 48 55 64 70 85 101 94 90 93 91 89 97 101 121 126 127 116 114 113 118 120 122 121 122 122 121 124 126 123 128 129
36 39 37 34 36 38 37 35 37 38 38 36 36 37 36 36 38 38 38 38 36 37 39 40 38 39 38 37 37 36 35 35 34 38 35 38 40 39 41 37 35 37 35 37 36 34 38 34 36 38 37 38 35 31 36 41 35 39 38 33 39 44 35 30 39 33 37 50 59 70 75 63 58 82 104 106 106 105 111 115 117 116 121 127 124 118 119 123 118 124
40 43 39 34 37 39 37 35 35 37 37 36 36 36 35 35 37 37 38 37 36 36 37 37 36 37 37 37 37 36 35 35 34 40 38 39 38 36 39 37 36 37 36 41 41 41 47 41 36 40 39 39 39 36 35 32 33 39 40 39 45 50 50 51 50 51 58 65 57 49 60 73 60 68 85 98 108 101 95 91 86 85 88 88 77 67 73 87 96 106
36 38 39 38 35 33 34 39 36 37 37 36 36 35 34 34 35 36 37 36 35 36 37 37 37 37 37 36 37 38 39 40 37 40 38 37 37 37 39 38 40 42 43 46 45 43 44 37 40 43 38 35 35 36 38 38 35 38 38 36 39 41 38 38 50 66 74 84 91 83 82 92 85 87 83 73 81 91 97 93 89 84 77 69 61 56 59 66 74 88
37 34 34 36 36 35 35 36 36 37 36 36 36 35 35 35 35 35 36 36 36 37 38 38 37 37 36 35 36 36 37 38 42 41 40 34 35 40 42 46 49 50 51 47 41 37 37 34 41 41 35 37 42 42 39 37 35 38 37 36 35 34 39 47 54 63 64 76 98 99 90 89 73 73 81 89 94 80 72 71 72 67 59 54 54 54 48 42 61 77
35 37 39 38 35 36 37 35 36 36 36 36 36 36 36 37 35 35 36 36 36 38 39 38 38 38 37 36 36 36 35 35 36 36 39 36 40 50 54 60 59 55 52 52 55 55 47 38 34 33 29 32 38 36 38 41 42 43 40 38 38 35 36 38 46 63 68 69 83 98 99 88 83 85 85 76 70 58 54 53 55 53 46 42 44 46 46 45 61 76
36 38 35 36 36 34 37 36 37 34 38 35 37 34 40 37 36 36 33 41 37 40 36 35 35 37 35 36 32 36 34 41 37 33 36 35 45 59 59 65 62 56 49 58 69 78 84 75 76 82 76 78 63 36 32 33 38 41 41 44 41 41 38 39 34 44 54 72 75 68 70 66 81 83 64 42 36 43 49 42 44 46 46 43 43 44 42 40 48 49
36 37 34 35 36 34 37 36 39 36 38 35 37 34 40 37 33 33 38 33 39 33 36 33 40 35 31 28 39 36 31 22 24 24 21 42 76 88 92 105 114 108 105 93 99 93 81 119 140 144 156 157 129 90 60 40 37 35 34 40 40 41 37 35 40 41 35 41 51 52 50 46 48 50 48 54 48 38 42 41 35 38 40 40 41 40 38 35 43 42
37 37 34 35 36 35 37 37 38 36 36 35 35 32 37 34 34 34 39 33 34 39 31 37 27 26 38 40 44 51 74 91 98 100 117 145 159 161 167 172 172 169 171 162 155 154 143 135 123 112 108 101 100 96 75 66 68 51 36 36 36 43 43 41 38 38 37 36 35 40 43 41 44 41 43 47 43 41 42 36 38 38 37 37 38 39 40 41 37 36
39 37 35 36 37 37 38 39 36 37 35 36 36 33 37 34 39 42 30 40 28 30 36 44 53 67 100 98 106 144 144 172 174 165 181 182 167 170 171 167 166 170 167 172 164 161 171 158 162 160 158 142 135 129 109 107 113 94 68 45 21 20 28 33 35 42 42 37 41 41 38 45 46 42 53 50 41 42 41 46 41 39 38 38 37 35 34 34 37 35
39 36 35 36 37 38 38 39 34 38 35 39 37 35 38 36 35 30 40 50 53 75 83 110 147 169 143 104 112 147 150 156 164 169 180 173 169 176 175 178 181 176 174 176 176 172 171 176 174 173 177 176 173 177 174 164 159 152 145 136 115 98 75 53 33 24 25 32 39 50 53 52 53 53 56 53 50 49 44 39 37 35 34 35 36 36 36 37 34 33
39 36 36 36 37 37 36 39 37 42 35 38 33 30 34 33 41 53 74 93 103 141 134 122 129 103 52 56 104 133 164 161 164 173 173 173 178 179 179 180 184 180 183 179 177 183 181 178 177 178 174 173 173 172 173 168 171 167 162 162 158 165 164 158 148 126 92 60 40 32 35 42 61 65 57 55 50 48 57 54 46 42 38 36 35 34 35 36 32 31
39 36 37 37 37 37 36 39 31 38 30 38 37 41 52 56 87 98 102 109 109 91 48 58 48 28 37 57 98 134 159 171 174 176 181 186 181 177 183 185 181 187 182 186 190 185 186 184 183 186 179 177 178 172 171 174 166 166 163 162 155 156 159 163 160 165 174 172 141 107 83 55 34 39 61 83 73 49 42 44 44 43 41 41 40 38 35 33 36 35
40 36 38 38 37 38 35 39 37 45 36 45 46 55 70 78 78 54 46 53 53 27 44 36 40 37 38 84 134 164 173 182 178 169 176 179 181 187 186 191 189 189 187 190 187 182 186 187 186 181 183 187 183 179 180 180 176 170 161 162 158 156 155 161 166 160 155 163 164 165 165 142 112 60 43 44 56 69 55 49 46 45 43 41 41 41 40 38 37 36
41 34 42 37 36 38 31 43 45 57 48 51 49 57 47 46 42 35 34 41 41 35 34 37 36 38 69 125 164 171 181 178 170 164 164 171 177 189 183 186 187 190 187 190 191 191 185 182 182 185 186 184 183 183 184 183 177 175 172 167 159 154 153 151 156 161 164 163 162 163 159 153 158 153 123 78 31 29 59 53 47 37 43 33 41 41 42 35 38 39
40 40 44 37 35 36 31 40 48 56 49 44 37 39 36 39 38 37 36 39 40 39 40 42 35 47 113 166 177 178 176 172 160 161 154 141 172 184 178 181 183 190 190 193 192 194 189 185 186 189 190 188 186 185 185 183 181 177 173 170 165 160 156 151 148 152 156 157 157 159 163 165 156 150 161 145 116 73 30 42 48 46 37 47 38 39 41 40 34 35
37 41 39 33 36 41 40 45 47 45 39 35 35 37 36 36 38 41 41 38 38 38 36 35 50 82 144 175 172 175 170 177 162 146 120 114 165 175 177 183 179 188 191 192 190 196 194 191 191 193 194 191 189 188 186 184 181 177 173 170 165 162 157 152 153 154 154 154 153 154 160 166 164 163 153 156 148 141 121 53 28 34 37 44 42 42 35 38 38 38
41 45 37 34 41 43 41 40 41 35 33 31 38 41 38 31 33 41 44 39 36 37 39 47 63 115 156 173 177 179 173 178 147 99 69 114 170 178 179 176 179 186 190 188 186 198 199 197 194 196 196 194 191 190 188 185 183 180 176 172 166 163 160 156 158 157 154 153 153 155 156 157 169 164 160 155 151 148 142 135 90 38 30 35 33 39 41 35 36 37
44 46 38 39 45 41 36 33 35 35 40 35 37 39 38 36 39 41 40 36 39 42 47 61 87 133 159 170 178 182 180 174 106 51 55 122 165 172 174 175 178 183 189 190 189 202 203 201 200 200 199 196 193 191 188 186 183 180 178 173 168 164 160 156 150 151 151 152 155 159 157 153 150 159 165 160 154 152 147 141 146 126 63 31 31 34 37 36 33 34
43 42 37 39 41 39 38 39 38 38 40 36 35 38 35 38 36 35 35 35 42 47 54 76 102 135 155 167 183 183 178 157 57 29 71 115 146 165 170 177 175 177 188 196 196 207 205 204 206 205 203 199 196 193 189 186 182 179 176 173 169 165 158 151 146 149 151 151 154 158 156 152 146 152 159 165 163 158 156 150 141 142 140 91 43 24 31 37 39 41
49 43 40 37 36 37 38 40 40 37 34 37 38 42 33 41 45 45 45 41 46 51 61 90 111 132 150 171 190 185 183 122 26 42 96 125 143 177 175 168 172 169 184 198 198 207 206 208 209 208 205 202 199 195 190 186 184 181 178 174 170 165 158 151 147 147 146 147 150 153 154 153 152 151 148 156 157 153 157 152 150 146 142 139 114 48 28 26 36 40
50 43 43 40 38 40 38 35 33 33 34 47 49 54 44 60 68 54 42 40 58 73 81 103 123 130 151 184 190 180 185 69 28 84 135 161 148 182 181 170 170 163 178 194 195 203 205 212 210 208 206 204 200 196 191 187 182 180 177 171 164 160 156 151 143 138 136 140 146 152 155 158 156 155 152 153 157 158 157 159 153 147 151 140 138 136 62 37 25 30
50 39 40 44 35 34 33 36 36 40 45 57 60 69 83 79 61 46 39 60 74 88 108 121 126 119 145 184 194 190 172 40 50 158 196 182 156 186 185 168 165 160 176 189 196 201 207 208 208 207 201 201 202 197 193 188 182 178 176 171 162 158 153 144 137 127 125 126 139 148 151 156 164 165 156 150 154 161 166 162 158 159 147 154 144 136 142 84 38 35
43 40 39 39 41 39 41 37 34 38 49 73 98 98 74 57 48 46 53 70 87 113 125 123 114 110 154 192 198 189 145 24 99 215 198 211 179 171 193 169 161 156 171 192 192 200 206 203 204 203 200 201 200 196 193 188 185 177 170 167 160 150 143 141 128 121 110 102 123 149 159 163 163 162 167 169 160 156 161 163 163 158 161 152 148 142 138 143 102 44
49 41 44 35 36 31 31 30 55 95 120 116 99 77 57 44 45 49 66 83 111 146 146 119 102 99 153 191 195 194 136 28 135 116 83 98 170 174 191 166 155 151 166 193 190 198 201 199 200 199 198 199 196 192 190 183 179 173 164 159 152 139 130 131 119 104 101 112 138 161 165 165 165 167 166 162 165 167 165 168 170 164 168 160 159 153 141 138 140 103
42 44 40 35 36 40 66 94 128 141 111 92 82 58 48 44 53 61 80 102 132 163 160 118 99 95 150 192 188 192 147 39 66 90 35 26 64 177 190 164 150 142 167 190 194 197 193 197 197 194 194 195 190 186 184 174 168 167 159 148 139 130 122 119 108 95 110 135 145 154 155 156 162 164 163 161 169 171 165 169 173 173 174 172 167 161 160 138 143 139
50 39 27 45 51 101 144 127 125 120 93 76 58 43 51 50 63 82 102 123 147 167 172 124 110 95 131 189 188 186 151 23 74 231 68 33 52 179 184 165 140 128 173 191 197 195 190 192 191 188 188 191 187 183 179 168 159 155 145 132 125 124 120 114 112 125 147 154 139 138 141 153 158 161 168 165 160 166 171 171 175 174 178 176 177 172 169 168 148 142
35 36 53 100 120 129 108 116 112 96 71 50 47 52 56 65 81 105 121 139 163 178 184 130 114 98 113 174 184 180 168 47 30 86 41 39 43 147 181 159 125 119 178 193 196 192 191 186 186 185 185 187 185 180 173 162 150 139 127 120 120 124 125 123 140 160 166 160 143 131 127 158 168 163 160 168 172 167 168 173 173 172 178 178 182 178 173 172 170 154
32 61 120 128 102 124 115 116 96 64 53 49 49 60 72 88 108 125 136 150 175 188 189 134 109 109 115 158 179 172 167 65 37 31 26 33 46 149 163 142 111 127 181 192 190 188 191 184 185 187 186 185 181 171 159 147 137 131 125 127 135 140 143 149 168 178 171 171 152 108 68 96 148 172 164 161 175 175 172 172 171 175 178 179 178 176 184 176 174 168
94 130 131 110 113 130 109 82 65 54 50 49 51 66 91 111 126 138 149 157 179 186 185 139 109 132 134 147 169 166 173 98 14 40 86 75 57 158 160 124 103 141 182 189 186 185 188 185 188 192 188 184 176 161 145 133 128 133 136 143 156 160 164 174 177 185 177 178 152 87 22 34 88 156 178 173 174 176 182 176 175 172 174 175 180 178 179 182 179 177
133 113 119 114 119 107 85 59 50 49 54 65 75 96 113 127 135 144 150 164 178 187 181 152 118 143 143 146 162 168 157 135 33 40 87 50 89 163 152 113 105 154 185 186 191 184 188 183 191 193 192 185 170 155 144 141 141 151 161 169 177 172 167 178 181 182 172 177 151 58 32 30 19 67 156 186 168 174 184 180 178 178 176 175 177 179 180 181 178 180
103 103 109 93 123 91 64 50 52 56 60 78 101 121 127 136 140 153 162 172 176 178 180 168 137 132 141 156 160 157 154 153 82 66 87 109 129 151 141 103 118 171 195 189 187 183 189 193 198 196 192 178 162 159 157 147 149 151 171 175 173 177 177 176 172 182 181 175 141 56 33 42 29 13 56 144 174 172 171 180 182 182 181 178 174 174 178 180 182 184
94 100 112 101 97 65 52 43 63 73 81 99 118 132 135 142 157 163 164 173 181 181 180 172 146 132 137 145 159 167 156 158 133 70 76 114 116 161 130 112 143 180 188 186 187 188 190 196 193 189 184 172 165 173 178 169 163 156 172 174 171 173 177 179 183 181 186 166 132 45 34 52 85 51 17 84 149 169 168 166 173 177 182 181 176 174 176 178 180 183
93 103 100 87 66 46 49 62 77 89 102 120 129 142 151 155 162 168 168 173 179 176 174 172 155 142 147 146 153 163 147 135 147 138 87 102 158 159 136 133 172 186 181 187 191 194 189 193 185 183 177 173 176 179 180 180 174 158 162 172 180 173 179 184 185 177 178 169 112 44 54 130 168 177 129 76 125 146 163 164 162 170 176 178 177 175 173 175 179 183
96 90 71 56 50 47 63 83 92 104 116 134 144 157 164 163 166 174 174 174 176 174 173 174 164 158 154 152 155 150 144 154 133 138 147 131 150 165 152 155 184 190 187 192 188 190 187 189 185 183 179 180 184 182 178 179 175 159 143 149 179 179 183 178 176 178 183 159 109 66 88 168 181 191 192 132 139 144 163 156 164 171 171 170 174 172 169 173 179 182
84 63 52 53 44 60 80 92 106 127 135 149 159 165 166 166 174 175 172 171 177 179 175 172 164 159 156 152 149 157 156 136 134 138 140 153 157 163 162 179 182 188 191 191 185 189 189 186 185 181 181 183 183 183 181 175 163 158 107 84 147 175 180 178 182 183 178 149 106 74 184 218 191 186 184 173 168 131 158 152 161 167 167 167 172 171 169 173 177 180
55 47 47 52 54 69 87 111 122 146 155 165 168 169 171 171 170 172 172 171 173 174 172 172 168 167 162 160 159 155 153 152 144 134 135 138 153 160 174 188 184 186 191 187 189 192 192 185 183 182 182 182 182 183 177 169 153 146 82 33 111 165 177 186 181 180 180 145 100 60 135 190 189 203 190 174 181 133 149 146 149 157 165 169 169 169 170 173 178 180
49 43 55 45 66 69 96 127 138 155 162 170 167 169 172 165 169 171 177 177 175 173 173 177 175 177 172 164 166 164 157 161 148 153 156 160 172 174 179 182 185 186 190 184 188 184 184 181 183 185 183 186 192 189 178 174 163 138 89 36 94 156 175 179 174 178 180 146 101 62 144 184 202 210 202 168 118 147 148 145 141 149 164 169 162 163 170 171 177 179
44 42 55 57 63 85 106 132 145 156 150 168 176 168 178 173 177 178 178 177 176 175 175 176 171 171 173 169 168 169 166 164 159 163 163 169 176 178 182 181 187 185 185 189 186 181 181 180 178 183 189 198 202 193 179 167 158 149 112 58 83 151 170 181 177 180 177 132 102 80 191 232 211 207 207 197 134 144 152 153 142 143 155 165 161 161 167 171 177 179
42 46 56 62 76 98 118 138 152 157 154 162 169 171 177 176 175 177 177 176 176 175 175 176 176 175 175 170 167 171 172 173 173 176 174 177 181 182 185 183 184 183 182 184 183 181 184 183 187 192 198 208 207 192 177 168 161 152 126 77 91 144 165 177 187 186 158 143 114 76 151 185 207 211 209 181 129 140 175 179 143 138 149 161 161 163 169 175 180 182
42 51 58 69 91 113 130 144 154 155 159 160 167 175 174 175 172 174 175 175 174 173 174 176 177 176 177 172 169 172 174 176 178 181 180 182 183 183 184 183 182 183 183 185 185 184 186 184 190 194 200 209 204 185 171 165 153 143 135 98 92 131 160 181 179 188 165 137 113 107 192 205 220 211 214 208 147 136 188 193 147 133 140 153 154 157 166 175 184 186
45 55 62 78 100 117 135 143 149 150 158 160 166 173 170 172 171 173 174 173 173 172 173 175 172 172 175 173 172 175 176 178 182 187 189 190 189 187 186 186 186 187 187 188 187 187 188 184 186 189 193 199 194 180 170 164 156 137 135 114 85 119 149 172 177 183 175 135 116 133 225 230 228 209 212 223 136 128 196 201 154 133 137 148 148 153 165 178 184 186
49 58 69 90 105 116 133 138 141 145 152 160 165 167 170 171 171 172 173 172 171 171 171 173 171 169 172 171 173 177 179 182 187 192 197 196 192 188 185 185 185 185 182 181 179 180 183 179 181 184 186 189 186 179 172 162 160 135 131 124 79 112 137 156 163 173 168 138 114 122 204 217 226 223 230 224 116 105 186 209 159 134 138 146 142 147 162 178 181 183
53 63 79 100 110 116 129 134 137 144 152 165 168 167 172 172 172 173 172 172 171 170 170 172 170 169 171 171 171 172 171 172 179 183 188 186 183 180 176 178 175 174 172 172 171 172 175 172 174 177 177 178 176 174 168 154 147 132 133 125 72 100 127 152 163 176 176 151 120 108 184 180 192 199 202 182 108 114 172 187 150 128 137 146 141 146 160 175 179 181
60 72 88 104 113 119 127 133 136 145 155 165 167 168 173 172 173 173 172 171 171 171 170 171 170 168 170 168 165 163 160 161 167 170 175 174 173 171 165 164 163 163 163 166 167 168 170 168 167 170 170 169 167 166 162 149 141 136 134 111 66 85 117 149 168 175 175 147 112 100 184 187 209 219 210 161 89 130 178 188 160 133 136 139 131 141 158 173 177 179
67 80 94 103 114 122 127 135 139 144 154 156 159 167 172 172 173 173 172 171 172 171 171 171 169 166 166 163 160 160 160 164 161 163 168 167 166 162 152 149 152 151 150 153 155 157 163 163 166 168 167 166 164 163 162 152 147 139 128 93 67 84 115 145 166 181 166 141 116 135 200 216 220 211 204 175 91 141 161 156 143 119 130 138 133 144 158 168 174 176
73 84 94 103 120 127 126 136 140 147 152 157 164 167 169 172 172 171 173 170 171 174 171 175 168 162 160 160 159 156 155 154 154 155 155 153 153 154 150 147 149 148 146 150 148 147 156 155 157 158 160 158 158 164 165 158 148 135 123 84 75 90 107 139 162 168 160 122 115 168 198 202 200 197 195 190 94 135 158 151 145 124 133 137 131 145 159 164 170 173
79 91 101 105 117 127 129 137 148 153 157 160 165 168 169 173 176 174 174 169 168 169 165 166 165 162 160 158 155 153 151 149 150 147 141 142 147 143 140 142 145 146 144 147 148 148 149 147 147 147 149 150 153 159 159 152 143 131 117 104 98 96 113 128 142 163 145 120 103 133 199 194 203 191 200 192 84 130 152 146 141 122 132 136 130 143 157 161 169 173
81 91 102 108 118 128 133 140 147 151 155 157 161 164 166 169 173 172 171 168 169 171 169 169 167 164 161 156 152 151 149 145 140 140 142 138 138 138 135 142 148 151 150 145 150 156 151 148 143 140 140 141 144 149 151 149 142 122 112 117 114 103 119 129 140 155 138 126 93 112 145 175 186 197 191 145 77 128 150 142 136 121 132 135 131 143 154 158 166 170
85 89 101 114 123 129 135 141 144 149 153 157 161 164 166 169 171 170 169 166 167 169 167 165 161 159 155 150 147 148 146 141 133 124 133 133 133 139 138 146 146 153 157 148 152 164 159 152 143 137 135 136 138 143 149 153 149 114 113 117 112 105 116 132 141 152 142 127 83 101 151 174 166 172 167 113 83 146 153 135 133 122 132 135 134 145 152 156 162 166
90 96 107 120 127 131 137 140 144 149 155 159 162 165 168 169 171 171 170 169 168 168 166 159 154 151 147 144 143 144 141 134 128 126 132 134 136 143 144 145 145 151 162 159 159 169 165 158 149 141 135 135 138 141 145 149 152 112 113 114 112 113 117 131 145 156 142 123 70 91 160 188 187 191 207 143 79 141 147 140 133 126 133 135 136 147 151 155 161 164
88 102 113 120 125 133 141 142 145 150 155 159 160 162 165 166 166 169 171 173 172 171 168 159 151 145 142 141 141 139 134 128 130 128 123 143 160 158 159 154 152 152 161 166 165 167 168 167 155 145 136 138 143 145 146 147 159 122 113 115 120 122 125 128 140 147 147 126 72 88 116 152 173 188 166 99 94 130 141 150 134 131 137 135 138 147 148 154 162 165
86 104 114 119 126 134 142 143 147 150 155 157 158 160 164 165 164 167 168 169 167 166 164 154 143 135 132 135 137 136 135 133 142 134 147 175 178 163 163 166 162 160 161 167 168 166 169 170 158 146 135 135 141 145 148 152 157 131 117 116 123 122 126 127 136 139 153 129 92 103 142 156 166 171 125 70 138 130 138 152 136 136 143 138 139 147 146 153 162 165
91 107 114 122 130 134 139 139 144 146 151 153 154 157 162 165 164 167 166 166 164 164 165 156 136 126 124 132 138 142 147 152 148 143 166 156 138 156 167 163 170 174 169 171 175 173 173 169 167 154 138 130 130 133 140 148 136 120 116 115 122 123 126 135 142 150 151 136 106 111 151 187 179 178 181 115 136 120 138 149 137 141 147 141 140 146 145 153 160 164
99 108 116 124 130 131 135 138 140 143 146 149 154 156 159 163 167 164 166 165 166 165 162 147 125 111 109 127 140 142 158 161 155 142 128 57 79 202 169 160 172 182 176 177 177 175 176 178 176 164 144 129 124 123 125 132 110 102 113 124 125 127 131 137 136 146 153 147 116 104 145 164 174 161 151 74 100 129 140 144 134 146 149 144 142 143 147 153 157 159
98 110 120 129 133 133 136 139 143 144 144 145 149 152 154 157 162 166 167 168 165 163 165 142 118 97 98 121 139 158 164 157 155 114 40 26 140 200 167 152 166 180 181 183 184 182 182 182 182 181 167 141 120 110 102 93 91 103 119 122 123 130 135 138 143 146 147 152 127 85 93 133 137 166 103 34 114 141 134 139 144 149 147 142 143 146 148 152 153 155
107 113 116 124 131 134 137 138 143 143 142 144 150 153 155 156 153 155 150 153 155 158 163 128 104 93 94 117 143 160 162 177 113 41 66 116 147 187 169 145 153 172 182 185 187 186 185 184 181 180 179 169 146 125 111 100 93 109 118 116 122 136 138 137 140 146 148 154 134 102 100 152 169 160 90 64 118 123 133 141 149 149 144 141 145 148 148 150 150 152
99 108 115 120 125 128 135 140 141 142 141 143 148 150 149 150 156 162 162 163 162 162 162 127 91 84 96 115 143 168 174 151 41 80 180 202 162 161 172 148 143 162 180 182 185 185 186 186 189 183 185 187 172 148 128 116 111 115 117 118 126 136 139 138 139 151 145 144 144 118 65 83 105 70 43 75 128 137 139 145 145 145 142 142 145 147 147 149 149 151
85 97 108 118 125 128 133 135 137 139 141 143 146 148 149 150 156 159 162 160 162 161 154 127 93 81 92 111 153 177 183 106 44 167 200 218 193 161 168 158 140 153 178 182 185 185 188 190 187 188 186 183 181 172 153 133 123 123 125 129 130 131 136 139 140 141 145 149 144 127 63 40 46 22 52 105 128 144 147 144 141 141 141 142 145 146 146 148 148 150
90 95 98 107 119 125 128 127 132 136 138 140 144 147 150 154 155 153 153 151 158 160 151 127 94 83 93 118 165 177 179 72 59 87 44 51 142 160 176 164 143 143 174 184 187 186 191 191 189 191 187 182 183 182 170 154 142 138 135 137 134 130 132 132 134 139 140 139 142 133 69 25 27 45 96 139 140 136 136 139 144 143 141 141 143 145 145 146 148 150
89 96 98 101 105 110 118 123 126 131 133 135 137 138 140 144 149 154 157 158 158 155 148 119 85 76 102 135 166 179 178 37 54 218 62 20 74 161 177 166 148 134 167 183 189 187 193 192 194 189 188 188 184 179 174 167 162 155 144 142 142 135 132 128 132 134 138 137 136 130 83 21 39 89 127 140 138 136 140 141 145 145 144 141 140 142 144 144 148 150
80 90 95 100 104 106 111 113 119 125 129 133 135 136 138 141 144 148 147 152 154 152 148 108 82 77 106 148 171 175 167 40 40 142 45 43 38 125 174 162 154 129 162 182 190 189 195 194 194 189 191 191 183 180 179 172 167 164 152 151 151 140 134 133 128 126 128 132 135 122 89 42 75 118 135 127 129 136 144 143 143 146 146 142 138 139 142 143 146 148
77 85 89 91 99 104 106 109 116 120 126 131 133 132 134 136 139 146 149 154 154 155 143 107 82 81 113 156 168 176 149 40 35 24 31 40 28 111 171 157 154 132 152 185 183 188 195 195 193 192 190 186 183 181 177 172 172 165 160 158 154 146 141 138 128 124 125 128 128 121 102 80 102 115 123 126 132 135 139 145 146 144 141 140 144 148 147 143 145 146
68 74 79 85 92 93 96 103 108 112 119 127 132 134 135 137 137 143 146 148 144 145 138 109 78 83 119 152 163 166 140 39 34 44 52 70 39 115 163 154 157 132 151 185 184 188 195 193 191 190 189 186 183 181 177 173 172 167 163 160 155 149 144 142 136 131 129 128 124 120 115 107 111 121 126 130 136 140 140 143 141 141 142 145 147 147 146 145 143 143
58 61 66 75 86 90 90 94 102 105 110 117 123 126 128 130 140 142 143 146 144 143 133 108 79 81 122 151 161 161 142 48 46 30 141 141 72 117 164 152 151 125 144 180 180 186 192 188 187 187 187 185 182 180 176 172 169 166 163 159 154 149 146 144 144 139 136 133 124 119 120 122 123 128 130 132 136 137 136 137 141 142 145 149 149 146 146 148 147 146
55 62 65 66 69 76 84 92 97 101 104 109 115 120 125 131 130 136 144 149 144 135 122 101 94 87 124 151 159 155 147 51 85 74 92 111 103 134 153 152 148 125 143 179 181 186 191 187 185 185 185 184 180 178 174 171 167 165 162 157 152 149 147 144 140 138 137 136 131 129 131 133 137 141 141 140 141 140 140 141 145 145 147 147 147 146 147 150 148 146
47 55 62 65 67 72 78 83 90 97 102 105 109 111 116 124 132 134 138 141 137 127 114 98 94 93 119 141 154 152 150 58 69 138 120 163 135 137 150 146 147 129 147 179 181 185 187 185 185 184 184 182 179 176 173 170 168 165 162 157 153 151 148 145 139 139 139 137 137 140 144 147 147 149 148 147 147 146 144 145 142 145 145 143 144 147 147 146 145 144
56 54 57 63 68 69 70 73 82 92 98 101 104 103 105 111 126 131 138 139 130 119 109 103 93 105 122 135 152 152 150 81 35 97 142 134 117 129 145 142 139 129 147 176 180 183 183 184 184 183 182 180 178 175 173 171 169 165 161 157 154 152 149 145 145 146 144 141 140 142 146 148 150 148 146 145 144 141 137 135 136 140 142 141 143 146 145 141 142 142
50 52 59 65 66 64 68 74 77 86 91 95 101 103 106 113 114 118 124 129 128 119 105 96 86 97 113 126 143 145 144 109 41 51 100 83 112 142 142 141 136 133 149 175 182 184 182 184 182 180 178 177 175 174 173 171 168 164 160 157 155 152 150 147 146 146 145 144 143 142 144 147 151 147 144 142 140 137 135 133 138 141 142 141 140 140 140 139 138 139
53 54 56 56 57 62 69 73 78 83 84 86 95 100 105 112 116 111 108 110 115 116 110 105 97 92 111 127 136 137 135 126 69 39 57 70 103 131 135 139 139 139 153 175 182 183 177 179 179 177 175 174 173 173 172 171 169 165 161 159 156 153 151 150 149 145 142 144 145 142 142 146 147 145 142 140 138 138 141 144 145 145 144 141 136 134 137 141 138 139
69 64 65 62 62 65 60 64 76 79 81 81 88 93 94 100 106 107 103 107 107 101 103 102 99 81 94 110 110 120 124 138 92 52 44 60 81 117 130 133 135 142 158 174 179 177 176 177 175 172 171 173 174 172 171 171 167 164 159 157 155 152 149 149 148 145 145 147 146 144 145 146 145 143 141 141 143 143 142 143 141 139 138 139 141 141 140 139 139 137
72 59 62 67 67 62 60 74 75 75 81 83 83 86 87 89 95 102 102 101 98 90 86 84 78 77 70 87 98 104 115 126 116 76 57 57 70 110 127 131 135 144 161 174 176 173 173 173 171 170 169 170 172 171 169 168 166 163 158 156 155 151 149 148 148 146 145 146 145 144 144 145 143 142 141 142 143 142 141 141 142 141 140 142 143 142 141 140 141 140
63 60 64 63 62 61 59 68 67 67 75 77 74 74 75 77 82 86 90 90 91 90 81 73 66 71 68 80 97 105 104 113 119 96 81 68 68 104 125 130 134 145 161 171 170 168 168 168 169 168 167 166 167 169 168 166 165 162 158 156 155 152 149 149 149 147 146 145 144 145 145 144 143 143 143 144 145 143 141 141 142 142 143 144 144 143 142 141 142 140
52 56 59 54 54 60 61 62 61 64 68 69 71 70 69 77 80 75 78 75 74 80 76 70 63 62 60 67 77 88 88 91 101 99 97 81 71 97 118 128 138 149 162 168 167 167 168 168 168 168 166 163 162 164 165 164 163 161 157 156 155 152 150 150 149 148 147 145 144 146 147 145 145 146 146 146 147 145 143 143 142 143 143 144 143 143 142 142 141 140
52 49 48 47 47 47 49 55 54 57 59 60 65 67 66 73 73 70 72 66 62 65 67 74 68 67 52 62 65 69 80 75 82 83 85 77 73 97 118 131 141 150 160 163 162 163 165 164 164 167 166 162 159 160 161 160 159 158 156 155 154 152 151 150 149 149 148 146 146 148 148 147 147 147 147 146 147 146 145 145 144 144 144 144 143 143 143 143 142 139
51 47 45 46 45 40 39 42 46 44 48 51 53 57 59 60 69 72 71 70 72 65 60 70 66 67 59 62 63 65 66 66 72 67 64 69 79 104 120 130 141 148 156 159 158 160 162 160 159 162 164 161 158 157 156 155 155 155 154 153 153 152 150 150 150 150 149 148 147 149 149 148 147 148 146 145 146 146 145 145 146 146 146 145 144 144 143 143 139 137
44 46 45 46 47 46 44 42 43 41 44 44 45 51 52 51 55 58 57 65 73 70 66 68 65 63 66 60 57 66 58 65 70 64 61 71 84 102 110 118 133 141 151 156 157 159 161 158 157 158 159 158 157 156 154 152 152 153 152 152 152 152 151 151 151 150 150 149 148 149 149 148 148 148 147 146 147 147 146 145 147 147 147 145 144 143 142 140 136 134
42 40 37 40 42 40 42 45 43 45 42 38 42 48 47 50 44 42 43 51 51 54 66 65 60 64 67 65 56 62 63 60 61 62 65 76 84 95 102 112 118 127 140 149 152 155 156 155 157 156 155 156 156 155 154 153 151 152 151 151 152 152 151 151 152 150 150 150 149 148 148 148 148 149 148 148 149 149 147 146 147 147 146 144 143 141 139 137 135 134
41 40 40 40 40 39 38 37 41 43 41 40 42 44 49 55 52 51 48 45 41 39 43 48 50 53 56 57 56 55 57 60 60 57 64 74 86 95 98 103 104 111 122 133 141 145 150 155 156 153 150 152 157 158 155 151 151 150 153 152 154 154 149 153 151 151 150 149 148 149 151 151 152 148 148 148 147 148 149 145 146 143 145 145 144 141 136 134 136 136
41 40 38 38 39 39 40 40 38 40 40 40 42 43 44 47 52 53 53 53 51 47 45 44 45 46 47 47 46 46 48 51 58 52 52 52 57 67 76 86 96 98 102 110 126 142 150 152 153 153 152 153 154 153 151 150 153 150 150 148 151 153 148 150 149 148 148 150 151 151 150 148 148 152 149 145 148 147 144 146 145 145 148 145 137 132 130 135 135 134
37 37 38 40 41 41 41 40 40 40 39 38 39 40 40 42 45 48 50 52 53 53 53 52 48 48 47 46 44 45 46 47 48 48 54 54 52 51 50 52 59 68 77 83 93 111 131 146 143 149 153 153 151 150 154 159 156 152 150 147 150 153 153 156 153 149 147 148 150 150 149 147 151 150 147 148 152 151 146 144 142 144 142 131 127 134 140 143 145 139
35 36 37 39 41 41 41 40 42 42 40 39 39 39 40 41 41 45 49 50 51 51 52 51 50 50 49 46 43 43 43 40 47 49 55 58 57 56 53 50 44 47 50 53 58 71 96 119 145 147 147 147 149 151 152 152 152 152 153 151 149 146 145 146 150 147 147 150 151 152 152 152 151 149 149 151 149 145 144 146 146 140 139 138 141 138 120 103 87 80
38 37 36 35 36 38 40 41 39 40 42 43 42 42 43 43 42 43 43 43 45 49 52 53 49 50 50 47 45 47 47 43 44 42 41 42 42 45 51 50 53 51 48 46 45 47 58 71 92 113 134 145 146 145 147 151 151 151 151 150 148 147 150 151 147 147 148 150 149 148 147 146 150 151 146 144 150 149 145 149 144 127 112 95 69 44 31 34 30 27
39 38 37 36 35 36 37 38 38 39 41 42 41 43 45 46 45 45 47 51 54 54 52 49 46 48 50 48 47 52 54 49 45 45 46 48 44 43 47 45 45 43 43 47 54 57 56 54 49 65 87 111 133 147 150 148 148 148 147 149 148 147 147 145 145 146 146 146 146 148 150 149 148 141 148 154 150 149 136 106 69 48 30 24 29 36 36 36 36 36
37 38 39 40 39 38 37 37 40 38 38 39 38 41 44 45 45 44 46 51 55 56 57 59 56 59 61 56 50 51 50 41 45 45 48 52 45 40 44 41 40 41 42 41 42 43 46 51 59 62 63 67 82 105 127 140 146 145 142 145 146 146 151 149 150 149 148 146 146 149 149 145 146 157 149 127 103 70 41 33 29 34 39 35 35 41 41 39 38 38
38 39 40 41 41 41 41 42 40 38 39 40 39 40 40 38 39 39 42 44 43 42 46 52 56 63 72 72 70 73 73 64 64 60 58 60 52 46 49 46 42 40 42 48 53 56 65 76 85 99 112 116 116 119 124 128 139 140 139 143 141 139 144 142 139 141 142 142 145 147 141 131 112 88 59 40 31 28 30 36 39 34 36 39 39 35 32 34 36 37
38 39 40 42 44 44 44 46 43 43 42 44 44 42 53 48 48 46 46 47 45 43 43 44 44 49 55 59 63 70 75 75 78 79 82 90 98 101 97 92 79 73 61 51 53 66 75 94 107 114 111 119 121 127 136 133 132 133 131 140 136 138 135 134 132 139 133 124 96 83 55 47 32 32 32 35 39 39 38 38 38 38 37 38 39 38 38 38 38 38
38 39 40 42 44 44 44 46 46 45 42 43 43 42 55 51 48 47 48 50 50 48 48 49 48 48 48 45 43 44 44 41 44 50 59 69 77 81 82 84 96 95 88 77 65 57 53 70 82 93 98 112 117 122 127 123 129 130 127 136 132 135 132 132 140 127 58 36 32 33 33 33 37 37 37 38 41 40 38 38 37 37 36 37 38 37 37 37 37 37
