158 156 157 159 158 159 159 157 156 156 158 157 156 156 156 157 157 154 154 158 159 156 153 153 153 154 156 156 154 152 152 153 157 159 151 155 154 146 152 151 149 150 151 146 141 144 144 139 129 123 115 107 99 93 82 68 58 54 54 56 56 60 65 63 69 68 71 69 63 61 61 59 58 61 55 52 51 48 51 56 61 54 54 54 53 53 53 61 64 67
157 156 157 158 158 158 159 157 159 158 158 158 160 161 159 159 160 159 157 156 155 156 157 157 155 157 156 154 153 152 151 151 150 148 149 152 144 141 150 145 138 136 126 117 117 112 98 86 73 76 70 66 74 70 57 52 56 55 58 64 66 67 63 57 63 58 56 55 51 49 51 52 51 50 45 44 47 49 55 60 54 52 52 50 54 60 58 57 58 60
159 158 159 160 159 160 160 159 159 157 156 158 159 159 159 159 155 159 159 157 157 160 161 160 155 156 155 149 144 141 138 136 126 118 114 107 95 93 95 91 74 73 67 64 66 64 59 57 61 72 68 61 65 65 68 79 76 72 65 61 59 56 51 48 49 45 47 51 49 46 47 48 46 45 41 43 44 44 45 43 50 52 54 53 57 63 58 52 65 65
160 160 161 161 160 160 160 159 161 161 159 159 158 156 158 159 154 158 160 158 154 151 147 143 132 127 118 111 106 104 103 103 95 89 80 69 68 68 60 60 69 68 74 79 73 67 68 70 66 64 58 53 53 56 57 57 50 49 45 41 41 40 39 42 44 42 42 43 39 37 39 42 44 42 41 44 46 48 52 49 52 55 57 57 60 66 69 70 71 70
157 158 159 158 159 159 159 158 158 159 157 159 158 155 157 156 162 157 151 144 133 121 110 105 101 97 96 98 96 87 76 69 71 72 69 64 74 77 66 69 73 64 58 57 55 56 59 59 51 48 47 45 40 40 42 39 41 42 41 41 42 40 40 43 40 41 41 41 41 42 43 42 40 41 43 48 50 53 57 55 60 65 67 65 63 64 66 66 60 59
156 158 157 156 158 159 158 159 159 160 156 158 159 158 159 154 143 132 119 110 101 90 83 83 82 80 75 66 56 51 55 63 64 63 63 58 59 59 52 52 49 51 49 49 55 57 50 43 44 42 40 38 40 42 44 45 42 41 40 41 42 41 40 41 43 44 42 41 45 49 49 46 49 53 55 57 57 55 56 54 56 61 60 56 55 58 62 59 55 54
158 159 156 154 156 157 157 158 155 162 160 161 155 143 131 115 96 85 72 66 61 55 54 55 53 53 53 54 56 57 54 51 51 49 51 50 47 47 48 48 51 54 51 46 47 46 41 39 42 42 40 40 43 43 41 42 44 43 46 50 49 47 47 45 44 47 50 54 58 59 56 54 62 64 58 53 49 46 47 48 50 53 51 53 55 56 57 53 53 52
160 160 155 151 152 154 153 154 154 157 145 133 116 96 82 65 59 53 48 48 51 52 54 57 60 63 61 54 51 54 52 47 48 49 51 53 52 51 52 52 53 46 45 46 42 39 41 42 41 44 47 48 45 44 48 50 48 46 50 51 47 46 49 50 53 54 55 56 54 50 49 52 50 55 51 49 51 50 53 56 60 56 52 57 58 54 57 58 54 53
157 152 152 158 156 150 148 146 131 112 89 70 62 54 50 57 60 60 60 58 62 65 60 58 54 51 45 48 60 60 55 56 54 52 54 53 49 56 53 45 49 45 45 47 45 44 47 48 55 57 61 61 57 59 63 61 53 53 50 47 48 47 46 47 49 49 46 44 44 45 44 45 43 46 50 52 51 49 50 53 53 52 51 51 53 55 57 58 58 57
151 151 156 161 153 133 110 92 70 61 55 56 62 63 58 60 58 62 61 55 56 55 50 53 47 48 57 68 68 60 54 51 51 52 50 49 47 46 41 48 53 59 56 51 56 62 65 70 77 71 68 69 70 65 58 54 50 51 49 47 46 43 42 43 43 44 43 43 44 46 47 48 49 47 48 53 53 51 52 57 53 55 58 61 61 60 58 57 63 60
157 162 156 126 90 70 63 58 59 64 72 72 68 63 56 55 57 52 51 48 48 53 54 55 67 74 76 70 62 55 55 59 61 48 51 67 73 79 71 61 65 64 64 68 75 80 78 74 64 62 58 56 54 47 43 44 47 48 46 45 46 46 47 49 47 48 47 46 47 48 50 52 52 49 48 51 54 55 56 58 62 62 60 58 58 60 64 68 70 68
153 122 85 60 58 72 80 79 72 73 71 59 52 58 58 52 58 56 54 57 67 69 72 89 90 68 57 59 62 64 62 55 63 76 87 90 81 76 71 79 85 97 91 75 70 65 57 58 55 55 49 42 40 42 43 43 42 40 39 39 42 43 42 42 46 48 50 50 49 50 51 52 49 51 52 53 57 60 57 52 54 57 59 60 60 60 61 62 74 73
78 65 67 79 88 86 71 60 53 46 52 62 66 66 66 70 61 69 78 75 74 79 70 55 54 70 71 64 64 64 69 83 100 94 88 94 104 112 104 103 88 72 63 60 53 51 52 50 46 45 47 46 43 43 42 37 42 40 39 39 39 39 38 38 37 38 41 43 41 40 40 39 48 47 44 43 46 50 52 49 50 51 54 56 56 56 55 55 57 57
70 81 94 83 65 59 56 58 59 69 78 70 62 63 64 65 65 68 67 62 61 57 56 70 91 83 81 91 104 108 103 99 96 96 103 103 84 69 54 48 39 42 42 41 42 42 44 48 41 36 38 44 46 51 57 58 59 55 52 48 44 42 43 44 43 41 40 40 39 40 44 44 40 38 39 43 45 42 41 41 42 42 43 44 45 44 43 42 42 42
88 80 73 59 59 72 70 63 64 67 69 68 72 73 63 56 62 69 84 93 94 91 89 92 99 101 97 94 98 93 80 73 61 62 51 42 40 41 37 48 46 41 43 47 46 41 41 42 52 59 78 107 135 155 167 171 156 146 133 119 100 84 72 65 59 53 48 45 41 41 44 43 44 41 41 46 47 44 42 44 44 43 42 42 42 42 42 42 43 44
79 66 73 82 84 80 73 79 82 79 76 74 71 65 68 84 99 110 113 102 96 95 88 84 72 71 72 70 62 53 45 38 38 43 44 42 41 50 46 41 43 48 45 41 45 53 68 87 109 134 162 183 196 200 199 199 199 192 187 183 171 154 135 121 105 97 90 82 71 61 54 47 45 43 43 44 46 46 45 45 41 41 40 39 39 39 40 41 39 41
85 85 86 82 81 93 100 94 84 75 77 89 96 100 104 104 99 95 86 85 83 73 62 51 58 57 57 51 45 40 43 44 44 44 44 43 42 39 38 43 47 48 50 54 65 90 121 143 165 182 197 202 203 204 204 204 202 200 196 189 183 176 168 163 154 145 137 133 128 120 105 90 74 58 46 39 35 40 42 35 39 41 39 38 42 39 33 40 38 38
85 82 85 89 92 96 95 89 84 92 96 99 100 92 87 92 88 83 74 73 68 57 56 57 57 55 53 56 60 58 56 49 43 38 38 39 38 38 43 49 48 48 54 70 96 129 160 177 191 199 205 206 207 209 210 209 204 201 196 189 183 179 177 177 175 169 166 165 163 160 154 146 135 111 85 63 44 34 36 41 35 34 40 38 34 39 40 36 41 41
78 92 99 94 90 95 98 97 101 95 88 80 74 76 81 82 78 78 75 74 66 55 55 58 51 47 49 64 73 73 70 58 43 42 40 40 39 38 44 49 57 63 80 103 130 160 185 197 208 210 212 212 212 211 208 207 206 203 199 194 188 181 176 175 178 178 181 183 181 179 175 169 161 152 138 117 86 54 37 33 41 36 37 40 40 40 39 42 40 41
99 104 98 90 94 103 103 97 88 81 81 82 79 85 91 87 78 73 64 61 62 61 59 56 54 48 58 82 85 81 73 55 38 44 39 37 42 45 53 65 76 83 103 129 154 180 201 211 215 217 219 220 218 213 209 208 211 205 200 197 192 185 180 178 175 176 180 184 184 186 186 183 175 171 165 154 136 107 69 39 33 33 37 36 37 40 37 35 40 42
103 95 88 94 106 104 95 92 87 95 104 108 102 89 78 77 71 70 67 63 63 64 62 60 67 61 83 117 117 115 92 56 43 42 40 41 52 63 78 98 103 105 123 152 179 200 213 217 221 222 223 222 220 216 213 213 209 204 200 197 192 184 177 173 163 165 172 179 184 189 190 186 186 180 176 171 163 152 125 92 52 33 33 39 35 39 41 34 39 40
89 101 112 117 113 103 100 106 123 115 108 98 79 66 67 73 71 67 66 66 71 78 86 96 87 75 105 149 155 155 111 61 49 46 59 71 81 91 102 127 132 132 150 177 195 206 216 219 224 224 224 223 222 219 215 212 207 204 201 197 190 179 169 163 152 155 166 178 186 191 190 184 185 182 184 183 175 170 161 145 115 67 36 34 36 37 38 41 34 35
108 116 121 117 115 119 124 127 105 83 75 79 76 78 78 68 64 59 63 76 98 119 128 136 117 89 113 161 169 163 107 63 56 74 110 124 133 131 122 147 157 153 167 189 199 207 219 228 227 228 228 227 225 222 216 211 209 204 197 190 184 174 163 156 142 147 158 172 183 192 195 192 191 186 185 184 180 177 172 164 159 124 78 43 32 33 32 35 36 36
123 114 112 121 129 121 98 77 75 76 81 82 74 62 54 50 56 69 91 110 132 152 158 163 143 99 115 164 172 157 100 77 78 123 170 176 181 165 134 160 170 160 170 194 207 213 221 227 229 231 229 225 223 220 216 213 207 201 192 185 178 166 147 131 134 141 156 172 184 192 196 193 190 189 188 185 184 183 179 175 173 161 138 90 45 31 35 39 38 37
113 111 119 112 86 71 75 85 89 78 64 50 42 42 48 60 77 101 125 146 162 172 179 182 168 115 109 162 174 146 106 92 65 66 78 110 166 183 151 175 187 164 176 201 212 218 221 229 227 232 231 229 224 220 218 210 205 195 186 179 166 149 133 123 118 133 137 148 168 181 189 188 187 180 184 184 178 173 181 184 181 178 167 148 99 49 37 36 42 34
85 86 84 71 69 82 77 60 36 38 37 41 54 63 74 95 118 137 155 171 184 192 199 202 191 144 109 139 169 148 110 95 62 70 56 43 80 178 175 170 182 162 176 204 213 216 223 227 232 233 230 231 226 218 211 201 191 185 175 163 151 140 129 117 105 105 110 123 150 175 181 179 184 180 183 182 184 182 187 189 187 182 183 172 156 108 43 31 39 36
64 63 68 66 53 40 34 39 45 50 56 66 84 97 110 132 152 166 178 189 199 205 210 211 190 143 92 119 167 137 100 97 112 134 62 54 59 148 181 173 176 159 177 207 214 217 226 225 231 229 228 231 226 215 205 195 186 174 162 152 142 130 116 106 82 74 101 138 156 168 175 177 174 177 179 178 185 186 190 191 193 186 187 179 167 165 127 57 38 36
61 54 47 39 38 40 44 52 60 68 83 96 111 129 145 160 172 185 195 204 212 213 214 214 200 147 90 106 157 126 95 107 66 40 36 42 67 123 175 167 168 155 181 210 215 221 226 224 230 230 231 229 220 207 195 184 170 160 146 135 128 118 96 76 85 121 149 138 125 142 164 171 178 185 191 188 192 194 198 198 194 201 185 188 183 171 166 129 64 40
41 39 37 34 39 47 56 69 84 101 122 134 146 161 172 180 190 203 212 219 223 220 219 217 205 157 95 83 130 119 90 103 66 35 39 56 60 130 174 160 154 153 189 213 218 225 224 225 227 229 232 226 215 201 184 171 156 144 133 128 118 105 100 104 142 161 143 85 88 140 165 182 190 195 202 197 196 196 200 198 201 202 199 200 194 183 177 165 132 84
33 37 42 43 51 65 81 96 122 143 159 165 177 186 188 197 206 216 221 224 226 221 218 216 204 163 99 71 111 114 83 92 84 43 70 79 77 148 169 157 144 159 196 216 220 225 223 228 225 227 230 223 210 197 176 160 147 138 129 127 134 142 150 158 177 177 163 85 71 148 186 199 204 206 210 205 204 202 204 199 201 202 205 203 198 193 187 185 170 132
43 39 44 57 79 104 124 140 161 176 185 186 195 199 200 210 218 224 225 226 227 222 219 216 209 173 111 81 97 102 77 77 94 59 78 100 127 156 149 152 148 175 199 214 222 222 225 229 229 229 230 220 204 187 166 153 143 141 144 157 170 176 182 191 196 190 199 136 85 142 195 198 204 205 206 204 207 204 203 202 204 205 203 203 202 202 201 189 186 176
42 44 61 87 118 147 168 181 188 192 201 204 206 209 212 218 222 226 225 226 228 224 221 217 209 185 135 104 95 101 84 67 92 76 74 124 141 147 151 150 159 190 197 210 222 221 229 229 229 227 228 217 199 182 165 159 157 165 174 184 192 194 196 200 206 197 200 157 89 112 178 191 195 198 200 198 205 201 201 205 207 206 208 207 205 204 201 202 194 196
45 66 99 134 161 181 193 199 202 207 212 214 217 218 220 222 227 228 228 227 225 222 217 213 210 189 160 132 111 102 91 76 84 91 80 103 136 144 175 154 180 189 198 211 224 225 221 226 222 227 226 211 196 184 172 166 172 187 193 196 201 203 203 205 206 209 193 146 106 104 153 177 174 173 181 192 196 201 202 204 204 207 206 205 207 207 205 205 197 195
75 108 146 173 191 202 207 210 216 215 216 219 221 219 222 229 230 230 229 227 226 223 218 214 210 196 175 152 131 113 100 92 98 108 100 79 147 154 202 180 192 194 203 217 224 220 219 222 222 223 220 207 199 195 190 187 190 197 198 203 200 210 204 206 208 214 196 146 99 81 133 180 172 156 150 169 187 200 206 203 199 202 203 204 206 206 204 203 202 201
116 153 185 198 207 213 215 216 223 222 222 225 226 223 224 229 230 230 229 228 227 223 217 213 204 199 184 165 146 127 111 104 112 121 122 110 133 164 215 199 204 201 210 219 218 217 218 217 221 219 214 204 203 207 206 207 207 195 190 202 204 204 206 209 209 210 192 138 97 75 112 170 171 173 158 139 162 184 198 198 195 197 199 203 204 204 202 201 204 204
154 182 200 204 211 216 217 219 220 224 225 224 226 226 226 226 228 228 228 228 227 222 215 210 201 199 188 170 155 141 125 112 111 123 133 157 181 206 222 215 211 211 216 216 212 214 217 212 216 213 208 202 202 207 207 208 204 192 169 165 202 201 207 209 210 208 193 132 100 83 94 140 165 197 197 152 135 155 175 192 194 193 194 196 198 199 199 199 202 201
177 196 207 210 217 220 218 220 220 223 223 222 224 226 226 227 228 227 227 227 225 220 212 207 204 202 196 182 165 154 143 131 126 132 139 175 214 224 215 216 209 212 215 214 212 215 217 214 213 211 208 204 204 207 204 204 199 201 157 111 162 199 208 211 206 208 189 127 98 87 98 131 159 184 217 195 132 133 148 179 190 190 188 188 192 195 196 199 202 200
190 202 211 216 221 221 218 221 221 222 223 225 227 225 224 226 229 227 225 224 222 217 211 207 205 202 202 195 176 162 158 155 156 156 155 177 187 202 202 204 206 208 210 212 214 211 210 214 213 211 210 207 208 209 207 207 206 204 174 112 111 170 190 199 212 215 184 132 109 107 145 178 169 171 218 210 158 126 129 151 179 185 184 183 190 195 197 204 205 202
202 209 214 218 220 220 220 222 219 221 222 225 226 223 221 223 224 224 223 223 221 216 210 207 203 199 198 195 184 172 169 170 175 180 184 185 195 200 207 207 212 212 211 212 211 207 205 209 213 211 211 210 212 214 211 212 211 201 196 157 113 147 180 196 208 210 182 127 97 93 137 179 183 179 212 205 175 130 122 124 157 174 178 179 190 195 198 208 207 204
208 211 215 216 217 218 218 218 218 221 220 217 218 220 221 221 218 219 222 224 223 217 211 207 204 200 193 190 189 184 178 177 190 198 206 207 207 206 213 213 212 213 212 210 210 213 215 216 219 216 216 217 221 223 219 220 216 205 189 160 120 122 161 181 187 199 194 131 89 82 116 169 187 184 199 214 170 139 122 114 137 161 171 174 187 193 196 208 206 202
206 209 208 212 218 216 215 214 216 211 209 211 202 216 214 219 218 220 223 222 219 216 212 209 204 200 194 192 194 190 186 189 201 205 208 212 212 211 214 215 216 215 214 214 215 219 222 223 225 222 217 220 221 221 224 218 208 199 183 154 128 116 136 161 178 197 196 132 85 107 154 198 206 192 200 201 164 139 124 113 122 147 166 178 188 192 199 207 208 201
207 211 210 213 215 213 214 216 215 213 210 216 208 218 215 216 217 219 221 221 218 214 210 206 203 201 197 196 195 190 190 196 200 207 212 219 221 219 220 219 218 216 215 215 216 218 220 221 223 221 216 218 218 217 218 211 199 192 178 152 129 112 122 141 167 192 197 142 94 113 162 195 202 195 188 188 169 144 122 116 117 142 162 177 188 191 197 203 205 200
203 209 212 216 218 214 213 213 214 214 211 219 213 218 215 213 216 219 221 221 219 215 210 206 200 198 195 194 192 187 188 195 202 208 215 221 223 220 219 216 211 208 206 206 207 207 209 210 210 209 206 207 208 208 207 200 194 187 172 149 132 111 112 125 152 182 192 147 95 107 160 189 191 184 183 189 169 145 125 106 116 137 157 175 188 190 194 200 202 198
206 209 209 212 214 214 215 214 213 214 209 217 214 215 215 211 215 217 219 221 219 215 210 206 201 196 192 192 190 185 184 188 193 198 203 208 209 207 206 203 199 195 192 193 193 194 195 196 195 196 194 194 195 196 194 189 191 184 169 150 140 120 113 120 138 173 190 149 94 96 140 169 177 174 185 198 169 146 133 106 119 136 154 174 188 190 193 198 198 195
208 210 209 210 211 212 215 214 213 212 208 214 214 213 214 211 212 214 217 219 217 212 206 202 198 193 190 190 188 182 178 180 184 189 192 196 198 196 196 194 191 187 184 184 184 185 186 187 188 188 187 186 186 187 185 183 187 181 167 152 147 128 114 113 129 167 182 136 95 109 147 178 193 192 193 199 173 146 132 115 119 134 152 173 186 188 191 195 193 191
205 210 211 210 208 208 212 212 211 209 208 212 214 211 210 209 211 213 216 218 216 210 203 199 194 192 190 188 183 177 174 174 176 181 184 186 185 183 182 179 182 179 176 175 175 176 177 177 178 178 180 179 180 181 180 183 183 176 162 148 144 129 115 108 126 160 162 111 89 123 163 191 201 193 188 191 168 142 126 115 117 132 150 170 183 185 188 191 193 190
205 208 207 204 201 203 211 213 209 205 208 208 210 207 205 206 208 210 214 217 214 208 202 198 194 193 192 187 180 174 171 170 171 176 177 178 175 172 171 168 170 169 168 167 166 169 170 169 170 169 171 171 172 172 172 179 178 170 158 144 141 130 118 108 118 150 143 102 94 133 174 194 201 186 188 194 166 140 123 111 119 133 149 167 177 180 185 189 192 189
199 203 203 203 202 204 209 208 208 202 206 203 205 202 200 204 203 206 211 214 212 206 200 197 193 191 188 182 174 169 166 163 161 166 167 167 164 162 163 161 163 165 165 163 163 167 168 166 169 167 169 167 166 163 162 170 171 166 158 147 145 136 123 108 114 140 125 92 87 119 163 180 182 172 183 191 163 136 118 114 124 137 150 164 172 176 184 188 190 187
198 198 201 204 203 200 201 203 202 201 199 199 201 198 198 203 201 206 209 210 208 203 197 193 192 185 181 174 168 164 159 160 158 155 153 149 151 147 153 160 160 160 163 162 164 167 168 170 169 174 174 168 160 153 155 162 162 168 150 139 145 138 125 117 116 133 115 86 89 117 138 162 163 162 172 176 163 128 107 121 132 141 150 163 170 172 180 185 190 185
194 197 200 200 199 200 200 199 197 196 194 194 196 194 193 197 200 205 209 209 205 198 193 192 187 179 171 165 156 153 156 152 147 147 137 141 137 135 134 145 153 159 167 167 165 166 168 174 172 171 171 161 146 143 152 157 167 170 145 131 141 140 127 119 120 130 113 85 95 144 168 171 163 150 159 161 147 113 110 125 130 142 149 158 169 173 179 187 187 186
190 195 198 196 195 198 198 194 194 194 191 191 193 192 192 193 199 202 205 206 202 195 191 190 184 173 161 155 144 140 145 134 121 113 117 125 132 139 152 145 154 155 162 167 171 174 172 172 175 174 173 163 151 153 163 168 169 172 148 132 141 141 129 122 127 135 115 81 103 176 197 176 139 149 155 151 139 105 120 133 139 147 151 156 166 174 179 181 179 187
189 193 195 192 192 196 196 193 194 193 191 190 192 193 193 193 199 199 199 202 202 197 191 189 186 169 154 144 133 130 128 116 105 102 100 110 123 175 171 170 161 158 164 170 175 179 178 178 185 187 179 166 159 160 164 168 170 170 152 136 135 134 129 131 128 132 116 88 96 136 132 112 114 144 146 148 134 109 136 140 144 147 153 161 166 175 179 168 171 188
191 192 192 192 192 194 195 194 192 191 190 189 191 192 192 192 198 197 197 201 204 201 195 192 189 163 145 128 120 122 116 112 107 103 100 113 150 148 192 207 177 169 170 175 181 187 187 186 189 190 181 166 159 158 159 161 170 157 142 135 138 141 139 139 134 142 132 94 90 120 106 84 105 130 141 155 135 130 150 144 151 153 156 161 166 178 186 177 176 193
193 191 190 191 191 192 193 194 191 189 188 189 190 190 191 192 195 197 199 202 203 201 197 194 178 148 133 120 118 123 112 110 110 99 101 124 107 87 187 218 190 177 175 180 186 192 193 193 191 190 188 177 162 154 149 142 127 123 130 136 135 136 139 144 142 151 141 97 97 143 130 99 114 140 151 144 125 144 148 148 155 161 160 161 169 177 185 188 187 195
191 190 189 188 189 190 191 191 189 186 186 188 188 188 190 192 192 196 199 200 200 198 194 191 173 132 109 104 112 124 118 110 92 95 123 110 71 108 181 207 188 180 182 187 188 193 197 202 201 200 201 194 177 160 142 125 110 112 127 137 138 139 142 147 150 157 145 103 111 153 123 86 107 139 144 132 134 152 147 154 150 160 162 166 174 176 177 181 192 191
189 188 187 185 186 188 189 187 187 183 184 187 186 186 188 190 190 195 198 198 198 196 191 186 162 116 91 99 114 126 118 96 83 116 119 83 105 145 178 191 189 178 180 189 195 201 203 204 202 204 204 203 198 182 157 141 130 127 132 133 135 141 146 154 153 155 146 109 91 87 67 89 123 133 127 135 151 152 149 151 156 159 161 168 175 178 183 184 189 185
184 186 185 184 186 188 187 184 183 184 181 181 185 187 186 188 190 192 196 192 193 195 193 178 149 94 81 98 121 129 103 71 104 134 91 108 171 174 191 186 183 180 176 188 199 202 205 205 206 206 209 206 202 184 169 159 144 137 134 135 140 146 148 153 156 156 151 110 79 57 63 89 121 127 133 150 153 145 150 153 155 161 166 168 174 183 186 182 185 180
179 181 182 181 183 185 182 179 182 182 179 179 183 184 184 186 189 190 192 190 192 190 187 176 132 81 85 108 127 122 89 75 135 118 95 165 213 208 201 185 177 178 171 179 197 203 206 209 209 208 209 206 204 191 179 170 149 142 142 138 135 140 147 154 154 158 151 105 65 46 58 95 116 139 149 150 147 148 157 155 159 164 170 173 178 183 183 179 175 171
172 176 178 178 180 181 179 175 179 178 175 176 180 181 181 184 186 187 186 186 190 185 180 170 123 79 98 122 135 120 78 93 140 104 144 208 215 224 209 183 172 179 167 169 194 205 207 214 213 211 210 206 206 197 189 182 165 152 146 140 134 138 145 149 154 156 146 101 49 40 63 104 137 146 146 150 154 157 161 158 164 167 171 175 178 178 175 170 167 162
167 171 173 173 176 177 175 173 174 173 172 174 177 178 178 181 183 182 182 183 186 181 174 156 114 86 115 133 142 126 80 116 129 95 127 125 154 206 213 178 172 181 168 164 191 207 208 215 216 213 211 206 206 200 195 190 182 165 153 143 135 133 136 141 149 148 142 101 40 44 84 125 147 150 153 162 164 158 160 164 168 167 169 171 171 169 164 160 161 156
164 167 169 169 170 172 171 170 171 170 170 172 174 174 175 177 180 179 181 182 182 177 167 134 101 101 135 143 145 129 83 123 104 115 137 71 60 118 194 180 173 184 173 165 187 206 208 212 216 215 214 207 207 202 199 194 188 177 165 153 139 125 120 130 145 136 118 80 39 63 107 139 149 159 163 164 163 159 162 168 169 166 164 165 164 161 158 155 156 151
163 166 166 165 166 167 167 167 167 168 168 168 168 169 171 172 176 176 179 180 177 172 158 114 93 122 153 154 149 134 95 129 89 77 86 55 49 70 136 189 170 184 177 165 183 204 207 210 216 217 217 210 209 205 201 196 191 183 173 161 148 127 112 115 137 132 101 56 41 73 112 141 158 160 158 158 162 162 162 166 168 164 161 160 158 156 155 155 150 144
157 159 161 161 162 163 163 164 161 163 164 162 160 163 167 167 170 173 174 176 175 167 150 103 93 140 163 163 159 142 109 133 101 39 38 37 49 65 103 182 164 183 178 163 180 202 206 213 216 218 217 210 210 206 202 196 191 186 178 167 156 139 118 109 123 134 113 79 89 120 142 154 155 155 156 160 165 161 156 161 164 160 158 156 154 152 151 150 143 136
147 151 153 154 156 158 158 159 155 158 159 156 155 159 164 164 165 169 170 173 174 164 145 100 101 155 169 172 166 142 107 118 93 47 39 32 52 64 95 179 159 181 177 161 179 201 206 217 217 218 217 209 210 206 201 193 188 188 186 173 158 145 127 116 103 134 142 121 135 152 157 149 152 156 156 155 161 161 156 157 160 157 155 153 150 148 145 143 136 128
141 143 146 149 148 149 155 154 155 154 155 155 154 158 162 160 162 166 167 174 172 162 139 98 106 165 180 182 170 150 108 112 98 47 56 108 136 90 134 171 159 176 173 157 179 200 206 213 215 214 212 208 205 204 199 190 187 184 181 173 161 151 135 117 108 130 149 157 163 169 169 166 164 162 158 155 156 156 155 154 154 155 148 151 151 141 140 138 130 124
132 135 135 136 136 138 145 146 145 147 148 150 152 155 157 156 157 161 163 166 165 156 130 90 106 170 180 180 172 157 119 107 106 50 64 109 122 165 182 160 162 175 172 159 179 201 208 212 212 211 212 211 207 202 196 190 185 184 180 172 165 156 142 129 125 138 156 167 172 176 176 173 172 167 160 156 153 151 151 154 152 149 149 143 139 140 135 129 125 97
123 128 128 129 130 129 132 134 135 139 140 142 148 151 151 152 151 156 161 160 160 152 124 89 114 175 182 184 175 163 134 104 116 84 83 149 177 193 156 155 166 174 170 160 179 200 208 208 208 206 207 209 206 200 193 189 185 185 178 170 165 158 145 137 133 136 152 168 174 178 180 178 175 170 164 160 154 147 145 150 151 147 143 138 136 132 124 124 103 61
111 118 117 117 121 121 124 128 128 132 133 134 141 144 145 149 146 151 157 157 156 148 118 90 122 173 181 190 174 161 143 105 109 103 73 129 182 161 135 159 166 173 169 162 182 199 205 204 204 201 200 201 201 197 192 187 184 182 176 169 164 157 149 142 142 141 150 164 171 174 176 175 173 169 165 160 154 147 144 146 147 147 140 139 133 124 120 106 72 44
93 102 104 108 114 114 116 119 117 123 124 126 132 134 137 142 143 143 148 151 152 143 114 88 119 170 181 189 175 159 146 114 108 116 78 80 121 119 138 155 165 174 169 165 187 199 201 201 199 200 199 197 196 195 190 186 184 179 176 171 164 160 156 150 148 149 153 159 166 171 172 174 171 169 163 156 151 148 146 145 140 143 141 138 128 125 110 67 45 42
82 89 92 96 99 99 101 103 101 107 112 116 121 123 125 129 137 133 135 142 148 142 120 93 109 169 183 184 178 165 151 132 100 112 104 71 74 98 127 142 161 172 169 169 191 197 198 199 194 199 201 197 194 192 189 187 186 180 178 173 164 159 157 153 151 155 157 158 164 169 170 172 166 166 161 154 151 149 145 141 139 139 138 133 130 115 76 42 38 41
75 78 79 79 79 79 84 85 85 90 97 104 110 113 116 118 124 123 123 130 135 136 124 97 95 155 181 179 175 167 152 141 124 102 105 90 71 88 115 141 154 165 167 171 189 193 195 195 192 196 197 196 195 192 190 190 189 184 179 174 165 160 157 156 161 164 166 165 166 168 168 166 161 160 157 153 150 146 140 135 138 136 132 129 118 81 44 40 42 41
62 68 76 82 80 76 75 69 77 79 87 96 102 108 112 112 112 116 114 118 118 121 118 91 83 134 171 172 165 159 146 137 127 120 105 85 79 90 110 133 149 159 164 171 185 188 193 191 192 191 189 192 195 193 191 193 188 186 180 174 169 163 161 163 162 163 167 169 166 167 168 164 160 156 151 149 146 141 136 136 134 132 129 126 90 47 38 39 40 38
69 67 68 69 70 72 76 76 81 77 81 85 87 95 104 101 103 104 107 104 102 108 107 95 76 109 152 158 154 154 141 136 129 125 116 97 84 94 117 129 142 153 165 177 188 189 187 189 187 189 191 192 194 193 191 192 189 185 180 175 169 164 162 162 163 161 161 162 162 162 161 159 157 151 148 146 142 138 132 134 129 130 126 93 49 36 42 39 39 39
83 76 69 65 64 63 69 80 76 70 76 86 87 88 92 91 96 99 101 100 99 99 98 95 72 82 118 141 148 151 142 139 130 122 122 116 98 97 115 128 136 149 162 175 186 188 184 185 187 188 189 190 191 192 192 193 191 187 181 173 166 160 155 153 152 147 143 143 145 148 148 147 150 149 147 143 140 134 133 121 129 132 96 49 36 40 37 36 40 38
81 88 90 88 87 84 85 93 84 84 85 82 80 89 95 89 85 91 93 94 96 91 88 91 83 69 88 110 117 121 117 115 113 106 107 107 96 90 104 120 135 150 164 175 185 187 185 186 188 188 188 187 188 188 187 187 186 185 180 174 167 160 151 145 137 132 129 131 135 140 144 145 147 145 141 138 137 133 126 127 128 95 53 36 40 41 37 39 42 39
79 78 76 79 84 84 87 95 96 97 105 108 103 101 100 94 94 95 88 76 67 60 62 72 80 66 75 85 84 88 89 87 85 88 88 90 95 93 98 114 130 147 159 166 173 176 176 179 184 185 185 184 184 184 183 182 180 178 174 168 164 160 153 146 138 135 134 135 137 140 142 143 139 139 135 130 125 134 130 129 89 46 31 43 43 38 41 40 39 38
68 79 85 81 78 80 81 76 84 85 92 95 91 88 84 77 74 68 60 56 60 73 85 91 90 75 70 66 66 72 68 63 66 72 71 72 83 88 95 111 123 137 148 156 165 171 174 177 177 179 179 178 179 180 180 179 177 177 175 171 168 163 154 146 146 143 141 141 141 140 138 136 135 132 130 127 135 134 130 84 41 40 40 40 38 40 39 34 39 41
74 73 74 74 75 82 91 94 98 98 96 89 83 85 83 75 72 75 87 99 106 111 106 91 75 73 73 68 62 58 56 59 58 58 57 59 63 70 84 98 112 122 130 139 152 160 164 168 177 180 179 177 177 178 178 177 173 171 167 164 163 161 157 153 150 144 140 139 139 137 134 130 130 125 127 132 128 128 67 29 37 45 40 34 40 45 43 44 45 44
46 55 63 67 69 73 75 74 82 82 89 97 98 96 99 102 106 112 122 120 105 93 82 69 66 63 63 60 54 50 51 57 54 54 56 58 59 62 70 78 86 95 102 111 125 137 147 157 165 170 173 172 172 173 173 172 172 169 165 161 157 152 147 143 146 141 136 134 132 131 130 128 128 130 133 133 111 47 35 37 38 35 40 50 53 48 45 46 44 43
49 51 53 62 73 75 75 79 84 87 90 86 78 78 85 91 89 82 77 72 65 63 62 56 60 54 51 51 50 49 49 50 51 56 53 50 55 57 58 64 68 76 79 80 86 94 108 123 136 144 152 155 158 161 160 159 154 150 146 142 139 136 134 134 132 131 130 129 128 129 132 135 135 130 121 87 42 38 41 38 46 53 60 57 45 42 45 44 41 45
52 51 50 50 53 58 62 64 65 62 61 59 57 56 58 60 60 59 58 56 54 51 50 50 48 48 46 46 47 45 44 47 48 51 53 54 54 55 56 55 56 58 60 61 62 66 71 76 88 93 107 117 117 120 124 121 118 118 117 115 115 116 118 118 123 123 127 133 136 135 133 132 127 103 71 38 35 44 43 55 58 55 48 42 44 47 47 46 50 59
45 45 45 45 45 46 47 48 44 45 48 50 51 51 53 53 54 54 54 55 54 54 54 55 53 56 56 55 57 57 55 54 54 57 60 63 65 64 62 60 55 58 61 63 63 62 61 61 60 62 71 81 83 87 92 94 101 105 110 113 117 120 124 125 127 132 134 132 132 129 119 107 78 47 38 43 48 54 50 48 48 46 44 45 50 56 57 56 66 71
46 47 47 45 44 42 41 40 42 43 45 45 45 46 47 47 48 49 50 51 53 54 56 58 59 62 61 57 58 61 60 59 58 57 58 62 65 65 64 64 69 68 68 68 67 67 66 66 63 60 60 66 71 74 79 85 93 100 109 116 122 127 131 134 132 134 132 125 118 105 80 56 47 44 50 54 49 49 52 50 50 52 56 61 67 71 74 75 79 79
42 43 44 44 44 44 45 45 44 46 47 46 45 47 49 50 52 55 58 61 62 63 63 64 62 62 60 58 57 58 59 59 59 57 57 61 64 65 66 69 72 71 72 73 74 74 75 75 73 71 66 65 68 66 64 66 74 78 82 85 87 90 95 99 108 109 108 101 89 75 65 60 62 70 70 67 64 66 68 58 58 62 68 72 74 74 75 79 75 76
44 45 45 45 45 46 47 48 46 49 53 54 52 53 55 56 58 61 65 68 67 65 63 62 60 59 60 62 62 60 59 60 58 57 59 63 65 64 65 67 67 68 71 74 76 77 79 81 79 82 80 78 80 78 71 68 63 67 71 73 70 66 64 63 63 64 68 71 69 66 72 82 88 83 79 82 76 73 80 73 79 82 85 86 86 83 83 85 86 89
50 49 50 50 51 51 51 51 53 55 57 57 54 53 56 58 58 59 59 57 55 55 55 56 57 54 55 61 61 58 60 62 63 63 64 65 64 64 66 69 71 72 73 74 73 71 72 73 77 81 79 77 81 83 81 78 73 73 73 73 72 71 72 73 69 65 63 64 66 68 71 75 82 81 75 80 84 82 86 88 92 92 91 91 92 91 90 89 92 95
48 47 47 49 51 52 53 54 53 52 54 56 55 54 57 60 59 59 56 52 50 51 54 56 55 51 52 55 55 54 56 58 59 59 58 56 55 56 59 61 63 65 69 73 75 74 74 75 80 80 79 77 78 81 83 82 82 80 80 81 83 84 84 85 91 95 98 97 90 83 82 83 86 96 94 93 100 98 94 97 102 102 101 99 99 100 100 100 98 99
53 50 47 46 46 46 46 47 53 53 57 62 62 59 59 60 58 60 60 59 57 56 56 56 54 53 55 57 55 54 53 51 52 53 54 53 53 53 53 52 51 49 48 50 53 56 60 65 67 68 72 76 77 78 80 80 78 75 73 74 75 74 72 70 69 75 83 89 88 87 91 98 103 99 98 97 92 90 91 93 97 100 100 95 93 94 97 98 96 91
47 49 48 47 48 47 46 45 49 50 52 54 55 54 55 58 60 60 63 66 65 65 65 65 62 62 60 56 55 54 54 53 53 54 53 52 53 57 60 61 64 60 59 56 54 54 52 52 54 53 54 56 59 60 63 65 66 69 71 72 72 71 71 74 76 73 74 76 80 84 86 88 92 91 93 92 93 93 93 98 98 94 88 83 85 85 80 82 79 82
48 49 47 46 48 49 47 46 48 47 47 48 49 50 54 59 61 60 63 65 64 64 65 65 65 68 70 71 69 65 60 56 55 56 55 52 53 56 58 59 59 58 61 62 64 65 62 61 61 59 58 57 55 54 54 55 55 55 54 53 54 54 55 57 56 58 63 66 70 71 67 65 62 60 61 61 62 64 63 66 64 64 64 65 74 80 80 84 95 97
