147 148 146 145 149 150 150 152 148 148 151 152 151 158 169 175 188 195 183 176 185 189 176 155 149 145 144 136 138 145 145 153 158 159 154 143 138 147 151 143 137 136 131 130 137 143 145 147 138 138 138 134 124 115 118 124 128 134 138 139 139 143 158 175 178 176 173 182 187 200 197 198 200 194 192 187 173 156 158 172 176 177 179 176 173 173 166 161 156 153
145 147 147 147 151 157 161 164 153 147 145 155 170 180 178 170 167 175 169 165 164 154 146 145 142 138 144 140 134 132 130 136 136 139 142 142 141 144 147 145 147 150 149 143 136 128 123 124 128 126 129 137 142 142 141 140 141 132 124 122 123 120 120 125 130 137 147 157 157 156 153 155 156 160 167 173 174 174 178 184 183 182 184 181 175 171 165 163 164 161
148 145 144 149 161 174 175 169 161 173 178 170 161 160 164 168 166 152 150 154 146 139 140 135 142 130 132 132 125 120 116 119 116 118 121 123 124 125 127 131 132 136 139 139 137 134 136 141 138 139 141 142 139 136 136 137 131 128 126 125 124 123 134 150 153 152 151 144 140 136 139 140 143 141 139 138 140 144 147 148 149 150 158 164 167 168 166 167 160 158
140 145 152 156 158 165 169 165 169 164 161 164 164 155 151 155 153 152 150 148 142 133 128 127 111 98 92 87 81 81 86 94 91 96 98 99 105 108 109 112 115 109 104 103 105 105 106 109 111 110 112 117 122 124 124 122 117 115 116 121 124 122 122 126 123 128 137 135 140 139 145 138 138 132 126 124 124 125 123 119 123 119 121 123 127 130 128 127 127 128
154 163 173 174 168 167 170 169 164 161 156 152 153 153 151 149 152 157 153 140 129 118 109 109 94 92 93 98 103 102 95 93 95 93 86 80 81 80 79 81 88 83 82 90 100 106 107 107 108 113 119 120 116 111 108 107 112 114 118 124 127 127 125 122 125 119 116 111 115 112 116 107 113 120 128 126 118 116 121 123 129 128 128 125 125 126 119 112 118 119
166 163 164 170 174 174 169 163 155 150 149 155 163 167 161 152 152 145 139 132 128 125 120 119 119 118 111 102 97 92 89 90 90 89 90 95 100 99 99 101 102 100 102 107 108 108 107 105 98 98 99 101 100 102 107 112 113 115 117 117 116 118 119 118 117 117 120 126 126 122 133 135 135 139 141 137 133 137 138 132 129 130 132 127 125 128 124 120 131 132
161 158 158 164 167 164 161 162 160 164 167 160 152 155 156 146 146 144 132 123 125 113 99 110 93 90 85 84 84 86 89 89 84 84 86 87 85 85 86 87 87 87 88 86 81 79 78 76 76 76 82 90 94 95 98 100 95 95 98 100 103 113 124 130 133 139 143 153 145 137 135 127 124 124 125 123 122 128 128 120 119 123 129 129 130 132 130 128 132 132
166 168 170 172 168 158 158 169 167 155 148 143 135 132 125 110 98 89 83 77 73 66 61 70 77 71 68 70 67 65 66 62 65 69 71 63 53 54 56 51 52 53 56 58 59 64 68 68 69 72 79 87 87 84 86 90 93 95 103 113 118 120 122 121 128 132 123 122 110 115 119 111 107 102 103 106 105 109 115 115 104 104 108 111 114 118 117 118 119 120
176 179 181 171 169 166 175 170 163 156 144 129 113 99 89 84 70 62 56 55 49 48 42 40 42 39 45 51 48 49 51 47 46 45 49 54 53 50 49 49 46 46 46 44 40 41 47 50 52 56 57 56 56 55 59 66 69 69 74 78 75 73 72 69 70 75 72 70 65 62 68 68 74 78 86 87 85 92 101 101 101 101 101 104 99 103 104 103 97 102
166 162 161 170 181 174 167 161 156 149 140 131 123 117 106 95 94 85 70 67 57 55 59 58 59 60 71 78 72 63 60 58 62 67 78 90 97 102 106 108 99 92 81 68 57 51 43 35 37 40 42 42 41 40 41 44 45 43 46 49 49 48 48 44 51 52 54 61 59 51 50 52 53 51 53 57 58 60 60 58 58 57 56 63 63 69 75 83 73 76
153 166 165 160 149 135 122 118 109 109 113 112 106 104 107 107 111 106 90 90 80 77 83 82 93 86 83 83 81 85 101 118 138 146 159 169 174 177 179 176 174 170 162 150 139 127 108 89 64 51 39 33 32 36 39 39 45 43 45 49 51 52 51 48 50 53 56 55 55 57 56 57 55 55 57 61 61 57 54 55 53 60 62 69 74 85 96 110 114 115
153 160 138 119 101 94 92 107 115 103 99 101 97 97 105 111 105 105 96 97 93 90 90 92 87 80 82 103 134 156 170 180 188 191 194 194 192 193 193 190 187 186 185 182 181 179 172 162 149 132 111 88 65 53 48 43 35 34 37 42 47 52 56 56 59 60 65 60 60 66 67 71 72 72 70 73 81 87 96 108 117 132 139 148 157 162 155 153 148 132
124 109 93 88 80 111 137 136 126 118 121 130 130 124 118 114 108 109 104 102 104 106 99 108 104 121 143 164 182 188 188 190 187 188 191 192 191 193 194 192 190 185 182 181 180 181 182 181 181 178 177 171 156 142 129 117 103 101 98 95 94 96 100 102 96 84 83 81 76 70 68 79 79 82 79 78 84 95 112 130 154 164 161 154 145 130 106 94 83 66
89 94 85 91 117 148 159 156 142 149 158 160 154 147 142 138 138 138 139 136 140 146 137 149 157 173 186 189 189 189 189 191 188 186 187 188 186 186 189 192 195 190 189 189 188 186 186 186 187 185 187 191 194 195 191 183 181 182 181 176 172 170 170 171 165 155 149 141 127 106 87 81 71 72 70 71 75 76 77 81 85 81 67 64 64 62 51 50 48 47
97 101 110 137 169 174 175 179 179 186 187 182 179 178 177 176 172 174 176 177 177 181 176 182 189 193 194 189 188 190 189 185 180 181 189 197 195 188 189 193 198 195 194 194 193 194 196 195 191 194 195 195 195 195 195 195 192 195 195 193 190 186 181 179 184 186 183 179 176 169 159 146 111 91 69 59 58 53 47 46 43 41 34 35 38 43 46 53 45 47
115 126 156 184 199 190 196 200 205 207 202 196 197 195 192 194 194 195 195 198 190 190 191 191 192 192 193 191 190 192 190 184 177 180 192 203 199 188 187 192 201 202 203 200 197 199 200 198 197 199 197 195 196 196 195 197 194 194 190 186 183 178 172 169 178 181 179 186 189 187 188 182 176 158 133 105 72 44 35 39 41 45 42 42 41 45 44 46 34 42
147 159 192 202 200 204 211 208 213 209 211 211 205 204 206 205 202 202 204 203 200 197 197 195 194 196 197 197 197 197 192 187 187 192 190 185 189 177 180 189 206 207 206 203 200 202 205 199 197 196 196 196 197 198 198 196 193 193 192 190 183 175 170 168 174 182 178 181 181 182 191 186 190 186 180 172 152 110 64 36 39 37 40 41 43 45 43 45 47 47
181 189 208 209 207 207 210 209 212 210 212 215 213 209 207 208 206 206 204 202 202 201 200 202 202 203 204 203 200 197 196 196 199 187 186 183 181 166 160 188 201 211 209 206 209 206 201 201 200 200 200 199 197 198 200 200 194 193 193 190 184 177 171 166 171 169 171 180 183 187 193 181 185 188 192 187 181 177 152 114 63 41 41 41 44 50 42 46 44 36
199 206 215 213 217 213 210 211 210 210 209 209 211 208 205 206 207 208 203 200 203 203 202 206 205 206 208 207 201 195 196 201 197 191 179 166 145 122 153 188 196 208 207 204 208 207 201 203 201 201 201 200 199 199 200 200 198 195 192 186 181 177 172 167 163 161 169 176 175 179 186 186 190 186 190 188 180 184 186 174 152 105 56 46 48 47 47 40 46 37
210 212 213 208 213 209 208 209 208 209 207 204 205 206 205 202 206 206 204 202 203 203 203 205 209 208 206 202 197 195 199 205 197 185 168 122 93 108 173 201 196 199 204 205 205 210 210 207 203 201 201 203 204 204 201 197 198 195 190 184 178 174 169 163 154 154 162 169 177 183 186 195 194 191 189 188 190 190 185 178 180 173 141 88 47 44 54 52 47 48
215 213 212 209 211 206 208 207 209 207 209 211 210 209 209 207 207 205 206 206 203 204 207 206 206 208 208 205 202 202 201 199 198 178 124 89 101 149 196 203 193 189 198 203 204 213 216 210 210 208 207 209 210 208 203 198 193 192 190 185 178 170 160 152 145 145 156 165 175 182 182 190 194 196 193 190 191 188 186 189 182 180 180 167 104 41 40 53 56 55
212 211 213 214 214 209 212 209 206 199 201 207 206 203 206 208 207 204 206 207 202 205 209 208 209 211 210 206 203 203 200 197 189 145 96 124 134 165 194 200 194 185 189 194 202 213 216 216 217 216 215 214 211 206 202 199 195 192 190 184 175 164 152 143 131 127 137 150 164 180 187 190 196 200 201 195 193 194 193 188 186 180 183 182 178 125 45 26 42 47
218 215 214 213 213 208 213 213 212 205 203 206 206 205 207 209 204 202 205 206 205 207 210 209 210 213 214 211 204 198 194 193 174 121 126 137 110 158 197 208 202 187 186 191 201 213 217 222 219 219 220 217 210 203 199 197 196 190 184 178 168 154 141 132 119 116 121 129 144 167 186 194 199 194 196 201 199 195 193 192 186 189 186 178 180 184 139 63 28 31
217 217 215 216 218 210 213 213 212 213 209 205 207 209 205 201 202 202 205 207 210 211 211 211 216 217 217 212 201 191 191 195 153 124 134 129 136 162 185 206 203 184 186 193 200 212 215 219 219 220 221 219 212 204 198 195 190 183 177 172 162 145 128 117 106 102 94 102 132 162 180 187 192 197 198 196 197 199 198 195 193 191 186 190 181 179 183 151 67 30
216 214 215 215 213 213 212 208 210 212 212 209 208 210 210 207 205 204 207 208 206 210 212 207 213 216 217 207 194 182 185 185 147 143 128 132 190 189 193 207 205 187 172 189 190 202 216 213 216 217 220 214 202 199 197 188 182 176 168 159 144 131 122 107 80 84 99 105 135 161 176 177 187 189 192 197 198 198 200 198 195 193 192 190 186 180 177 176 148 71
216 213 214 217 218 217 213 205 211 211 211 209 207 208 209 208 207 205 206 207 208 211 212 209 216 217 217 202 182 172 181 181 147 137 97 96 144 178 200 199 199 177 159 183 192 201 210 209 212 214 217 211 198 192 188 181 178 169 156 142 133 125 104 79 73 109 122 125 154 178 186 185 189 188 187 192 195 193 194 196 197 196 196 195 192 186 180 177 173 132
217 215 216 220 221 221 216 208 212 210 210 208 207 207 208 209 210 208 206 208 211 212 212 212 217 217 216 196 170 163 178 175 143 112 84 79 92 127 179 202 201 174 149 177 192 196 203 207 209 210 210 204 194 185 176 170 166 156 146 131 122 113 91 76 108 141 137 137 137 169 191 194 198 197 191 191 193 192 195 198 200 200 199 198 197 193 187 181 170 160
217 217 221 223 222 223 221 216 214 211 209 209 209 208 209 210 210 210 208 209 213 212 210 214 216 215 214 192 164 161 176 169 136 100 123 118 109 128 173 201 196 170 145 177 195 194 197 202 207 205 200 195 190 181 168 159 150 133 128 121 106 88 84 108 141 164 166 161 102 126 187 196 201 202 199 198 197 198 201 200 201 202 201 200 199 198 193 187 176 172
215 218 223 225 224 225 225 221 216 212 210 211 211 211 211 211 210 212 211 211 214 211 209 214 214 214 211 184 157 157 172 161 124 89 94 64 63 118 171 195 187 160 134 170 190 191 197 202 201 198 192 188 184 175 161 151 139 128 121 103 91 95 112 144 169 184 191 180 99 76 181 206 200 199 199 202 202 201 201 198 201 203 204 202 201 200 196 192 186 177
215 218 223 227 226 227 226 221 217 213 211 212 213 213 212 211 211 214 213 214 214 210 208 212 211 214 204 171 149 152 164 154 123 82 42 35 59 121 163 181 174 147 128 172 193 191 195 192 192 191 188 184 177 168 154 141 125 118 105 89 96 125 148 164 188 194 198 199 148 50 145 201 206 203 199 201 201 198 199 198 202 205 206 205 204 203 199 194 193 183
216 219 224 227 227 227 225 219 217 215 214 214 214 214 214 213 214 215 215 215 214 211 209 210 209 211 193 157 145 153 160 148 124 92 56 88 113 134 164 178 168 139 125 177 192 188 194 189 184 184 185 182 173 163 147 128 116 102 100 117 138 156 172 184 194 199 198 207 188 58 86 164 197 206 200 193 196 196 197 201 203 204 205 206 206 205 202 198 199 193
218 221 227 228 225 226 225 220 218 218 217 215 214 215 216 216 216 216 216 215 214 212 210 208 206 207 183 148 146 157 160 145 121 98 78 110 132 136 170 169 158 130 125 183 194 186 193 188 181 180 183 181 172 162 142 118 104 105 121 150 172 184 191 189 194 201 193 199 198 94 47 113 169 199 199 187 192 196 196 200 204 203 202 204 206 207 205 203 198 197
219 225 226 226 227 225 220 220 216 217 217 214 214 216 217 216 214 213 215 215 212 211 210 206 207 195 175 152 150 163 161 149 119 107 103 110 126 151 169 170 150 119 143 187 197 188 185 191 184 181 187 183 178 166 135 115 112 134 165 180 189 194 196 196 197 200 200 197 196 124 81 107 132 181 195 183 185 192 197 200 199 199 201 202 202 207 208 201 202 198
218 224 226 225 226 224 219 219 217 217 216 214 213 215 215 213 212 212 213 213 211 209 206 203 199 194 183 163 154 159 157 151 121 106 111 129 140 158 170 166 134 117 166 199 194 192 183 185 188 185 188 187 184 165 135 129 147 170 183 193 186 195 195 199 200 198 200 197 192 148 125 150 148 163 181 188 181 179 188 198 196 196 199 201 201 202 205 206 205 202
218 223 224 224 224 222 218 217 217 216 215 213 213 215 213 210 210 211 209 208 208 207 203 201 197 193 186 169 157 156 156 155 133 106 102 110 119 150 173 163 130 140 190 204 191 194 191 194 195 194 196 191 180 165 157 171 176 186 182 191 189 192 188 196 199 200 199 201 190 152 134 178 190 172 173 184 180 173 179 190 193 193 194 197 199 199 202 208 209 207
218 222 223 221 221 219 216 215 215 214 213 212 213 214 212 210 211 210 204 203 207 207 203 201 199 193 184 170 161 160 158 158 152 125 113 109 116 158 182 157 131 170 199 203 195 191 194 194 200 199 204 198 184 177 179 185 189 186 175 163 178 190 189 193 201 202 197 200 189 155 130 180 206 198 183 182 187 176 172 183 191 190 189 192 198 199 202 206 207 207
218 221 221 220 219 217 215 214 212 213 213 211 211 211 211 209 210 207 201 201 207 208 203 200 199 194 187 174 166 165 163 162 159 140 135 134 138 168 177 145 153 195 201 199 197 189 194 191 193 197 204 200 187 184 185 186 192 190 179 137 134 175 193 192 200 202 200 202 192 171 133 159 197 205 176 169 188 181 170 173 185 188 188 190 196 201 203 205 206 207
217 219 220 218 217 216 214 213 211 212 212 210 208 208 207 207 206 204 201 202 207 208 202 197 197 196 192 178 169 166 167 174 168 151 151 159 163 175 179 163 188 207 203 193 191 192 196 194 187 193 196 191 185 180 183 191 187 188 184 141 100 144 182 196 196 202 206 208 203 177 127 151 201 207 177 167 190 190 174 165 175 184 189 190 194 201 205 206 207 209
214 216 218 216 215 213 212 210 211 211 210 208 206 205 205 204 204 202 202 204 205 205 200 194 195 195 193 183 173 167 169 181 177 166 165 174 182 187 190 189 199 203 200 191 188 192 191 189 192 191 187 185 185 182 181 182 185 185 184 160 108 123 165 193 195 200 205 205 206 178 129 158 201 213 204 184 192 201 181 165 166 176 187 191 192 199 207 208 207 210
211 213 215 215 213 211 210 207 210 209 208 206 205 204 203 203 205 202 203 204 202 202 200 194 192 190 191 189 182 171 168 179 186 182 176 178 188 196 197 199 196 199 195 188 187 189 189 187 188 186 186 183 177 180 188 185 184 186 181 162 127 115 153 179 195 192 203 200 200 184 135 140 192 209 212 178 182 209 188 164 161 169 182 189 191 198 207 208 209 213
207 208 211 214 212 209 208 209 207 208 207 205 203 204 203 201 199 198 199 204 200 198 200 190 192 191 189 186 184 181 180 183 189 193 191 192 194 192 195 198 190 194 188 187 184 188 187 183 185 184 188 187 180 181 190 194 193 199 190 175 143 128 137 162 181 193 196 200 199 184 134 106 161 204 220 192 183 209 198 168 155 156 172 186 190 198 206 207 210 215
202 204 207 210 210 207 206 207 205 205 204 203 202 202 200 198 197 198 198 199 195 193 196 190 191 190 188 188 189 190 191 195 202 205 206 206 201 195 194 191 188 188 191 185 180 188 181 183 186 187 191 193 193 198 205 208 213 205 188 176 150 138 138 145 160 184 187 197 204 182 144 124 190 220 224 202 185 200 200 172 149 147 165 182 187 197 207 207 211 215
198 200 203 206 206 205 204 204 204 203 202 203 203 201 199 198 195 199 198 195 191 190 191 189 188 187 184 186 190 193 196 201 203 207 211 213 207 204 206 201 204 197 194 187 185 196 190 191 191 197 201 203 207 212 215 218 223 212 192 179 160 146 139 140 140 173 184 186 196 173 142 132 198 219 213 203 186 187 191 166 146 139 159 179 185 198 209 207 208 210
197 198 201 203 204 203 203 203 203 200 199 201 202 199 198 198 196 201 200 196 194 191 188 187 189 186 183 184 188 192 194 198 202 206 209 211 208 206 207 203 201 198 191 194 194 199 199 194 194 202 203 200 201 204 207 211 217 210 189 175 164 144 131 134 132 158 184 180 194 178 139 123 180 211 207 197 179 174 180 170 149 136 155 177 184 198 209 206 202 203
196 196 198 201 202 203 204 204 200 197 196 198 198 197 196 197 199 202 200 196 197 194 188 186 192 189 185 185 188 190 192 194 200 205 205 207 207 202 198 195 197 196 191 192 186 187 187 182 186 193 190 185 187 191 194 199 204 197 179 167 157 134 121 122 124 143 179 181 187 174 140 126 167 199 201 186 170 173 178 173 151 134 153 174 181 197 207 203 200 199
202 201 200 200 199 198 197 196 199 196 195 197 197 196 196 197 200 199 197 195 197 195 189 188 190 187 183 183 185 186 186 189 194 196 192 192 192 186 181 180 185 176 178 179 178 186 178 176 176 182 182 179 182 183 180 180 187 182 177 165 147 127 126 126 125 134 165 183 187 167 136 121 132 170 190 179 162 172 178 172 151 134 153 171 180 198 205 202 200 197
197 196 196 197 199 199 199 199 198 197 196 197 198 197 197 198 196 193 194 194 195 195 190 192 188 186 182 180 181 181 181 183 185 184 181 184 184 180 180 181 178 168 171 173 168 170 155 147 156 162 168 173 179 181 178 176 173 175 177 161 142 130 139 138 121 130 160 185 187 164 126 122 153 187 204 196 183 190 187 172 149 134 152 169 178 197 203 200 198 194
198 197 197 197 198 198 197 196 195 195 196 196 196 196 196 196 190 187 192 195 195 194 191 193 191 189 185 182 182 180 180 182 177 175 176 181 176 170 170 168 162 163 165 169 157 152 150 146 149 154 159 162 164 167 168 169 168 172 169 150 141 135 142 137 119 121 146 165 175 168 125 134 168 198 200 189 181 184 181 170 146 133 150 165 176 195 198 195 195 190
195 196 198 197 196 196 196 195 195 192 194 192 192 194 195 195 190 190 194 198 197 194 193 192 190 187 184 179 177 176 174 177 174 171 165 171 162 158 152 151 150 152 138 141 141 133 140 138 144 149 152 155 157 154 151 155 161 172 156 142 138 140 147 137 117 116 131 153 161 156 125 146 184 193 197 196 184 178 180 170 144 134 147 161 174 192 195 192 191 190
193 194 195 195 195 195 196 196 194 193 193 190 190 192 192 196 193 193 196 197 196 196 194 189 187 183 180 174 169 169 167 168 169 166 165 155 149 148 148 144 138 140 130 134 138 134 136 133 135 136 138 143 148 145 143 146 154 159 147 133 132 141 148 139 120 113 125 147 153 147 126 153 191 203 204 179 167 178 181 161 141 136 150 163 173 188 191 188 190 188
194 195 195 193 192 192 192 193 191 192 191 188 189 190 189 194 194 195 196 194 193 196 194 187 186 181 177 169 160 160 161 161 163 154 151 138 141 136 134 135 131 133 128 130 136 138 138 134 135 134 134 137 140 138 138 143 144 150 148 137 135 144 143 131 126 121 126 140 149 148 123 134 153 182 180 143 153 172 170 155 137 136 150 162 173 187 190 187 189 186
190 191 191 191 191 193 195 196 189 190 191 189 189 190 188 190 192 193 193 191 190 193 192 186 187 180 176 164 152 153 156 156 153 140 138 128 116 113 125 125 129 130 129 126 130 136 136 136 138 142 143 140 135 132 135 141 145 150 151 135 132 141 138 132 128 132 137 143 149 146 128 143 148 170 152 123 154 170 164 154 138 139 149 159 171 186 188 184 187 184
189 189 190 190 191 193 195 195 191 187 190 190 188 190 190 188 191 190 191 190 188 188 188 186 185 178 173 160 146 146 148 148 134 133 119 116 112 119 125 124 132 134 136 131 129 133 134 138 139 149 154 147 136 133 136 140 145 150 147 129 130 139 136 137 134 133 135 145 153 142 136 168 177 185 160 141 159 163 161 146 143 146 153 160 169 180 182 179 185 181
190 190 190 189 190 191 191 191 193 186 189 189 186 190 191 189 190 189 190 191 187 184 185 186 183 177 170 155 143 142 141 140 130 117 100 108 116 132 136 134 139 143 149 146 139 137 138 144 147 156 161 152 141 138 141 144 146 151 147 135 139 144 137 137 135 138 140 147 153 142 143 174 183 182 148 144 160 163 160 143 144 151 158 163 169 176 180 180 184 181
185 185 186 187 190 192 192 191 190 186 187 187 185 188 189 188 189 188 190 191 187 185 185 186 184 176 165 149 141 141 139 137 131 99 107 109 95 129 158 148 145 151 158 161 153 145 147 151 156 161 164 157 144 137 139 143 147 151 146 139 142 144 140 139 136 140 145 152 155 140 132 139 157 147 125 147 163 164 156 150 147 154 159 164 170 175 180 183 183 180
184 184 185 187 189 191 190 188 186 184 186 185 185 187 186 187 186 187 189 190 187 187 187 186 184 174 158 141 138 141 139 138 108 100 124 102 100 150 175 161 151 157 164 172 165 153 156 160 162 166 171 167 151 137 134 136 136 142 142 140 141 141 140 139 143 140 146 153 149 137 148 169 158 119 106 151 160 162 153 151 155 158 159 162 169 174 179 182 179 177
181 186 187 185 185 188 189 187 186 185 183 184 184 179 177 184 182 182 186 187 185 187 188 182 184 186 155 134 135 134 141 123 105 122 121 126 149 173 187 169 149 153 166 171 176 151 159 168 167 172 170 168 162 145 130 121 122 126 141 139 138 138 140 140 140 144 147 150 153 126 147 154 121 92 126 149 157 158 156 156 160 159 160 164 168 172 177 181 177 178
182 183 183 183 185 187 185 180 184 182 180 182 183 179 178 182 180 181 184 184 183 183 182 179 183 185 155 136 133 134 131 111 121 137 133 171 188 187 193 182 155 148 167 173 176 159 164 171 171 175 171 171 170 155 137 124 113 113 129 132 136 140 141 135 144 151 147 155 153 143 144 119 74 83 131 149 154 160 160 157 160 161 163 166 169 172 175 178 178 178
181 183 184 182 180 181 182 184 183 179 179 182 182 179 180 181 182 185 186 187 187 185 182 183 185 180 151 138 132 136 128 117 140 146 183 209 212 197 190 187 168 145 165 176 177 171 170 173 170 173 171 174 177 167 150 135 115 105 114 122 130 138 143 137 143 150 144 156 152 122 112 84 64 95 139 154 158 157 155 156 160 162 165 167 170 173 176 177 176 175
177 180 182 180 177 176 181 186 182 177 178 182 180 178 180 180 180 184 184 185 187 183 181 185 188 175 147 140 134 140 132 134 147 137 169 152 181 204 189 189 176 144 154 173 178 179 178 175 174 178 176 177 178 171 159 147 130 111 109 116 127 134 142 141 144 151 152 156 150 67 52 45 74 114 144 152 157 154 153 159 161 162 164 165 170 175 178 177 172 170
175 173 173 175 177 177 178 179 179 176 178 180 177 175 177 177 179 182 181 181 184 180 179 185 188 174 147 140 136 145 139 143 125 136 162 128 126 166 183 184 176 147 141 167 176 180 182 179 179 182 179 178 177 173 167 160 144 126 113 112 125 132 139 139 149 152 158 158 138 39 35 53 89 134 152 150 153 156 159 163 162 164 165 166 171 175 176 173 168 165
175 172 170 170 171 173 176 178 177 176 178 179 177 175 176 177 180 183 181 179 181 179 179 184 187 177 148 135 137 154 154 150 111 128 146 114 127 146 169 176 177 156 136 164 173 176 182 181 181 181 176 175 176 175 172 166 154 141 121 109 118 128 138 138 148 145 155 165 104 24 38 76 126 151 152 153 157 160 160 164 166 168 169 170 172 172 168 164 164 160
171 171 169 168 168 170 174 178 175 175 175 176 177 175 174 176 178 180 178 177 178 178 179 182 186 177 147 130 142 163 166 152 111 66 56 41 102 133 166 168 176 157 132 160 170 175 181 181 185 182 176 176 177 175 171 164 160 152 135 118 114 117 134 138 151 145 152 154 60 30 75 119 148 152 147 155 159 163 160 165 168 170 173 173 171 167 162 158 160 157
166 164 164 167 172 175 172 167 170 172 171 171 175 173 171 174 177 178 177 176 177 178 181 182 184 174 146 132 150 165 165 145 103 61 40 53 118 138 162 169 169 149 123 154 167 179 182 182 184 181 178 180 180 178 175 169 162 155 147 134 117 107 126 138 148 149 152 133 35 55 118 145 145 154 154 159 158 167 166 165 169 171 173 173 169 164 160 159 156 154
157 157 160 163 167 169 167 164 168 168 168 169 171 170 169 168 169 169 171 172 172 172 177 182 181 174 149 138 154 168 159 140 103 75 109 159 159 146 158 173 171 148 127 143 168 180 186 183 187 183 180 181 183 181 175 170 164 164 152 144 127 105 115 140 144 150 138 110 43 99 129 146 150 152 158 160 158 158 161 164 168 171 171 170 164 162 164 160 153 146
155 157 158 157 156 158 164 168 167 166 165 165 167 168 168 168 168 168 170 172 173 173 175 178 175 170 149 141 157 170 162 144 119 68 108 148 140 134 158 166 170 150 127 146 175 181 182 183 188 186 183 181 179 177 175 173 168 166 156 145 132 113 110 130 149 140 124 117 94 127 138 148 150 150 153 154 153 156 162 166 168 172 172 170 164 160 159 153 145 140
155 154 153 153 157 162 166 168 164 163 160 160 162 164 165 166 167 167 169 171 173 173 173 174 174 169 154 148 159 169 161 142 133 102 107 139 166 167 164 173 164 149 126 149 184 185 181 181 183 184 182 179 175 174 174 174 173 167 160 147 138 124 109 119 142 151 137 124 126 141 143 148 153 154 158 161 162 164 168 170 173 177 174 171 166 159 154 148 144 145
146 150 156 160 161 161 161 161 163 163 161 161 164 166 166 166 166 165 165 167 170 170 169 168 170 163 154 154 161 170 165 143 137 125 146 194 168 155 163 165 169 152 129 151 185 187 186 185 182 184 185 183 183 183 181 178 174 167 161 151 142 132 118 116 131 155 143 123 132 144 154 160 158 160 165 169 170 171 171 170 173 174 170 167 162 152 147 144 135 136
148 150 152 151 149 150 153 157 161 162 161 161 163 165 166 166 164 162 161 162 165 166 166 164 168 158 154 158 161 169 167 145 134 129 117 140 143 155 160 164 167 146 134 160 185 184 181 178 176 178 180 180 181 181 178 175 174 169 160 155 144 136 132 122 122 133 129 140 157 163 167 171 167 167 168 170 170 171 171 170 165 163 158 157 153 144 140 139 130 113
147 147 146 145 145 147 152 156 158 159 158 157 159 161 162 163 164 163 162 162 163 166 166 164 167 157 153 157 159 167 167 151 125 136 121 96 120 149 156 163 163 136 139 168 181 179 179 179 175 177 179 180 179 177 176 176 175 170 161 157 147 140 142 133 128 131 140 168 178 175 171 170 171 170 170 171 170 171 170 167 159 155 151 152 148 141 137 132 120 83
132 139 148 151 150 148 150 154 156 158 159 159 159 161 161 162 162 163 162 162 163 164 165 163 161 156 149 151 159 167 170 164 138 125 132 117 123 145 161 161 152 133 154 179 181 182 180 178 175 175 178 180 179 177 177 178 177 171 163 157 151 148 147 146 147 151 161 171 168 165 167 166 166 166 167 169 168 167 164 160 158 154 151 149 143 138 130 114 85 58
135 135 137 141 146 148 149 149 151 156 159 159 159 159 158 158 157 159 160 159 159 161 161 160 162 161 150 148 159 164 167 170 158 129 117 111 111 130 150 154 147 136 164 178 173 179 177 171 172 171 173 178 180 179 178 179 178 171 164 156 156 154 149 155 153 152 160 160 160 159 162 157 163 163 164 166 165 165 163 159 156 154 151 145 136 131 118 92 58 59
133 134 135 136 139 144 146 145 148 150 155 159 156 153 155 159 160 158 158 159 158 159 160 158 159 161 157 150 150 157 162 162 163 158 133 118 111 117 140 143 143 150 165 173 168 167 171 172 171 170 172 176 179 179 179 179 172 169 171 161 155 154 147 151 155 152 149 155 160 157 157 158 162 165 166 165 165 164 162 162 157 150 144 139 129 113 87 61 50 90
110 123 131 132 135 139 139 138 146 147 151 155 154 153 154 155 156 155 157 158 156 157 159 158 157 160 158 151 148 152 156 159 159 159 155 147 133 125 132 144 157 159 167 172 167 166 167 165 166 165 165 169 174 176 176 176 169 168 168 161 155 153 148 151 151 153 149 150 154 154 157 160 166 165 165 166 166 162 158 158 151 147 136 123 106 80 56 46 73 94
96 105 111 116 125 128 130 137 137 142 148 151 151 151 151 150 153 152 155 156 153 152 154 155 154 157 157 153 150 150 152 155 155 152 160 157 150 140 133 147 161 161 166 168 164 163 165 164 163 161 160 164 169 171 171 171 166 167 165 161 156 152 150 150 150 156 152 150 154 155 158 161 163 164 164 165 166 163 155 148 142 133 115 91 67 49 50 65 82 73
87 98 107 111 116 120 124 130 130 135 139 139 140 143 147 149 151 150 153 154 150 148 150 151 150 151 151 151 152 151 150 151 157 154 158 154 155 153 142 150 163 165 169 169 163 162 164 165 164 162 162 165 167 168 168 168 165 167 163 160 157 152 152 150 151 157 153 153 158 157 156 157 158 164 164 157 154 154 149 140 124 101 75 56 46 52 69 80 70 49
79 95 106 102 97 106 117 118 124 128 126 123 126 133 139 141 145 144 147 150 148 147 148 148 145 144 144 146 150 150 150 151 152 158 159 157 158 155 150 154 161 164 169 169 164 162 164 164 161 161 162 164 165 164 163 162 164 165 161 159 157 154 154 152 152 154 152 154 158 156 156 157 159 162 160 155 151 145 128 108 77 60 45 42 51 66 72 67 57 50
76 79 89 97 96 101 109 111 125 130 130 128 130 131 125 121 123 122 126 130 131 133 134 133 135 135 136 138 141 142 146 150 148 154 154 159 161 155 155 156 159 160 163 164 164 164 163 161 160 161 162 164 165 164 162 161 162 162 159 157 157 157 155 155 156 156 156 158 158 156 160 161 155 151 147 142 130 111 84 61 46 45 42 47 63 70 62 53 48 57
100 91 93 105 112 115 123 132 133 137 134 128 123 114 102 95 93 94 98 101 103 106 108 104 115 118 121 124 126 128 132 136 144 145 146 153 157 154 156 155 161 161 160 161 162 163 161 158 164 163 164 166 168 168 166 164 162 159 160 156 157 160 156 158 159 159 161 163 159 157 158 151 151 141 128 108 80 58 46 40 43 41 42 53 66 67 61 59 75 90
98 103 107 107 109 116 124 129 137 135 121 103 89 79 73 73 82 83 87 89 90 93 94 89 94 98 103 109 113 115 117 119 122 127 137 144 146 150 155 157 154 154 154 155 158 161 161 160 162 160 158 160 163 165 162 160 164 159 162 157 158 162 156 159 158 158 162 164 158 154 149 132 112 96 75 55 42 42 46 46 45 44 57 75 81 82 91 103 115 127
96 104 113 113 108 107 107 104 106 102 93 81 73 79 92 101 112 113 106 101 98 100 103 97 96 97 98 102 106 106 106 108 109 111 115 122 132 140 144 147 148 149 149 154 154 152 156 154 156 155 158 161 159 159 161 160 161 161 161 163 163 161 161 162 162 161 151 147 137 117 99 81 61 51 46 42 36 43 53 53 63 83 105 110 110 116 126 136 145 149
116 107 110 119 121 122 124 120 126 120 119 128 138 147 155 160 159 150 141 140 138 136 140 137 138 132 128 130 131 127 123 124 121 121 118 114 115 121 130 136 145 145 144 149 151 152 158 158 158 154 153 151 145 141 137 133 128 126 124 122 120 118 119 121 116 115 100 86 71 58 52 42 39 39 42 48 57 72 86 95 114 124 133 132 134 143 152 158 165 169
126 114 110 115 118 120 122 121 120 122 131 143 148 147 146 145 141 137 132 126 122 126 131 122 111 103 99 101 102 97 94 97 107 114 117 115 113 115 119 122 124 129 135 143 144 140 139 136 125 114 102 93 84 79 77 73 68 69 73 75 73 68 66 66 62 59 49 50 56 60 64 58 65 83 99 112 124 131 140 152 153 160 164 163 164 170 175 176 176 178
93 120 128 115 110 115 118 121 116 111 105 101 101 106 110 108 100 94 99 107 103 94 83 68 57 52 50 52 53 54 58 62 69 76 82 84 86 90 93 93 99 99 97 94 89 85 86 88 87 82 78 78 79 79 79 78 78 73 71 74 77 76 72 69 73 74 76 84 91 98 114 126 140 148 150 152 158 157 154 158 157 161 161 161 160 159 161 159 158 161
60 88 111 120 123 118 114 119 128 127 127 126 126 128 128 125 124 120 126 129 123 116 109 101 95 89 80 70 60 56 54 52 53 56 56 54 55 58 60 60 58 59 60 63 69 75 83 91 96 98 104 112 117 120 121 121 119 117 114 114 112 110 110 111 111 110 109 113 115 115 123 130 132 136 138 141 146 146 142 142 144 141 137 140 143 144 149 151 151 155
88 75 74 92 108 112 114 118 125 121 122 126 129 133 140 145 144 143 144 141 140 145 141 134 130 129 126 120 113 107 98 87 79 77 71 63 60 60 63 65 68 73 84 96 110 118 119 123 127 127 128 130 131 130 132 135 130 130 131 131 127 120 117 117 117 117 114 109 106 106 109 111 115 119 123 125 127 130 135 139 139 143 144 148 142 133 137 140 136 141
97 101 99 87 81 89 98 98 106 113 126 133 130 127 131 137 134 132 135 133 130 128 126 131 128 125 124 123 123 127 129 126 118 118 117 115 114 113 111 111 115 113 114 113 117 118 113 117 121 122 123 124 123 121 123 127 131 124 121 125 131 132 127 123 124 129 134 135 136 140 143 145 142 143 143 145 150 154 155 156 156 153 145 148 150 147 147 142 134 139
60 76 88 93 96 96 88 81 79 84 91 98 104 113 119 120 123 128 128 120 120 124 121 123 120 115 113 110 105 104 107 107 103 101 99 103 108 112 113 115 116 116 119 118 121 123 122 130 132 134 135 135 135 133 136 142 146 143 141 138 135 131 131 133 131 128 129 131 134 138 140 144 150 154 152 148 143 134 126 124 135 140 138 144 149 151 155 149 146 149
71 68 66 71 82 96 104 108 100 103 92 83 86 83 92 98 104 110 117 120 124 125 119 116 122 124 121 115 112 114 114 112 109 108 110 110 113 117 115 114 119 121 126 127 129 126 131 129 129 132 132 133 131 129 127 122 122 127 124 119 119 124 130 130 128 117 114 109 111 110 102 89 77 82 99 125 145 151 137 116 101 94 87 79 75 86 95 93 94 103
79 79 84 88 86 81 79 81 100 113 115 112 113 101 99 96 91 97 106 113 123 129 126 125 119 118 116 116 117 117 116 117 120 119 120 119 120 121 117 115 115 116 119 119 118 113 117 114 109 109 107 108 107 105 106 104 114 122 124 123 120 115 109 100 96 88 85 74 71 77 87 91 81 66 56 56 63 87 125 154 134 119 123 131 124 116 107 92 88 98
