230 230 229 231 229 228 227 213 213 213 204 190 186 159 125 105 90 83 73 79 73 58 59 53 55 50 49 48 50 54 54 56 53 48 54 49 49 48 48 48 45 51 56 61 58 54 59 59 58 50 52 54 45 46 39 49 51 43 49 45 38 44 48 51 54 57 58 57 53 50 51 55 48 34 41 44 54 45 44 39 38 38 47 48 46 57 70 77 70 67
227 225 217 214 215 215 215 213 209 206 202 173 126 88 81 81 80 71 69 67 62 57 54 58 56 51 50 50 49 46 44 51 43 42 50 48 48 46 48 47 48 47 45 49 49 47 50 48 51 50 50 52 44 48 46 45 45 44 43 37 41 47 38 38 46 45 39 37 47 58 52 38 43 45 57 59 55 41 47 54 70 78 87 92 95 98 98 92 85 84
216 219 222 216 215 221 210 191 160 130 106 90 85 79 80 76 71 60 60 54 50 50 47 53 46 47 48 47 49 48 45 49 42 41 42 39 41 40 45 44 47 44 42 46 47 46 47 43 45 51 55 59 50 53 55 47 44 48 47 40 44 47 41 46 41 45 49 52 52 48 48 50 46 46 40 45 57 68 86 98 105 117 119 115 108 99 99 97 98 98
223 219 224 217 197 172 137 115 105 97 93 84 79 67 61 54 48 48 49 45 38 33 34 37 47 39 33 35 40 36 35 46 35 37 35 35 38 35 39 33 41 41 43 45 44 45 47 47 45 48 50 52 49 52 54 51 48 47 49 47 43 42 43 50 45 46 46 46 41 35 32 34 36 59 68 89 107 119 126 126 123 120 104 103 103 97 100 100 98 98
231 205 178 151 130 114 103 108 105 87 75 61 50 46 48 41 45 42 37 33 30 30 32 35 38 35 30 25 28 30 29 34 28 30 27 27 31 29 35 32 31 32 34 34 30 31 36 41 36 41 47 40 41 44 43 50 52 44 44 45 43 41 39 38 34 34 34 32 28 29 42 58 88 106 109 124 136 135 127 118 113 111 99 98 94 84 86 83 72 72
174 135 111 106 110 119 111 90 74 60 48 41 44 42 45 46 39 36 39 33 32 32 26 31 34 28 27 29 29 27 28 37 25 27 28 27 30 26 31 33 33 32 36 34 30 30 31 32 34 33 37 34 54 63 48 40 45 43 38 37 40 40 37 37 38 32 29 33 41 54 82 109 119 123 120 126 134 123 111 102 96 97 89 86 87 90 96 94 88 88
113 105 115 121 101 84 73 50 47 45 42 45 58 52 40 36 41 44 47 42 35 32 34 44 37 33 33 29 26 31 34 36 33 30 31 29 34 33 36 43 45 44 48 48 46 46 41 38 39 42 43 29 32 33 35 40 42 46 42 40 44 43 44 52 49 43 44 64 93 113 116 113 117 128 137 128 119 98 90 86 101 109 110 109 114 112 104 99 89 90
127 131 108 79 61 54 52 45 40 48 59 54 47 45 52 52 47 47 35 39 44 42 49 47 41 36 41 44 41 41 37 32 32 28 36 39 49 48 44 48 50 46 50 50 51 52 47 45 39 44 50 46 42 26 28 29 34 34 33 38 41 35 36 43 54 60 80 102 107 99 101 115 118 116 112 89 93 96 106 106 92 92 81 68 68 67 64 75 82 84
118 81 55 54 63 52 54 46 54 54 57 50 44 47 48 46 38 44 45 49 44 43 42 45 41 42 46 41 39 40 35 33 36 43 45 44 48 54 55 53 59 56 56 49 42 52 61 80 95 74 74 92 94 69 32 32 36 39 42 53 50 51 64 70 71 88 101 98 90 94 104 109 104 102 101 105 111 88 72 76 76 82 83 77 68 71 84 83 74 69
62 63 57 49 51 49 49 46 60 48 50 59 56 43 37 43 49 51 45 45 42 40 38 45 50 45 43 37 34 36 37 42 44 52 57 62 76 87 83 71 61 54 55 71 76 60 60 105 161 148 134 126 123 121 62 27 38 41 51 53 65 68 73 76 82 80 81 81 82 91 99 99 106 100 100 90 99 90 100 106 102 87 84 85 94 103 93 80 79 73
67 55 51 52 48 52 50 50 49 52 58 56 48 43 44 51 47 43 37 41 43 47 50 57 45 36 33 34 40 51 63 76 83 91 105 123 140 146 141 134 127 118 126 148 148 129 117 137 161 161 160 158 153 150 75 29 31 42 65 58 76 80 77 81 77 63 67 79 80 86 93 89 93 91 90 96 99 105 97 84 84 74 84 78 72 71 57 60 64 58
59 50 50 54 49 59 54 53 47 50 57 52 46 50 53 53 51 48 51 58 57 62 62 62 57 56 62 76 93 111 128 141 152 160 170 178 184 184 179 174 174 163 164 167 161 170 172 168 160 159 165 173 167 145 73 31 36 49 69 62 71 70 60 58 57 68 70 67 72 77 81 90 87 91 99 92 84 80 84 80 74 67 75 66 59 59 54 64 62 55
51 55 54 57 57 56 43 54 56 51 57 59 58 66 71 70 74 78 82 83 82 90 92 99 112 120 132 145 157 167 176 180 185 191 189 184 186 191 186 176 171 172 169 166 160 163 160 161 163 163 163 164 168 159 141 123 134 135 132 125 119 109 93 80 70 58 56 68 77 81 83 81 76 74 74 72 70 65 62 59 51 50 52 50 51 53 50 52 60 53
59 59 56 54 54 57 54 58 52 45 59 79 88 93 97 100 111 122 125 121 122 127 126 142 150 161 170 176 178 180 186 186 191 193 193 193 191 188 186 187 183 182 176 177 176 175 171 177 172 176 178 177 183 178 188 185 181 181 174 177 170 168 167 159 137 113 86 71 65 59 55 55 50 52 45 52 45 48 41 46 54 58 53 53 54 49 44 37 42 36
60 51 56 59 51 49 60 56 57 70 101 129 134 126 131 152 156 159 160 159 159 162 161 177 178 185 187 188 186 185 188 187 189 182 182 192 197 192 188 191 187 186 183 188 189 196 194 190 199 195 193 195 197 188 189 187 189 189 186 184 178 173 182 177 175 167 158 129 76 39 41 55 65 71 78 85 95 97 95 90 74 78 70 63 59 51 50 50 48 43
51 59 64 54 54 61 70 49 87 122 149 152 155 161 168 181 186 176 182 190 187 188 182 186 181 184 183 188 189 186 185 179 179 188 192 187 183 186 192 197 195 200 194 193 193 199 201 203 205 203 202 201 195 195 191 193 184 182 185 180 184 178 186 179 176 175 170 166 156 123 81 56 68 76 74 79 77 90 84 77 77 79 73 68 65 56 50 51 50 45
63 59 53 53 60 63 73 96 135 158 172 175 178 179 180 187 192 192 193 194 193 189 189 192 188 181 187 178 183 182 178 184 183 182 182 197 190 195 184 190 195 191 188 192 193 196 206 207 210 207 207 203 203 197 193 187 185 179 177 176 176 180 179 172 177 176 172 174 167 156 136 96 52 38 50 39 36 46 34 45 47 39 43 39 49 45 41 48 49 48
62 57 55 52 60 71 101 155 172 177 179 180 183 186 188 193 193 194 196 198 197 193 190 190 186 183 187 180 178 182 193 184 165 165 185 201 212 196 179 191 200 195 190 191 191 194 206 208 205 204 204 201 202 198 196 192 186 183 178 171 162 163 172 174 174 174 173 176 172 166 159 144 112 57 35 37 32 38 53 54 53 46 44 36 42 40 38 40 37 37
59 50 58 56 71 115 150 178 189 189 190 193 196 199 197 193 195 197 199 202 202 199 196 194 198 192 191 186 185 189 187 160 147 159 182 195 208 189 184 197 197 194 193 194 191 193 203 206 206 204 204 199 200 197 195 189 186 182 173 168 162 162 173 174 173 172 171 174 175 172 162 152 143 114 75 69 72 64 65 62 63 61 58 51 52 49 48 46 41 41
56 58 58 64 103 149 174 195 193 198 199 197 200 206 205 199 200 201 202 202 201 199 197 197 197 193 196 194 194 186 158 136 131 174 185 193 196 175 182 202 195 195 199 200 195 194 202 207 208 207 206 201 204 202 200 194 187 181 170 168 164 160 168 167 167 170 174 173 174 173 163 155 151 141 119 95 81 76 70 63 64 59 54 53 57 58 58 50 47 48
55 62 66 91 137 171 189 200 200 206 205 201 204 207 206 205 208 208 206 204 201 198 197 199 201 197 199 203 195 168 135 126 147 183 187 174 146 140 183 204 198 198 203 202 194 193 199 206 209 206 205 202 205 203 200 194 192 188 179 172 159 150 158 165 169 169 173 172 173 178 174 168 158 146 138 110 73 55 54 60 46 45 45 49 44 41 44 41 46 47
58 66 80 124 168 186 195 198 203 206 206 208 212 209 205 207 207 207 206 205 203 200 200 202 199 203 201 199 163 124 119 131 169 186 177 120 86 113 183 201 191 191 200 203 200 202 206 211 209 205 204 201 203 198 196 191 188 184 180 171 155 143 147 159 169 169 172 178 179 178 174 169 162 162 151 137 110 67 37 36 44 37 38 46 39 40 42 43 37 37
65 70 118 174 187 189 199 197 207 204 204 208 211 209 207 209 203 202 201 203 203 200 200 204 203 207 196 183 140 113 127 147 173 185 142 76 70 117 172 194 193 190 198 204 207 211 211 211 213 208 207 205 205 198 197 196 192 183 179 164 140 120 114 125 154 169 178 185 184 177 175 172 161 156 145 142 134 103 66 45 36 25 26 29 18 26 30 35 42 41
71 104 155 183 191 198 202 205 208 205 207 210 209 209 209 206 210 206 204 206 206 202 202 207 207 209 195 168 130 121 134 160 188 164 93 59 56 117 176 193 186 178 184 193 205 216 218 217 221 216 214 208 204 194 193 193 183 176 176 156 127 107 100 119 149 169 171 176 183 181 179 173 166 161 154 147 145 138 130 135 134 114 106 96 71 63 43 32 30 29
95 148 176 188 198 199 206 208 210 205 207 211 210 209 211 210 210 210 205 207 208 207 210 207 210 209 199 161 132 126 126 167 185 142 72 64 98 116 170 188 190 172 182 195 201 209 220 221 224 223 215 213 205 197 189 190 181 176 165 151 128 97 92 89 107 138 159 175 182 182 179 178 173 164 160 154 149 153 133 138 151 164 162 165 159 154 138 123 105 94
121 169 191 198 200 197 207 213 211 211 212 213 213 213 211 206 211 209 206 207 208 207 208 208 217 209 205 172 128 118 133 176 177 114 59 105 164 148 159 191 180 163 182 197 202 211 224 226 228 224 215 211 207 204 190 185 179 174 168 141 115 94 80 73 79 104 136 159 173 175 180 180 171 177 165 162 151 157 161 141 130 147 154 162 162 170 173 171 172 164
152 182 191 197 203 202 209 213 209 212 213 214 216 216 212 209 211 209 212 215 215 212 209 210 219 214 203 163 127 116 122 171 171 101 57 104 121 155 153 204 180 153 174 196 204 215 221 217 221 221 218 211 204 201 185 179 171 165 150 122 107 82 59 58 57 63 92 111 140 151 161 161 166 181 172 172 170 167 165 159 144 142 143 156 159 163 167 169 170 168
180 193 194 199 207 208 211 211 211 213 214 216 219 215 213 216 215 209 212 213 213 213 211 218 223 215 201 162 133 111 101 164 166 91 47 62 80 107 153 208 180 147 171 197 202 207 209 206 210 207 209 208 205 205 184 171 156 149 133 117 97 59 49 62 57 58 81 88 92 111 134 158 164 172 179 187 181 172 172 171 157 144 138 146 153 160 166 166 170 174
185 196 199 203 206 207 212 214 215 218 219 220 220 215 213 218 216 210 214 215 215 215 214 222 218 219 210 170 124 100 102 152 156 71 80 122 69 99 159 195 178 143 166 195 198 193 193 194 200 198 202 207 204 201 181 167 153 131 122 107 72 47 64 83 70 68 121 139 131 121 125 139 157 179 185 191 189 180 184 176 174 167 160 146 142 152 163 162 164 170
199 207 210 210 209 209 213 213 212 219 222 220 218 217 216 216 215 214 219 222 222 219 217 221 217 219 206 174 118 85 103 147 150 68 88 91 23 80 142 184 163 136 156 189 195 185 185 189 190 191 197 204 199 193 178 163 138 119 114 80 51 57 91 124 106 57 118 179 187 189 173 154 164 184 197 197 204 195 186 185 180 173 169 156 146 144 154 162 163 169
203 208 210 209 210 215 218 215 214 218 221 220 217 218 218 216 219 219 219 221 220 217 219 221 217 222 209 166 110 86 104 143 139 62 34 27 19 76 143 180 155 142 161 190 195 177 179 186 186 188 188 199 197 193 176 149 126 104 82 53 65 104 139 170 136 57 102 139 206 208 207 196 190 182 205 212 210 205 198 193 193 181 178 169 160 144 142 150 157 164
206 212 216 213 212 219 225 223 224 221 223 223 218 216 218 217 222 224 222 226 224 219 221 220 217 213 215 164 99 84 98 144 134 67 54 60 82 108 148 170 149 143 158 190 205 192 191 193 191 199 197 204 194 184 165 132 103 80 63 70 113 155 180 186 141 52 88 142 162 205 214 206 205 200 203 210 213 206 213 201 201 196 193 172 163 148 141 139 146 156
211 214 217 218 219 220 222 224 231 227 226 222 222 224 219 220 220 224 224 225 223 220 223 218 214 211 211 176 110 84 99 132 132 71 50 82 118 126 153 174 151 153 166 195 209 206 198 203 200 204 196 205 197 178 149 107 80 74 103 136 160 183 192 197 167 72 55 98 139 184 209 215 208 207 197 203 201 205 203 205 206 207 201 191 173 154 140 132 138 141
209 213 217 219 222 223 225 227 227 227 229 226 225 224 220 222 224 225 223 224 222 221 222 215 214 214 206 174 120 106 103 129 132 86 63 97 137 150 166 168 160 162 175 204 218 219 213 216 210 207 202 207 197 165 123 100 111 126 155 177 190 194 194 205 176 91 74 116 151 153 188 203 210 211 200 203 203 205 209 211 207 205 205 205 191 168 149 134 129 140
209 213 217 221 224 226 227 228 226 226 227 225 223 224 224 228 222 222 220 222 222 221 222 217 213 213 201 176 131 124 111 123 130 104 79 94 128 147 175 166 162 169 187 213 220 220 214 214 215 210 206 208 186 151 132 141 164 179 186 188 199 206 206 206 189 109 107 175 177 144 165 181 197 209 204 198 203 202 208 208 212 208 206 206 203 197 177 145 127 130
212 215 218 222 225 227 227 228 229 229 228 226 224 222 220 222 223 223 224 225 223 223 223 221 210 209 203 189 149 134 122 121 129 123 96 106 95 172 194 175 166 181 203 219 215 213 210 207 209 207 207 215 186 162 173 188 185 190 194 200 204 208 209 201 188 126 109 165 197 175 167 172 184 204 210 196 201 200 206 208 214 216 213 208 206 207 197 173 148 125
214 217 220 223 226 227 227 228 229 229 226 224 223 222 224 227 224 222 224 224 220 218 215 212 208 203 196 187 160 133 134 130 128 130 114 124 137 156 192 178 171 193 216 224 213 209 204 197 198 196 199 210 197 193 204 204 201 188 187 201 207 205 207 203 194 141 97 173 193 181 150 167 174 185 206 198 195 194 202 208 215 216 215 217 215 208 199 189 175 140
214 217 220 223 226 228 228 229 227 230 230 230 226 220 221 223 228 223 224 225 223 221 214 209 203 203 200 197 186 154 149 144 140 135 137 113 151 191 201 201 204 213 217 212 197 196 193 190 200 199 203 205 205 215 210 206 201 186 172 175 194 209 210 205 198 160 112 172 219 214 189 178 165 161 190 202 192 187 194 199 208 212 213 217 219 214 204 192 186 165
212 215 219 223 226 227 227 228 225 228 225 225 222 219 224 228 225 219 221 221 220 218 209 205 201 200 200 197 192 174 163 159 152 153 163 137 146 204 219 206 208 209 204 200 194 194 193 196 197 201 204 201 198 202 191 191 184 185 173 153 164 193 208 216 211 168 112 131 182 209 198 148 166 161 175 201 197 188 191 193 196 210 218 217 213 215 211 198 187 179
210 214 218 222 225 226 225 226 227 227 221 221 220 218 222 224 223 218 221 219 215 211 203 200 202 196 201 195 185 187 174 168 171 178 180 176 177 187 200 200 198 196 190 194 193 192 190 197 197 201 197 197 191 189 189 191 188 193 189 160 149 168 191 215 214 175 126 106 189 214 210 168 172 174 164 190 198 190 190 194 199 206 216 220 215 213 211 199 186 180
208 213 219 220 221 223 224 223 222 223 223 225 220 215 220 223 218 217 218 221 218 210 204 202 201 199 198 198 193 191 184 186 192 195 192 189 194 190 193 195 195 193 193 188 192 190 189 192 196 195 192 192 190 186 193 203 210 204 199 182 157 151 175 204 214 185 145 115 176 215 220 209 182 193 164 171 188 190 188 186 195 205 215 216 210 208 219 207 192 185
207 210 212 214 217 220 222 222 221 220 221 220 215 214 218 224 215 218 218 215 215 213 208 205 201 203 202 200 194 195 192 196 197 202 202 199 201 194 194 194 189 187 188 185 191 191 189 189 192 190 185 190 197 203 212 218 220 221 204 189 169 138 144 183 212 182 137 109 128 190 217 201 173 201 165 164 183 185 184 188 192 201 218 224 219 213 217 208 192 182
207 206 206 208 212 216 218 218 219 216 220 216 212 214 216 224 216 221 217 211 210 208 202 199 200 202 201 198 194 198 197 202 199 208 212 211 211 202 199 197 197 195 195 191 198 197 193 191 196 196 200 213 220 218 222 228 230 221 193 183 167 130 128 156 199 182 142 119 138 201 222 209 177 202 170 160 171 179 187 183 189 196 216 219 218 218 217 207 190 176
206 204 203 206 209 212 212 212 215 211 216 212 210 214 212 217 209 212 210 208 209 204 199 199 198 197 195 195 194 198 197 202 205 214 220 221 223 218 218 216 209 206 205 200 207 209 207 205 204 206 208 216 222 221 217 209 210 210 192 186 166 128 120 128 174 182 135 108 140 209 220 219 193 195 173 149 159 169 184 177 183 192 214 213 217 226 220 207 190 179
203 201 201 204 206 207 208 209 212 207 210 206 206 210 205 207 203 206 205 204 206 203 199 200 198 195 193 196 194 196 193 199 204 210 212 210 212 209 211 208 202 198 195 187 191 192 193 194 196 188 185 193 196 192 193 194 206 203 183 177 168 142 125 109 151 179 123 105 120 199 217 208 196 179 171 138 159 165 178 181 178 193 218 215 217 221 207 193 192 184
201 198 197 200 201 201 204 208 212 207 207 202 203 206 202 201 206 209 207 203 201 201 199 195 196 194 193 195 191 191 187 192 195 198 200 196 196 191 189 182 183 180 179 173 177 178 181 186 178 178 177 178 176 178 185 186 187 185 182 179 163 151 140 109 130 163 111 98 101 154 205 206 178 153 170 143 157 159 169 171 175 192 218 217 213 206 193 185 183 177
199 195 195 198 199 197 200 205 208 206 203 200 201 203 202 198 204 205 206 205 202 203 203 198 194 195 193 190 186 187 182 183 188 191 192 189 189 184 182 173 171 170 172 167 170 167 169 174 167 163 163 170 171 169 173 173 165 170 185 178 152 154 151 111 106 141 106 88 95 118 177 192 155 135 164 148 151 158 167 167 172 190 211 209 206 202 197 194 185 176
199 195 195 198 199 196 197 201 200 202 199 199 199 200 201 196 201 197 202 208 206 204 204 202 196 196 192 187 184 189 181 177 183 183 179 170 167 164 165 158 159 159 164 162 165 160 159 164 160 160 161 164 161 161 169 171 163 175 180 163 151 161 147 103 91 121 95 87 117 162 196 197 166 158 172 153 150 158 160 167 171 190 206 200 198 197 196 191 184 171
192 187 192 197 196 197 198 200 200 199 198 197 195 195 197 198 203 199 204 206 200 200 205 204 203 192 192 188 182 180 172 167 170 169 163 151 154 155 160 158 155 153 157 160 163 157 150 163 163 165 159 165 158 158 171 175 177 186 176 151 159 156 140 99 86 109 93 89 135 180 195 184 165 164 163 149 151 154 159 163 168 191 203 198 194 194 190 187 181 170
186 187 191 192 194 196 195 199 202 200 196 193 193 195 197 198 201 201 202 201 198 198 201 205 198 192 189 188 176 162 158 157 153 156 152 149 149 143 147 157 153 153 156 158 162 163 158 158 166 170 170 165 158 158 164 175 174 177 168 146 157 152 139 102 90 114 86 103 143 179 195 186 153 157 147 148 148 156 158 159 170 189 198 192 188 189 187 183 175 164
185 191 191 188 193 195 192 199 200 199 196 193 194 196 195 192 191 199 201 200 203 201 199 203 203 201 192 179 152 137 145 145 144 138 144 138 108 118 147 147 151 148 152 163 164 159 156 150 164 169 171 164 164 158 153 157 168 175 160 140 161 156 134 97 100 114 89 107 127 155 176 165 113 147 153 146 147 160 158 161 168 186 196 191 187 186 183 179 177 166
183 186 186 184 190 191 190 197 198 198 196 194 194 195 191 185 176 186 192 194 200 200 198 201 198 199 186 151 115 118 137 132 127 132 127 80 86 143 149 146 151 147 150 159 155 152 158 152 156 167 170 170 175 165 163 156 161 176 149 133 162 163 129 99 112 109 103 119 135 146 179 193 141 128 149 154 156 159 162 164 166 184 196 193 188 186 183 179 175 164
190 186 187 188 189 189 189 194 197 198 196 193 193 194 191 186 185 190 192 194 197 200 202 203 193 195 173 120 92 109 122 117 123 131 97 99 114 136 189 167 172 175 171 160 148 153 166 160 156 168 174 174 169 163 167 164 173 182 149 144 159 156 125 115 131 122 114 139 179 198 205 193 138 137 158 160 164 165 159 154 168 182 191 191 188 188 186 182 173 162
188 180 183 187 185 184 185 189 191 194 195 194 194 194 191 187 189 187 188 189 190 193 196 195 198 195 158 101 88 107 112 114 123 104 74 107 80 139 199 181 179 182 181 173 161 159 165 163 164 166 178 176 164 171 169 170 180 177 156 163 155 137 121 131 143 137 122 138 148 176 168 114 114 156 159 161 170 165 151 159 168 177 185 189 190 191 186 178 172 163
179 176 182 187 185 186 189 192 187 189 192 193 193 192 189 187 182 179 180 185 189 193 194 192 195 187 144 95 88 104 114 121 111 82 92 101 131 174 194 188 186 181 184 190 187 173 163 166 170 169 175 175 154 163 154 155 161 157 153 159 149 128 131 144 148 134 140 161 146 156 144 96 124 161 166 174 170 159 157 162 167 174 183 188 190 190 183 174 168 160
178 178 185 185 181 182 182 184 188 187 187 188 189 189 189 189 187 183 182 187 192 194 193 191 192 183 142 102 89 101 118 121 87 73 116 171 198 182 196 194 189 182 182 188 196 190 174 177 170 177 174 177 146 150 148 152 148 150 151 144 146 133 146 152 156 137 155 171 178 179 156 125 142 159 171 174 175 158 158 161 168 175 183 187 186 186 183 177 170 162
173 176 181 185 183 181 180 182 186 186 189 188 183 184 188 188 185 179 184 193 194 187 183 185 192 178 133 90 83 100 124 117 74 88 132 176 205 192 208 197 178 177 180 194 202 190 192 191 182 184 179 184 156 125 143 152 151 141 147 140 139 144 151 163 157 135 146 159 158 138 89 120 153 168 180 179 170 166 164 161 169 173 179 184 184 180 176 174 167 160
167 172 177 179 179 180 180 178 180 181 182 179 177 183 188 186 187 180 187 189 188 186 182 190 186 168 112 77 81 98 135 116 62 84 107 119 139 184 212 188 171 164 173 191 203 200 201 199 189 189 188 185 167 136 122 131 143 142 147 150 151 154 162 167 159 141 152 175 169 124 89 138 168 174 178 175 167 160 159 161 168 170 177 180 179 180 176 168 161 153
159 167 174 177 179 182 180 175 184 186 185 179 177 185 189 182 180 176 188 188 187 188 182 189 188 163 109 77 88 104 139 101 57 124 135 85 112 168 189 181 156 151 174 190 196 198 203 207 192 192 192 184 172 146 112 105 128 145 150 158 159 160 167 169 147 131 141 133 99 82 116 165 176 176 173 165 159 155 158 165 168 174 178 177 177 178 172 163 155 149
157 163 167 168 173 179 182 181 185 185 185 180 179 184 183 174 170 170 182 185 187 189 183 184 181 150 109 76 93 118 149 102 56 97 74 29 72 161 173 175 148 140 171 187 193 201 204 205 197 199 193 187 175 156 132 104 106 134 146 158 160 163 169 172 140 122 129 96 62 90 158 175 173 171 167 161 158 163 168 166 166 176 177 172 172 169 161 157 155 149
149 156 163 167 172 176 179 182 179 178 179 179 179 181 179 172 169 173 177 182 183 184 184 181 176 146 113 82 98 127 155 100 49 50 35 27 67 141 152 161 138 131 170 187 193 206 207 205 201 200 190 187 176 161 149 122 102 114 132 153 160 165 168 165 106 59 42 38 82 134 169 165 160 159 162 158 150 154 161 159 173 175 175 172 169 166 162 159 151 145
125 141 155 165 170 170 169 171 180 177 178 181 180 180 180 176 172 179 180 183 182 180 184 179 177 146 106 82 97 129 164 109 50 62 78 93 125 142 142 163 130 130 173 189 192 205 206 201 198 193 185 182 175 162 149 139 120 104 116 142 158 162 165 146 71 30 27 58 125 154 158 162 159 150 147 146 142 150 165 172 175 166 167 170 164 163 164 157 147 142
111 132 150 159 165 168 171 176 179 176 178 179 177 178 178 175 176 180 182 184 184 182 182 178 170 133 98 87 104 139 164 111 55 78 139 170 128 133 158 162 131 135 177 190 192 203 202 191 194 189 186 180 177 169 154 152 138 115 106 120 150 152 158 127 48 25 50 96 140 148 141 134 135 132 137 149 162 167 168 169 174 168 168 171 169 166 163 156 149 145
92 119 141 150 157 164 168 172 173 172 176 177 175 177 179 176 180 178 181 180 183 187 182 180 166 120 96 92 115 156 166 121 69 116 171 175 140 131 157 163 127 141 187 196 190 197 200 195 189 187 186 181 178 175 165 156 151 138 108 101 138 138 145 110 43 39 76 109 108 100 105 102 117 137 156 168 175 171 164 165 167 172 171 171 174 166 155 153 146 142
85 102 129 142 158 162 169 170 173 175 174 174 177 177 176 178 178 181 181 181 182 181 180 182 163 121 100 104 126 158 168 133 77 98 171 163 124 146 160 152 127 159 193 193 187 193 197 192 187 182 184 182 176 173 168 162 157 146 127 94 111 122 106 75 46 51 70 74 81 84 105 129 151 161 170 171 168 165 163 162 167 168 168 169 169 164 157 152 150 140
73 85 111 131 151 158 166 165 173 173 174 175 177 180 182 181 180 179 177 179 181 177 176 181 172 141 114 108 130 158 170 151 97 73 97 107 121 155 159 153 136 180 191 193 193 194 180 189 184 181 183 183 177 177 174 167 158 152 136 109 84 93 78 60 66 73 90 100 123 140 154 162 168 168 168 166 162 161 163 168 166 168 170 170 165 158 156 161 153 143
68 73 91 112 136 150 162 165 159 164 171 172 171 178 186 187 181 180 177 178 180 178 177 181 187 164 125 102 124 154 168 159 117 80 60 90 135 150 172 145 153 186 187 191 190 189 180 186 185 183 188 188 178 177 175 164 157 150 131 115 83 70 78 92 107 127 151 158 168 171 172 171 171 169 165 163 161 159 163 171 167 167 167 167 166 161 158 157 148 139
66 70 79 95 118 136 152 162 168 170 172 172 173 179 179 174 176 179 177 172 174 176 176 176 179 177 147 111 118 145 165 163 142 92 72 82 138 176 161 145 175 187 186 185 183 177 183 182 187 186 189 186 174 175 178 169 161 155 138 132 110 85 112 134 158 169 179 180 178 171 167 168 160 160 158 155 153 151 153 160 165 169 168 163 161 162 159 154 153 145
62 72 78 88 106 123 137 152 163 170 174 174 178 182 179 175 174 178 177 172 172 173 173 173 174 180 166 131 119 138 168 174 161 128 89 107 151 165 146 168 181 190 182 179 181 174 180 184 183 185 190 189 178 175 178 168 162 153 140 128 103 107 142 160 167 171 172 176 175 169 163 162 157 159 156 152 155 159 163 167 171 172 170 163 161 164 162 156 152 146
61 71 74 83 94 107 119 135 148 163 173 175 177 178 179 181 177 178 178 177 176 171 170 175 171 174 175 157 136 137 163 172 173 159 136 127 157 156 157 176 179 188 178 183 178 181 179 183 183 186 186 185 178 175 179 172 165 153 153 127 110 112 131 151 159 167 169 173 168 165 162 162 161 161 154 151 157 163 164 164 169 166 166 165 163 161 157 151 153 148
69 68 68 79 83 93 101 115 134 144 156 165 173 179 181 180 177 177 176 177 177 171 170 174 172 170 176 170 150 139 159 173 176 163 159 135 151 155 171 180 183 184 180 185 176 183 180 178 179 182 180 182 181 178 180 173 170 163 165 146 141 130 134 152 159 168 166 172 168 167 163 161 159 159 154 153 162 166 166 167 168 170 175 173 165 160 159 157 156 152
83 72 71 87 85 91 95 103 115 124 141 154 162 171 177 177 177 180 179 178 179 177 175 177 174 167 169 173 169 157 164 170 172 171 160 148 151 172 172 179 181 180 181 176 180 185 184 181 186 185 176 177 178 174 177 172 166 168 156 159 147 152 155 157 165 170 165 171 165 163 161 163 163 163 159 159 165 166 167 173 172 171 170 165 160 161 161 155 155 152
92 81 83 89 91 94 94 93 98 101 124 139 145 152 157 173 173 175 175 177 182 179 173 174 173 167 170 173 168 168 171 168 171 168 167 153 153 173 177 174 178 180 177 175 180 184 182 181 179 181 176 177 175 174 177 168 168 165 163 163 157 158 164 163 170 171 167 165 163 163 164 161 162 160 165 165 170 169 170 171 169 172 167 163 159 157 159 155 151 153
77 95 79 81 94 88 95 103 87 94 109 115 123 135 141 149 161 167 169 172 179 180 177 177 178 173 170 172 175 176 174 172 169 167 174 161 160 174 170 174 179 180 180 182 186 185 182 184 180 182 176 176 171 164 171 174 174 170 162 162 167 167 168 167 167 168 164 165 164 160 163 169 164 163 172 170 169 171 174 170 169 166 161 164 164 160 158 152 152 154
77 78 84 78 86 99 95 103 101 92 86 89 100 114 125 130 141 156 165 167 170 171 171 174 168 171 169 168 171 167 164 168 166 169 175 169 167 170 166 173 181 183 185 186 187 183 180 181 178 179 173 176 179 176 178 180 172 170 163 164 168 168 168 167 163 168 161 158 163 164 163 161 162 170 175 168 170 167 162 158 153 148 145 146 143 140 141 137 138 142
86 87 87 97 89 86 99 84 95 102 93 91 102 98 97 110 121 136 147 153 158 160 163 169 166 172 172 171 171 167 166 172 163 170 168 169 167 163 170 171 171 178 180 179 179 180 179 179 181 181 176 177 180 180 177 170 176 176 178 179 170 167 172 171 169 169 165 166 169 167 167 169 178 166 140 106 94 84 72 65 59 49 41 41 51 73 95 101 107 113
98 93 88 91 96 95 93 100 89 97 96 96 98 96 99 104 109 116 122 131 143 149 153 161 163 163 163 165 168 168 168 169 165 168 164 166 162 161 172 169 169 174 178 177 176 177 178 178 176 177 180 180 176 178 182 178 175 170 169 174 174 176 178 171 168 172 172 170 167 171 177 173 141 84 51 44 45 41 42 39 42 37 36 34 37 52 70 78 90 98
102 92 98 103 89 87 98 100 103 94 94 102 102 97 97 103 103 106 107 110 114 116 122 134 149 152 161 166 167 167 167 165 167 163 167 165 162 167 170 170 174 175 178 181 179 175 175 178 180 177 184 188 181 179 183 182 179 180 176 175 176 174 175 176 170 175 175 174 178 181 160 121 73 57 58 56 51 49 53 51 48 48 52 48 40 40 51 67 79 89
92 101 99 103 105 95 90 85 96 100 98 99 110 101 92 113 96 102 103 99 95 89 89 97 116 127 144 156 158 160 163 164 166 163 169 168 167 171 170 175 174 173 175 178 178 177 178 181 181 177 181 185 183 182 182 180 182 184 181 180 180 178 180 182 185 184 181 175 155 123 88 59 54 48 45 37 39 38 36 33 37 36 41 44 47 44 40 47 62 72
96 100 99 98 102 105 97 85 87 92 103 98 99 111 104 94 97 103 104 103 103 96 86 82 83 93 110 127 142 153 159 161 163 165 168 172 174 170 173 180 181 180 180 179 178 182 185 185 180 180 181 178 177 182 185 185 185 183 185 188 183 182 187 184 181 170 147 120 86 54 44 46 44 32 32 28 28 29 34 33 38 35 31 29 38 44 43 49 58 69
99 98 100 98 96 101 110 117 88 81 90 100 95 96 106 111 91 84 91 92 97 95 97 92 83 82 84 97 109 125 140 155 163 163 171 169 175 180 177 176 176 183 178 178 181 182 179 188 183 182 190 184 190 194 189 194 187 185 178 179 178 168 148 143 128 104 85 59 47 48 39 37 35 35 35 31 31 25 28 27 29 33 37 35 29 29 35 37 46 61
99 104 103 107 104 95 101 115 119 97 80 82 89 92 103 120 118 103 94 91 93 80 80 83 83 83 79 78 81 94 108 132 148 161 168 174 174 177 178 182 184 183 179 186 183 182 184 185 190 189 178 167 151 143 121 91 85 85 90 100 96 99 99 95 80 70 66 57 51 51 43 40 35 33 31 29 31 27 29 26 27 26 32 39 38 31 28 30 38 53
115 107 99 91 96 102 96 100 119 115 106 86 72 84 101 102 118 94 76 82 100 94 78 53 60 72 78 77 78 77 81 117 143 159 160 175 177 175 172 178 174 181 178 174 168 175 180 172 168 145 70 45 47 41 42 64 74 78 82 105 116 109 94 83 63 56 50 44 40 39 40 40 41 39 36 33 35 30 30 25 24 26 26 28 32 32 27 23 25 38
118 114 107 108 100 89 95 97 97 99 104 110 99 77 70 82 103 97 89 84 77 81 92 80 70 85 89 82 80 74 78 128 158 175 168 158 148 131 133 156 165 173 173 175 177 177 162 155 161 153 101 67 75 82 81 85 92 107 106 98 75 61 55 46 46 44 39 42 42 40 44 44 36 38 41 41 42 35 33 26 29 32 26 21 27 33 31 27 23 32
148 128 119 110 104 100 91 90 96 96 93 96 106 103 84 67 67 80 94 98 86 85 94 89 89 97 97 76 63 72 96 147 166 172 153 113 106 90 91 112 134 120 104 109 150 182 161 149 157 160 149 88 67 74 76 69 71 75 58 54 58 56 48 47 48 45 37 39 40 36 40 39 43 43 42 39 40 37 38 34 31 30 24 24 27 25 23 28 26 31
228 212 170 138 120 109 106 103 90 83 84 89 92 99 101 91 75 68 71 94 105 100 88 89 88 91 98 92 91 118 135 146 141 151 149 107 104 85 73 72 66 66 68 85 132 178 172 161 166 169 156 78 53 46 42 49 49 50 50 50 47 58 55 39 38 38 33 38 41 40 43 43 37 40 41 42 47 46 47 40 37 37 34 30 29 27 25 27 27 28
233 232 228 211 186 155 129 127 109 104 90 79 79 84 85 85 90 86 78 78 89 99 80 72 80 92 113 135 153 171 154 123 126 135 140 117 107 86 78 69 69 60 65 111 159 180 174 169 166 169 143 69 49 52 50 42 43 43 45 42 34 36 33 41 40 42 41 43 45 45 47 49 47 49 48 45 49 48 51 46 45 45 41 34 30 30 28 22 28 27
231 232 234 235 232 223 207 187 151 135 123 108 87 78 76 68 72 62 64 69 64 63 50 60 98 125 147 160 167 172 161 151 148 146 146 138 115 88 82 71 67 66 73 129 169 169 169 175 176 151 99 67 71 63 59 61 59 53 51 45 41 44 35 45 43 47 50 50 51 53 55 61 62 64 62 55 56 55 61 60 57 48 45 45 41 33 28 24 27 26
230 233 233 235 230 233 232 233 220 213 186 168 157 127 101 71 70 61 63 59 58 47 34 81 144 154 117 134 158 167 156 162 162 165 168 158 128 100 89 82 72 74 110 161 170 162 164 150 124 87 62 77 76 75 70 71 74 66 70 72 62 57 58 53 50 48 47 54 54 56 54 57 55 50 52 49 55 59 62 61 65 65 62 57 56 45 36 24 23 28
234 233 230 234 232 235 232 230 236 235 232 230 218 203 201 177 125 90 80 70 61 57 47 81 157 154 96 100 130 157 161 171 154 147 148 159 164 159 147 130 130 138 158 166 135 112 116 106 86 79 77 87 74 71 72 75 72 67 75 83 76 76 80 76 80 78 74 77 73 71 67 68 71 66 68 64 65 64 62 58 61 67 72 74 78 68 58 43 28 34
