104 97 101 81 68 72 73 69 95 91 76 75 77 72 64 75 83 78 70 71 55 51 71 59 60 68 79 81 83 66 48 52 36 32 43 41 45 50 63 82 66 61 65 83 104 101 81 73 84 97 93 67 93 149 172 171 159 142 167 171 179 186 191 184 177 169 168 147 130 141 149 103 77 64 59 55 63 94 111 100 90 96 89 52 63 54 63 53 48 54
72 82 89 67 69 80 81 84 89 90 100 90 82 69 72 78 84 74 68 67 59 64 69 50 58 58 68 65 57 45 64 59 43 43 38 30 34 41 61 50 40 66 84 86 83 76 72 75 87 89 76 70 79 82 139 165 154 145 153 152 161 184 175 177 174 161 160 143 132 125 102 67 58 50 51 50 45 55 74 86 86 82 75 63 76 79 61 44 38 37
77 78 70 71 73 101 91 87 91 108 117 97 79 82 74 69 74 70 75 68 63 69 64 56 63 45 47 41 39 142 185 157 112 138 137 92 52 32 28 28 55 85 91 89 97 98 97 97 77 84 76 65 65 84 78 112 113 129 139 150 139 132 148 153 149 138 124 107 105 90 67 59 49 48 39 36 39 35 41 63 72 78 80 89 93 65 53 38 36 44
71 70 77 75 75 94 103 103 111 100 102 90 73 93 99 100 96 79 73 64 56 49 39 46 45 45 46 35 84 230 208 224 117 96 136 181 214 201 160 106 93 92 75 91 113 91 73 80 85 112 123 114 67 93 76 90 100 122 111 101 110 120 132 144 135 126 116 103 77 60 62 55 41 33 29 29 28 33 42 42 54 77 88 98 95 65 55 45 61 67
78 88 100 89 96 108 120 120 92 80 89 90 103 106 99 102 82 62 50 46 51 63 59 45 52 47 46 36 50 146 197 238 183 125 144 152 182 202 223 223 207 186 143 128 121 89 74 82 112 115 125 135 93 67 68 66 68 84 61 68 71 73 75 101 106 105 98 95 78 59 50 43 43 36 34 35 29 34 46 43 53 66 79 88 79 67 35 47 78 64
70 89 110 112 121 146 149 129 100 102 122 118 94 77 68 70 57 52 56 58 57 74 82 61 56 52 63 58 42 39 80 144 212 181 177 193 190 194 210 216 222 228 221 216 215 206 179 143 126 93 101 127 120 75 67 42 53 65 51 59 63 62 69 66 68 71 92 103 84 68 50 44 57 42 25 31 40 36 37 39 55 71 74 64 64 65 45 53 62 53
96 70 78 95 111 113 119 111 101 86 76 77 63 54 44 51 51 43 47 50 40 43 68 88 65 70 62 49 43 45 38 28 101 160 162 214 229 223 223 221 226 225 226 228 234 245 245 233 220 201 169 148 124 66 52 33 35 45 62 48 58 59 52 45 58 66 76 87 84 75 57 61 57 38 29 38 34 31 46 49 59 71 67 57 68 56 46 38 37 48
117 95 75 90 101 111 102 103 98 76 60 46 42 45 49 38 39 45 48 43 42 43 53 78 68 60 60 51 44 50 45 45 36 58 92 134 193 226 220 225 228 220 215 216 224 229 232 239 224 218 226 219 190 134 104 66 52 35 49 61 57 59 66 60 70 73 69 78 73 68 59 52 54 44 34 37 34 35 52 55 73 80 71 52 51 53 41 36 36 46
89 92 83 100 105 104 98 97 90 74 59 52 47 37 44 33 35 47 42 45 52 50 53 52 55 50 54 48 43 47 41 46 49 49 47 64 116 175 195 205 216 212 203 213 228 229 231 230 231 221 224 229 229 231 222 203 183 132 33 44 54 54 50 60 78 77 77 61 58 64 55 52 62 46 29 44 43 50 45 63 71 54 44 45 46 40 32 33 36 41
68 75 73 71 76 71 68 56 67 76 67 70 68 64 55 54 53 45 47 55 55 46 45 51 47 48 46 46 55 55 42 49 57 62 67 87 110 137 149 153 151 145 142 158 188 215 231 233 234 236 236 236 235 231 230 228 222 226 116 23 47 45 44 60 62 58 63 61 61 61 52 57 54 53 46 59 47 42 50 58 58 45 38 36 36 33 28 29 33 36
64 71 82 86 72 78 79 70 65 75 66 59 57 63 55 52 58 56 56 47 48 51 46 50 43 44 50 50 59 50 48 49 78 98 118 150 167 179 189 191 185 178 171 163 158 162 184 214 232 227 230 235 224 220 227 220 223 221 187 61 41 48 55 57 58 51 43 55 61 54 53 50 57 48 43 53 47 43 54 53 47 41 36 31 29 28 26 28 41 43
90 84 76 79 69 75 80 97 96 82 84 79 78 74 70 59 59 55 59 54 50 55 55 55 59 57 52 55 57 61 81 96 127 158 178 194 198 200 199 201 196 200 203 200 199 190 176 181 201 204 205 214 215 211 219 222 227 214 203 88 29 46 50 43 53 49 54 49 48 49 41 43 54 48 55 50 47 45 45 35 33 30 30 28 27 29 29 33 40 42
101 85 87 85 74 70 86 101 95 94 100 84 72 68 72 66 64 66 64 62 63 60 58 62 64 74 64 74 68 75 101 142 177 189 193 192 194 203 200 203 206 201 201 199 201 202 195 198 195 192 186 191 195 193 195 197 199 201 200 149 83 82 83 59 48 46 38 24 22 34 44 45 40 42 49 37 41 42 42 30 32 29 31 32 32 31 32 36 32 33
87 90 88 92 99 104 108 119 113 120 110 104 95 89 80 84 75 65 57 57 55 50 55 65 73 72 76 85 90 94 134 171 188 188 196 196 193 204 203 207 208 199 205 209 202 199 202 204 207 205 208 208 199 197 201 202 201 195 189 194 195 190 183 176 165 145 131 90 64 59 33 24 31 36 40 45 47 30 35 35 32 28 29 29 28 26 25 28 30 31
84 91 88 101 95 101 101 101 100 109 95 91 86 81 73 70 68 55 64 62 54 75 89 76 71 63 82 95 117 134 174 185 198 197 200 207 206 212 214 214 218 218 218 217 213 217 220 211 208 214 216 211 216 216 207 213 212 204 200 190 192 186 181 190 187 188 193 193 186 167 128 92 73 53 32 38 45 32 31 29 30 28 29 27 27 29 28 30 29 29
107 108 107 121 126 118 120 118 109 98 93 94 88 71 74 64 65 68 79 75 83 91 75 73 67 92 114 131 136 168 186 196 196 206 206 212 211 209 211 212 219 223 215 215 219 216 218 220 220 217 222 215 216 223 215 215 215 208 208 206 198 191 192 180 180 181 184 184 188 196 195 186 185 164 122 69 34 25 26 33 30 30 30 24 24 30 30 29 30 31
135 144 146 139 140 136 139 127 126 132 105 95 90 85 89 84 88 89 91 83 85 83 75 94 116 138 126 125 129 185 202 203 206 201 203 201 206 204 209 213 221 222 221 220 213 217 221 223 221 223 223 222 222 226 226 222 221 220 212 212 204 201 193 193 185 176 178 189 189 187 189 185 184 180 185 169 122 66 28 20 27 27 35 31 27 36 34 37 35 27
122 127 135 138 127 125 116 119 108 119 119 93 82 82 91 88 89 77 86 96 111 106 130 147 164 166 120 142 182 207 208 210 198 197 201 192 187 182 192 204 214 214 219 219 216 221 222 225 222 224 226 226 227 228 227 222 224 218 212 211 212 206 195 186 188 183 186 187 183 186 192 196 185 190 179 175 179 166 122 68 36 22 29 38 45 38 43 55 71 71
127 127 125 120 104 111 111 98 88 77 86 98 85 90 89 89 100 92 115 128 134 144 160 188 175 130 149 184 196 216 207 206 207 192 192 178 158 156 152 199 210 210 216 217 218 220 219 224 225 225 225 225 226 227 227 225 226 222 223 216 218 206 199 191 185 182 187 186 187 194 194 195 199 191 183 183 176 173 177 170 133 63 27 38 72 74 77 73 86 91
141 130 135 133 121 102 100 101 94 87 87 83 80 85 99 100 101 113 126 142 154 164 172 185 171 133 186 214 203 209 209 202 192 197 195 137 157 125 135 188 207 210 213 216 222 219 223 228 229 228 227 227 228 229 229 230 224 224 224 216 212 202 199 196 182 178 183 184 189 196 192 191 190 186 185 183 185 182 173 175 173 156 97 37 64 94 92 79 76 67
115 110 107 96 111 110 97 98 97 98 93 87 91 82 80 91 116 133 147 137 151 171 189 176 154 151 197 211 211 208 210 204 194 185 140 131 163 104 116 179 204 212 209 212 220 213 221 222 227 227 227 229 231 230 227 227 231 228 219 216 211 209 199 195 174 170 177 182 186 192 194 199 191 185 194 195 184 181 181 185 178 180 174 120 69 74 83 75 70 62
94 104 90 90 90 99 105 98 101 99 99 95 97 121 128 145 118 111 124 116 134 185 206 181 159 149 206 212 209 213 205 199 196 141 136 177 126 88 128 179 197 208 204 203 218 214 223 223 226 226 225 226 229 229 226 225 229 227 216 215 209 208 193 185 165 156 160 174 182 189 195 195 197 198 190 191 195 193 193 189 186 182 178 174 155 122 76 55 50 49
83 98 95 100 86 90 111 106 109 106 119 100 88 107 142 156 165 116 87 120 158 196 218 204 168 154 193 211 215 214 208 198 174 126 185 167 98 75 130 175 206 212 208 196 215 218 221 223 230 231 228 227 231 233 230 228 226 225 220 215 210 201 185 174 160 145 139 154 165 179 197 194 196 197 197 201 195 192 195 190 178 187 189 182 175 166 123 42 38 41
87 93 112 101 107 111 105 115 124 135 144 151 131 111 102 93 89 133 168 165 187 212 219 200 163 155 189 215 222 213 208 205 158 139 190 145 68 110 156 191 211 210 208 186 207 218 217 222 230 232 230 230 235 236 231 227 223 218 215 207 208 193 176 157 135 116 100 110 122 149 191 200 199 198 205 204 200 198 194 199 200 193 190 195 190 175 180 134 55 42
89 102 107 122 123 136 148 152 156 169 169 173 179 176 168 152 151 189 170 165 211 225 224 197 168 142 177 218 216 215 212 205 142 168 190 109 79 176 204 182 200 202 203 181 200 209 211 223 225 232 230 232 235 230 235 220 217 213 212 197 189 174 144 136 94 65 90 139 166 183 198 209 209 201 205 206 200 201 202 199 201 192 196 198 194 189 182 186 153 125
106 120 134 151 155 163 170 165 181 186 178 175 179 186 195 192 185 168 157 190 234 233 226 193 175 146 148 209 213 218 207 203 148 180 197 82 56 92 163 180 195 208 204 166 192 204 205 221 228 229 230 231 235 231 230 219 213 208 205 193 178 153 130 101 72 96 125 117 147 190 206 214 210 206 208 208 207 207 204 204 206 203 205 202 190 187 189 182 174 160
137 154 157 164 180 179 181 185 181 187 187 187 186 184 185 178 175 174 198 227 235 229 232 197 177 160 143 183 212 212 207 198 153 186 199 94 77 96 121 191 191 201 190 151 194 212 213 225 232 226 226 224 228 227 225 219 215 204 196 176 148 119 104 82 128 178 170 123 152 194 200 212 202 205 208 209 215 213 206 206 210 210 209 210 202 201 205 191 179 172
163 179 181 182 201 190 190 199 191 192 190 192 193 193 196 190 190 195 218 233 236 236 237 204 149 148 171 173 199 207 209 197 150 192 186 110 74 69 144 201 186 187 177 149 195 210 215 227 227 227 229 228 231 228 225 215 207 200 179 149 116 97 108 145 191 197 187 135 140 188 213 213 215 217 215 213 218 217 210 212 215 213 210 211 208 204 205 202 190 187
177 189 199 202 208 202 210 209 205 204 201 202 203 205 207 205 212 215 226 230 238 238 237 211 157 137 173 167 167 204 206 201 140 178 182 75 21 21 132 193 180 175 160 150 202 212 217 228 222 230 230 229 229 224 226 211 202 192 154 122 96 131 175 199 212 207 210 166 98 168 218 219 218 218 219 218 220 220 214 214 218 210 211 214 215 213 206 204 208 195
187 201 208 208 209 212 222 217 212 214 213 213 215 216 217 220 218 229 239 235 238 238 237 209 164 149 158 183 182 195 197 196 140 150 173 65 25 59 135 183 177 173 148 153 209 216 218 224 221 232 227 224 222 218 223 207 202 186 149 110 135 205 206 218 216 219 211 193 103 142 223 219 219 216 217 217 218 221 222 225 222 216 225 223 213 214 212 208 208 201
201 214 214 220 223 226 226 222 220 224 222 219 221 223 223 229 231 235 239 238 238 233 237 212 183 172 151 181 198 188 188 185 142 128 164 84 80 108 133 166 159 162 141 166 211 214 224 232 223 230 230 227 226 219 216 199 190 180 149 153 192 209 213 213 216 211 213 209 142 89 208 221 212 210 213 215 215 215 214 219 224 218 220 217 211 218 223 216 214 210
217 215 216 233 230 234 235 227 222 229 228 225 230 230 227 232 235 239 240 237 237 231 238 214 178 166 164 180 189 197 179 178 156 112 138 103 85 111 149 169 161 157 139 181 217 217 230 232 227 226 228 224 224 218 209 195 196 185 186 190 221 214 211 211 208 210 211 209 151 47 139 215 208 208 211 213 215 213 213 221 218 221 219 222 221 219 219 211 213 215
222 226 227 237 231 234 236 237 232 230 234 232 233 236 235 238 236 237 241 239 233 231 228 220 195 173 163 178 192 188 180 180 170 145 112 112 105 155 168 170 160 156 153 200 212 225 226 227 222 220 224 226 220 213 207 202 200 195 201 207 224 222 212 207 211 208 212 200 151 46 85 168 204 207 211 206 210 216 214 220 214 213 217 217 222 220 217 216 219 211
224 230 231 238 239 238 236 237 240 237 239 237 237 238 236 238 237 238 239 237 233 230 226 220 209 198 179 175 182 186 184 175 165 157 135 99 97 108 128 171 183 162 176 208 216 226 228 223 221 220 224 226 223 219 214 209 199 196 224 225 228 211 213 217 215 206 212 189 134 77 79 169 193 196 205 205 207 211 208 211 219 215 214 213 219 214 212 214 214 212
229 236 235 234 242 239 238 240 237 236 237 236 237 238 237 237 239 238 235 234 232 228 223 220 208 201 187 183 185 185 182 175 170 156 163 129 99 72 121 194 188 161 195 210 219 223 224 220 221 221 223 223 220 218 214 209 203 203 221 227 224 221 220 220 214 200 212 198 141 98 80 178 191 183 200 208 203 209 215 213 216 221 219 212 219 218 217 215 213 214
231 237 237 232 242 237 239 240 236 236 237 237 238 239 238 238 239 236 231 229 229 225 220 220 223 212 201 195 192 189 184 185 174 163 152 151 136 106 153 215 178 171 212 219 228 223 217 216 222 222 222 219 215 214 212 208 204 207 182 214 233 224 222 209 220 220 219 186 137 111 108 168 193 184 197 208 205 206 211 213 217 221 220 215 218 217 219 215 212 211
230 235 239 235 241 235 239 237 239 240 240 240 239 238 236 234 237 233 227 225 226 222 219 221 218 212 208 193 192 200 193 192 183 166 162 151 164 181 190 222 198 203 227 224 227 223 220 221 220 221 219 215 212 212 212 210 208 211 169 160 205 222 217 218 219 220 222 189 142 116 116 155 184 189 197 206 214 209 204 213 219 213 214 218 220 216 221 218 217 219
231 233 237 237 236 234 239 237 237 239 238 238 236 234 234 231 235 230 226 225 224 221 220 221 216 214 216 205 202 207 197 195 193 184 182 172 179 198 226 217 218 224 227 223 221 220 223 218 218 216 213 209 207 207 207 207 199 195 119 84 153 227 216 220 230 221 223 185 136 128 109 135 174 188 199 205 210 211 209 211 215 214 216 218 220 221 224 206 208 220
232 232 232 236 232 233 237 237 235 238 236 236 235 234 236 234 233 229 228 227 224 222 222 221 222 218 214 215 212 205 202 204 203 199 197 190 198 200 219 214 222 224 217 211 215 213 221 216 215 212 208 206 208 208 208 208 196 175 52 56 141 214 223 216 227 224 224 182 129 123 111 139 173 197 208 200 198 207 209 203 211 219 221 216 216 219 221 198 197 213
227 229 228 237 232 234 232 233 235 238 235 235 233 231 235 234 232 228 230 230 224 223 223 220 219 221 213 219 217 206 210 209 209 208 209 205 210 210 211 212 213 219 214 209 222 212 215 211 215 211 207 209 216 218 217 218 206 184 91 98 164 207 215 218 223 229 220 182 130 106 114 143 168 214 217 195 202 211 207 205 211 215 216 219 220 217 226 221 215 223
221 223 226 224 230 228 229 228 233 233 228 230 230 227 232 229 231 230 229 225 223 221 215 213 217 217 215 218 215 209 213 211 214 214 215 214 218 222 217 214 216 220 210 205 203 210 213 209 217 214 214 217 218 230 227 219 205 186 158 134 161 194 206 202 215 215 225 186 130 115 107 140 175 215 230 196 195 199 205 202 204 208 209 215 223 222 222 228 225 224
219 219 218 217 225 223 224 227 228 230 231 228 226 229 228 225 228 222 220 217 215 219 220 220 220 212 213 211 210 216 215 216 220 219 220 222 221 217 217 217 219 216 214 205 204 213 210 213 218 216 214 214 216 236 239 225 207 192 178 147 154 188 185 185 209 218 231 181 119 112 115 148 179 206 211 184 193 198 199 197 200 209 210 211 220 222 222 229 223 221
213 212 212 213 221 218 219 224 223 223 229 225 223 229 225 224 225 220 222 221 217 218 216 211 218 212 214 212 211 215 212 210 214 221 224 227 225 224 227 220 224 214 218 218 216 213 209 219 220 214 209 215 214 227 231 215 204 187 171 144 134 161 165 182 200 220 230 184 117 93 112 168 183 205 212 188 189 189 190 190 202 208 207 205 213 220 220 220 221 219
209 208 213 214 219 216 218 219 221 215 217 217 217 220 222 224 222 218 220 219 217 217 214 211 211 211 204 203 201 197 201 202 210 210 209 219 220 216 221 213 222 214 205 201 204 205 213 218 213 212 206 212 211 219 222 204 199 189 163 139 122 126 139 154 197 212 223 189 118 84 110 145 170 196 210 187 178 180 187 188 188 197 206 209 211 216 219 215 216 213
209 209 215 213 213 213 217 214 218 215 216 222 222 220 221 215 218 217 216 214 216 215 209 210 210 212 203 203 203 195 197 206 201 209 206 206 206 207 207 189 199 195 194 192 197 193 202 215 210 204 196 210 209 203 205 204 192 188 158 133 123 113 128 136 176 210 224 173 116 98 104 112 159 196 209 182 169 178 190 198 188 193 198 204 212 217 218 216 210 208
209 210 213 208 207 209 215 212 217 215 209 211 210 212 216 206 208 210 212 214 219 217 209 210 213 209 204 198 199 195 190 203 196 200 197 197 196 193 192 184 192 192 196 175 184 191 192 204 197 199 196 204 201 197 197 198 192 171 144 125 128 116 128 151 182 209 231 161 101 100 98 94 158 190 189 164 166 180 180 183 184 196 201 205 215 214 211 217 214 212
205 207 208 205 210 209 211 212 215 211 209 210 209 212 213 205 214 213 212 212 215 214 208 208 208 205 206 201 198 194 185 188 186 190 184 174 173 175 177 178 170 165 167 149 170 176 172 185 189 190 193 198 192 192 193 196 187 158 137 128 130 122 122 149 184 204 212 147 104 96 96 111 154 176 176 161 166 179 176 177 185 192 194 198 208 213 212 215 216 214
198 203 205 206 216 212 209 213 212 203 209 212 211 214 211 209 214 209 209 209 211 212 209 209 203 206 202 199 191 187 191 184 179 180 176 169 166 159 152 159 150 167 172 154 165 159 161 174 187 190 192 184 173 183 186 184 166 152 136 130 127 134 128 138 169 194 198 148 104 83 102 130 159 169 172 167 166 180 182 179 184 187 195 199 199 205 209 204 208 207
200 204 202 206 214 212 209 210 214 212 208 207 216 208 212 214 211 204 208 206 203 207 206 208 211 208 194 184 190 190 180 176 174 172 161 153 148 153 150 154 152 160 163 158 162 161 156 164 178 178 164 178 178 176 176 165 154 133 81 115 135 141 132 143 164 183 181 131 97 77 98 130 162 176 168 157 160 175 184 179 183 185 192 193 205 206 205 194 202 206
197 201 196 198 206 202 200 205 210 211 211 205 204 199 208 210 210 207 207 205 204 206 205 202 207 206 198 190 188 184 173 166 159 150 147 146 139 141 133 139 152 146 151 160 161 160 157 154 156 156 154 154 160 167 167 152 156 118 46 100 133 140 126 132 153 176 170 116 90 87 97 116 160 186 165 168 179 177 177 180 178 188 197 193 197 196 202 201 200 197
202 196 197 203 201 199 200 195 204 203 206 204 203 203 208 200 204 205 208 208 204 206 209 201 195 197 186 177 177 167 154 153 143 131 129 128 132 140 141 142 150 157 165 161 154 164 166 146 152 147 155 145 149 154 157 151 154 130 64 92 132 151 137 126 150 167 173 127 85 92 99 110 158 162 161 173 168 177 175 174 173 183 190 188 194 195 196 195 197 189
197 184 186 197 195 197 204 196 202 198 199 202 204 206 205 193 201 197 205 205 194 201 209 202 197 188 178 173 168 156 146 144 133 130 123 129 132 140 145 151 153 160 164 164 159 162 170 164 173 168 164 144 145 155 158 157 156 141 111 112 142 144 140 142 156 160 168 136 92 97 95 114 153 157 165 167 168 178 171 173 164 182 191 187 186 186 190 196 190 182
190 188 189 199 204 202 201 201 193 194 193 199 202 202 204 205 203 197 208 209 201 206 207 200 190 168 164 171 163 153 148 141 132 140 133 118 115 94 150 179 167 159 157 164 165 163 169 175 174 178 167 157 147 146 149 159 152 150 139 126 143 144 145 147 156 165 163 131 94 90 80 118 150 168 170 170 180 171 170 168 175 183 183 181 183 186 186 188 188 182
193 192 192 197 196 193 197 198 193 196 191 199 201 199 198 205 199 197 202 206 209 212 205 193 173 155 148 156 157 148 142 143 147 144 128 89 82 79 164 199 175 175 183 182 176 177 172 163 168 183 172 164 153 155 153 146 155 143 128 138 144 144 145 145 151 165 168 135 93 88 83 120 142 151 165 168 176 167 175 172 179 181 178 180 179 182 178 177 179 175
190 185 191 197 190 190 198 193 191 192 185 193 197 199 196 202 202 202 197 203 206 210 211 184 159 151 145 151 155 147 141 145 145 129 75 82 71 100 187 187 180 178 190 186 174 175 170 168 180 184 180 176 162 153 152 145 140 122 120 139 140 143 145 143 152 155 165 140 94 89 95 124 143 153 163 162 171 163 165 175 174 174 174 181 176 177 174 173 173 173
191 188 186 189 188 189 194 191 189 190 181 186 185 190 193 201 197 201 197 210 203 202 208 160 138 129 141 154 149 149 152 144 124 73 91 111 112 148 192 198 183 180 195 195 189 184 171 174 180 176 184 181 168 147 139 122 111 106 132 134 132 145 153 147 156 155 164 138 87 69 85 128 140 161 156 164 171 161 169 174 174 170 169 178 173 178 177 176 168 173
181 186 182 179 191 188 187 186 193 186 182 180 183 188 188 189 197 198 196 197 204 204 198 148 134 125 142 156 149 149 159 143 80 102 136 125 189 188 191 197 184 177 186 194 190 186 189 178 177 181 189 182 185 168 150 126 115 112 130 139 137 145 149 149 152 157 159 143 101 60 68 125 145 169 168 168 170 157 166 170 174 171 172 173 172 171 170 176 164 166
185 185 189 187 183 179 186 181 187 185 180 179 186 184 176 181 192 193 191 196 195 200 197 140 126 125 143 147 148 159 160 130 88 161 114 150 239 212 194 188 185 170 182 189 184 190 196 185 177 180 191 187 191 180 165 140 133 122 127 131 136 148 151 157 149 156 164 153 100 39 69 130 154 165 170 169 169 163 169 172 168 171 172 172 175 171 167 175 171 171
174 182 187 182 182 182 189 186 181 179 173 172 180 182 179 188 187 192 191 192 193 201 177 125 126 129 140 146 155 165 149 97 123 171 76 97 138 196 210 190 177 174 185 191 193 195 191 195 191 193 195 185 189 184 179 165 152 123 127 143 144 146 147 150 149 148 157 160 97 21 84 150 167 160 161 156 163 169 171 176 177 178 178 175 175 168 160 165 173 170
164 176 175 168 176 180 182 177 176 174 175 174 175 178 178 181 186 187 193 191 195 204 155 112 117 121 133 152 170 174 149 80 160 124 112 118 94 158 208 190 177 164 172 189 186 188 193 191 197 201 197 184 184 176 174 173 162 133 125 140 146 152 157 148 152 149 153 156 82 28 118 166 165 160 161 156 167 169 166 173 177 171 174 175 173 174 170 166 172 168
166 169 170 168 171 173 177 170 172 172 175 171 168 172 175 176 180 170 184 189 184 193 149 103 115 118 139 153 165 175 148 86 175 110 62 40 70 144 196 190 183 164 157 186 188 189 199 192 200 199 197 191 186 178 178 180 169 146 117 132 149 145 151 151 153 161 160 145 64 54 148 165 159 163 166 163 165 160 166 175 174 168 171 171 170 172 170 164 165 164
155 158 160 162 167 159 163 170 168 172 175 170 167 168 168 169 173 172 171 177 179 175 144 108 95 102 150 170 174 170 135 98 160 101 21 21 62 134 183 176 178 168 149 175 182 180 190 192 191 187 193 198 191 186 184 179 167 162 135 133 133 131 149 150 141 149 150 125 59 73 148 154 160 159 159 160 160 160 177 179 176 176 178 174 173 174 171 168 166 167
146 152 153 156 164 153 155 166 160 157 162 164 161 165 171 174 178 166 167 174 169 164 154 108 77 117 167 169 169 171 136 91 150 99 48 95 124 145 174 169 175 164 146 169 169 176 191 193 194 191 192 195 190 190 189 185 175 161 145 146 140 136 148 144 142 142 141 111 84 110 154 159 162 161 163 169 173 173 183 175 174 173 174 168 165 167 166 163 161 164
139 138 145 151 153 152 158 154 150 140 154 165 158 161 169 165 166 165 157 154 172 163 140 110 87 136 169 171 172 163 136 89 143 104 51 115 120 134 157 162 165 163 142 163 181 192 189 192 193 200 195 190 188 187 179 180 178 169 155 142 132 131 139 147 147 147 141 96 106 146 166 161 168 176 185 188 190 183 181 176 173 166 167 163 158 165 169 162 157 160
132 137 144 142 143 151 151 147 154 149 148 151 156 163 163 157 157 154 162 161 167 166 138 104 111 143 157 171 172 154 130 93 134 108 56 84 113 146 151 164 164 163 145 164 191 189 192 193 194 190 188 192 189 189 183 185 184 182 165 149 128 143 141 147 141 144 143 128 137 166 173 177 183 185 187 186 181 175 173 173 169 168 167 163 164 167 162 155 159 161
131 133 132 129 135 141 139 144 146 145 144 147 152 157 159 159 159 157 157 165 153 144 130 106 122 155 160 162 165 157 139 104 120 126 81 99 129 147 160 169 165 158 134 159 184 180 194 200 190 187 188 190 182 196 181 184 177 173 169 164 147 149 142 142 139 134 135 135 143 165 182 186 188 184 183 178 170 169 169 162 162 167 168 165 166 166 161 158 162 164
126 125 124 125 134 138 136 142 143 143 144 148 151 149 151 161 156 155 138 150 148 131 118 120 127 154 160 160 161 158 147 118 106 136 96 70 97 127 161 170 161 154 142 166 185 183 193 197 186 178 186 191 183 188 180 187 184 175 168 162 155 151 143 139 143 140 146 163 173 182 191 185 182 180 170 166 168 165 158 157 161 160 154 155 166 170 162 156 156 158
125 121 124 126 128 131 130 130 132 137 136 135 143 149 144 136 153 149 152 159 142 118 111 120 146 154 156 155 150 148 151 140 111 130 116 65 83 125 162 166 163 153 153 159 171 183 189 195 197 185 191 194 197 187 191 184 179 179 174 158 156 148 143 139 144 155 167 178 179 177 176 171 175 173 165 163 166 159 155 165 164 167 161 155 157 160 160 157 156 158
128 127 129 126 124 128 129 130 133 130 128 131 137 141 143 143 152 147 153 153 151 133 128 110 134 150 159 160 155 151 152 149 123 114 124 83 82 116 156 164 162 155 158 156 161 179 188 195 192 192 198 190 189 186 191 175 174 173 173 159 160 153 151 140 144 149 160 163 163 167 165 161 164 160 163 162 150 146 154 162 158 162 160 159 159 159 155 141 144 147
123 130 130 124 126 129 127 131 129 128 127 128 132 136 132 127 140 152 149 145 160 146 139 92 106 143 161 158 159 160 154 152 136 109 113 94 93 125 154 143 151 154 160 169 171 177 188 188 189 188 189 190 186 197 187 178 174 169 174 168 158 149 156 150 156 143 149 155 157 168 171 160 156 158 159 157 156 158 157 153 160 160 156 156 154 157 162 153 150 154
123 131 135 132 135 136 131 133 125 127 128 130 131 128 127 133 134 141 140 139 145 145 152 99 93 132 160 159 157 159 152 149 144 127 117 103 101 131 150 141 150 154 159 170 172 173 182 182 183 183 182 191 183 192 182 183 173 167 169 172 163 150 152 147 146 142 153 162 154 154 155 140 141 158 161 155 157 156 152 155 157 155 151 155 153 150 156 154 156 158
119 121 130 133 136 140 139 138 135 143 139 130 130 129 125 127 125 135 132 131 139 146 150 122 90 117 154 164 157 156 155 152 149 145 131 119 112 131 141 155 158 157 162 164 164 171 177 181 179 187 180 184 181 182 180 171 166 168 164 166 163 150 147 151 158 160 156 157 150 150 161 151 150 156 156 152 155 156 153 151 149 148 146 159 162 152 152 152 159 159
112 118 115 121 134 139 145 147 148 149 142 138 138 136 133 128 128 122 123 126 124 133 137 141 108 109 140 153 155 157 154 153 144 139 140 138 118 129 151 153 158 157 163 162 164 174 175 175 179 178 176 179 178 176 175 165 168 170 153 155 157 156 147 145 152 151 145 153 154 147 154 152 153 155 142 143 149 155 146 150 153 150 149 146 156 152 152 152 157 160
98 107 117 118 122 121 122 139 146 138 139 146 146 146 146 135 135 132 128 125 120 124 121 123 115 125 127 137 153 162 151 149 151 150 144 142 135 142 153 158 155 157 164 164 164 171 174 174 173 176 174 172 173 176 171 152 152 163 158 157 152 152 145 145 151 143 142 148 156 158 153 150 150 148 140 143 147 149 146 150 148 148 149 145 150 149 156 161 159 160
106 99 107 109 105 108 109 112 119 129 135 141 147 152 154 148 145 144 137 130 124 124 116 116 127 134 126 136 143 157 159 154 150 150 145 150 152 156 157 159 158 160 160 162 164 169 176 175 173 176 174 171 169 170 168 159 154 158 158 153 144 142 140 147 151 146 145 145 147 149 147 146 150 147 146 143 147 147 149 148 146 148 153 152 156 157 161 160 161 160
107 109 114 116 104 101 109 98 97 103 106 114 120 118 122 131 134 135 134 133 126 122 111 110 99 112 133 147 138 140 150 148 154 149 146 155 155 160 163 161 158 159 155 160 166 170 174 168 166 171 172 168 166 169 168 160 158 155 152 143 142 150 142 134 142 150 151 154 151 146 149 146 143 144 147 141 150 152 152 141 144 145 149 150 153 158 161 157 157 154
94 99 94 92 94 93 95 91 93 90 93 98 95 93 94 88 83 79 80 84 79 82 82 87 95 104 135 139 144 140 141 143 150 148 149 158 154 156 157 153 158 156 150 154 161 165 169 164 162 164 168 167 162 159 163 171 157 148 148 144 144 146 144 144 142 146 146 149 149 149 150 145 150 150 148 136 143 146 151 147 152 156 160 159 154 157 160 159 156 156
119 117 116 109 103 102 98 103 96 104 104 97 93 97 96 83 86 85 90 93 81 76 70 70 79 88 134 136 147 146 145 149 146 150 146 150 150 152 153 156 151 152 152 157 161 161 161 158 157 163 167 163 164 169 165 159 156 155 156 146 146 149 153 152 151 148 153 149 148 153 148 148 146 148 151 149 148 137 128 123 132 135 136 140 141 148 148 147 152 156
121 115 121 118 112 117 122 123 112 114 106 101 101 99 102 108 103 105 106 102 90 90 89 92 81 74 122 133 140 147 148 145 134 143 138 142 147 148 145 149 150 150 152 152 154 156 155 158 158 158 161 161 162 161 157 160 162 155 151 152 161 155 154 149 153 148 152 145 144 151 149 154 151 155 149 125 76 41 30 35 30 38 37 37 31 37 42 52 69 74
122 127 125 127 131 129 122 108 110 102 95 94 90 89 91 87 97 109 114 109 98 95 86 86 89 70 103 122 128 139 142 145 142 148 142 145 150 153 150 151 149 147 149 146 148 152 150 156 158 155 158 160 162 160 154 159 158 156 152 150 158 151 156 154 150 149 150 152 155 155 152 147 130 95 55 34 16 23 26 24 22 26 19 21 20 24 19 22 22 26
98 98 98 111 103 79 78 79 85 84 88 77 87 85 83 82 84 89 99 97 98 100 87 81 77 78 92 104 109 115 125 135 142 144 145 148 150 152 147 155 150 150 149 153 152 153 150 151 157 158 157 156 155 158 156 158 157 158 153 150 157 156 156 162 160 150 141 137 132 119 93 68 37 28 23 26 24 31 25 29 30 27 27 27 26 27 29 31 33 35
63 59 53 49 50 49 46 48 61 52 54 57 62 69 64 69 65 68 66 70 75 75 78 77 79 82 79 75 80 85 93 112 129 144 141 148 151 148 148 150 150 148 152 158 154 158 159 160 161 162 161 166 154 162 153 162 160 157 158 160 156 148 148 111 79 62 50 48 47 43 36 30 36 26 25 33 28 30 26 26 29 28 28 28 27 26 29 30 30 33
43 46 43 38 44 48 42 40 44 51 51 50 46 57 65 54 51 50 48 57 60 56 60 62 79 75 72 68 67 68 72 82 104 128 137 152 157 154 155 156 152 155 157 163 166 169 165 172 169 169 167 171 165 168 173 165 167 162 110 89 69 51 43 38 24 25 31 36 33 29 30 32 37 33 28 31 26 27 28 27 26 27 28 28 27 27 29 30 30 33
55 52 41 44 49 45 45 41 37 39 53 47 47 50 59 43 45 45 46 49 56 52 48 62 76 66 64 64 61 58 55 58 79 93 106 124 137 146 139 135 130 135 156 173 172 176 173 173 174 173 166 167 166 151 159 157 174 111 38 43 40 34 45 58 57 40 29 32 36 32 31 35 35 42 31 24 25 26 28 28 27 28 28 27 27 27 28 28 28 29
53 50 51 60 54 43 46 49 55 40 54 46 53 65 67 58 46 52 52 51 57 54 53 65 68 61 49 42 46 47 46 54 60 69 82 102 113 123 125 126 130 130 132 135 136 133 114 112 151 168 168 166 150 144 157 176 106 36 50 48 50 58 52 54 56 51 43 37 38 39 36 32 32 42 33 25 27 25 28 26 29 30 28 27 27 28 28 29 27 26
60 50 59 61 54 49 44 49 56 54 51 58 57 62 67 57 58 56 60 68 55 60 80 66 48 47 47 42 40 44 44 44 48 71 80 97 97 98 115 118 115 109 109 96 77 80 82 90 140 163 167 172 160 160 181 143 44 43 49 38 44 43 41 38 38 36 35 36 36 33 32 35 35 33 32 29 27 25 30 28 28 31 30 29 31 33 35 37 35 32
59 52 59 57 51 49 45 52 61 64 53 67 64 51 63 63 64 52 59 69 51 65 93 67 48 38 45 45 34 37 44 41 48 62 73 113 122 100 100 108 103 93 84 78 86 108 111 120 147 170 174 169 172 169 158 57 36 51 41 48 52 45 37 39 38 39 34 29 30 33 36 38 37 27 31 27 27 27 35 35 31 37 38 35 35 36 38 41 35 31
67 60 53 53 52 47 47 50 50 50 58 47 58 58 59 58 53 50 55 58 56 64 67 51 46 35 40 49 45 40 42 48 59 81 87 101 116 116 104 100 87 79 79 80 96 133 150 163 165 163 169 169 155 108 53 27 33 48 46 48 50 53 55 50 50 52 52 52 48 38 30 30 33 27 31 25 31 33 37 38 41 48 48 42 38 34 34 36 41 37
67 62 47 48 47 42 42 46 43 47 46 43 55 56 42 43 38 56 51 48 39 53 49 44 50 30 42 43 53 59 59 61 73 73 82 98 113 121 124 104 92 84 87 97 126 154 163 154 157 163 160 115 65 41 66 54 45 46 47 55 46 37 35 37 38 36 39 37 40 34 29 28 29 28 24 29 32 38 38 43 51 48 50 51 37 26 37 30 40 42
63 66 51 46 45 46 45 42 35 40 39 34 42 43 34 40 46 52 42 44 38 48 43 42 48 31 43 46 54 56 56 53 50 49 56 71 90 110 129 123 113 113 127 142 159 165 157 141 128 105 75 50 57 76 107 91 52 45 38 44 39 36 35 36 38 33 35 33 38 35 31 31 33 30 26 32 36 40 40 46 55 44 51 46 35 32 38 37 35 37
