76 75 83 90 82 80 82 73 76 73 65 52 46 53 55 44 31 15 9 18 28 29 22 11 35 25 16 11 13 12 17 12 38 50 68 81 81 63 37 47 52 41 59 84 82 55 44 72 90 90 98 98 85 56 34 45 77 96 85 48 11 20 33 31 51 52 35 18 16 14 13 22 23 26 26 25 25 24 20 16 19 21 22 23 26 30 32 32 32 36
87 87 82 77 77 80 74 55 49 47 45 44 43 38 29 21 9 15 19 19 16 10 14 27 26 14 11 22 28 27 22 54 56 67 80 79 54 45 50 52 56 58 76 83 73 65 78 105 98 73 62 42 18 24 57 93 92 57 26 19 36 39 35 56 55 32 13 11 16 17 15 13 21 22 23 25 25 23 22 24 19 30 36 31 25 25 28 28 33 36
54 63 67 73 78 73 63 52 50 49 47 44 35 20 15 22 21 29 25 15 16 20 21 22 19 11 14 32 48 51 57 62 60 81 71 59 52 65 80 74 62 84 88 75 72 74 70 67 50 45 39 40 66 89 80 68 43 24 31 31 42 49 55 56 27 9 3 10 13 12 14 14 15 15 17 22 23 20 23 29 32 29 30 34 34 30 29 32 33 36
35 41 45 53 58 56 58 63 51 45 33 24 19 15 17 25 27 23 21 20 19 20 25 29 14 34 59 68 65 64 84 76 70 82 78 86 85 91 98 83 69 69 69 60 44 42 47 39 35 54 83 97 88 62 38 33 38 45 42 38 58 66 49 15 10 10 10 13 16 13 12 15 14 14 15 18 19 17 19 24 27 25 23 23 26 29 31 32 32 34
52 55 57 61 63 62 57 47 41 36 26 16 17 25 29 25 14 17 21 20 16 15 23 32 53 68 70 68 77 97 89 81 83 82 76 78 71 69 63 48 47 40 35 35 29 35 55 67 86 96 94 64 28 14 29 56 55 41 33 61 73 47 13 6 5 12 11 8 11 11 10 14 17 19 20 21 24 27 27 27 21 19 19 21 24 25 26 26 26 28
73 63 57 58 54 48 42 31 25 24 19 13 17 28 25 13 8 16 12 8 21 36 45 53 73 74 66 70 70 56 53 66 54 38 32 46 49 44 33 31 34 33 26 38 69 86 87 93 106 76 38 21 32 46 52 55 47 37 57 69 32 10 2 16 14 10 7 9 13 16 14 11 10 14 15 14 18 22 21 18 25 23 28 33 30 20 16 20 19 20
53 47 46 51 45 37 34 30 15 19 17 13 14 18 21 25 49 40 30 41 64 68 60 62 61 58 48 51 52 35 48 44 35 36 48 50 32 35 45 46 39 42 67 86 90 88 80 78 31 13 14 34 49 57 55 41 34 58 71 35 0 9 17 16 14 11 13 12 8 8 9 7 10 14 14 10 11 14 13 11 15 17 19 22 27 29 24 17 19 19
52 56 54 47 38 34 29 16 22 22 22 34 52 62 75 94 85 79 74 71 64 53 51 56 54 55 48 47 46 54 50 38 36 50 47 45 47 57 65 70 68 70 85 77 59 51 36 26 32 40 44 53 57 50 49 59 63 52 31 9 10 7 14 15 14 14 13 10 9 12 13 10 5 10 12 10 11 15 18 19 17 15 15 17 19 18 20 22 26 26
52 51 46 43 34 24 20 15 20 31 46 66 77 81 81 70 64 59 59 58 60 62 59 59 56 57 58 52 53 56 49 47 52 53 54 61 70 71 68 70 71 64 51 32 22 22 28 44 45 52 55 53 50 53 59 55 46 26 13 12 13 13 14 14 10 8 8 9 10 10 10 8 11 15 16 18 21 20 16 15 13 20 21 23 15 20 17 16 15 18
48 51 49 40 30 24 25 31 43 52 61 68 66 61 65 64 58 55 61 64 60 60 64 72 69 69 72 65 57 52 48 49 48 48 48 51 54 51 45 45 39 33 31 28 33 42 46 50 51 55 55 56 56 58 58 51 42 37 34 33 34 36 35 28 25 21 17 15 15 17 18 18 18 17 18 19 16 12 13 18 22 16 13 21 20 26 23 23 19 22
59 54 46 32 30 35 41 54 54 59 61 62 60 58 65 71 74 71 77 80 74 71 80 95 77 64 64 67 57 41 33 36 33 37 38 37 33 27 26 30 29 31 39 43 45 49 49 47 46 53 59 61 58 57 61 60 61 65 67 66 65 68 65 56 51 48 44 41 36 30 23 17 10 13 14 11 11 16 19 15 16 12 12 21 24 31 35 38 34 36
56 44 38 39 52 57 50 57 50 58 60 60 60 58 60 65 71 60 53 51 52 51 56 67 83 83 84 81 78 73 65 57 47 45 42 42 42 41 39 40 40 44 49 49 44 44 47 51 60 64 66 69 69 70 78 82 84 82 81 80 79 79 77 74 71 69 66 62 58 53 49 46 26 25 22 14 10 19 25 20 12 18 19 17 18 25 28 30 32 34
43 47 48 40 50 59 41 31 46 56 61 56 49 43 39 42 53 48 42 44 54 55 48 52 54 59 52 45 52 60 58 53 58 54 50 48 48 47 45 45 40 38 34 35 41 46 57 69 74 72 70 77 83 81 79 75 72 70 69 70 69 68 68 70 70 69 69 68 67 69 73 75 70 61 57 49 33 21 19 18 29 37 36 29 30 30 27 24 29 30
48 48 53 53 50 41 32 41 66 59 48 35 30 33 34 38 37 43 45 40 38 37 39 50 57 65 60 55 51 42 43 52 47 48 49 46 40 37 37 40 44 47 45 50 59 62 69 78 60 67 72 74 67 58 58 63 63 69 74 77 77 77 77 79 79 81 84 84 82 83 86 88 84 79 76 72 62 46 29 17 21 28 35 37 44 39 37 38 27 28
60 52 45 41 36 31 40 57 60 42 28 21 21 23 19 17 17 15 18 18 19 21 21 23 37 54 63 67 64 53 48 47 48 47 49 50 49 48 47 45 50 57 58 62 64 63 63 62 62 63 59 59 59 59 68 77 84 92 99 103 104 102 100 100 98 99 100 99 95 94 95 97 102 102 97 90 88 82 64 45 19 11 15 19 27 25 32 36 36 36
58 50 39 37 41 50 62 66 45 26 19 18 17 15 10 11 10 3 8 11 8 11 14 14 16 27 40 58 60 50 51 55 48 49 52 54 53 53 54 54 57 58 53 53 55 61 65 56 63 64 60 64 72 80 95 106 122 125 127 131 133 129 124 124 116 116 116 113 109 105 104 104 106 111 112 112 111 104 93 86 66 33 14 7 12 15 26 24 31 31
40 30 36 43 46 73 73 40 29 22 20 14 11 16 15 13 10 16 14 13 15 17 23 27 25 25 24 20 25 48 28 41 50 48 45 39 43 45 51 52 55 50 48 49 57 64 65 65 66 70 76 90 100 118 131 140 147 149 152 152 152 152 149 145 141 137 137 138 135 134 131 120 116 118 119 116 116 120 118 109 100 82 65 34 5 4 13 18 13 21
37 46 45 55 76 81 50 25 28 28 30 25 19 18 15 15 11 17 21 28 37 42 50 55 57 53 45 27 27 36 40 34 36 34 36 35 41 42 42 35 38 41 49 59 69 72 69 68 75 86 102 123 136 149 155 159 159 160 161 160 159 160 159 157 156 150 146 147 151 149 142 141 133 129 124 124 128 132 129 123 117 113 103 83 37 7 16 18 13 11
56 55 60 89 93 63 28 28 43 41 36 26 20 18 17 21 29 40 52 70 85 91 96 100 99 92 69 36 35 55 77 62 51 29 20 22 26 27 35 38 40 48 57 65 68 70 79 90 103 116 134 152 158 164 164 165 171 174 176 176 174 172 168 163 156 152 152 152 156 155 151 157 146 144 140 139 137 133 131 133 133 122 112 108 91 47 12 10 18 15
75 51 63 98 73 36 28 43 42 44 37 27 23 23 29 42 64 78 92 110 121 121 123 126 130 123 89 53 47 94 105 91 67 35 22 22 22 23 36 40 46 54 64 76 81 85 101 119 129 142 156 168 169 173 176 179 179 179 178 176 173 171 168 163 158 150 152 150 153 162 162 164 154 157 157 155 149 140 135 139 141 134 132 122 110 87 42 13 10 11
75 51 58 69 44 36 51 48 39 40 33 34 47 58 71 85 104 117 129 141 145 143 147 154 156 145 102 64 54 113 127 111 69 36 22 18 19 35 61 65 65 64 63 79 97 110 129 146 156 165 174 181 179 182 182 183 183 182 181 178 175 173 167 161 150 141 136 130 137 156 164 165 160 160 159 159 161 157 149 144 146 149 140 137 132 121 100 65 26 11
65 47 55 46 27 41 72 44 29 34 36 49 69 87 107 124 129 143 154 163 165 163 169 176 173 155 108 72 62 103 147 123 69 31 25 34 38 54 87 97 91 86 82 100 123 135 150 161 171 177 181 186 185 189 187 184 182 182 182 181 178 172 161 150 137 126 109 111 137 159 166 168 163 160 158 159 163 165 162 155 149 150 148 150 148 134 121 117 76 40
55 37 49 35 25 38 77 47 39 46 55 77 102 117 133 142 152 165 174 179 179 176 181 186 186 159 102 67 61 79 149 133 61 24 31 56 64 76 104 111 110 104 95 110 132 143 158 168 179 183 185 188 187 192 189 186 189 186 182 178 174 166 151 138 122 107 91 115 152 164 163 159 161 158 159 161 161 166 169 166 154 146 157 155 146 146 137 130 122 90
48 36 43 25 35 43 81 59 57 65 75 97 117 131 148 159 164 175 180 182 182 181 186 191 184 157 96 68 67 73 142 139 54 16 13 24 39 81 131 138 138 123 101 111 135 150 166 174 176 183 188 191 188 191 188 185 184 181 178 174 167 154 133 115 103 99 105 141 159 149 152 154 152 146 151 158 159 165 170 166 166 163 154 157 161 153 147 141 130 121
47 35 29 25 40 57 75 71 80 89 105 130 145 157 165 177 179 183 181 186 186 189 188 186 181 155 92 74 68 66 122 118 51 32 55 20 27 100 154 158 147 128 99 133 152 158 172 185 189 179 182 189 191 189 182 179 177 174 167 164 156 126 105 110 118 131 149 155 139 137 158 158 156 152 157 154 155 164 164 167 172 171 169 160 160 163 155 154 146 140
33 35 29 31 49 63 80 86 100 113 131 155 166 173 175 181 187 194 190 191 190 191 190 193 188 163 97 65 65 75 119 106 42 94 164 60 19 121 160 162 142 128 99 140 166 168 171 185 184 181 182 183 184 183 179 179 175 169 163 151 127 108 112 125 146 153 159 152 132 134 169 163 164 162 169 163 159 161 160 175 178 175 172 170 172 170 160 156 157 152
31 41 36 45 61 76 90 104 119 131 144 160 168 178 182 189 194 198 190 193 198 198 190 187 184 163 104 63 63 78 113 103 44 55 87 28 15 119 163 166 149 122 99 149 166 170 173 179 181 181 179 177 183 184 175 171 162 159 153 137 115 113 131 146 159 158 162 149 129 121 162 178 178 174 170 166 166 163 161 170 177 178 175 175 172 166 163 163 162 158
33 40 43 54 68 91 101 117 135 146 156 168 175 185 189 193 192 197 193 196 196 195 189 186 184 168 114 69 64 77 110 98 53 24 15 14 15 102 164 166 140 106 104 163 170 171 176 174 177 176 176 175 180 180 168 161 154 148 132 122 129 145 157 164 166 168 170 163 130 93 154 184 173 175 169 170 169 162 164 166 173 179 179 181 178 171 171 168 164 160
32 37 48 62 84 114 114 132 148 157 164 175 181 189 189 191 197 198 195 197 193 195 193 188 185 173 118 71 64 82 118 99 56 24 39 62 47 116 158 156 126 100 118 173 177 173 174 179 177 175 178 179 177 172 163 156 145 135 120 125 153 170 172 174 168 177 171 179 135 75 152 189 168 166 168 173 171 167 165 167 166 173 175 182 186 182 177 165 164 160
34 42 58 76 110 132 126 148 162 165 168 178 184 193 194 197 200 199 196 199 195 197 194 184 186 182 133 76 59 78 117 99 62 29 50 69 53 122 150 140 114 96 141 181 177 174 177 179 180 173 177 181 179 170 154 142 126 127 138 163 186 187 176 171 174 174 172 183 152 74 110 180 178 165 172 170 167 169 163 172 169 173 174 175 177 183 187 183 173 169
41 50 71 98 132 138 139 159 167 167 169 181 187 192 193 197 192 199 200 202 193 191 188 184 189 167 135 104 84 70 100 121 78 46 56 100 99 137 146 124 97 93 163 187 180 180 181 176 179 175 176 176 173 163 144 132 124 151 183 200 195 183 177 179 177 172 174 176 156 70 47 129 182 173 168 163 167 174 170 169 154 162 174 176 173 176 180 184 185 182
50 57 83 119 147 142 155 172 175 172 172 182 186 189 189 195 193 200 197 197 192 191 187 183 185 165 145 120 105 86 99 120 105 67 61 115 124 139 138 115 95 106 178 180 182 181 176 178 182 185 184 174 164 152 142 141 164 186 199 194 188 186 183 182 173 179 179 180 157 81 48 96 161 178 168 164 168 172 179 168 150 155 171 176 175 177 177 182 181 179
57 65 94 120 151 160 166 177 175 168 174 184 184 186 193 195 199 196 192 195 190 186 189 179 175 177 149 130 126 104 106 118 107 81 65 48 88 141 142 116 104 138 184 187 182 178 182 186 188 188 183 173 160 155 162 175 176 185 191 197 185 184 181 182 176 178 176 178 150 88 97 133 142 164 173 164 164 168 178 177 171 167 172 176 178 181 177 180 183 182
63 75 105 135 153 167 160 173 181 175 175 181 184 187 189 190 189 197 196 195 191 186 186 178 175 170 152 140 138 121 116 113 116 94 80 56 54 136 151 120 127 164 187 183 175 179 182 182 185 185 181 173 167 168 177 187 182 156 165 192 183 177 183 181 174 178 175 176 147 96 125 176 152 155 160 159 159 162 171 177 179 177 178 179 179 180 178 180 183 181
63 86 117 141 147 156 160 177 178 176 176 179 185 188 190 192 192 196 191 191 192 188 184 177 174 168 166 156 145 129 121 112 122 115 105 101 76 129 158 131 155 186 185 179 168 170 171 175 176 176 174 171 169 171 174 176 182 160 121 154 194 177 178 176 180 182 176 178 148 104 140 194 181 152 161 162 151 163 161 164 176 179 179 180 181 181 182 181 184 181
65 88 111 132 147 148 170 175 170 173 177 183 186 187 191 195 196 192 186 190 191 185 181 179 180 169 171 160 144 132 128 126 128 124 117 129 139 150 169 156 182 185 171 171 173 173 175 182 178 175 172 170 169 168 169 169 175 181 118 116 182 178 173 176 177 183 183 189 154 105 129 176 163 144 161 175 159 162 164 164 169 180 182 185 186 185 188 183 178 176
66 83 103 127 148 154 174 171 171 172 179 186 184 183 187 192 189 187 188 190 185 177 177 178 177 163 167 162 155 145 140 139 141 138 145 143 175 181 176 177 178 174 173 171 175 170 172 176 174 172 173 177 175 172 169 169 169 169 141 108 149 186 185 184 183 181 177 181 151 108 124 169 179 162 157 185 179 155 159 157 165 179 184 186 188 186 187 181 183 182
86 96 113 137 148 164 167 167 173 173 178 183 181 181 185 188 186 185 184 181 177 177 177 174 171 164 169 168 166 157 152 154 156 158 164 159 172 175 169 169 171 169 174 168 174 176 180 174 171 167 168 171 171 171 173 174 169 169 159 121 130 171 182 183 185 183 181 181 150 119 140 203 223 161 149 177 180 153 149 152 160 175 182 183 186 187 186 184 185 185
92 96 114 139 151 168 167 166 171 175 179 179 180 183 185 186 188 184 179 175 179 183 179 176 176 175 177 170 167 161 165 170 173 174 168 171 174 169 171 167 166 173 176 176 172 170 174 167 167 167 171 175 177 182 182 177 174 175 153 125 126 157 174 177 182 183 187 183 150 118 129 195 202 139 150 176 188 159 142 149 157 171 181 183 188 193 191 193 188 187
94 107 133 151 161 160 171 168 168 180 182 177 179 183 183 184 185 185 182 181 186 184 179 182 175 179 182 176 174 170 173 172 171 177 183 176 181 173 169 171 178 181 171 183 176 169 173 173 168 171 176 180 185 195 195 186 179 173 158 130 110 143 167 175 174 179 189 182 146 113 119 192 213 175 162 171 195 154 138 141 155 167 180 182 188 194 191 195 193 191
107 123 141 157 162 164 171 171 176 180 182 174 183 184 185 180 180 188 183 183 181 177 182 184 180 182 175 175 178 172 170 170 177 183 185 185 186 186 184 182 184 190 184 183 183 178 174 168 173 170 176 180 190 209 209 194 182 171 154 150 119 124 148 162 171 180 191 187 141 111 133 215 227 209 174 168 187 156 137 129 146 164 178 182 191 195 203 205 192 197
121 132 148 160 163 168 179 177 176 175 180 178 182 184 187 179 188 186 182 185 182 178 184 181 180 185 178 172 174 175 173 169 170 183 192 194 197 198 193 186 184 186 185 182 182 182 178 175 170 170 171 177 188 208 217 199 177 170 155 151 133 136 139 140 153 174 190 190 144 107 119 216 222 208 176 170 181 151 136 131 139 165 179 178 186 188 194 198 194 191
129 146 153 160 170 171 170 173 175 176 183 181 178 175 180 179 182 176 175 183 180 177 183 178 174 173 167 168 169 164 163 165 167 173 176 174 176 179 179 178 176 172 175 169 168 172 168 169 165 168 167 173 176 186 198 185 169 163 149 144 141 145 129 121 141 169 179 173 136 110 102 179 213 202 170 162 169 148 135 127 133 166 181 179 187 187 191 196 189 179
130 144 148 157 174 173 166 171 171 175 176 174 172 167 169 177 175 172 176 183 179 176 180 175 174 168 164 166 163 154 151 155 162 163 167 170 169 165 164 165 163 162 167 164 159 158 154 150 155 154 155 166 169 169 175 170 169 158 143 136 138 140 115 106 142 167 178 172 133 111 99 169 211 202 163 152 159 149 136 126 140 166 178 175 183 184 188 193 183 175
140 139 147 159 166 168 169 171 174 174 171 174 177 176 174 180 175 178 180 181 178 176 176 172 168 166 164 160 157 156 154 152 154 153 156 160 158 155 155 157 157 158 158 158 151 145 145 139 138 143 153 161 165 163 165 174 170 153 141 136 139 135 107 98 139 162 175 174 141 114 95 152 196 188 152 155 163 153 135 127 140 159 170 173 182 179 179 179 177 176
146 145 153 161 163 163 165 171 170 170 172 177 171 172 175 177 178 181 179 177 179 179 176 174 171 164 162 158 152 150 149 149 148 149 150 147 144 143 141 137 144 147 145 148 144 138 139 133 132 137 145 150 157 163 165 170 163 149 142 139 145 137 108 93 128 158 172 164 135 107 103 164 219 192 147 160 169 160 136 127 133 152 166 173 184 179 176 174 177 182
146 151 157 160 167 167 164 172 169 173 176 179 168 171 174 178 179 180 178 177 180 181 177 178 172 161 161 159 151 145 142 146 142 141 139 134 129 129 128 123 126 130 134 141 145 140 134 130 129 132 136 140 143 152 162 165 155 149 140 132 139 134 110 91 118 145 162 156 125 92 108 174 215 188 151 167 159 147 131 126 127 152 166 170 182 178 177 178 174 176
157 156 162 163 165 170 168 167 169 174 168 170 170 178 175 178 177 176 176 176 176 174 170 172 169 164 165 155 144 141 135 129 130 126 124 124 122 123 125 125 121 119 123 127 137 141 135 137 138 132 129 137 137 141 157 154 143 146 133 117 127 131 116 99 105 132 153 140 112 97 129 177 209 181 146 163 149 143 127 113 115 152 172 175 185 176 168 169 175 172
155 157 160 168 172 170 170 170 170 169 168 167 170 174 174 170 173 173 176 177 175 172 171 170 168 158 157 143 134 127 122 123 116 106 117 105 109 107 102 114 120 128 120 122 130 136 144 139 138 134 128 128 129 136 149 154 154 129 93 120 134 122 114 108 106 125 145 137 114 105 163 194 201 181 136 164 163 151 125 120 127 150 166 175 177 173 170 169 164 166
157 162 164 168 169 167 169 169 170 170 171 170 169 169 171 173 177 174 172 172 172 173 173 173 169 158 144 126 128 119 107 111 109 102 92 107 111 123 126 123 126 132 130 124 126 130 134 137 138 140 130 121 120 129 142 149 148 94 99 130 127 123 117 118 117 128 144 130 106 118 173 187 212 166 137 154 146 143 128 115 130 152 167 173 173 170 164 155 161 163
157 163 164 166 167 167 169 167 169 169 169 166 163 164 169 173 173 170 169 169 169 169 168 167 169 153 139 115 104 103 105 107 104 108 86 84 102 121 139 132 126 133 141 132 129 134 133 142 143 140 126 123 128 131 142 156 130 77 108 127 120 128 124 122 123 129 142 129 100 104 147 180 163 96 130 163 149 139 126 128 135 153 167 170 169 168 165 157 161 162
154 157 157 162 166 166 167 165 165 167 169 167 166 170 173 173 168 169 170 170 169 167 165 164 168 147 123 99 95 92 97 112 104 94 73 81 77 78 150 141 125 137 150 144 139 142 138 141 143 143 133 132 140 138 145 161 115 79 98 118 127 121 117 120 125 128 138 128 108 121 153 187 171 82 136 153 142 141 128 136 138 151 164 169 164 161 164 163 162 161
150 151 152 160 164 162 163 164 168 169 171 172 170 167 165 164 168 169 169 167 166 166 166 167 162 137 109 84 79 85 99 109 112 71 60 84 42 106 174 155 129 142 158 155 147 146 142 138 148 154 141 133 141 148 151 154 137 106 94 109 130 122 121 123 122 129 143 125 110 151 185 196 184 108 147 149 143 142 134 141 139 150 161 166 160 155 158 157 161 159
148 151 154 162 163 159 161 165 164 162 165 170 167 163 163 168 165 167 166 165 168 168 167 168 167 122 95 77 66 78 106 109 89 65 89 63 53 143 188 163 130 138 158 163 155 153 153 150 152 153 141 130 131 138 148 154 158 120 101 109 123 124 123 119 124 131 146 126 111 136 166 182 144 122 145 149 142 132 136 144 144 154 158 158 157 158 160 155 156 152
144 149 153 159 160 157 160 163 164 163 164 164 162 161 164 167 163 167 169 170 172 171 169 169 167 105 70 69 73 80 101 105 69 85 77 56 147 150 181 167 136 127 154 167 160 162 159 161 155 153 149 142 127 119 128 138 115 87 91 115 121 122 120 125 135 134 141 120 111 114 125 135 107 128 137 137 136 139 145 142 148 154 153 152 156 158 158 154 148 143
137 142 146 151 155 156 158 158 158 163 164 158 157 162 162 156 160 167 170 169 169 167 166 169 141 91 71 65 61 85 107 82 53 83 78 165 202 167 184 175 148 124 153 168 161 162 152 157 173 167 163 160 145 129 113 94 84 84 99 116 114 121 119 127 128 135 148 120 120 144 157 134 108 130 131 135 139 146 144 148 146 150 147 150 154 151 146 145 149 144
125 136 140 145 149 151 157 157 155 158 159 158 159 162 162 160 159 166 166 167 166 165 168 162 129 71 67 63 58 81 107 66 70 66 68 152 175 183 181 174 149 124 145 171 169 167 166 171 176 175 174 165 154 145 126 99 89 98 112 116 119 125 126 126 133 134 144 122 104 125 112 88 107 122 136 139 139 144 148 148 142 146 149 149 145 142 142 143 148 147
118 124 127 136 146 150 152 150 156 155 155 156 158 158 158 157 157 166 166 167 170 167 162 160 124 68 63 57 54 84 113 74 87 83 93 40 71 164 187 179 153 125 141 174 175 175 177 177 173 175 177 173 166 157 141 126 109 110 116 118 119 122 125 128 132 134 144 124 94 90 77 70 112 125 130 135 144 145 141 146 144 142 143 145 146 146 150 154 151 150
107 118 129 137 139 137 142 147 149 151 153 153 150 148 153 159 158 157 164 166 163 164 163 160 122 65 59 51 58 94 117 77 95 149 176 39 31 132 181 175 158 128 140 181 182 179 182 177 181 185 182 176 175 169 150 130 125 127 124 119 122 122 122 133 132 135 144 125 75 52 60 84 116 127 138 143 142 140 140 141 141 137 136 140 144 147 151 157 151 149
95 102 111 123 130 132 138 145 147 147 148 147 148 150 154 157 159 154 164 165 158 160 160 160 123 64 58 53 74 116 125 78 80 113 102 21 19 107 170 165 156 129 132 179 184 179 185 183 188 186 179 174 175 173 158 143 133 132 131 126 124 126 128 134 133 138 147 120 47 21 59 105 126 135 147 146 138 139 141 136 136 140 145 150 152 151 150 150 148 146
90 88 91 102 113 118 121 128 134 141 145 143 142 146 149 150 150 153 156 154 156 152 143 150 123 62 59 61 94 137 132 82 61 31 14 17 21 97 156 166 159 133 123 171 182 179 186 191 181 178 181 185 182 173 165 160 141 127 131 134 125 129 135 132 138 137 144 117 49 41 90 123 131 136 133 129 134 137 131 126 135 144 151 150 148 147 147 146 147 146
60 63 73 85 93 97 102 114 116 130 140 139 135 138 142 142 147 148 148 149 153 152 148 152 125 62 62 67 104 143 129 84 66 30 62 93 59 97 144 160 161 135 120 169 185 182 184 189 179 183 187 187 183 179 169 156 150 135 127 129 131 130 129 134 134 137 146 114 53 62 111 131 137 134 132 134 138 139 133 126 138 148 153 148 143 146 149 149 145 144
55 53 60 73 86 93 95 102 109 115 122 128 136 142 142 137 140 138 140 144 143 147 155 154 128 63 65 72 111 145 126 89 70 44 96 124 84 111 146 155 154 130 120 172 187 185 181 184 182 187 184 176 178 183 174 159 156 150 131 121 130 129 123 135 132 134 134 100 61 87 123 131 137 134 141 144 138 139 140 132 135 144 149 147 145 145 144 141 142 140
63 51 48 55 72 82 82 87 97 99 105 116 129 139 140 137 132 138 139 143 142 141 150 154 128 62 67 77 119 152 131 98 82 31 57 75 69 127 146 156 154 129 122 173 181 179 175 177 178 182 181 181 184 178 169 168 161 156 141 122 119 126 128 130 128 128 119 87 70 105 128 128 138 144 143 138 138 142 143 140 145 147 147 144 144 146 146 144 140 138
66 48 47 51 53 61 68 73 71 82 90 93 104 124 138 140 136 138 140 140 140 141 147 153 136 77 62 89 123 154 134 98 84 48 78 118 76 120 148 155 152 129 138 175 177 176 173 172 179 182 178 182 179 172 174 169 165 162 154 127 107 115 127 129 127 127 120 98 97 117 129 137 141 144 140 138 138 141 148 145 146 144 143 144 144 144 143 141 138 140
58 43 42 45 43 48 54 59 62 67 80 88 88 103 125 134 139 138 139 139 138 138 141 143 140 89 63 93 135 151 133 96 86 63 72 114 88 121 148 151 151 127 145 179 179 174 175 178 178 181 177 178 176 172 175 169 167 161 155 137 113 104 113 128 131 128 126 118 123 136 138 141 134 139 141 145 147 149 152 148 142 143 143 141 140 141 142 140 141 142
43 32 32 35 35 37 41 46 51 50 64 79 83 91 111 127 137 134 134 135 133 132 133 131 147 105 64 96 142 148 136 106 82 77 38 37 83 127 142 146 135 119 149 175 174 169 173 177 174 179 176 176 175 175 175 167 165 160 159 151 129 106 103 120 129 124 127 131 139 145 140 140 137 141 146 151 152 150 148 144 144 145 145 141 140 142 144 142 141 142
39 31 28 32 36 38 39 41 51 49 49 65 83 85 93 115 133 132 134 135 132 132 133 131 147 113 64 96 139 148 139 120 86 90 57 9 82 128 141 145 125 121 157 169 169 167 169 171 173 177 177 178 179 179 177 169 165 159 160 157 143 122 110 115 120 118 125 135 145 149 147 150 150 150 151 152 149 144 141 139 143 141 139 138 139 141 141 140 141 141
35 31 25 25 30 31 32 32 45 47 41 49 71 73 80 109 125 129 133 134 132 132 133 135 142 111 63 89 123 149 139 129 108 85 77 29 67 113 143 142 121 126 157 161 165 165 167 172 174 174 173 175 176 175 175 170 169 160 157 154 146 137 127 122 124 125 131 140 147 151 151 154 156 152 150 147 142 138 138 141 140 137 136 138 139 140 140 140 141 138
30 33 26 21 24 27 29 31 36 46 45 47 54 54 65 93 114 122 127 128 128 127 128 133 138 108 65 72 101 142 138 134 123 89 63 39 61 113 132 125 126 132 151 154 158 158 159 169 174 171 170 169 170 170 171 170 168 157 154 152 147 143 136 132 128 131 136 144 153 156 156 156 151 146 144 139 134 133 134 138 139 138 141 143 143 141 142 142 131 125
20 31 26 20 22 24 27 27 24 38 43 45 48 46 57 81 102 113 118 119 124 122 120 126 132 110 78 61 88 132 139 136 130 114 76 53 60 105 111 119 137 144 152 154 152 154 154 161 168 169 171 170 170 172 171 169 161 156 154 152 150 144 138 138 141 141 142 147 152 152 152 151 146 141 139 135 132 133 133 136 138 141 144 143 141 140 138 134 117 110
19 34 31 25 28 28 27 23 22 34 35 37 46 45 51 72 90 103 107 109 117 115 111 117 123 113 94 62 89 125 139 134 138 126 112 89 66 93 107 126 132 144 149 153 148 157 159 159 155 162 170 170 170 173 168 162 157 157 155 151 150 146 139 142 144 142 140 143 145 144 145 147 144 139 139 135 135 138 137 139 139 144 145 141 139 140 134 124 109 104
19 28 29 25 24 31 30 19 22 31 32 35 40 44 48 62 76 89 91 96 107 107 110 102 109 111 108 79 65 121 138 136 127 130 129 120 96 89 109 116 131 147 149 146 146 146 152 153 156 155 159 165 165 161 160 162 161 163 154 147 151 150 145 146 144 139 138 141 143 143 143 144 139 137 134 134 135 136 137 140 141 142 141 138 136 131 118 103 103 103
27 30 31 26 24 31 32 18 19 26 36 40 38 39 42 56 59 69 75 81 97 102 105 101 107 106 104 95 81 109 121 120 118 125 127 122 103 97 114 122 128 139 142 144 146 148 149 147 150 152 155 158 159 162 162 159 157 158 152 145 146 145 143 144 142 138 136 138 139 138 138 138 132 136 139 136 131 131 136 140 139 137 132 132 130 114 99 99 99 99
31 29 28 25 25 35 37 25 19 24 41 41 34 37 40 49 44 50 59 65 84 96 100 101 106 105 101 109 98 105 116 117 121 126 124 120 109 106 120 128 128 132 139 141 144 148 146 144 145 148 151 152 155 159 159 156 154 155 152 146 143 142 142 143 141 138 136 137 136 135 134 134 136 137 138 138 137 139 139 135 139 135 130 128 119 100 89 94 97 97
34 29 26 24 26 36 38 34 23 26 42 35 29 35 41 46 40 39 49 52 71 87 93 99 99 102 98 109 103 104 114 115 118 120 120 120 115 114 122 125 129 128 137 138 138 143 142 143 144 145 148 152 153 153 153 152 150 150 149 146 140 139 141 140 139 137 137 137 136 135 134 134 139 141 141 142 142 139 135 132 133 128 130 128 106 87 87 96 93 93
41 34 27 23 27 31 31 37 28 27 40 33 29 32 40 45 34 30 38 39 56 73 81 91 93 97 99 103 102 104 108 109 111 109 111 114 111 115 125 127 129 126 133 134 134 138 138 141 143 144 147 149 149 149 149 150 148 147 148 146 141 140 141 139 137 137 138 138 137 137 137 137 139 141 139 139 140 136 132 135 123 124 121 103 81 80 86 84 85 85
43 34 27 23 27 25 23 37 31 25 38 37 36 32 42 46 26 20 27 27 40 54 65 76 83 88 93 95 99 102 104 109 110 106 108 108 105 111 124 128 127 125 127 130 134 137 138 140 141 144 146 144 143 146 148 147 147 146 146 146 143 142 142 140 139 139 141 141 140 140 140 140 140 141 140 140 140 135 130 129 133 116 91 70 68 76 77 70 74 74
43 29 23 23 25 19 16 33 27 18 31 37 40 38 51 41 20 16 21 20 27 35 46 56 63 72 77 81 91 94 99 106 105 105 109 111 110 113 117 119 122 124 121 125 131 134 137 138 138 139 141 141 140 142 144 143 143 143 142 142 141 139 139 140 140 141 142 142 140 140 140 138 137 136 135 132 129 132 134 130 112 73 47 52 59 55 55 59 57 57
44 25 22 24 22 13 9 26 19 11 22 31 39 45 59 31 19 16 19 16 18 20 31 39 46 62 68 73 86 89 95 98 103 103 105 108 113 115 113 115 117 122 116 119 125 127 133 137 136 134 137 142 142 138 137 139 142 143 142 141 141 139 139 142 139 140 140 139 137 136 135 133 137 130 132 133 130 131 117 89 37 20 20 30 28 29 35 35 39 39
41 36 23 22 22 10 6 17 14 15 13 20 39 54 46 19 18 18 18 21 21 13 14 25 33 43 54 63 72 79 85 89 95 98 99 103 111 114 113 114 121 119 114 117 120 123 130 129 130 129 132 135 133 135 138 136 141 142 145 143 141 143 143 143 142 140 139 133 132 136 138 129 138 131 132 133 120 89 49 19 2 7 7 7 10 10 10 14 16 16
48 45 28 20 19 10 8 16 14 14 11 19 35 47 39 19 16 17 16 17 19 14 12 18 23 27 36 45 54 63 72 78 82 88 93 96 99 105 111 112 115 119 118 118 115 114 121 121 117 121 126 127 123 124 129 133 129 134 133 132 137 136 130 134 135 135 139 138 136 133 129 123 120 113 104 84 52 23 8 1 9 10 9 8 9 8 7 9 8 8
47 48 31 18 19 15 10 11 10 11 11 20 33 39 33 18 10 14 14 12 14 14 11 12 12 11 19 27 29 35 42 44 50 60 74 80 82 93 105 107 105 111 114 114 112 113 115 113 119 119 117 116 117 116 116 117 114 110 115 120 120 124 127 121 122 115 102 94 93 81 60 52 45 35 26 20 13 11 12 13 13 11 10 9 9 8 8 7 7 7
34 45 35 24 26 23 13 7 9 9 12 19 25 31 30 19 11 16 17 15 15 15 15 16 7 7 10 13 14 20 27 28 32 39 47 50 53 62 75 81 87 95 102 106 109 112 111 107 105 103 97 95 97 95 88 85 96 91 92 82 61 65 84 84 46 20 12 21 13 7 6 5 7 5 7 10 10 11 13 15 13 9 9 10 9 11 12 10 11 11
37 47 38 23 21 22 22 19 14 11 11 12 12 21 29 20 9 11 11 10 10 10 10 13 7 14 17 16 17 21 23 23 25 28 31 34 38 40 44 50 53 62 69 71 72 74 75 78 71 75 74 73 77 82 89 96 94 83 45 10 1 3 7 10 29 27 9 8 8 10 11 14 14 13 14 15 14 12 10 10 13 9 9 10 10 11 12 11 10 10
37 46 42 30 21 20 23 23 19 15 14 13 10 17 25 17 19 17 14 15 16 16 17 18 21 25 22 14 13 16 17 18 19 19 18 22 29 33 37 46 46 53 63 67 68 67 66 71 75 82 88 91 94 98 102 106 112 103 51 12 13 13 8 9 22 33 12 14 13 12 14 11 12 13 12 11 11 11 14 16 14 13 12 12 11 9 9 9 11 11
37 41 42 38 28 24 27 24 24 22 20 21 21 20 22 18 20 18 15 14 16 18 20 21 24 24 22 18 14 12 11 11 10 11 13 17 21 24 27 32 39 66 97 101 81 58 54 70 105 102 99 95 90 87 81 75 73 69 35 13 13 12 12 11 11 45 16 10 13 12 13 12 12 13 12 10 10 11 12 14 13 16 16 16 14 10 8 10 12 12
34 34 40 46 40 34 32 23 30 29 24 27 30 25 23 25 25 27 26 23 23 28 32 33 32 25 23 22 15 11 10 9 10 11 14 14 10 13 18 19 27 48 70 65 40 22 34 66 108 102 97 90 82 78 74 66 45 41 15 5 11 10 9 5 34 53 13 13 13 10 13 4 9 11 11 10 10 9 7 7 11 16 18 18 18 13 10 14 8 8
41 37 35 39 43 46 42 35 28 25 28 28 27 31 30 27 27 29 36 37 37 36 33 40 32 31 29 27 21 16 6 12 11 10 9 9 12 14 15 17 19 23 24 22 26 35 60 97 102 97 92 75 67 85 93 79 34 40 28 10 3 3 8 17 52 30 12 8 13 12 7 13 13 14 11 14 13 11 12 6 14 13 15 13 16 18 15 22 13 10
58 45 31 25 30 41 49 50 40 36 37 36 35 39 41 40 41 40 41 35 31 27 23 30 28 28 29 28 24 19 6 12 13 13 13 13 16 18 18 19 18 21 20 21 32 45 70 104 106 87 74 68 77 92 69 25 9 42 58 42 21 17 39 68 42 21 8 9 16 16 12 16 16 18 15 17 17 14 15 9 12 11 14 13 16 19 17 24 26 24
