87 87 89 92 93 93 94 94 86 85 90 91 90 89 79 66 59 63 58 54 56 61 66 59 56 49 42 47 46 55 45 36 40 45 44 42 41 38 36 40 46 45 43 45 49 51 50 48 57 71 80 79 78 75 71 69 64 58 53 53 63 70 65 61 58 57 57 62 67 66 63 65 61 64 64 70 75 74 77 76 73 65 57 53 51 51 55 58 57 58
91 92 89 89 87 79 77 74 75 79 83 81 76 72 67 63 56 59 56 57 57 56 59 56 52 60 63 65 60 71 64 58 55 56 59 56 53 57 59 51 47 46 54 48 48 59 61 68 64 58 54 49 44 45 48 46 44 44 47 50 57 62 59 60 63 66 65 62 61 56 52 54 54 58 59 64 67 67 70 70 72 68 66 67 67 62 57 53 52 54
69 66 52 46 43 37 39 43 40 45 49 47 42 40 41 43 48 47 45 50 52 53 61 67 71 77 78 80 79 90 84 81 70 74 73 67 62 60 62 67 59 58 68 64 56 56 56 62 69 61 58 59 56 53 53 50 53 53 55 55 58 61 60 65 67 67 64 62 64 64 59 57 61 64 66 68 66 62 62 62 58 55 55 58 60 58 54 53 57 59
34 35 32 32 36 35 32 40 35 35 34 34 31 30 34 35 35 34 34 40 48 55 67 78 81 77 70 76 76 81 73 77 75 77 71 67 70 70 68 70 67 68 71 81 77 61 56 55 60 60 58 60 61 57 55 59 59 55 53 52 54 53 49 50 52 49 45 47 55 61 64 65 73 75 76 75 71 71 77 80 79 73 66 61 57 53 52 54 52 53
40 40 44 41 45 46 38 47 41 34 30 33 32 31 35 33 31 32 32 33 37 42 47 53 58 58 59 71 71 72 66 76 70 68 66 63 67 78 78 65 71 67 59 67 73 67 67 68 69 70 67 63 63 62 63 68 65 59 53 49 50 51 50 54 52 51 53 56 54 50 51 55 60 61 65 64 58 57 59 60 59 56 51 47 45 41 40 43 40 42
36 36 43 39 42 45 37 44 44 37 30 35 35 31 34 33 32 37 39 35 38 42 42 45 46 50 55 67 66 70 64 69 67 64 62 62 67 72 76 76 72 69 67 65 72 78 73 70 69 68 69 69 67 69 70 67 70 69 68 62 57 53 50 53 47 43 42 45 45 43 46 52 47 46 50 48 43 45 46 47 41 42 42 43 46 43 41 43 45 47
36 40 41 41 42 42 42 41 49 47 36 39 42 32 30 32 33 40 43 37 37 40 37 40 39 40 43 51 50 61 56 55 55 62 62 62 65 64 66 75 72 70 70 65 66 76 75 63 66 64 65 67 67 69 71 68 66 67 68 65 65 65 63 65 64 56 52 52 50 46 44 43 46 44 50 49 47 49 47 45 47 51 52 53 54 52 53 60 68 70
44 52 48 50 46 40 44 34 46 48 35 38 47 34 29 35 30 38 44 39 37 37 32 35 37 38 40 46 39 47 45 45 49 79 98 84 64 64 70 68 78 76 69 70 65 69 78 59 65 64 61 60 62 60 58 60 63 62 63 63 70 74 68 64 69 67 66 63 58 54 52 50 51 46 49 48 45 49 48 46 49 56 58 57 56 55 62 75 71 73
67 69 64 69 56 52 48 43 41 49 43 35 37 35 31 37 28 32 35 35 35 36 36 33 31 33 34 37 39 35 33 38 48 84 125 101 60 58 63 65 77 87 83 79 77 74 74 62 57 52 64 59 54 53 50 45 50 48 46 47 41 48 59 53 52 54 55 53 51 52 51 50 46 47 48 45 41 42 47 49 53 50 49 47 50 63 71 67 52 47
79 74 77 86 65 53 51 49 44 44 42 40 38 34 35 40 34 34 33 32 32 34 34 32 36 34 32 32 32 33 33 32 40 51 91 130 109 71 69 73 75 89 97 101 97 91 91 80 70 57 54 52 55 48 44 47 47 44 33 41 35 31 47 50 45 38 36 38 39 44 47 42 42 41 40 40 40 40 39 39 40 39 43 47 52 59 58 48 46 44
65 57 64 81 70 59 55 53 50 51 51 51 48 44 45 50 46 42 39 38 39 41 41 39 35 35 36 34 29 30 32 29 34 35 40 81 104 87 79 79 92 102 115 126 124 119 119 109 99 92 80 67 57 45 47 51 50 46 46 45 36 47 36 43 44 42 41 40 38 39 42 42 40 46 53 56 56 50 47 48 40 44 50 53 51 51 50 46 46 48
64 62 68 83 87 81 77 79 75 80 76 68 68 66 67 73 72 68 65 65 64 62 59 56 53 50 50 51 51 49 41 31 31 30 35 40 44 48 54 63 76 85 100 122 135 141 146 144 146 145 137 121 102 79 66 42 35 47 43 43 42 44 43 44 44 50 45 41 44 42 38 40 39 42 44 43 42 38 38 43 45 42 42 41 38 37 35 32 34 38
74 74 88 113 134 135 127 124 121 123 118 110 108 109 112 118 118 114 112 112 108 102 97 93 87 86 85 86 86 78 65 59 57 53 60 56 55 63 60 63 62 79 96 110 119 127 146 165 181 187 183 173 157 135 126 104 71 53 43 38 48 40 42 43 39 49 46 39 39 36 33 36 37 38 39 43 47 44 38 35 29 28 28 29 29 28 29 29 31 34
92 90 110 132 151 156 161 163 164 159 161 162 156 152 154 155 158 155 154 153 149 145 142 140 134 137 137 136 133 125 119 122 113 118 113 103 105 110 111 115 124 135 142 142 138 129 126 133 160 165 171 185 193 176 172 169 164 151 100 44 19 34 31 32 35 40 44 42 35 33 35 35 41 39 38 38 37 35 32 29 28 30 32 31 28 27 29 32 33 34
108 109 128 141 160 169 174 175 172 169 177 185 183 181 183 181 175 173 172 170 169 169 169 168 167 166 165 165 167 167 164 162 169 165 165 171 169 168 173 168 166 170 172 170 168 162 155 154 144 149 143 146 177 198 200 182 179 192 195 138 104 173 159 121 55 40 34 38 38 39 38 35 36 36 38 35 28 29 33 32 30 29 28 28 30 31 31 30 32 32
120 132 147 149 170 181 184 185 185 186 186 186 187 187 187 186 184 182 180 177 176 177 178 177 176 176 177 176 175 178 178 172 173 175 170 167 173 176 179 185 186 181 177 172 171 173 168 163 162 159 157 152 153 155 162 160 164 182 197 182 139 68 47 71 90 64 41 36 37 33 32 36 35 34 38 39 34 35 35 26 28 31 32 31 30 29 29 28 31 31
137 151 166 178 189 195 194 193 194 193 191 191 191 191 190 192 189 188 186 186 185 182 180 180 179 181 182 182 181 184 168 176 177 161 157 151 157 174 177 181 179 182 186 183 189 182 183 183 180 176 171 167 165 160 152 145 144 178 195 197 166 83 24 31 57 87 75 47 36 35 39 35 30 32 33 32 30 25 25 33 33 35 34 32 31 28 25 25 26 26
148 167 185 194 198 198 197 197 197 194 192 192 194 194 192 191 191 192 191 191 190 188 185 183 179 182 184 185 179 179 180 184 162 138 140 145 146 165 178 180 185 194 202 198 201 197 198 192 192 189 183 178 174 172 172 171 166 158 180 191 194 137 41 34 29 71 89 53 33 37 29 26 35 32 31 34 37 37 35 32 31 32 31 29 29 27 26 26 26 26
167 185 201 207 205 203 201 202 200 199 196 196 197 197 194 194 195 196 196 194 194 193 190 188 186 186 186 191 187 184 190 174 136 141 161 171 170 170 171 177 183 198 209 206 206 203 204 196 197 195 190 185 181 179 179 179 178 168 171 162 171 160 103 82 67 80 88 54 34 36 27 33 37 35 38 39 36 36 35 30 29 29 28 27 27 27 27 28 28 28
186 197 206 209 207 206 206 205 203 204 203 202 201 199 199 200 200 202 201 197 196 196 195 194 195 192 195 196 200 196 193 161 133 166 188 187 181 163 149 154 170 195 208 208 210 208 208 204 201 199 195 193 191 189 185 183 179 178 175 171 167 171 174 168 160 146 122 92 64 46 37 37 30 29 31 31 25 24 28 30 28 28 26 26 26 26 26 28 28 28
199 204 210 211 210 209 208 206 206 207 206 205 204 203 204 205 204 207 206 202 200 200 200 200 199 199 206 200 206 204 186 153 153 184 194 187 177 149 123 119 148 192 208 210 214 214 213 212 207 204 200 200 201 201 199 197 188 178 179 181 174 167 166 169 164 166 160 155 142 120 99 75 50 35 22 23 29 31 29 27 28 26 25 25 25 25 25 25 25 25
206 211 217 217 214 212 210 206 210 209 206 205 207 208 207 206 205 207 208 205 204 203 203 203 203 202 208 202 209 204 164 131 154 190 196 187 166 114 78 80 132 190 209 210 213 216 212 208 208 207 206 205 205 205 203 202 192 191 185 180 179 175 168 166 164 162 162 160 160 161 155 147 120 99 71 48 33 25 25 28 29 26 25 25 24 24 24 24 25 25
212 216 220 220 216 213 212 208 211 210 208 207 209 210 209 207 207 207 206 206 207 206 206 206 207 205 207 206 208 195 143 113 144 186 196 180 135 68 48 72 138 190 204 208 213 218 215 211 214 213 213 213 212 209 205 202 198 202 192 187 182 173 173 170 165 164 171 166 159 155 150 156 146 147 144 121 84 52 34 23 30 26 26 26 25 24 25 25 26 26
217 217 219 217 213 213 213 210 211 212 211 210 210 210 210 209 211 208 206 206 209 210 210 211 208 209 209 211 203 183 137 117 125 161 182 164 98 40 53 89 148 185 191 204 215 221 221 222 220 218 216 215 216 214 210 207 203 198 197 190 180 178 174 165 167 165 163 157 157 161 160 161 152 146 146 146 138 124 93 57 32 27 26 27 26 26 27 27 26 26
218 218 217 215 214 216 216 213 215 217 215 214 212 210 210 207 211 210 209 210 211 211 211 211 211 210 206 208 199 177 142 118 108 133 169 149 64 42 78 107 153 190 186 196 209 224 226 223 220 222 222 222 221 218 214 212 207 203 199 189 179 176 172 161 155 155 145 143 132 147 153 163 159 157 147 143 143 144 138 122 91 48 26 23 28 28 21 30 28 27
221 220 219 217 218 220 220 216 219 220 217 216 213 210 210 208 209 209 211 212 213 212 211 211 212 211 207 206 198 176 132 108 90 115 150 115 52 76 134 135 154 190 190 196 204 222 225 222 223 225 226 227 227 224 219 215 211 199 194 193 182 169 160 153 145 138 129 137 146 159 161 168 172 169 155 147 145 142 144 144 140 115 68 33 24 26 25 21 28 22
223 221 220 219 221 225 224 221 221 221 217 217 216 214 215 214 210 211 212 214 215 214 213 212 213 213 209 205 200 176 125 104 79 92 130 92 53 98 157 152 151 183 192 196 203 223 225 221 224 225 227 228 227 225 220 216 206 195 190 187 176 163 152 144 126 120 126 144 162 171 171 173 175 176 168 163 157 144 139 143 143 146 134 93 43 20 25 26 23 20
223 222 222 223 226 230 230 228 225 223 219 220 219 216 218 218 214 214 214 216 216 216 216 216 216 215 212 205 198 169 110 92 71 86 117 78 45 72 108 133 155 180 191 192 200 223 223 218 224 224 225 225 223 222 219 215 203 196 188 179 167 156 142 127 109 99 117 140 156 165 171 172 174 176 173 170 167 156 144 141 140 142 153 149 116 58 19 26 27 24
226 226 228 229 231 234 235 234 231 229 223 223 221 217 217 217 217 217 217 218 219 219 219 220 218 215 212 207 201 169 105 81 64 87 98 60 52 75 79 127 172 196 201 188 198 226 228 221 222 222 223 223 221 220 218 213 203 191 181 175 164 144 122 107 86 95 130 154 161 156 157 164 163 166 167 165 166 168 160 149 148 151 151 146 150 135 78 26 23 31
228 230 232 233 233 234 235 235 232 231 226 225 223 220 220 219 218 218 219 222 223 222 221 220 218 214 210 209 206 178 113 74 74 78 102 59 73 97 37 97 170 198 198 179 195 224 226 218 218 218 221 222 221 220 215 207 197 187 172 159 146 130 106 83 98 130 154 154 160 163 147 146 155 161 167 164 166 174 171 162 158 148 148 157 153 154 149 114 40 16
229 231 233 234 234 234 234 234 231 231 227 226 226 224 225 222 220 219 220 223 225 224 222 220 219 215 209 207 204 183 121 68 63 78 81 46 37 30 25 96 165 190 185 176 206 227 225 222 217 216 219 221 220 218 210 198 187 172 160 149 123 96 94 110 138 157 164 163 159 146 123 144 164 170 176 172 172 177 176 178 172 169 154 151 151 154 160 151 132 68
231 232 235 236 236 236 236 235 232 233 229 227 227 226 225 221 221 220 220 223 225 225 223 221 217 216 210 206 202 190 134 73 56 65 75 48 40 38 64 127 170 184 172 176 216 228 224 229 221 218 219 221 220 218 208 193 174 158 139 121 107 105 120 138 165 178 176 172 162 149 121 141 167 175 183 182 181 178 175 184 183 181 174 162 157 160 161 158 169 143
232 236 238 238 238 238 237 234 233 230 231 231 228 226 225 221 222 223 222 223 227 226 223 222 220 214 208 202 200 188 143 87 65 75 74 52 61 92 113 144 172 179 161 188 229 226 225 226 221 222 220 217 217 213 199 183 164 148 139 118 125 147 161 167 178 181 187 179 172 144 83 117 175 195 185 196 192 190 189 192 189 186 183 179 171 163 158 156 159 155
232 234 235 235 236 238 237 235 234 232 232 231 227 225 224 220 222 224 223 224 226 226 223 222 218 211 205 199 196 190 151 96 73 88 90 64 73 115 134 144 170 169 169 202 224 221 227 225 220 219 216 215 215 209 190 170 158 151 151 154 167 172 175 183 187 188 189 182 176 137 64 89 170 201 201 202 195 190 194 195 193 190 188 186 182 178 175 173 163 157
231 232 233 234 237 239 238 235 235 232 232 230 226 224 224 222 223 225 225 223 225 225 223 221 217 210 205 198 194 194 165 116 80 95 105 81 77 112 139 156 172 168 185 217 224 223 230 224 215 212 210 212 209 197 179 166 168 173 173 178 185 183 185 186 189 191 190 185 182 138 59 72 139 186 200 201 197 194 197 195 196 195 194 192 190 188 186 182 175 167
231 232 234 236 239 240 238 234 233 231 230 228 225 224 225 224 224 226 225 223 223 223 222 219 216 210 204 197 194 195 175 141 105 107 118 106 86 93 124 164 170 174 194 214 220 222 220 215 212 208 209 210 202 187 180 180 183 190 183 183 185 181 190 188 189 193 194 188 179 129 58 65 111 162 185 200 197 197 196 194 194 195 196 195 194 193 191 187 189 180
232 234 236 237 238 238 237 234 231 230 229 227 225 224 224 224 225 226 225 223 221 222 221 218 214 210 203 196 194 192 180 164 144 132 134 131 118 113 133 172 185 192 208 218 223 222 213 213 212 211 210 206 198 189 189 193 192 190 173 170 187 181 188 194 193 195 198 196 175 121 76 96 120 140 158 193 187 190 191 192 188 190 192 193 194 197 198 197 198 189
232 234 235 235 235 235 235 234 231 230 228 226 224 223 222 222 224 223 224 223 221 220 219 217 212 210 204 198 196 192 185 181 174 164 157 151 150 155 166 188 201 204 215 221 220 215 208 212 211 212 208 200 196 196 195 192 191 183 152 124 165 175 182 191 200 195 196 195 163 106 97 145 153 128 126 166 173 182 189 188 186 185 185 186 190 196 201 203 201 195
230 232 233 233 233 233 233 233 230 229 227 225 224 223 220 220 219 218 220 221 220 218 216 214 211 209 205 200 196 194 192 190 190 187 184 176 174 179 184 195 207 208 214 216 213 209 206 208 207 208 204 199 197 199 197 191 187 174 140 81 130 160 179 189 196 196 197 193 156 98 112 178 180 148 126 138 162 168 179 184 187 182 179 180 184 190 196 199 203 199
228 229 232 233 234 234 232 231 228 228 226 225 225 223 220 220 215 213 216 220 219 216 214 212 208 206 204 199 194 194 195 191 194 191 197 200 195 189 188 197 203 208 208 206 208 209 205 203 204 203 203 203 201 198 197 198 193 169 144 76 115 144 173 188 189 201 204 194 150 86 100 166 187 181 153 125 150 144 158 175 186 179 174 176 182 188 193 196 202 201
227 230 232 231 231 230 229 228 228 228 226 224 222 220 218 219 214 211 212 216 216 214 211 207 204 204 200 196 195 196 195 192 194 198 203 205 207 205 203 202 202 202 203 203 202 201 201 201 201 202 204 204 202 202 203 201 197 173 153 112 112 136 173 183 193 202 202 196 140 86 87 155 186 186 145 90 139 150 141 148 177 182 173 175 173 179 192 196 200 202
225 227 228 227 228 228 227 226 227 226 224 223 221 219 216 216 212 210 211 213 212 209 207 204 205 201 200 201 197 191 191 196 196 200 205 210 213 213 213 214 212 209 206 203 201 202 205 207 207 203 203 203 205 211 214 211 198 177 167 147 118 125 153 182 202 199 199 192 141 88 97 173 204 200 192 93 123 151 150 138 154 176 173 168 168 174 181 193 199 201
223 224 224 224 226 227 225 223 223 222 221 220 220 217 214 214 216 214 216 216 213 209 208 206 205 199 198 201 197 189 190 197 198 197 200 210 221 224 223 222 219 217 216 214 211 210 210 210 210 204 203 203 205 216 223 219 204 180 166 156 128 130 147 184 196 200 209 190 136 83 89 150 184 204 206 90 111 155 168 152 138 164 169 162 163 171 174 193 200 200
219 222 223 224 226 226 223 220 219 218 218 218 217 215 214 214 217 215 216 216 213 209 208 207 205 201 197 195 194 192 191 192 191 190 195 205 215 218 217 218 218 216 215 212 209 209 209 208 202 199 201 201 201 213 223 221 202 187 170 146 133 130 135 166 187 193 207 196 144 85 105 169 192 203 180 52 115 163 182 167 140 152 162 160 161 173 178 197 205 204
215 219 221 221 222 222 219 217 217 217 216 216 215 212 212 215 216 214 215 216 213 211 209 207 204 204 199 194 191 191 188 184 180 185 193 200 201 199 201 206 206 206 205 203 201 201 200 198 196 196 200 198 195 201 208 206 198 186 166 139 129 125 118 140 175 184 196 192 139 80 115 187 212 208 205 96 104 170 197 174 138 143 154 155 156 171 178 196 209 208
213 216 216 216 216 217 215 214 215 215 214 213 211 209 210 213 215 213 213 216 216 214 211 208 204 204 201 194 188 184 179 175 171 176 183 190 192 190 190 193 191 191 192 191 190 189 188 185 187 189 193 192 188 190 191 189 186 171 157 144 125 118 103 125 157 174 192 193 139 82 113 185 211 204 207 101 100 161 207 169 133 144 151 148 152 168 176 198 212 211
212 213 213 212 213 214 212 210 211 210 208 208 207 205 206 210 209 207 209 213 214 212 209 205 201 200 196 188 182 176 169 163 160 163 168 174 178 178 176 174 177 175 172 169 168 170 172 172 170 175 180 181 180 180 180 182 174 153 145 138 131 117 92 104 149 164 186 189 135 83 97 171 200 207 201 110 106 156 193 160 141 149 146 143 151 168 180 205 216 215
212 212 212 212 214 214 211 207 206 204 203 204 204 203 204 208 205 204 206 211 212 210 207 203 198 196 189 178 174 172 164 154 147 155 161 163 160 157 156 158 162 162 161 159 158 159 159 157 162 170 174 174 171 167 167 173 161 143 139 117 126 108 91 102 139 165 188 174 118 83 82 142 181 189 187 86 108 149 174 178 151 144 132 134 146 163 180 206 214 213
210 212 215 215 213 211 208 204 206 207 203 202 204 202 199 202 204 207 210 211 209 208 205 202 198 191 182 171 170 157 146 145 140 145 139 137 140 137 139 143 144 154 153 153 157 158 158 158 162 162 165 165 161 162 164 160 148 135 127 99 111 100 91 104 132 161 179 144 95 75 116 180 212 207 185 78 104 154 189 184 152 132 122 127 144 162 182 209 214 213
209 210 212 213 212 212 209 204 203 205 201 200 203 202 200 202 206 208 210 210 208 207 205 201 192 187 175 163 151 130 118 125 131 123 125 124 126 136 143 153 155 148 146 156 161 161 166 168 166 158 152 152 152 153 152 149 141 131 102 94 112 101 90 109 137 162 170 126 80 79 134 184 200 200 180 81 116 172 208 181 138 119 115 126 142 159 181 207 212 211
207 207 208 209 210 210 208 203 201 203 200 197 198 199 199 202 207 207 208 208 206 205 202 198 191 187 168 148 117 101 98 111 116 116 116 112 117 131 145 164 180 174 169 172 171 168 172 174 173 162 149 142 141 141 142 144 142 129 85 99 114 104 99 118 140 163 156 112 78 90 147 185 192 191 160 71 118 175 200 157 123 109 113 130 143 159 183 206 209 208
206 205 205 205 205 207 205 201 200 203 200 193 192 193 197 202 203 205 207 206 204 201 197 193 190 189 164 132 87 85 95 107 109 110 94 87 96 117 149 163 180 197 196 185 180 178 180 180 177 169 156 149 151 151 149 148 142 118 83 109 111 104 110 121 140 159 142 106 87 93 138 169 180 175 116 56 117 165 168 130 116 113 120 134 147 161 183 205 206 205
205 204 204 203 201 202 202 199 199 200 196 192 190 192 195 198 198 202 206 205 202 198 194 190 185 189 156 116 74 77 91 104 109 87 69 76 90 125 164 164 170 197 205 195 188 189 190 188 188 179 164 158 166 170 161 150 142 110 94 111 109 106 119 124 141 154 131 99 85 87 127 155 173 163 66 58 129 155 144 120 114 122 128 136 149 162 182 201 204 202
201 201 201 200 197 198 198 196 196 194 191 190 192 194 194 194 196 200 203 203 200 196 192 189 185 187 142 98 71 71 83 102 90 67 68 90 111 141 170 181 182 195 205 206 200 196 197 193 196 186 168 154 155 163 163 156 147 114 104 103 107 112 124 133 146 153 130 99 88 104 153 177 184 160 45 79 138 141 130 116 118 132 135 139 151 164 182 198 202 199
194 195 197 197 195 195 195 193 192 188 186 188 191 192 192 192 197 198 199 197 195 193 191 187 189 178 127 83 67 65 79 96 74 67 80 115 144 155 168 183 192 198 205 211 207 202 202 199 196 189 175 156 143 144 147 146 130 108 102 96 107 119 128 143 155 158 132 95 89 111 153 170 177 132 48 100 131 127 120 115 127 138 139 142 153 166 183 195 198 195
188 189 192 194 193 194 193 190 189 185 184 186 186 186 189 192 197 196 194 192 190 191 189 186 187 167 118 75 62 62 79 85 61 86 122 166 171 158 173 183 192 207 210 210 211 208 206 205 202 197 190 173 149 133 121 110 100 92 97 100 115 130 135 150 156 159 129 92 94 114 139 152 144 86 54 111 121 124 118 121 134 139 138 144 153 165 182 191 195 192
185 186 186 186 189 190 188 186 187 189 189 186 186 187 189 191 194 190 188 183 184 188 186 186 180 160 101 78 64 62 83 78 57 110 169 190 187 178 176 185 187 208 213 210 212 213 210 207 203 203 199 187 166 145 127 115 108 102 110 115 123 135 141 155 157 156 126 94 104 140 162 166 157 73 75 117 121 118 121 129 137 141 142 145 156 169 180 190 195 189
183 183 183 184 187 187 185 182 183 185 184 182 184 186 187 188 191 189 187 182 184 190 188 187 181 151 95 75 63 69 91 72 66 92 122 142 174 173 182 187 185 205 217 215 210 210 211 207 207 205 201 192 177 160 145 137 132 129 128 128 135 144 151 157 159 152 125 96 107 145 155 140 101 66 87 121 122 123 130 140 143 144 142 145 156 167 178 188 188 185
179 180 180 180 181 180 178 177 180 181 180 179 182 185 186 186 189 189 188 183 185 193 192 189 178 137 89 74 65 83 105 68 57 101 108 91 143 158 181 182 186 206 219 217 210 209 211 207 208 206 203 198 185 167 149 138 138 144 142 144 148 152 157 156 155 155 125 102 109 116 113 101 59 54 115 124 115 138 133 144 147 146 144 148 158 167 176 185 187 187
171 173 175 175 174 173 174 177 178 178 177 176 179 182 183 184 189 189 189 187 188 192 191 188 170 128 87 73 70 97 114 60 56 89 64 42 127 156 165 172 188 210 218 215 216 214 211 210 207 206 204 201 193 178 158 142 135 142 150 155 155 158 161 158 154 156 125 102 106 126 124 76 49 95 116 126 135 141 152 150 148 147 148 154 164 171 178 186 189 189
164 165 166 167 169 170 173 177 176 176 175 174 176 178 180 182 185 185 186 189 188 188 187 183 162 122 87 75 87 119 127 61 25 25 26 41 105 146 164 168 183 205 214 214 216 214 211 209 206 205 201 196 191 184 168 151 138 135 148 154 154 160 159 158 154 147 122 96 86 85 70 43 71 116 131 136 150 153 152 148 148 149 153 161 170 176 183 191 189 188
165 162 159 161 165 166 167 169 173 174 173 173 174 176 178 180 180 180 183 188 188 186 184 177 148 111 83 77 102 131 124 54 50 37 44 81 123 145 152 166 178 199 215 219 216 214 214 210 208 207 202 195 189 184 171 156 142 128 137 144 152 162 157 155 156 146 126 91 88 86 66 84 125 140 151 150 148 152 154 148 152 154 158 165 173 180 187 193 191 188
162 158 155 157 160 160 160 161 167 168 168 169 171 172 174 176 175 176 177 182 183 184 181 166 139 106 89 92 121 136 116 46 54 84 114 127 124 133 150 162 180 202 219 223 219 216 216 213 210 209 208 203 196 189 179 169 152 135 127 133 150 161 157 154 151 141 127 70 37 52 75 114 151 159 155 150 152 149 145 149 157 159 163 170 176 183 187 189 187 182
152 151 152 155 157 156 158 161 159 160 161 163 165 167 168 170 170 173 172 174 177 181 176 155 122 95 92 106 135 141 116 50 56 99 122 124 122 132 154 159 179 203 213 215 216 212 209 209 208 206 205 202 194 184 177 175 164 147 122 121 142 154 155 153 140 141 116 58 30 62 111 146 158 154 152 150 154 157 154 158 160 163 167 173 179 184 184 182 177 171
138 145 148 151 152 151 153 154 157 157 161 162 160 161 164 163 163 164 162 168 170 172 168 146 114 80 89 129 145 145 115 55 54 101 136 130 127 143 154 159 183 202 213 213 212 209 206 207 207 204 202 198 192 185 179 173 168 158 136 122 127 146 156 145 133 133 110 54 47 104 144 154 152 153 155 153 157 158 153 159 166 168 172 175 177 176 173 170 164 161
129 141 147 148 147 147 150 151 156 157 161 162 159 158 158 158 158 160 158 162 161 162 161 145 113 80 91 133 150 151 123 69 45 68 103 114 125 146 154 165 183 200 211 213 212 208 205 206 205 204 202 199 194 187 180 174 172 161 145 132 125 133 146 142 135 125 101 70 80 126 148 149 152 157 161 157 154 155 160 170 171 171 171 171 170 166 160 154 152 150
125 135 139 141 145 150 153 150 155 157 159 159 157 155 156 156 155 157 156 157 152 151 155 147 120 90 100 137 149 146 130 95 61 54 79 103 127 148 152 168 189 201 208 208 206 202 200 203 202 201 200 198 193 186 179 173 169 158 149 142 128 126 138 141 134 126 106 93 105 130 146 151 160 157 153 157 165 172 178 177 169 167 163 159 156 154 151 149 147 144
126 133 134 136 141 146 151 152 152 153 154 155 154 155 156 156 154 154 153 153 147 144 148 145 131 96 97 134 148 145 135 111 82 60 67 94 126 147 154 172 191 198 204 204 202 197 195 198 197 196 195 193 188 182 175 170 170 159 151 145 133 123 125 128 131 126 109 107 123 139 155 163 160 162 165 177 182 180 175 163 156 157 157 154 151 148 146 146 145 143
124 133 137 139 136 135 143 151 149 149 150 152 153 153 152 152 150 148 147 147 142 138 140 137 129 93 91 127 145 143 136 123 101 82 71 90 123 144 159 177 188 194 200 202 199 195 192 194 193 191 190 188 184 179 174 170 167 159 151 144 138 126 118 119 129 131 120 124 140 152 164 169 170 175 177 181 176 169 167 159 154 153 152 149 145 143 141 141 140 139
118 127 133 139 139 135 139 145 147 149 150 152 153 151 148 147 147 143 142 142 139 136 134 131 126 97 91 117 133 135 135 131 117 108 91 98 124 144 164 180 192 194 196 195 191 187 187 188 188 187 186 184 182 178 174 170 158 156 151 144 143 137 128 130 135 142 139 147 165 173 173 169 173 175 174 172 168 163 160 155 152 148 142 138 136 136 137 137 139 139
114 119 123 131 137 137 137 136 143 146 147 148 149 147 144 144 146 142 141 140 138 136 132 130 134 110 96 107 123 132 135 128 121 119 113 116 133 151 166 179 191 192 191 186 181 179 179 180 182 181 181 180 178 174 169 165 156 155 151 144 143 141 137 142 151 159 164 167 171 169 166 166 162 164 164 158 154 149 142 141 138 136 135 135 135 134 133 134 141 141
110 117 119 123 126 127 130 130 137 140 141 141 142 141 140 143 145 141 141 139 137 136 132 131 131 121 109 110 119 130 135 129 124 125 132 134 145 160 166 177 179 182 185 183 179 176 175 174 177 176 176 176 173 168 163 158 155 150 148 141 139 141 141 147 156 156 159 161 161 157 154 157 152 150 147 138 137 136 127 128 131 133 134 134 132 132 135 139 139 138
104 114 110 110 110 117 117 117 122 127 132 134 139 142 140 143 139 142 139 136 137 135 131 131 127 127 123 118 119 125 129 131 131 131 143 149 154 161 165 175 176 175 176 177 174 169 167 168 169 167 166 165 164 160 156 152 148 145 143 143 143 141 141 141 146 146 145 146 147 146 144 144 138 134 131 131 133 133 131 129 130 133 134 133 132 133 137 141 137 133
86 98 97 97 98 103 103 102 106 111 117 121 130 137 138 141 141 143 139 135 134 132 128 128 125 128 127 122 120 122 125 127 137 138 151 157 159 161 159 164 170 169 168 168 166 163 161 162 158 157 156 154 153 151 147 145 144 142 141 141 140 141 142 143 140 140 139 139 139 138 136 136 135 132 129 130 131 132 131 130 134 134 133 133 135 136 135 135 130 127
70 85 88 89 87 90 90 91 94 97 102 107 116 124 126 130 135 137 136 133 133 132 129 129 125 125 124 124 126 127 126 126 132 135 149 156 161 165 163 165 164 163 160 157 154 153 152 151 150 149 147 146 145 144 142 141 142 142 143 142 140 141 142 142 138 138 137 137 136 135 133 134 132 131 131 133 134 133 130 129 134 133 132 133 136 136 133 130 129 127
62 79 82 82 78 79 80 83 84 86 91 94 102 111 116 121 125 130 133 134 135 135 132 131 128 128 127 127 127 126 125 126 130 131 139 143 150 158 159 161 159 159 155 149 145 143 142 141 144 142 141 141 142 142 140 139 138 140 142 142 141 141 140 138 135 135 134 134 133 132 131 132 135 133 131 131 131 131 131 131 130 132 132 132 134 134 131 128 127 125
58 69 68 70 68 69 70 73 74 75 79 81 85 93 99 106 113 119 124 128 130 130 129 128 129 126 124 126 128 126 124 122 131 130 131 132 136 143 145 146 150 151 149 143 138 136 136 136 136 135 134 136 138 140 139 138 133 135 137 138 138 139 138 135 134 133 132 132 132 131 132 133 132 132 134 135 134 131 129 129 131 133 133 131 131 131 128 126 124 122
57 59 54 58 61 63 61 62 65 66 70 71 72 78 84 90 99 105 112 116 119 123 125 126 121 125 128 129 128 126 127 130 131 130 131 131 133 135 135 133 137 139 139 136 133 132 133 133 133 132 132 135 138 140 140 139 137 136 135 134 133 134 134 133 134 134 134 134 135 134 134 135 134 134 135 134 132 131 132 133 134 134 132 129 129 129 125 122 125 124
55 53 46 53 57 56 53 55 56 56 62 64 66 71 76 81 86 91 98 103 107 112 117 119 118 119 120 121 124 127 128 129 131 131 131 133 132 130 128 125 128 130 132 131 130 129 130 131 132 133 134 134 135 136 137 138 139 137 135 134 131 130 132 133 133 133 133 134 135 134 132 132 131 133 136 136 133 130 128 129 130 130 128 125 126 126 123 120 123 122
51 49 43 50 51 48 45 49 49 49 54 55 55 59 61 64 73 78 84 89 91 95 99 100 98 99 99 102 110 118 122 123 125 125 126 130 130 127 126 124 126 127 128 129 128 127 128 129 130 131 132 131 129 128 130 132 133 131 132 132 131 130 132 135 133 133 133 135 135 134 131 130 129 131 133 132 129 124 123 123 122 125 124 122 122 123 123 122 120 119
47 43 46 49 46 43 43 43 45 45 45 49 53 53 50 50 59 64 67 67 69 74 78 82 77 76 75 80 86 99 105 114 117 123 126 128 129 128 129 129 132 130 132 128 128 129 125 127 128 126 129 129 124 128 126 129 126 129 127 129 129 130 130 131 134 133 132 132 131 131 132 134 133 130 125 122 121 120 120 120 118 119 119 118 118 118 118 119 120 117
43 45 49 46 38 36 41 44 42 41 41 45 50 49 47 48 46 50 52 52 53 56 61 66 66 66 65 65 65 75 80 89 97 109 115 120 126 130 131 133 132 131 133 130 130 130 127 130 131 131 129 125 122 122 123 122 122 123 125 130 127 128 131 131 127 129 131 133 134 132 124 117 110 106 101 98 97 99 101 103 105 106 107 109 111 112 114 116 116 116
47 45 42 38 35 37 41 40 38 38 39 44 48 45 41 40 45 46 47 46 43 43 47 53 60 62 60 56 51 56 58 66 80 94 104 108 115 120 124 129 127 128 131 132 131 129 128 133 130 134 131 128 128 129 131 125 122 122 117 116 117 116 116 114 115 115 109 101 94 86 73 60 52 50 47 45 45 47 49 51 53 53 55 60 66 74 84 94 97 102
44 37 32 31 35 40 41 37 39 38 40 45 47 42 36 36 43 42 43 42 38 36 40 46 51 56 58 58 54 58 55 58 67 77 89 97 103 109 114 121 124 123 125 126 126 126 126 128 130 134 133 133 128 132 116 103 100 85 65 58 68 63 53 56 54 52 47 39 33 30 26 21 20 20 21 22 22 22 22 21 20 20 20 22 23 29 41 54 67 75
37 35 36 39 40 40 41 42 39 40 41 44 46 41 36 37 37 35 37 37 34 33 38 43 42 46 50 55 57 64 59 60 69 70 84 96 104 109 110 115 119 119 121 124 126 129 130 128 134 132 131 133 121 123 75 53 59 60 52 22 21 27 23 23 24 23 23 22 22 23 26 27 24 25 26 27 27 26 25 24 27 26 26 25 22 19 22 29 40 49
39 39 41 44 43 37 34 36 36 40 44 46 46 41 36 36 38 35 35 36 33 33 37 39 48 46 44 46 50 60 61 65 73 70 81 93 104 109 107 111 121 124 125 127 128 133 135 129 132 128 127 126 120 115 51 28 27 44 72 36 15 25 27 23 28 26 25 26 28 27 27 28 35 34 33 32 31 31 32 32 32 31 31 32 32 28 26 27 23 29
36 35 34 34 34 31 28 28 37 43 47 46 42 37 33 32 38 34 33 32 30 31 35 35 41 40 38 40 41 48 51 59 63 65 70 73 85 94 97 111 118 129 128 111 96 103 125 134 127 126 120 106 111 94 38 27 24 32 79 52 25 27 23 24 27 28 29 31 34 35 35 33 30 29 27 27 27 27 28 28 29 28 26 27 29 29 28 28 29 29
28 31 30 26 26 29 34 38 46 50 49 41 34 31 31 32 34 30 29 29 29 33 37 37 34 41 50 58 57 58 56 62 61 69 68 56 64 75 84 109 118 115 94 68 60 84 120 132 126 128 114 83 91 59 17 19 26 49 102 52 16 28 27 28 27 32 35 34 34 34 30 24 23 23 23 24 25 24 23 21 22 24 24 23 23 23 24 25 28 25
25 27 32 35 35 38 45 48 52 43 38 32 30 31 30 32 30 27 28 31 37 39 36 39 41 60 73 83 86 85 77 83 78 83 85 68 65 66 70 82 92 90 73 80 86 116 132 133 132 131 125 98 82 89 81 63 64 91 92 26 24 24 26 25 24 25 25 24 24 25 25 25 24 23 23 23 23 22 23 25 28 27 25 24 24 24 23 22 22 24
31 33 37 40 41 44 50 54 45 35 30 27 26 27 26 27 29 28 30 33 38 40 38 41 63 79 83 83 81 81 78 87 82 93 102 87 79 69 64 69 69 62 62 101 116 128 128 127 128 133 114 56 23 46 74 80 67 43 30 18 28 25 23 27 24 24 24 23 23 24 24 24 24 23 23 23 23 22 23 26 28 27 25 24 24 24 23 22 25 26
