193 181 134 68 29 31 43 46 43 36 30 26 19 11 10 11 17 14 16 20 21 21 24 27 18 19 25 27 20 17 20 19 20 12 28 22 14 7 6 12 7 8 15 23 26 35 43 63 97 137 175 174 118 48 11 14 16 10 19 26 39 41 39 46 44 47 52 51 41 32 33 38 37 40 46 41 27 24 27 25 21 15 11 11 13 15 14 10 7 5
118 67 27 26 41 50 48 43 26 21 17 17 15 13 15 19 21 17 17 18 15 13 14 16 11 14 20 21 15 15 21 22 24 14 23 36 19 19 26 27 47 74 106 127 138 157 162 163 156 168 183 193 202 174 85 15 18 35 34 35 23 28 43 37 31 32 33 35 39 40 35 26 26 23 21 23 24 19 13 9 13 10 9 9 8 8 7 5 10 9
26 28 32 41 45 31 17 17 15 13 14 17 17 15 15 17 16 13 13 14 12 11 13 15 17 16 18 19 18 20 23 22 12 5 29 61 34 32 78 107 142 160 169 175 176 187 194 197 203 197 189 190 187 199 187 119 24 9 23 16 25 22 12 25 27 27 26 26 29 32 28 20 14 14 9 10 15 11 4 5 7 7 9 9 7 7 8 8 4 3
45 38 35 29 15 9 13 16 15 15 17 20 18 15 12 11 15 13 13 13 11 11 13 14 23 16 13 17 21 21 17 11 13 15 18 32 46 51 99 142 157 171 169 172 168 164 170 182 192 199 203 201 191 184 194 198 143 41 16 18 25 21 28 16 19 17 18 20 18 15 16 19 15 20 20 14 11 11 10 9 6 6 7 8 5 5 7 7 7 7
37 31 20 15 17 13 11 18 16 15 14 14 13 13 14 15 15 13 14 13 12 12 14 14 17 14 14 19 21 17 12 12 17 18 17 21 37 46 91 145 150 172 176 172 160 156 157 157 169 178 193 201 196 181 187 189 199 153 67 37 49 53 56 47 54 48 48 54 55 50 47 48 48 48 51 46 36 34 34 26 15 14 14 14 12 11 10 7 12 12
20 20 18 12 8 17 22 16 15 13 12 11 10 13 16 17 11 11 12 13 14 16 19 18 21 26 28 25 19 12 13 20 13 25 24 27 27 25 50 121 173 169 161 155 144 152 163 164 161 160 160 185 206 183 187 193 190 203 189 114 43 33 39 48 42 38 37 42 46 48 46 43 47 38 40 35 20 18 24 19 21 19 19 19 18 17 15 11 6 7
16 14 10 12 18 20 17 15 13 13 14 14 13 14 15 14 14 14 15 15 15 18 20 17 21 27 23 15 14 19 26 33 48 47 39 39 38 42 40 57 87 109 121 114 110 136 155 161 171 161 159 161 197 200 191 200 194 198 199 210 156 63 31 33 27 26 24 23 25 28 28 25 28 27 33 32 23 19 20 17 18 15 14 12 11 11 10 8 5 7
19 15 16 20 20 15 12 11 12 13 14 14 14 14 14 13 16 16 17 17 17 21 21 18 21 24 17 15 35 62 75 79 81 84 84 81 89 82 79 81 78 91 101 103 104 113 123 150 169 182 186 174 193 201 207 201 207 199 199 206 207 150 18 28 29 28 27 29 32 34 32 27 28 30 29 27 32 37 36 32 27 22 17 12 7 6 8 8 6 7
16 21 23 16 15 11 13 16 15 17 16 15 15 15 17 19 18 16 14 22 25 23 24 20 20 27 39 67 113 127 121 124 121 130 136 143 145 139 136 138 138 131 131 124 118 125 138 152 177 181 186 186 184 202 214 213 205 203 200 204 205 201 112 30 43 42 37 34 33 31 27 26 29 34 28 22 20 18 21 20 31 33 30 26 25 20 15 14 8 8
26 23 19 12 14 17 21 17 13 18 17 10 12 20 21 16 23 23 19 21 19 18 25 27 38 62 88 119 127 123 124 141 143 158 163 161 160 159 160 160 162 159 162 161 158 159 157 156 157 155 160 164 164 166 166 187 204 199 200 202 210 211 170 69 25 38 37 35 32 28 33 29 23 33 36 38 35 25 18 13 11 14 13 11 11 11 10 13 14 14
27 16 16 19 24 22 22 17 17 12 14 22 23 15 13 19 18 24 22 22 20 27 50 63 82 96 113 124 114 121 121 139 159 168 166 160 162 167 171 170 173 175 182 180 176 177 175 174 175 168 167 164 164 163 149 163 162 161 176 190 202 208 202 114 19 38 41 45 57 56 49 49 44 41 37 40 40 33 30 29 21 21 17 13 11 8 6 7 10 10
23 23 26 22 20 17 18 12 16 25 27 21 19 22 23 21 26 27 24 35 53 71 88 93 89 101 125 105 75 80 68 89 126 141 152 161 166 166 173 181 187 186 186 185 184 187 188 187 189 186 186 179 173 180 175 178 172 166 164 165 154 162 168 143 78 60 50 31 24 32 34 46 51 55 46 30 26 31 28 16 23 20 16 15 16 15 12 10 7 7
25 25 26 22 19 11 16 26 34 31 25 22 27 32 27 19 27 40 51 67 81 89 99 100 105 117 104 67 77 68 35 74 96 112 131 152 165 167 174 183 186 186 187 189 190 189 188 187 187 184 186 193 185 181 179 175 179 178 172 176 168 172 163 165 174 162 152 130 109 79 35 20 13 18 34 45 40 26 22 27 18 14 11 10 12 12 9 7 8 8
30 32 29 18 21 27 40 51 44 32 30 39 37 22 18 28 41 55 67 85 99 101 102 99 124 123 107 94 98 56 31 72 109 119 128 144 158 163 168 173 181 187 190 192 191 189 191 192 196 196 187 193 191 188 187 183 174 177 172 172 178 183 180 178 182 177 177 182 177 168 151 123 67 27 1 6 18 20 16 19 17 15 12 10 9 8 8 8 7 7
53 38 29 33 54 65 66 60 52 46 36 27 24 31 46 59 68 85 97 108 112 112 125 135 149 133 91 76 79 60 48 70 125 141 152 159 159 152 151 155 169 182 186 188 189 190 194 191 193 201 195 192 188 189 188 188 184 188 188 176 174 172 176 176 173 180 175 176 179 178 182 178 180 153 100 37 9 19 23 15 17 15 13 12 8 6 6 5 7 7
36 40 55 72 89 92 82 62 46 38 35 40 44 49 67 90 104 114 118 125 130 133 149 162 162 129 91 91 77 56 54 99 132 148 161 166 157 137 125 124 140 169 188 191 189 191 199 198 199 196 195 196 194 198 193 196 194 189 191 187 185 181 173 176 174 177 179 181 181 178 179 183 174 175 174 142 82 31 7 10 10 8 8 10 9 9 7 6 7 7
61 80 87 89 96 104 62 45 43 41 46 52 63 82 106 129 131 134 136 138 144 154 167 175 156 106 93 100 86 65 77 117 151 164 166 162 151 91 112 87 110 158 173 183 188 196 195 197 200 200 197 197 199 198 197 199 197 196 193 194 191 187 185 182 178 176 173 173 175 176 178 180 181 180 175 172 159 118 54 1 12 3 6 10 9 5 3 12 7 7
79 95 83 102 86 60 55 50 63 67 71 83 102 118 130 140 138 144 149 154 161 172 180 183 155 124 97 96 76 53 69 145 153 171 167 162 97 99 82 42 112 146 163 176 185 194 201 193 202 206 203 198 200 202 201 201 203 202 200 200 196 190 189 188 184 176 178 179 172 173 176 172 173 174 178 175 171 175 144 82 18 2 3 9 2 4 9 0 8 8
79 91 91 81 61 64 64 68 81 91 92 106 127 135 139 139 139 150 159 163 168 174 179 179 157 133 102 85 82 62 81 150 166 175 173 143 92 110 35 46 109 143 160 166 182 182 200 206 203 208 206 203 206 207 205 206 198 197 195 198 197 193 193 192 188 183 175 175 182 181 175 174 169 168 169 169 166 167 162 144 91 31 4 4 6 8 6 10 5 6
67 78 73 78 79 75 73 86 96 110 114 128 141 142 146 145 152 158 166 174 180 184 181 176 161 141 108 84 85 53 82 168 187 183 172 113 120 55 30 103 116 160 172 171 177 187 199 203 210 208 209 212 211 207 205 206 205 200 196 199 199 195 193 189 187 176 171 173 176 179 180 175 173 176 172 173 175 167 160 158 149 105 37 6 9 5 3 10 6 8
59 62 70 87 82 85 101 96 111 125 134 150 156 154 163 166 169 170 173 177 181 185 188 191 176 162 103 71 73 51 79 185 186 187 163 108 117 26 117 148 132 160 185 174 171 178 206 207 209 203 208 215 213 212 214 212 209 204 200 202 202 198 195 190 185 178 176 176 172 174 180 181 177 173 170 173 175 176 172 159 150 143 123 57 5 6 11 7 7 7
50 64 85 85 90 103 107 121 136 142 147 156 157 156 165 170 176 175 176 181 187 189 187 184 178 169 111 66 75 56 88 183 188 185 151 121 78 96 193 173 143 169 200 176 164 174 199 202 210 206 210 214 212 214 217 213 211 209 205 204 200 196 194 190 181 178 171 170 174 175 175 180 184 174 170 172 167 166 170 167 156 151 150 124 59 13 8 4 9 6
63 82 94 95 106 119 134 143 149 151 151 154 160 165 171 177 180 184 186 186 187 190 190 187 191 173 113 58 70 47 93 189 193 195 146 107 53 166 197 195 158 186 197 175 148 189 196 203 206 207 210 214 215 215 217 217 208 208 205 202 198 196 196 192 183 171 169 172 170 174 179 176 179 180 174 171 172 171 170 165 163 148 141 149 141 75 11 14 12 5
75 88 97 115 136 145 160 157 159 162 161 159 169 176 174 178 178 184 186 182 184 192 194 189 188 191 116 47 55 44 85 188 188 198 143 95 28 55 77 167 178 173 199 181 149 164 186 206 207 208 211 217 219 211 209 217 212 210 203 197 193 191 189 182 174 172 168 165 162 160 166 174 173 175 174 173 174 176 176 169 163 162 151 142 145 134 99 71 48 38
80 86 108 140 147 161 167 163 165 168 170 172 177 177 174 182 188 186 187 187 189 195 196 193 190 193 111 43 54 53 74 187 188 191 142 85 86 52 32 60 156 166 199 160 144 156 186 204 206 210 214 213 212 216 217 213 207 209 204 195 192 190 183 176 173 164 164 161 144 139 154 167 172 176 180 180 175 178 174 173 163 163 160 152 145 143 141 137 152 140
95 109 132 155 164 175 171 174 179 178 179 178 181 181 180 187 188 191 194 191 189 193 198 199 191 182 119 44 49 50 58 172 177 177 136 82 104 56 20 44 149 183 188 160 119 141 195 201 207 209 210 211 212 212 212 210 209 203 193 187 187 188 179 168 161 154 145 124 115 125 133 141 148 170 185 182 176 178 178 176 175 169 163 157 151 148 145 143 149 162
115 133 156 167 174 183 175 181 187 183 183 182 182 184 185 189 199 196 195 196 198 200 202 201 200 192 153 64 43 41 46 158 170 170 132 69 15 17 30 40 141 183 185 145 94 155 198 198 207 209 209 208 210 209 206 204 207 199 190 183 180 176 167 156 154 145 137 121 128 138 117 103 126 156 176 182 190 183 180 180 181 174 167 163 159 155 152 151 129 138
120 146 174 181 179 184 185 190 188 182 182 183 185 191 194 197 201 196 195 201 201 198 200 201 200 190 158 70 39 45 52 138 159 157 134 72 12 20 39 49 140 184 164 114 102 175 197 203 207 212 210 206 207 207 202 199 195 190 181 176 174 167 158 152 149 135 146 151 130 94 69 78 117 157 174 177 192 191 191 185 183 179 176 171 165 159 155 152 143 136
148 169 180 181 183 185 193 193 184 184 191 195 194 194 192 193 199 199 199 203 204 203 204 200 199 191 174 95 43 56 72 148 153 165 124 84 46 103 68 61 148 166 145 93 120 186 193 200 206 207 204 201 201 198 195 195 186 182 172 165 161 154 151 158 166 164 167 147 109 91 82 68 127 175 190 189 191 185 193 192 188 188 185 179 172 166 159 153 156 151
163 181 179 178 190 189 196 195 193 195 199 197 193 192 193 198 199 204 203 205 207 210 210 198 195 182 175 113 45 61 77 144 148 153 126 94 56 68 96 129 158 165 136 87 138 195 199 201 209 202 198 199 197 192 190 192 183 174 163 162 167 167 171 181 183 174 164 152 152 162 120 40 84 180 188 179 196 195 190 197 193 192 189 185 182 180 173 164 159 151
172 184 184 178 187 186 195 200 198 201 203 200 200 200 200 206 197 206 206 206 204 203 206 196 191 180 171 135 60 77 94 140 153 148 143 102 77 74 135 125 153 167 102 93 160 188 201 206 211 203 201 200 196 192 188 182 172 158 157 171 182 183 182 181 178 176 180 178 184 183 115 24 56 151 178 195 196 199 200 196 196 194 192 192 193 191 186 179 174 162
178 174 178 180 196 202 204 196 204 205 202 200 203 201 195 198 207 206 200 206 207 202 201 192 187 186 169 152 73 88 111 136 151 150 149 126 114 67 78 130 158 133 88 134 183 194 202 209 203 200 200 195 188 189 182 164 145 148 174 196 193 185 187 189 192 184 185 180 190 182 95 5 33 137 169 194 190 192 195 199 198 196 197 199 198 193 189 186 184 183
173 180 185 185 197 200 199 201 206 212 209 210 201 197 206 194 206 203 206 204 208 199 197 194 184 180 167 150 108 102 116 138 157 144 140 140 136 106 91 135 158 118 102 158 196 195 207 202 203 198 190 191 190 184 171 148 149 170 195 193 194 192 193 190 190 187 192 188 192 174 97 9 6 103 178 177 193 197 191 197 195 203 195 202 196 191 191 190 186 183
165 166 182 195 203 203 202 205 209 212 211 208 204 204 205 203 204 210 213 210 204 203 198 190 187 179 165 154 121 113 122 142 153 147 141 140 142 142 133 117 154 133 145 181 200 201 202 201 203 200 197 193 196 178 155 169 189 189 190 190 199 188 192 191 195 192 188 189 192 172 118 48 48 65 158 179 181 187 185 196 196 193 201 199 198 192 196 194 191 187
172 191 208 196 191 204 206 205 209 212 219 214 215 214 201 205 210 208 206 211 198 196 191 191 187 183 175 169 140 123 122 141 150 156 143 135 139 151 160 149 153 155 180 196 197 201 203 207 200 196 199 201 189 181 186 189 195 193 194 182 200 201 193 195 190 191 187 201 191 157 132 99 164 159 149 166 175 178 181 182 192 190 199 196 198 196 199 199 197 193
188 197 198 188 195 210 205 210 220 219 220 210 209 208 199 207 204 209 209 209 201 199 190 180 183 183 177 175 157 140 133 147 152 158 148 142 146 145 149 163 164 175 187 199 202 202 205 199 198 201 196 195 191 189 198 196 196 194 197 158 168 202 196 195 192 195 188 196 184 156 129 95 151 189 164 169 172 166 174 174 182 194 190 196 196 199 199 200 198 195
182 177 175 184 200 209 199 209 214 215 217 215 212 208 205 207 208 209 205 195 196 193 190 186 181 181 176 177 175 162 146 145 158 160 157 159 161 161 171 181 181 193 191 198 201 195 200 197 196 193 194 192 196 192 184 196 203 195 166 117 135 186 199 193 186 191 192 196 179 160 132 107 184 203 193 165 183 174 162 173 170 186 189 196 195 200 201 201 201 198
161 174 182 191 192 202 200 206 202 206 208 212 209 206 209 205 207 205 202 194 198 186 186 190 189 187 179 175 175 167 156 154 156 165 165 179 183 180 195 197 195 196 191 192 197 196 195 198 195 188 194 198 192 189 194 198 206 201 124 72 136 168 188 189 196 191 194 198 178 164 135 118 186 212 203 156 173 195 175 167 164 164 189 193 195 199 205 204 204 201
167 185 188 196 190 195 193 195 206 208 208 210 208 208 210 205 203 207 204 197 196 193 188 185 183 184 181 177 177 170 165 167 167 172 170 183 190 184 188 188 190 191 195 192 192 196 194 198 196 200 195 196 192 191 202 201 199 198 124 45 147 174 186 196 195 194 194 190 171 172 143 111 133 193 137 140 173 191 200 166 164 151 175 187 194 200 207 208 204 200
160 185 180 188 191 198 192 191 196 197 199 200 203 207 207 204 208 202 194 196 191 190 184 186 182 178 176 174 178 174 173 175 174 176 186 189 190 197 198 194 196 192 191 186 186 195 200 197 197 193 195 193 193 197 198 202 198 192 165 51 149 187 188 188 191 192 193 193 174 177 149 112 172 216 219 176 153 195 205 187 166 150 154 182 192 201 207 211 207 204
158 162 178 186 192 188 193 190 192 197 196 199 201 199 202 203 205 195 198 192 188 192 186 182 181 178 175 180 171 174 177 182 182 186 193 193 195 202 203 200 195 197 192 193 198 197 197 198 197 194 195 191 192 201 204 201 196 192 182 115 139 189 188 183 189 187 182 186 180 176 145 118 185 221 227 208 145 190 217 198 180 158 138 173 188 198 206 210 211 209
161 172 179 186 185 184 187 184 189 190 188 195 201 200 200 197 197 190 197 195 188 188 185 180 178 178 176 177 165 166 172 182 183 186 193 195 198 204 203 199 201 203 199 200 201 196 195 196 197 200 195 191 195 206 216 212 196 187 177 160 148 165 183 177 186 190 192 196 185 177 147 124 159 214 222 184 131 191 208 211 182 154 130 167 189 197 204 211 213 210
154 166 165 177 175 176 178 182 186 185 184 192 196 193 194 196 196 196 193 190 188 183 178 180 182 177 171 173 171 174 175 181 181 183 190 196 203 210 209 207 206 205 200 201 203 201 204 208 204 195 194 206 201 202 218 211 193 183 176 170 157 146 170 179 185 188 187 191 181 174 147 124 141 209 220 163 116 181 198 197 185 151 118 153 186 197 205 217 213 210
134 154 154 165 175 183 187 185 184 193 192 186 186 193 196 194 193 190 191 195 190 184 182 177 177 176 172 171 171 171 172 178 178 178 184 191 200 207 207 209 210 208 203 204 205 201 200 202 198 205 200 201 206 206 208 205 191 179 177 160 154 140 136 167 181 188 189 194 182 174 149 125 182 227 229 228 152 168 203 193 182 153 119 148 185 196 200 207 211 210
132 147 153 164 179 175 181 182 185 187 186 184 185 187 188 190 192 197 191 191 194 184 177 179 178 177 174 170 169 164 166 172 182 183 187 192 198 203 202 206 203 202 199 202 202 198 199 201 196 202 199 195 200 205 203 203 191 182 178 165 141 131 110 153 185 192 188 192 182 176 152 126 170 208 220 213 172 168 201 195 175 155 122 141 181 196 201 204 209 208
127 143 154 153 166 168 178 180 174 181 187 184 182 182 182 185 190 189 191 192 187 185 186 186 179 177 177 171 168 163 168 174 178 181 186 189 194 196 193 195 194 195 192 191 188 185 190 193 197 187 194 196 190 195 198 193 182 180 163 155 144 135 110 131 181 195 192 187 167 160 145 126 164 208 215 216 140 174 188 185 178 161 126 136 173 190 199 202 205 205
130 138 149 152 158 162 169 181 183 177 177 182 190 190 182 182 186 189 194 191 190 188 181 183 181 171 170 167 171 169 171 168 174 178 183 186 192 193 189 190 189 191 189 189 187 184 186 186 184 190 189 186 189 191 189 184 182 175 155 149 157 148 110 116 177 197 196 187 162 151 135 114 130 207 207 212 131 167 197 194 173 156 124 137 176 189 199 203 203 203
121 131 145 153 155 166 164 173 179 179 180 177 181 187 184 184 190 186 193 189 187 190 184 183 178 172 175 171 170 165 170 167 171 175 179 181 186 188 182 182 183 182 177 177 178 180 183 180 183 184 180 188 191 185 189 188 184 166 160 157 131 123 83 121 178 201 199 184 154 142 129 110 145 204 210 190 130 177 196 196 176 153 121 136 175 186 199 206 204 205
110 133 144 156 151 159 168 165 168 174 177 174 175 179 182 184 186 185 191 189 184 189 186 173 172 175 173 163 161 162 158 162 160 167 165 171 184 178 178 175 171 170 167 173 176 175 177 171 174 176 173 177 179 182 190 185 183 165 156 110 102 85 92 138 170 195 197 174 164 145 119 124 176 210 216 216 152 168 197 194 173 150 119 138 176 188 199 207 204 203
105 124 139 152 150 160 165 160 167 174 172 178 179 176 184 181 181 186 188 189 190 185 173 167 171 170 167 160 156 150 145 152 162 158 163 165 174 171 176 166 167 164 159 161 168 177 181 174 171 170 167 168 171 178 182 177 182 172 120 52 90 104 108 141 172 186 190 171 160 151 129 122 183 206 216 195 136 187 195 184 166 147 122 142 180 191 197 200 204 204
98 112 134 151 143 149 165 168 156 175 175 175 177 174 180 184 179 181 180 183 188 183 177 180 173 168 160 151 143 133 128 137 158 154 158 146 159 159 157 168 167 166 166 162 165 174 177 177 169 162 159 157 162 171 178 182 177 167 63 28 91 106 134 149 163 178 181 165 156 142 127 141 194 211 221 201 119 181 189 175 161 145 123 141 176 191 199 204 204 203
81 94 121 151 143 137 158 164 159 159 169 175 175 172 174 188 183 178 179 184 182 179 182 182 174 165 147 131 123 121 126 139 145 142 137 143 146 150 162 160 173 171 175 174 172 172 170 174 175 166 162 157 156 162 170 183 180 154 38 46 101 120 142 152 159 177 180 162 155 137 118 139 193 208 219 156 138 187 184 159 158 142 126 148 182 192 193 192 197 195
72 89 105 139 151 142 157 158 166 151 160 168 168 178 182 177 184 180 180 182 175 174 182 179 168 158 134 115 111 115 125 136 141 143 152 153 158 180 172 177 176 172 176 178 181 180 171 169 171 167 166 159 156 161 168 180 189 141 28 83 126 137 142 152 161 174 178 158 149 137 116 125 166 205 173 76 161 183 178 161 146 138 135 159 184 189 191 196 196 194
51 84 92 115 143 140 151 154 166 156 152 164 172 172 176 177 177 181 180 180 177 176 181 178 163 143 111 96 102 113 126 136 164 171 168 165 171 188 177 171 165 169 173 174 177 178 171 167 169 171 168 157 153 159 166 173 183 144 71 126 135 132 147 159 161 171 177 158 143 126 121 158 190 212 182 88 165 176 168 161 152 145 143 162 180 185 191 198 195 193
27 67 89 103 130 136 147 154 152 163 158 156 168 171 170 175 171 180 181 184 183 176 174 166 157 117 73 68 92 115 140 160 169 175 164 154 172 170 161 163 161 172 179 184 186 184 182 179 168 173 168 160 153 153 163 173 174 160 149 130 122 136 152 164 161 169 178 161 141 119 122 177 189 209 166 130 187 170 162 147 149 149 154 167 180 186 193 199 196 193
17 45 79 90 112 130 147 155 151 153 161 156 161 174 168 167 172 177 176 180 178 172 171 160 149 97 47 56 92 119 148 172 178 169 143 126 111 93 158 173 157 166 172 187 195 190 187 183 177 181 176 172 158 143 151 164 174 164 148 93 129 150 161 155 162 162 176 161 137 123 114 133 172 154 96 155 175 161 155 146 155 155 158 169 182 190 192 191 193 190
25 30 62 89 104 115 128 153 160 155 151 155 158 165 167 170 171 176 173 172 177 173 163 156 143 56 44 41 79 123 158 179 174 150 83 77 30 105 193 174 149 161 181 185 193 201 195 192 189 186 192 189 171 159 134 133 133 123 97 105 141 156 158 161 160 160 176 162 137 117 112 151 188 169 132 161 164 155 149 160 157 156 161 176 190 190 187 190 189 185
20 25 45 74 104 113 116 142 153 155 157 153 149 161 168 165 172 172 173 171 170 164 159 151 107 45 40 41 81 135 170 179 169 83 61 65 115 136 173 183 145 154 176 184 194 196 196 198 188 188 193 193 189 175 170 148 121 100 105 135 153 158 162 160 162 157 166 161 126 118 135 173 172 139 133 151 147 152 154 150 156 162 171 181 188 189 186 187 181 177
27 21 35 65 97 113 116 128 145 153 155 152 151 152 158 167 164 168 173 167 162 163 159 135 79 46 37 33 81 144 175 179 139 56 61 152 199 169 164 180 143 138 162 172 189 193 197 194 200 193 199 197 189 176 179 177 163 148 150 159 158 157 155 151 162 161 160 168 132 114 113 112 106 79 120 148 149 153 160 162 163 170 177 180 181 185 186 182 175 172
29 19 26 49 77 102 116 117 133 151 156 147 149 152 157 160 161 161 167 162 161 163 158 124 71 47 39 31 81 150 177 172 89 28 78 173 212 189 149 185 143 126 160 167 183 194 202 198 194 198 198 199 192 192 182 180 175 174 170 156 154 159 154 153 159 159 152 166 131 94 102 109 80 84 129 150 160 161 164 168 175 177 179 178 175 178 179 173 174 171
29 30 29 38 63 93 116 125 130 138 151 150 147 149 159 150 164 158 160 159 163 157 152 117 63 42 44 39 91 163 183 158 65 52 74 33 104 177 148 175 149 121 170 174 175 184 193 196 196 205 192 199 196 193 194 187 183 175 174 163 155 159 159 158 153 155 151 157 128 68 62 59 46 99 138 162 171 161 160 170 172 172 176 178 176 178 178 173 167 164
28 31 29 32 45 74 110 126 129 129 141 149 151 143 152 148 157 161 165 157 162 156 145 98 52 48 45 40 116 176 181 146 32 122 125 26 25 119 158 174 153 111 162 183 182 190 194 201 205 198 198 200 202 193 196 188 186 179 176 168 158 159 159 155 158 147 147 156 132 44 11 8 41 130 159 165 163 167 173 174 178 176 177 177 174 170 170 171 164 162
31 31 28 33 36 52 93 117 122 130 137 139 150 141 149 149 148 158 168 159 163 155 139 78 49 56 40 42 140 177 175 136 33 34 23 20 31 91 152 179 156 106 144 179 185 192 192 193 195 195 210 197 194 197 195 194 177 181 176 170 166 162 157 150 148 139 131 130 118 45 8 30 99 154 164 167 168 174 175 174 177 176 174 173 171 167 166 169 166 165
34 38 26 32 39 38 70 111 124 122 132 142 149 135 149 155 149 148 160 163 167 149 132 75 51 51 36 52 151 173 177 127 26 11 16 20 39 97 149 175 156 111 138 177 185 192 194 192 197 200 195 196 194 197 191 195 183 179 174 175 166 156 156 150 136 136 122 114 107 45 10 69 138 157 159 164 173 178 173 178 172 173 171 171 172 167 162 163 162 161
35 36 28 29 36 40 48 83 111 118 125 147 148 137 147 148 145 145 156 164 159 147 130 70 42 49 30 66 152 163 174 123 27 28 97 105 51 108 138 169 150 112 130 184 191 186 191 189 192 195 190 196 194 190 197 184 184 180 178 170 164 160 152 154 139 127 102 95 80 40 57 124 144 155 164 167 171 176 178 176 171 168 166 166 163 159 157 157 156 155
30 34 31 27 32 39 42 69 90 116 132 131 135 147 148 138 148 147 149 155 161 151 122 60 40 48 35 72 145 154 166 126 38 29 77 94 90 126 135 167 147 115 137 186 193 189 190 192 192 197 191 189 185 183 191 186 175 175 174 168 162 157 153 155 153 137 115 90 67 78 121 149 156 162 167 170 174 176 171 166 162 159 157 157 156 155 155 154 152 150
26 30 34 28 27 38 38 52 74 99 123 129 131 140 146 143 145 147 149 153 155 146 117 61 39 46 38 78 138 151 160 131 43 40 119 140 141 119 141 164 143 116 145 183 192 192 188 192 185 188 187 189 193 192 189 185 175 177 174 169 161 152 150 151 146 143 139 125 113 133 162 161 167 168 168 169 170 169 163 158 154 152 151 150 150 152 152 150 151 149
28 26 37 32 23 38 38 42 62 79 104 130 132 130 145 149 150 147 151 156 151 143 117 69 44 43 36 78 132 154 159 134 63 26 124 166 113 113 158 161 143 118 153 181 189 193 188 189 188 185 183 184 191 189 182 182 181 183 176 172 163 151 149 146 149 152 154 157 161 166 173 175 172 173 172 169 165 161 157 154 149 149 150 149 147 150 150 146 147 145
34 25 36 35 21 34 38 38 54 64 86 122 134 127 137 148 148 148 152 155 145 130 103 74 54 42 36 74 123 154 159 139 93 27 52 93 79 130 156 154 144 122 164 184 186 192 188 186 188 190 188 183 185 185 180 184 181 183 176 174 169 157 151 145 148 150 153 157 162 167 170 173 175 176 173 167 159 151 146 145 144 145 147 146 144 146 148 145 150 147
37 27 34 36 22 29 35 36 47 56 75 100 126 132 127 139 138 148 150 149 141 117 82 72 68 46 45 76 117 147 156 145 98 62 17 43 83 132 154 151 144 127 172 185 182 187 185 182 180 189 190 184 188 192 186 183 179 179 175 174 172 162 152 145 147 149 153 156 163 167 165 169 170 169 165 158 152 148 147 148 144 143 146 145 142 145 148 145 143 139
35 33 32 35 28 27 30 36 34 51 67 75 101 126 126 124 133 144 141 142 142 120 76 69 76 48 57 83 115 136 148 148 104 94 29 32 91 130 144 149 147 133 173 180 179 182 182 179 181 186 183 181 185 188 185 180 180 177 175 172 169 163 152 148 152 149 148 150 158 161 159 166 165 166 161 153 147 145 146 146 147 144 147 148 144 145 145 140 132 128
31 37 31 34 33 28 28 37 30 37 49 67 84 104 120 120 121 134 135 136 134 116 76 71 76 45 63 89 115 127 139 145 126 81 75 32 73 113 137 140 155 140 172 174 178 181 181 179 181 184 184 187 185 179 182 184 180 176 174 168 166 163 154 155 154 147 151 152 152 162 161 151 141 148 152 149 145 144 144 145 149 145 148 150 146 143 140 132 126 122
37 39 33 30 33 29 26 34 39 35 38 55 74 89 107 125 115 115 130 129 137 126 89 71 72 52 64 103 113 121 137 150 144 99 78 67 76 107 124 137 160 146 170 176 176 176 177 182 177 175 177 177 182 185 180 182 175 174 172 167 163 161 160 159 156 151 150 151 152 156 156 149 133 149 149 150 150 145 148 146 147 142 146 144 139 140 135 124 125 127
35 39 39 36 32 26 26 33 35 35 34 45 66 78 91 109 117 117 112 129 131 128 103 69 76 59 65 97 106 115 135 146 141 121 108 90 87 111 128 136 153 151 164 161 170 173 172 175 180 179 180 178 179 180 176 178 173 172 169 164 161 159 159 159 159 153 152 153 152 153 154 152 156 151 144 148 152 149 150 148 145 146 141 139 142 133 120 125 128 129
34 32 33 34 31 29 26 23 31 33 29 34 52 65 77 93 118 122 111 121 131 130 124 87 78 60 59 87 103 119 132 134 146 134 123 107 96 109 129 141 144 153 162 162 172 175 174 173 175 175 176 175 175 175 173 175 174 171 167 163 160 160 160 160 157 151 151 154 151 149 150 150 150 151 152 149 147 150 151 144 142 141 143 140 132 120 116 125 133 134
27 29 36 38 30 27 28 23 32 31 31 31 37 51 68 78 107 126 126 118 130 133 135 120 83 68 68 83 96 116 125 130 138 139 135 126 114 117 134 144 144 149 157 163 164 167 175 175 170 168 169 169 171 171 171 172 173 170 165 162 161 161 160 158 156 154 155 157 154 153 153 152 153 149 151 152 150 150 148 148 150 142 142 133 118 119 128 132 127 127
36 32 34 38 37 38 33 21 29 33 35 32 30 38 51 60 74 113 128 124 121 132 129 133 109 92 88 86 94 116 119 130 137 143 137 130 131 140 146 139 148 149 155 163 159 160 168 167 169 166 163 166 167 167 167 165 168 165 161 160 161 161 158 155 157 157 157 156 154 156 156 153 153 153 154 152 150 150 148 150 144 136 125 116 118 124 122 121 127 127
31 37 41 39 33 32 31 27 20 30 34 32 32 32 36 45 49 86 113 125 125 127 130 129 133 115 108 102 108 125 121 134 144 144 137 133 138 145 149 148 147 152 154 161 161 165 164 161 165 161 157 161 163 162 163 160 162 160 159 159 161 161 159 156 156 156 155 151 150 153 154 152 150 156 154 147 149 154 152 145 138 129 115 109 114 117 112 115 117 116
32 36 33 30 35 36 31 26 21 27 29 30 33 31 31 37 42 56 85 111 129 128 135 130 133 129 126 126 126 130 128 142 147 142 138 142 150 149 146 151 150 154 151 154 157 165 160 162 161 158 155 159 159 158 162 160 158 159 159 158 159 159 158 157 157 157 156 153 153 154 156 156 156 156 152 152 148 145 145 137 115 105 102 99 94 92 91 92 79 78
29 36 32 28 37 40 35 34 33 27 27 30 30 31 33 33 37 31 49 89 116 128 127 132 133 134 127 135 139 135 134 142 138 143 146 144 148 149 145 150 153 154 155 160 157 163 156 158 163 161 159 162 159 156 161 160 156 157 158 156 155 154 155 155 156 157 157 158 158 157 158 161 156 155 148 150 150 146 132 98 71 63 57 51 48 47 45 47 54 53
35 29 32 34 30 32 37 35 34 29 29 31 34 31 26 36 27 36 34 59 99 118 126 125 133 138 131 133 138 137 144 144 145 148 145 147 149 146 148 152 151 152 155 157 156 153 156 160 159 161 158 156 159 158 155 157 158 152 159 154 156 151 153 160 154 156 157 157 157 157 158 160 152 148 150 151 138 106 63 29 27 25 23 23 22 22 21 21 24 24
32 36 28 25 35 33 26 33 34 30 28 35 33 25 31 35 34 34 32 44 69 95 114 121 127 132 135 137 138 141 147 150 148 150 147 148 149 145 145 147 152 152 153 155 156 156 156 155 155 156 156 156 157 157 156 155 158 155 152 152 155 147 155 155 154 156 155 153 153 154 150 145 153 149 142 113 63 25 15 17 18 16 14 14 14 14 13 14 15 15
40 35 34 35 35 36 35 31 31 35 28 29 33 30 32 35 38 30 35 35 41 66 95 119 123 126 137 138 136 140 144 149 151 152 148 150 152 149 149 149 148 149 150 152 155 157 156 154 157 155 156 156 154 155 157 154 152 151 149 151 156 155 158 147 147 152 152 148 148 153 152 145 133 93 50 21 5 8 13 9 13 12 10 10 10 10 10 10 11 11
40 31 33 34 28 32 37 30 31 33 32 24 29 38 34 31 34 27 42 39 32 42 63 100 113 120 128 132 133 135 139 143 143 143 141 143 147 149 151 152 149 150 151 152 152 151 150 149 154 151 151 149 147 147 147 144 150 144 150 149 146 145 145 151 149 148 147 147 148 138 110 80 44 19 4 7 11 11 10 7 6 5 4 3 4 4 5 5 5 5
34 40 33 27 33 30 28 36 31 25 36 31 20 34 40 29 28 28 43 40 35 32 32 60 81 96 102 111 117 115 121 125 126 127 125 129 134 139 145 146 144 143 143 145 145 144 143 145 142 142 141 139 138 138 136 135 135 135 134 132 138 141 133 137 132 127 114 87 56 33 18 9 4 7 9 10 12 10 7 7 10 10 9 9 9 10 11 11 10 10
34 37 37 36 36 34 31 31 27 27 33 37 24 22 36 35 26 29 35 34 39 36 23 28 44 64 69 80 88 83 90 95 109 112 113 117 121 126 134 135 133 131 131 134 137 139 141 143 143 141 135 131 129 129 128 129 128 130 120 129 128 104 74 61 44 30 15 6 3 6 9 7 16 10 2 4 11 8 6 13 7 7 6 5 5 7 8 8 6 6
36 27 31 34 29 32 35 24 25 31 28 32 33 21 24 37 31 31 28 32 38 39 32 22 27 40 46 54 60 60 66 73 84 90 97 102 105 108 114 114 115 117 117 116 118 125 129 130 133 131 132 133 133 136 138 136 141 132 134 138 86 32 10 4 5 4 7 9 7 8 9 5 7 10 7 6 10 9 7 7 8 8 8 7 7 8 10 10 8 8
44 38 24 19 31 37 36 38 30 28 26 27 35 29 20 32 39 34 28 34 33 33 39 26 20 24 31 36 43 50 55 63 56 66 77 85 86 88 93 92 104 112 115 110 111 121 130 131 132 133 144 151 149 148 145 136 117 108 127 103 18 0 12 9 11 8 8 6 4 8 11 8 12 9 6 6 8 8 5 4 4 5 4 3 4 5 7 7 5 5
45 42 38 31 26 23 27 40 34 34 27 26 27 28 31 26 28 39 34 24 37 27 34 32 29 21 24 28 32 38 43 55 60 79 91 90 99 103 107 108 101 114 120 138 142 154 163 160 166 165 162 152 140 126 106 96 103 123 151 51 11 3 10 8 10 7 4 12 14 11 16 15 14 14 14 13 10 8 7 7 9 8 10 9 4 4 7 7 6 4
36 39 44 43 38 29 23 29 34 34 27 26 27 27 31 26 28 39 34 24 37 27 33 32 30 21 24 27 31 37 44 56 71 96 115 110 106 95 88 84 85 91 91 119 142 163 149 112 84 113 143 141 117 96 89 95 122 136 135 21 5 15 17 10 10 8 6 14 16 13 17 16 18 19 19 17 16 14 13 13 12 12 14 12 7 7 10 11 7 5
