152 150 153 153 149 146 150 143 142 147 143 119 82 58 53 50 59 62 49 36 34 42 43 27 20 24 21 19 19 21 23 14 13 9 8 16 18 16 18 17 12 16 19 15 5 11 26 25 20 32 25 16 16 10 4 4 4 2 2 4 5 3 3 4 6 5 5 6 5 3 3 5 5 4 5 5 4 6 7 6 5 4 8 13 14 15 13 8 9 13
152 155 150 146 156 153 145 133 121 88 63 56 53 60 67 60 60 44 38 49 51 39 30 26 21 25 19 18 21 15 12 11 11 10 14 19 14 12 17 14 12 24 11 3 20 30 27 25 36 36 24 14 10 6 6 6 4 3 3 4 4 3 3 4 3 2 2 2 2 2 3 4 2 2 3 4 5 7 8 7 13 14 14 14 17 20 24 27 26 28
152 145 142 143 141 118 95 74 51 47 49 56 61 58 55 57 49 47 50 48 39 31 25 24 31 33 22 11 8 6 7 9 10 18 21 21 19 15 14 13 17 9 11 29 34 24 29 44 39 18 4 10 11 5 3 2 4 4 4 3 3 3 4 4 3 3 3 3 3 4 5 5 4 5 5 5 4 4 4 4 10 17 20 23 27 29 31 37 35 37
142 144 142 121 90 59 51 45 50 60 61 55 60 62 54 51 53 45 42 33 28 30 30 33 31 18 9 10 12 16 22 23 29 26 25 23 14 14 19 13 17 21 29 30 27 38 43 24 12 11 11 10 4 2 7 6 4 5 5 3 2 4 4 3 2 4 4 3 3 4 3 1 2 3 3 3 3 3 3 4 4 7 7 8 14 22 31 40 38 40
139 130 93 51 40 42 52 54 60 59 67 68 61 53 48 52 46 38 41 41 39 33 20 16 18 21 26 25 25 32 33 26 23 24 16 14 18 16 16 20 28 25 21 40 60 43 16 5 9 12 10 7 4 5 8 5 4 6 5 3 2 4 4 4 4 5 5 3 3 4 3 1 2 3 2 2 3 4 4 6 3 2 4 6 7 10 12 12 28 32
90 53 30 43 64 62 60 58 57 64 69 57 52 55 51 50 48 47 47 40 35 35 35 35 42 41 40 36 35 32 25 25 26 20 15 16 15 19 28 30 23 38 55 52 26 7 12 17 14 8 3 7 9 3 3 5 4 6 6 4 3 4 4 4 7 6 4 3 3 4 5 5 6 7 5 5 7 7 7 9 8 4 4 5 5 8 10 7 1 5
46 34 45 63 67 63 67 59 50 55 55 45 51 60 56 59 56 51 50 57 59 57 60 62 52 55 55 44 34 27 18 17 12 16 13 17 26 30 33 34 46 51 31 8 7 14 16 15 7 9 6 5 6 6 6 3 4 5 5 5 4 4 4 5 5 3 2 2 2 3 3 4 4 5 4 5 9 10 9 12 12 14 17 21 22 20 15 11 11 13
40 50 66 69 64 55 55 47 52 49 58 53 43 45 47 53 56 47 42 54 57 46 41 35 29 18 18 16 10 11 13 17 18 22 22 27 36 43 43 37 28 15 6 14 20 19 16 7 7 5 3 4 3 1 3 2 4 4 5 6 5 4 4 5 6 4 4 6 6 4 3 3 4 4 1 2 5 5 3 4 11 12 11 11 14 15 14 17 19 21
59 67 66 54 43 46 51 48 47 47 41 35 35 34 31 31 27 28 32 34 27 23 24 17 25 28 25 26 25 23 29 28 33 31 34 38 35 27 18 11 11 19 27 18 9 7 3 9 13 24 31 36 40 38 35 31 23 12 8 8 5 5 6 5 8 6 6 7 6 6 6 4 4 5 1 2 3 2 4 6 3 3 5 7 6 5 7 9 14 18
63 59 37 29 30 34 45 33 32 30 28 22 13 16 28 35 34 33 39 46 44 43 50 52 40 43 45 46 47 43 33 30 25 23 21 14 7 10 16 17 26 12 5 5 9 23 46 71 90 115 127 131 136 136 131 124 115 96 96 75 53 47 28 16 14 10 6 5 5 7 7 4 9 8 7 4 0 4 8 0 5 3 3 3 4 5 5 2 5 9
33 18 17 23 34 38 26 17 11 9 16 29 38 46 48 45 35 30 27 29 24 19 19 15 18 19 24 21 24 22 9 11 11 14 18 18 16 17 19 16 7 8 12 34 69 103 130 144 150 151 149 153 154 147 146 148 144 142 141 133 129 125 113 106 94 80 58 32 12 5 5 4 8 14 8 5 7 3 3 10 3 2 5 7 5 2 5 11 10 12
15 26 36 37 22 9 19 29 39 46 48 46 41 31 21 18 30 31 30 28 26 29 33 31 27 27 26 20 17 16 14 18 19 18 12 7 6 6 10 19 37 78 108 131 148 154 155 151 158 154 153 158 156 153 155 151 150 147 140 140 141 135 132 133 129 131 134 132 121 100 71 46 28 14 4 11 17 13 11 9 9 13 15 13 14 19 18 12 14 15
35 30 19 16 25 42 56 55 39 47 49 46 44 41 37 37 36 34 28 26 26 26 25 20 17 17 16 16 12 14 24 27 32 44 48 51 59 66 80 101 130 144 151 156 157 153 157 160 159 163 165 165 160 156 158 158 150 132 146 150 143 143 136 135 137 133 131 132 135 140 138 132 111 89 55 27 8 3 7 6 8 7 8 10 11 13 16 17 15 16
24 16 29 36 41 41 28 29 33 29 26 19 12 13 12 7 4 4 2 5 5 2 6 14 19 28 42 65 77 88 102 99 115 134 139 138 145 147 149 160 159 153 151 154 153 158 167 167 160 169 169 169 170 163 159 162 164 150 157 157 150 152 148 145 135 134 134 131 129 130 134 135 135 137 131 116 85 43 15 5 4 5 4 3 4 8 10 8 16 16
23 29 25 19 18 25 31 24 12 8 7 7 3 3 6 5 13 17 23 39 54 63 80 97 117 126 135 131 115 104 106 108 127 138 141 141 146 147 145 147 147 146 150 152 157 166 167 164 169 176 172 166 169 173 173 168 164 165 161 162 161 157 154 150 146 141 139 138 136 135 135 134 139 131 131 134 131 130 106 57 20 7 1 7 8 2 2 8 8 8
18 17 27 23 16 13 8 13 8 7 5 5 10 18 37 59 69 85 99 114 124 127 138 151 147 134 121 102 97 106 117 131 138 142 144 142 138 133 133 137 143 146 150 153 167 174 170 179 184 173 170 170 161 160 173 177 175 166 172 167 161 161 150 147 149 145 144 143 140 139 141 142 141 137 138 138 129 126 128 118 90 45 7 1 7 6 2 3 4 5
26 33 24 9 8 16 19 18 7 10 16 41 63 93 116 118 127 138 138 143 147 148 150 144 131 109 103 100 91 106 132 155 151 147 143 142 134 117 119 118 139 145 147 164 175 174 175 184 183 189 175 168 172 176 182 179 179 178 174 171 170 165 155 148 152 143 139 141 142 144 143 139 142 139 141 143 141 139 133 123 126 120 78 26 5 5 4 4 7 1
29 19 9 11 22 25 22 19 23 38 66 102 117 129 136 135 142 141 141 146 146 149 154 139 121 109 98 95 95 135 146 157 151 153 144 139 119 115 89 122 140 150 156 168 173 171 176 187 191 193 190 186 186 188 189 186 182 178 175 173 169 168 164 157 149 143 140 141 144 147 148 148 146 144 142 142 143 143 138 133 127 123 120 99 50 10 2 8 0 3
17 10 16 30 31 22 25 38 71 85 107 126 132 143 144 144 141 149 149 151 158 160 149 124 107 105 94 80 107 153 157 157 159 153 145 129 100 83 87 129 142 158 164 164 168 177 186 188 193 191 194 191 187 191 192 194 188 182 179 175 168 167 166 158 155 152 148 147 147 148 149 151 150 150 146 143 144 142 138 137 128 126 120 121 109 63 17 3 5 2
17 19 26 28 27 42 73 96 104 109 126 144 150 155 148 148 147 150 149 156 166 160 142 125 110 107 83 75 130 165 161 157 156 156 144 88 98 51 113 151 157 164 165 161 168 178 185 183 190 194 201 200 197 198 200 199 192 186 182 176 170 166 162 154 150 151 147 144 144 143 143 149 149 150 150 147 145 142 139 138 137 128 124 120 116 112 76 20 6 9
24 29 34 37 52 83 102 99 108 131 154 158 152 155 147 146 152 151 155 160 161 161 149 126 113 103 69 91 143 165 163 166 165 164 109 94 87 38 134 156 165 160 160 161 174 176 182 186 186 198 200 201 201 200 205 200 192 188 181 176 172 168 161 155 150 152 148 144 143 142 144 150 150 150 152 152 149 148 147 143 140 137 131 124 120 117 105 88 23 1
40 36 45 66 88 104 112 110 133 145 155 160 157 157 153 158 155 153 159 169 170 161 147 135 117 85 56 99 157 165 172 170 173 154 96 105 36 38 128 164 171 168 165 156 169 174 177 179 186 200 200 204 205 204 207 199 195 190 181 174 172 168 160 155 151 151 147 143 140 140 142 147 154 151 154 156 154 155 154 148 142 138 132 125 120 120 118 113 82 29
45 51 73 99 109 107 115 127 144 155 158 162 162 162 158 158 158 164 165 165 170 167 154 145 117 79 61 107 171 172 184 180 173 127 98 47 46 95 108 171 178 172 159 139 161 174 179 179 188 193 194 198 199 201 205 200 195 189 180 173 167 163 158 152 150 148 147 143 139 138 139 139 141 145 153 157 157 156 154 151 152 141 135 132 126 121 118 112 120 96
55 79 103 111 113 121 134 143 155 160 157 167 168 164 163 166 164 162 167 169 168 170 162 149 117 85 62 112 178 188 186 184 177 119 73 32 126 162 96 162 196 171 145 129 158 169 174 182 183 181 191 198 198 201 200 194 189 182 177 171 163 160 158 150 149 146 144 141 133 128 124 119 118 133 148 156 158 154 152 153 149 146 140 134 130 125 120 120 115 116
90 105 107 113 127 137 150 158 166 167 163 168 168 175 169 167 166 168 166 177 176 174 167 172 124 75 51 115 179 192 190 182 174 108 42 80 152 188 138 131 195 170 140 117 161 168 174 184 183 180 187 194 194 197 197 187 186 177 173 172 158 155 153 149 147 142 137 134 130 105 79 81 100 128 146 157 152 149 154 153 154 148 144 140 135 130 125 120 119 115
100 114 122 126 140 152 158 163 165 168 163 170 171 172 168 166 171 171 175 180 183 179 178 180 128 70 52 114 190 188 191 191 184 82 20 31 32 67 128 118 187 169 138 112 162 174 173 182 182 187 192 193 191 188 185 184 184 176 171 170 156 151 147 145 146 138 137 124 89 61 74 115 137 147 151 150 155 145 146 149 150 148 147 146 143 139 134 131 126 121
105 120 136 138 146 156 157 165 167 173 166 169 170 169 170 173 172 170 179 181 187 186 194 194 134 71 58 113 185 183 191 188 178 62 31 93 27 12 55 129 183 160 138 115 161 185 183 177 180 186 187 186 186 184 183 188 178 169 159 157 151 149 147 148 137 121 116 96 76 103 136 137 120 122 138 139 151 144 146 147 146 148 149 149 149 144 141 141 133 128
118 130 144 148 154 161 162 168 169 177 177 174 175 176 174 180 178 176 182 183 186 189 199 197 136 59 48 118 173 171 174 172 167 53 70 167 40 15 44 121 178 153 133 111 153 182 182 177 182 182 186 190 189 185 180 175 169 167 161 158 148 141 137 142 133 120 110 111 127 147 146 130 115 89 106 123 137 143 152 151 150 152 151 150 149 145 143 146 145 142
136 141 145 156 165 169 174 175 176 178 181 169 172 179 176 181 182 181 183 190 187 196 200 196 142 61 52 122 171 172 168 162 158 58 14 29 16 23 32 114 155 143 124 109 158 181 179 188 186 186 189 191 190 185 176 169 167 164 154 149 139 134 131 136 137 137 134 138 149 152 145 136 109 54 66 114 136 144 147 153 157 158 156 154 151 147 146 149 150 150
141 148 153 163 167 169 181 185 185 180 179 164 169 179 179 182 183 184 186 196 193 202 200 195 143 77 70 114 155 156 160 159 154 66 10 2 15 19 35 119 152 134 113 112 163 183 177 180 186 191 190 187 186 181 175 174 156 155 147 142 134 137 140 148 156 148 151 160 157 154 152 140 117 32 24 101 151 158 152 166 162 160 160 160 156 151 150 151 151 152
144 155 166 171 169 173 184 190 186 184 184 178 182 182 187 182 188 188 191 196 195 197 193 187 162 88 69 111 146 152 148 148 146 91 10 47 70 35 46 127 138 123 111 118 153 171 183 189 186 191 192 188 183 177 170 164 160 151 137 135 139 154 163 166 163 163 158 160 162 158 151 139 106 41 20 65 125 156 161 159 163 160 162 165 160 157 156 153 150 151
151 157 170 171 173 183 185 185 183 185 184 186 186 177 191 185 188 186 192 190 195 190 190 184 161 100 80 122 136 158 148 141 142 108 38 39 63 54 82 125 124 119 110 125 165 179 186 190 192 188 189 184 176 175 170 155 149 141 132 137 148 168 174 171 171 168 164 162 157 157 155 137 101 33 9 40 101 133 158 163 166 160 164 168 163 161 162 157 157 158
156 166 166 174 176 183 190 187 188 186 189 183 180 183 182 184 192 193 191 191 194 194 187 180 164 116 86 120 145 149 145 137 127 120 80 49 82 105 106 125 130 110 108 143 173 185 192 188 191 195 192 191 186 179 161 150 149 136 141 150 162 179 176 178 172 174 161 166 162 157 162 128 98 38 31 28 65 124 140 160 168 163 164 163 164 158 158 159 158 157
161 164 160 167 176 192 193 184 181 189 189 189 186 184 191 193 189 190 190 190 193 191 184 178 169 137 102 113 147 144 147 135 130 124 113 79 75 100 112 138 121 104 124 167 187 187 186 189 190 194 192 190 182 175 161 155 149 154 154 159 168 180 180 170 167 167 165 165 162 163 151 116 93 66 101 138 102 108 134 128 139 156 163 153 155 160 156 151 157 158
161 167 170 171 175 191 192 189 186 194 191 188 184 179 184 188 188 190 191 192 191 185 175 167 153 146 119 116 130 139 143 140 128 130 124 114 93 102 118 131 119 116 146 176 183 185 184 187 184 186 182 181 177 175 164 158 160 160 160 147 149 177 186 170 171 171 171 166 164 167 149 113 96 65 92 164 171 144 133 140 132 135 155 161 153 153 155 155 155 157
155 161 171 177 182 195 193 192 189 190 192 186 186 184 177 180 187 188 188 187 185 181 175 169 156 149 139 130 128 148 144 144 125 126 121 121 120 128 116 134 141 149 174 187 182 177 175 175 172 177 177 176 167 165 162 163 167 163 166 150 127 150 191 181 172 174 169 166 164 162 147 113 91 73 111 139 171 150 114 146 137 125 141 156 145 146 152 156 151 152
162 161 165 170 174 187 189 194 193 189 187 184 187 189 183 186 185 186 188 187 184 180 174 167 157 145 148 134 134 142 148 148 146 129 123 122 110 134 144 153 151 173 182 176 170 174 176 165 165 170 171 173 167 167 166 169 165 171 165 157 111 104 176 176 170 171 169 169 166 159 142 115 82 79 173 184 172 158 126 142 138 127 128 150 152 145 138 147 146 147
159 156 159 170 177 187 187 189 189 188 181 183 185 183 187 186 188 188 187 182 178 178 176 169 157 154 146 141 138 139 151 158 150 153 140 133 124 137 149 152 169 177 171 166 166 166 172 171 166 164 161 165 164 167 164 161 165 169 160 123 71 63 139 178 172 169 172 170 166 159 137 119 84 59 127 171 178 177 141 131 150 141 123 136 144 144 138 141 145 145
157 163 166 174 173 177 182 186 179 180 181 188 186 182 184 178 178 182 184 180 177 179 177 168 167 162 143 146 145 149 152 156 158 159 166 157 155 168 167 169 162 163 160 161 166 171 171 168 172 171 169 169 162 162 161 162 155 158 143 47 24 85 135 161 170 168 167 166 163 155 134 116 78 89 152 184 196 190 146 117 159 149 117 130 138 135 132 136 142 142
157 163 163 172 174 178 181 178 188 180 185 186 182 183 181 179 177 181 182 177 173 177 174 164 166 158 155 150 154 155 160 162 170 171 172 169 166 162 165 162 165 156 160 167 173 176 169 168 166 164 161 163 159 162 163 165 161 149 128 28 38 125 155 167 166 170 161 166 165 150 135 108 81 113 213 216 202 199 166 110 157 169 121 117 133 136 129 133 136 136
161 156 165 171 175 179 178 179 181 179 182 186 185 184 181 175 183 181 179 174 170 171 171 168 163 158 162 155 153 155 168 166 173 173 169 172 167 173 168 165 162 166 169 183 179 169 165 165 162 157 156 156 164 167 167 164 160 150 131 52 60 136 163 165 165 168 170 164 169 152 138 110 83 100 166 203 199 196 163 97 153 182 133 117 124 138 132 121 129 134
159 157 160 164 170 174 176 181 180 181 182 179 178 179 179 176 180 179 178 178 179 177 171 165 170 163 161 156 155 160 169 168 171 175 179 179 165 169 172 170 168 171 167 170 166 164 161 156 148 150 153 157 174 183 180 170 153 151 133 87 74 134 150 152 163 165 165 164 164 152 143 113 88 88 132 169 190 190 111 87 159 184 133 119 124 128 122 113 124 132
156 159 158 163 168 167 169 174 177 183 184 179 178 179 179 178 177 179 178 176 176 175 175 177 170 165 159 161 160 165 167 168 167 172 176 177 170 175 174 170 160 165 163 165 161 164 161 155 147 150 154 165 194 205 190 166 153 138 133 115 82 106 141 154 158 161 160 162 159 156 144 105 85 129 208 217 202 193 179 122 152 187 140 120 117 119 116 103 116 128
155 158 154 157 160 158 165 171 172 179 180 177 177 177 177 179 177 178 177 179 182 177 170 168 168 165 158 163 160 164 161 164 164 175 176 173 175 179 177 178 171 175 176 179 171 166 161 160 156 158 161 173 202 207 190 168 147 137 127 113 100 93 120 151 156 157 152 151 151 161 144 105 86 146 222 194 199 215 202 131 157 183 137 124 120 109 109 102 116 130
156 158 156 160 161 159 167 171 171 174 173 173 175 175 176 181 179 178 176 176 179 178 175 175 170 166 155 158 156 160 156 160 159 166 165 161 167 169 167 165 164 164 166 168 160 156 154 159 157 156 157 160 170 164 157 153 144 142 128 110 103 92 108 144 163 161 157 151 152 156 128 99 90 119 184 193 203 216 211 103 137 166 134 127 119 99 102 101 114 128
150 153 157 163 165 164 169 172 168 169 170 173 175 174 174 177 181 181 182 181 178 176 175 175 166 159 152 155 158 161 157 157 160 160 165 163 165 164 160 146 147 148 150 152 148 152 150 152 152 147 149 149 150 141 141 145 147 128 125 110 101 77 105 148 161 160 161 160 161 147 117 98 94 73 133 170 181 186 168 94 154 176 140 121 112 99 102 99 116 127
153 153 154 155 157 156 155 162 161 163 167 171 172 172 172 170 179 176 179 182 181 181 177 168 161 154 152 153 159 159 158 153 154 155 167 164 160 155 154 142 146 148 151 149 145 149 141 137 147 141 144 144 145 140 140 138 141 119 111 104 106 68 95 148 161 163 160 159 160 134 116 98 89 79 130 172 180 188 127 98 157 170 137 117 108 95 99 105 114 124
143 146 151 152 160 160 154 164 162 163 167 168 169 173 176 172 176 176 181 182 176 175 173 163 165 156 155 150 153 151 154 149 152 150 153 149 154 151 151 143 140 142 146 147 143 145 137 135 133 132 138 137 136 138 144 140 133 124 110 108 87 62 94 145 149 159 155 156 160 131 122 95 82 123 205 208 200 218 175 121 147 163 133 105 101 100 103 101 115 125
146 152 153 153 156 158 156 154 164 166 162 161 164 169 171 168 170 176 180 177 176 179 171 161 158 156 149 147 146 149 154 146 147 145 151 146 144 149 137 138 132 137 150 140 137 136 136 132 131 128 132 131 129 139 145 141 133 115 111 90 71 68 96 130 138 156 151 145 149 132 115 99 92 137 183 190 191 215 171 129 142 151 126 108 101 110 101 103 115 131
143 143 144 147 153 157 159 162 160 161 157 158 164 164 166 168 170 176 176 174 177 172 161 159 150 147 144 147 147 146 147 143 138 146 141 138 139 123 124 118 125 138 140 143 141 137 136 131 138 128 125 124 128 136 139 138 125 123 85 66 92 82 102 126 135 147 148 147 141 122 113 92 77 136 191 201 183 195 160 115 139 141 116 106 105 112 101 104 117 132
147 142 142 147 150 151 154 157 154 157 153 157 163 159 160 166 170 172 169 167 168 164 159 159 150 147 141 141 141 139 139 138 138 139 132 119 129 117 120 116 111 125 124 134 134 135 130 131 129 125 127 126 124 122 123 131 127 124 44 28 86 102 109 118 134 142 143 146 139 118 111 88 77 108 144 177 180 168 117 114 139 130 106 104 108 111 103 112 119 133
139 135 138 144 146 146 147 148 150 152 150 155 158 154 155 161 167 167 166 164 159 160 160 152 145 144 138 134 135 135 132 128 130 129 128 116 124 121 121 124 112 116 122 128 131 135 126 129 128 123 123 121 117 114 116 124 133 120 37 12 79 107 106 120 131 140 136 141 142 119 105 85 75 92 123 155 170 130 62 127 134 117 103 109 111 108 102 112 119 131
134 135 139 143 145 147 149 149 147 147 147 150 149 149 156 157 164 165 167 167 161 158 155 141 137 131 124 121 124 128 128 128 118 124 122 121 121 123 127 127 123 118 125 127 135 137 133 130 131 125 124 120 113 113 119 125 138 129 68 16 81 104 110 118 131 139 135 138 143 122 103 84 68 105 171 187 184 167 108 130 138 115 106 114 112 109 108 118 125 135
132 136 136 135 138 142 145 146 147 146 145 145 144 149 158 158 160 162 161 166 164 157 151 140 121 111 114 123 127 126 125 127 127 124 127 133 137 145 142 147 133 127 125 126 139 140 149 140 136 129 127 121 113 115 121 125 137 137 105 61 76 93 117 124 130 133 136 135 137 123 103 81 82 130 169 169 179 163 122 131 127 106 107 114 113 109 106 112 126 135
125 131 130 130 137 141 142 146 144 144 142 143 143 147 155 156 155 158 156 161 161 156 152 138 108 98 108 124 128 129 132 138 140 138 138 128 146 167 155 140 150 151 144 140 141 141 144 137 139 138 137 126 113 109 115 127 137 131 117 107 78 96 120 128 128 126 132 128 131 125 104 79 80 100 129 153 161 117 112 133 119 108 112 114 114 112 111 119 131 139
117 123 123 125 135 136 134 139 139 140 138 141 144 144 148 150 152 154 157 161 156 155 152 127 92 86 105 124 130 136 142 146 141 142 135 130 129 106 125 143 136 150 156 154 148 153 142 144 144 143 141 135 127 115 108 114 124 132 126 97 64 102 127 127 132 128 133 126 135 136 109 85 69 87 127 135 112 80 117 126 110 110 120 117 117 115 115 126 134 141
116 120 121 126 129 135 134 136 134 140 139 138 143 144 143 148 152 153 151 151 154 152 144 119 81 80 99 127 137 138 146 150 143 136 119 97 55 93 175 154 147 152 150 159 156 153 158 155 151 146 146 145 134 122 113 104 109 114 107 68 73 116 126 128 133 134 128 130 134 134 112 81 82 127 156 150 135 110 127 116 109 113 120 118 117 122 123 126 135 143
106 114 115 119 123 130 130 134 134 138 137 137 140 142 143 147 150 156 156 154 149 145 140 111 70 72 104 134 147 152 154 152 147 101 74 42 40 135 165 144 149 155 155 163 162 159 163 163 158 160 156 150 145 138 124 111 97 90 79 71 92 121 127 133 130 133 128 130 131 129 108 77 86 133 146 124 88 108 122 109 117 119 123 119 118 122 124 129 135 142
105 112 112 114 118 125 125 127 135 135 134 133 133 135 137 139 144 148 146 147 144 145 135 93 64 78 119 143 153 159 160 158 114 57 41 60 112 146 156 144 136 151 161 169 168 163 168 172 166 169 170 163 157 153 143 128 115 103 91 99 121 132 132 138 136 136 130 130 130 128 111 78 69 87 97 69 50 109 109 118 122 123 126 124 123 125 127 132 139 145
105 109 109 112 114 122 122 120 129 128 130 130 128 131 137 138 142 143 138 142 142 149 130 75 54 82 125 146 159 162 162 148 73 42 79 161 157 132 159 147 130 146 159 164 168 165 167 168 173 165 171 174 165 162 159 145 140 135 128 125 131 134 131 135 138 134 125 123 125 124 113 78 76 107 120 76 71 115 110 124 120 121 123 124 124 126 130 135 146 149
97 100 104 110 108 118 121 119 124 124 127 127 124 127 133 135 139 144 141 143 138 142 114 60 54 86 129 156 171 169 163 115 49 72 171 213 191 137 163 147 131 138 149 151 165 171 172 167 176 162 165 174 171 170 168 156 156 149 150 139 133 136 133 135 134 129 124 121 122 119 114 77 55 76 63 58 96 122 130 124 126 126 127 130 131 132 138 143 146 147
91 94 101 107 104 111 116 117 123 123 126 126 123 124 129 130 136 141 138 140 135 137 97 47 58 87 134 159 166 170 173 104 30 47 59 86 159 143 168 146 133 136 152 154 164 167 170 169 173 171 173 175 173 172 172 170 171 155 155 149 141 140 134 136 129 128 129 126 123 117 114 76 18 8 13 65 115 121 126 125 126 128 130 133 134 132 135 137 139 137
89 94 96 102 102 106 108 114 118 120 122 123 124 127 130 132 136 137 135 137 138 137 83 40 53 89 145 164 163 163 160 80 50 154 49 16 50 125 167 153 125 126 153 160 167 165 172 179 173 178 181 177 172 169 172 177 174 162 160 157 147 137 131 130 126 126 129 126 120 111 112 72 8 2 55 101 120 123 125 130 130 134 133 135 134 131 132 131 131 128
86 91 89 95 102 106 103 112 113 114 115 116 120 123 124 125 132 135 134 134 134 130 69 34 56 94 148 159 163 164 148 69 35 101 35 18 17 99 164 147 128 118 146 159 169 166 173 182 178 175 176 176 170 170 172 171 170 174 172 167 153 140 138 133 129 126 127 121 116 108 110 70 20 24 92 112 117 125 136 129 137 138 132 130 128 126 131 130 127 124
76 85 87 89 95 99 104 106 110 110 115 115 112 118 124 122 125 131 136 131 125 122 63 29 52 100 149 160 156 162 139 67 12 9 2 22 22 85 156 150 127 119 150 160 164 172 179 179 180 178 179 177 173 167 172 170 170 175 171 167 160 149 141 132 131 126 131 123 107 105 98 80 46 77 105 111 121 132 132 132 135 133 130 128 126 127 127 126 124 122
63 73 77 80 85 92 98 97 105 108 111 111 110 113 118 120 121 127 130 129 121 111 59 35 54 117 150 157 148 149 129 64 12 26 36 34 25 91 149 146 123 126 148 155 171 174 172 182 185 179 180 178 174 170 176 172 168 170 164 162 161 155 147 137 124 125 132 122 104 100 96 84 86 95 108 115 126 133 131 133 129 128 126 125 123 123 123 121 124 122
56 61 68 79 84 85 92 96 98 104 108 109 109 109 112 117 120 127 126 126 120 104 58 36 59 121 142 151 148 149 128 83 24 44 82 59 34 113 158 141 120 129 154 159 165 169 170 175 186 179 174 171 170 166 168 163 163 166 163 159 157 154 151 145 129 116 116 118 109 97 91 92 97 113 123 120 121 128 129 131 130 129 127 126 124 124 122 120 120 118
53 55 60 69 71 75 86 93 91 96 103 106 108 108 110 115 115 123 120 117 112 100 63 35 61 114 144 146 145 142 125 105 33 32 52 57 72 135 155 137 119 128 151 159 162 175 182 176 175 178 176 169 168 160 163 166 163 163 160 155 153 154 151 144 138 116 107 109 106 95 91 98 110 116 122 126 130 133 133 134 133 131 128 126 123 122 121 118 113 111
43 54 60 61 62 71 82 84 88 91 98 102 103 104 109 112 112 118 117 111 102 94 72 49 59 104 140 136 140 135 124 99 65 38 116 129 98 139 147 140 124 141 152 156 160 167 171 177 177 177 175 171 170 163 163 160 158 160 160 153 148 148 147 144 140 131 120 105 98 99 103 110 109 123 133 138 138 137 137 136 129 126 122 118 116 116 115 113 110 108
38 45 50 56 58 59 69 77 85 87 93 97 98 103 110 113 115 116 119 111 93 82 76 67 60 100 131 128 138 136 133 87 87 33 85 91 92 145 139 134 126 141 144 155 166 168 165 172 169 167 171 171 167 164 169 162 158 153 151 147 147 150 146 139 134 134 132 123 118 118 121 127 141 151 150 143 139 140 138 130 122 119 115 112 111 112 112 110 107 105
38 41 40 47 52 50 58 73 83 89 93 93 94 95 98 102 111 110 118 110 93 77 72 73 69 98 127 129 131 128 133 99 84 58 23 48 111 138 139 131 128 143 145 157 162 167 168 171 170 166 165 163 165 164 166 158 155 150 150 145 142 145 142 140 140 132 130 129 128 130 138 149 150 146 140 141 138 130 128 124 117 114 112 110 109 111 111 109 100 98
20 36 38 36 43 47 47 48 64 77 84 86 92 94 96 102 104 104 115 111 101 86 75 75 81 86 114 126 125 125 128 118 75 89 34 39 107 121 126 133 134 149 140 142 149 161 163 163 162 167 160 154 161 157 157 158 156 149 149 144 140 141 140 139 132 131 133 130 127 132 140 148 146 144 136 132 124 117 118 114 113 110 108 107 107 108 108 106 101 99
21 24 28 29 35 36 34 44 51 64 77 80 85 92 94 96 92 95 100 113 107 87 77 69 80 88 109 123 126 124 118 122 95 85 62 36 87 115 125 123 132 146 149 146 153 162 162 159 163 158 157 156 163 157 155 152 151 147 147 146 140 138 139 136 131 130 131 128 129 132 134 139 139 137 130 124 117 112 112 110 108 105 108 109 105 105 107 103 99 93
16 22 23 19 26 34 31 32 40 48 65 76 82 85 88 96 96 91 100 106 110 98 73 73 84 94 103 118 121 117 121 114 112 92 81 56 77 102 118 122 132 141 144 147 156 158 156 158 162 157 157 153 159 153 152 150 152 150 146 142 140 140 136 132 130 127 126 125 128 130 127 127 126 124 118 116 114 111 112 111 104 107 107 104 105 109 105 96 87 85
22 18 26 25 16 23 31 28 35 42 53 60 72 84 87 88 89 87 96 95 104 105 80 76 85 86 98 108 115 123 124 117 114 103 101 79 84 101 109 122 123 137 140 137 144 153 153 151 152 152 153 151 155 153 154 152 150 151 146 139 138 137 132 128 129 126 127 127 129 129 123 120 119 116 111 112 112 109 110 109 112 108 103 101 101 97 91 89 81 71
22 22 19 19 26 30 29 32 30 31 40 51 62 68 73 82 83 89 93 92 95 100 94 79 87 83 94 102 112 123 119 116 114 112 108 92 90 105 109 122 121 129 137 140 143 145 147 149 152 151 150 147 146 148 152 153 144 147 146 139 134 131 128 126 124 124 126 126 126 124 119 118 116 113 109 112 114 110 108 105 106 103 101 101 99 93 85 82 66 40
13 23 25 22 21 20 24 30 35 28 29 36 45 53 59 70 76 88 85 86 86 88 94 81 84 87 87 102 115 115 118 115 116 114 109 105 96 106 113 115 119 123 134 141 141 142 144 141 145 147 148 147 143 144 145 145 140 140 142 140 131 126 126 125 123 123 125 123 122 120 117 118 112 110 108 113 115 111 108 104 100 100 99 93 90 89 78 57 27 4
16 8 14 26 21 18 25 24 25 27 29 27 28 37 47 59 68 76 79 90 95 89 89 94 90 92 93 104 114 114 113 116 116 116 111 115 112 110 113 118 121 123 129 132 134 141 142 134 139 141 142 145 140 141 139 138 138 133 135 136 129 125 125 123 125 123 122 119 119 119 115 116 112 112 111 113 114 109 106 102 104 98 94 88 80 70 49 22 5 2
26 18 8 16 26 21 18 20 14 11 16 24 27 27 30 40 47 66 74 72 79 89 91 91 91 89 98 101 109 117 114 122 119 120 117 117 121 117 117 127 129 124 123 131 136 135 136 140 143 140 136 138 131 133 133 135 134 131 130 129 126 124 123 121 121 119 118 115 115 115 112 112 113 115 112 112 109 105 103 98 98 90 86 81 65 41 19 5 0 6
22 31 21 9 13 22 26 21 23 19 17 15 16 19 20 24 32 42 62 86 86 74 75 80 92 95 95 100 103 108 117 116 119 115 127 125 123 123 121 117 121 126 126 128 134 134 131 135 135 133 133 140 133 135 132 132 130 131 128 123 122 122 120 120 119 118 119 117 116 115 113 115 110 112 110 107 104 102 101 98 89 87 76 55 30 10 3 5 3 4
6 21 28 26 14 12 13 17 19 23 23 18 15 14 13 12 22 23 31 53 78 94 95 84 79 85 93 96 102 105 107 116 117 113 120 120 119 124 122 121 123 126 123 126 130 128 128 129 133 128 124 131 134 127 126 128 125 123 123 124 123 120 117 115 118 114 113 116 115 113 113 116 111 112 107 107 102 96 97 89 81 69 45 20 6 1 2 7 3 5
2 6 13 24 22 16 9 10 16 17 19 20 21 17 13 11 13 23 24 25 39 63 86 96 91 84 83 91 98 100 105 110 113 116 118 117 121 122 118 121 120 123 124 126 125 124 129 130 130 127 123 125 125 121 122 123 122 121 120 122 122 119 116 114 114 114 114 115 117 118 117 114 111 112 107 105 100 94 91 78 57 36 14 5 4 4 4 4 3 5
10 7 2 10 19 28 22 15 14 11 10 14 19 18 16 17 15 15 20 22 16 23 50 68 82 96 94 92 96 97 103 107 109 117 115 115 119 117 116 120 118 116 116 120 120 122 126 122 121 123 121 120 121 120 122 121 119 118 118 118 117 115 113 113 115 114 113 112 112 113 112 109 111 109 102 99 93 81 63 38 18 5 0 4 4 3 2 1 6 9
13 15 8 5 4 15 20 22 15 12 10 13 17 18 17 17 16 14 13 20 22 15 23 42 60 77 90 101 95 89 101 104 106 111 110 114 116 115 119 117 117 116 114 117 119 121 123 118 118 122 122 122 122 119 118 115 112 113 113 112 109 107 108 111 114 112 113 116 115 111 110 111 103 102 98 90 74 52 29 6 2 2 5 5 3 4 11 16 16 19
16 15 14 16 8 5 5 11 21 20 15 10 11 14 16 17 16 15 16 16 12 15 19 11 29 51 64 85 100 96 95 95 105 109 109 115 117 114 116 111 109 115 116 115 115 113 116 119 118 119 117 119 120 117 115 113 110 109 109 108 108 109 111 113 113 109 109 110 108 103 98 96 91 85 72 52 26 8 4 3 6 6 5 5 8 13 20 28 32 33
18 17 15 19 18 18 10 6 12 16 15 12 12 13 12 11 16 24 19 11 13 18 21 19 20 29 38 54 72 86 94 87 94 103 107 112 117 114 110 109 104 111 110 109 111 109 111 113 114 112 108 110 112 110 110 111 107 104 102 104 108 110 111 109 111 108 104 101 100 98 90 81 73 48 22 8 3 3 5 5 5 6 5 10 14 13 15 24 29 30
11 17 16 15 14 21 19 16 12 12 9 7 7 8 9 11 12 12 15 19 16 15 18 16 19 19 18 26 42 56 77 100 92 99 110 113 112 110 107 107 109 110 107 108 109 110 110 107 110 109 104 104 103 100 100 99 98 96 95 97 100 100 97 94 96 96 97 94 86 73 54 37 20 8 1 0 1 5 7 8 7 7 9 11 11 11 16 23 32 34
11 11 11 17 15 17 16 19 20 14 8 6 5 4 4 7 9 7 5 12 16 15 17 17 13 17 20 14 9 14 27 44 62 66 88 95 89 96 102 104 108 109 109 108 103 103 107 104 102 104 102 102 101 98 97 93 96 96 96 96 94 91 87 83 77 66 53 39 25 12 5 2 2 2 6 6 4 7 8 8 8 9 12 13 14 21 26 25 28 26
12 10 14 13 13 13 19 18 19 18 20 17 13 10 6 6 7 6 8 6 7 9 16 17 13 17 16 18 15 13 8 12 15 18 29 34 43 50 63 70 77 82 88 94 99 100 97 97 100 100 98 94 90 88 84 80 78 74 69 62 53 45 38 32 19 12 4 3 2 1 3 0 3 5 4 4 6 7 8 11 14 15 13 12 12 14 16 20 23 25
14 11 15 13 13 14 21 20 21 21 25 23 20 17 14 13 3 3 7 6 7 5 9 9 13 14 11 15 16 17 11 10 11 11 16 15 14 13 20 23 23 27 30 35 42 46 45 45 50 50 47 42 38 35 31 26 22 18 15 12 8 5 4 2 6 5 4 5 4 2 6 6 5 7 7 7 11 12 11 14 12 12 11 12 13 15 18 23 26 28
