23 24 26 25 24 24 26 27 26 25 24 23 24 27 28 27 25 21 18 18 22 24 24 22 24 28 33 37 39 40 40 39 44 47 52 47 36 35 34 27 24 22 23 25 25 22 20 21 18 18 19 21 22 21 20 21 24 22 19 17 16 19 25 30 30 29 25 21 19 20 21 22 20 19 61 95 75 58 69 75 75 88 100 108 115 121 129 137 140 139
25 25 24 23 23 24 25 26 26 25 25 25 26 25 26 28 28 26 25 26 27 29 30 30 30 33 36 37 38 39 38 37 40 41 41 36 30 32 35 33 29 28 28 29 29 26 23 22 17 18 19 22 23 23 23 24 23 23 23 23 24 25 27 30 29 25 21 19 20 21 21 19 22 17 39 79 86 68 65 70 72 86 100 109 118 125 131 137 139 139
27 25 23 23 23 25 26 26 28 27 27 28 27 24 25 28 28 29 30 29 29 29 31 33 35 37 37 36 35 34 33 33 33 36 38 37 38 40 41 41 39 37 34 32 32 32 32 31 35 34 30 27 24 24 24 24 23 23 25 27 29 30 30 31 34 29 25 23 22 22 22 21 23 21 20 52 82 71 58 65 70 85 98 107 117 126 132 136 138 137
30 28 25 24 24 25 24 24 30 29 29 28 26 26 26 27 30 31 31 29 26 25 27 29 31 33 34 34 34 35 35 35 38 41 43 45 47 45 41 40 41 40 38 35 33 31 29 26 23 24 24 23 24 27 29 29 25 25 26 28 30 32 34 35 38 37 36 36 32 27 22 20 20 27 19 25 57 63 50 58 72 86 97 104 114 125 133 138 140 140
21 21 22 24 27 29 30 30 27 29 27 24 24 28 29 26 22 24 26 27 29 31 36 39 37 42 46 50 52 55 58 60 60 59 55 53 52 48 42 40 38 34 28 21 17 16 16 15 11 14 16 18 20 23 23 21 18 18 18 19 20 22 26 29 34 36 40 43 41 32 22 15 17 25 23 13 33 52 43 49 74 88 100 106 115 126 135 141 145 145
24 24 24 25 26 26 25 24 24 25 24 21 23 28 30 27 26 27 29 30 31 33 36 38 39 44 49 51 51 53 56 58 59 56 52 49 48 45 40 37 33 31 27 24 22 20 18 16 15 14 14 15 17 20 20 19 18 18 19 20 20 22 24 27 29 29 30 32 34 32 24 17 18 16 21 13 23 47 47 43 73 87 100 108 117 126 134 140 146 146
26 24 24 25 27 28 26 24 24 23 23 24 25 27 29 30 29 30 32 34 35 36 38 39 37 41 45 44 40 39 41 44 40 37 37 39 40 42 42 37 36 32 28 26 25 24 25 26 25 21 17 16 17 18 19 19 19 18 19 20 20 21 22 23 26 25 22 20 23 28 28 26 20 14 17 16 16 43 63 50 75 88 101 110 119 127 132 138 144 145
27 24 23 25 29 31 29 26 26 24 24 28 28 25 27 31 33 35 37 39 39 39 39 39 37 42 46 43 38 36 39 43 45 41 42 45 47 55 59 55 49 44 40 39 36 33 32 33 28 24 22 24 26 25 22 20 22 20 19 20 21 22 22 23 22 25 24 20 20 25 30 31 21 18 15 15 10 39 78 61 82 93 104 114 123 129 134 139 145 146
24 24 26 28 27 26 27 30 27 26 27 30 32 32 32 32 32 34 37 39 40 40 39 39 35 41 42 39 43 53 56 52 51 48 50 56 63 67 66 61 60 56 49 45 45 41 37 36 32 32 32 31 30 30 29 27 25 28 26 22 22 22 21 22 26 27 25 23 23 22 24 29 21 19 17 18 16 38 86 80 84 97 108 117 124 127 131 139 141 149
24 28 29 26 24 25 25 24 28 27 28 33 37 36 33 31 32 34 36 37 38 37 37 37 35 36 40 44 49 53 54 53 42 42 46 49 51 55 58 59 55 54 51 48 44 38 35 35 37 37 39 40 39 38 36 33 34 37 33 27 24 24 23 24 24 29 29 24 22 22 22 23 26 25 19 16 10 36 100 97 77 89 103 114 122 130 134 135 144 150
23 22 22 23 24 25 26 26 29 31 33 33 30 29 30 33 32 34 35 36 36 36 35 35 39 40 43 46 46 43 41 40 36 35 36 36 37 40 43 43 41 39 39 39 38 39 43 46 46 45 45 48 48 46 43 42 39 43 39 29 23 23 23 23 25 28 28 26 24 23 21 20 21 25 18 19 10 35 101 89 70 88 102 109 119 127 132 136 144 150
24 21 22 26 32 35 35 34 34 30 27 29 32 34 32 29 31 34 36 37 36 35 35 36 33 37 39 37 37 38 38 37 36 35 34 30 27 27 29 29 35 35 41 49 54 58 60 57 58 54 50 51 51 49 47 48 44 47 44 35 28 28 29 28 29 26 25 29 29 24 21 22 23 25 15 17 9 33 98 79 62 88 105 113 123 127 131 142 145 149
19 24 27 27 32 40 40 34 28 27 29 33 38 40 37 33 31 34 37 37 35 33 34 35 30 30 29 29 30 33 33 32 36 38 37 31 25 24 28 31 31 37 49 61 71 79 81 76 64 59 52 50 50 47 45 46 45 49 49 42 37 38 40 39 28 26 28 32 30 23 19 19 20 23 16 17 11 35 98 88 56 76 98 114 122 126 130 137 147 150
26 22 29 40 39 27 23 28 35 39 41 38 32 28 28 29 32 35 37 36 33 30 31 32 37 31 28 31 35 37 38 40 37 35 34 32 32 35 34 30 33 44 55 61 70 80 83 83 78 72 63 57 58 55 51 52 45 47 47 44 41 42 44 42 44 47 49 45 36 28 20 12 25 27 24 19 15 38 96 105 79 79 94 108 113 128 146 150 148 148
30 31 30 29 32 38 41 40 40 38 36 33 32 33 33 32 34 35 35 34 31 30 30 31 27 33 43 52 54 49 44 42 37 37 39 42 44 43 34 23 23 43 56 63 77 90 95 97 94 87 74 66 66 65 62 62 60 58 57 54 51 51 51 48 45 47 49 47 44 41 34 25 18 19 24 18 16 26 54 67 61 73 94 109 115 128 143 148 148 147
40 30 29 39 44 38 33 34 38 40 40 37 35 35 36 36 35 35 34 32 31 31 31 32 39 50 56 49 38 31 28 27 34 45 57 59 52 42 30 20 24 45 54 59 79 100 110 117 117 109 93 81 82 83 82 84 86 81 77 74 70 67 65 62 59 52 50 53 57 56 49 40 29 21 24 15 16 16 18 27 26 61 90 104 115 124 136 152 150 149
32 40 45 40 35 37 38 36 34 34 36 37 37 40 41 38 36 37 36 26 30 36 40 53 63 57 49 44 34 31 27 35 66 72 72 71 56 27 24 41 44 42 48 59 79 103 116 122 125 119 106 100 99 101 106 105 105 100 94 88 83 80 77 73 74 68 59 58 62 61 60 65 48 38 29 23 21 23 26 26 24 41 82 103 111 126 135 146 153 158
36 44 46 40 37 42 45 40 43 38 36 39 43 43 37 29 36 30 34 32 26 47 62 63 56 45 34 35 45 52 40 47 84 82 101 76 34 28 33 45 51 43 44 57 81 107 123 133 135 130 120 115 113 113 118 119 118 112 104 96 89 86 83 79 78 76 71 70 73 70 68 72 62 62 52 33 26 36 40 33 21 29 71 100 107 118 130 149 151 157
44 43 45 47 46 44 46 48 52 46 41 42 45 43 39 38 39 37 40 42 59 79 70 44 27 37 50 59 66 57 32 48 92 111 116 68 21 29 54 59 60 49 49 63 87 110 124 136 147 145 138 134 130 128 133 137 129 123 114 106 98 93 89 85 83 84 82 80 80 78 76 79 72 78 76 61 51 54 49 35 30 22 47 82 110 120 122 141 156 163
46 53 52 45 46 58 63 58 52 46 39 39 40 36 34 39 41 50 67 78 81 51 33 39 42 54 73 91 100 73 27 45 114 135 116 62 27 35 58 63 54 47 50 64 89 115 134 149 154 153 149 147 141 137 141 145 140 133 126 118 112 107 102 96 91 91 89 84 83 82 82 83 77 78 87 95 91 80 64 50 32 26 34 60 102 117 112 134 155 165
50 58 59 53 52 61 62 54 57 52 46 46 46 40 37 41 48 71 78 77 47 39 36 48 69 83 108 124 117 70 25 59 135 144 114 47 31 62 64 56 48 51 62 78 105 133 148 159 165 165 161 160 155 149 151 153 146 140 134 130 126 121 113 105 102 100 95 89 86 85 84 83 83 79 89 105 108 97 80 64 34 29 27 39 81 110 111 124 144 157
61 59 60 63 62 60 59 59 58 57 57 54 47 45 52 60 84 79 64 44 62 52 70 90 103 121 147 155 121 58 28 81 155 156 92 36 51 79 82 76 64 71 82 94 119 145 158 166 175 176 173 172 168 162 162 161 154 149 144 140 137 133 126 117 113 109 103 97 92 89 85 81 80 81 88 99 106 109 97 76 47 29 27 32 58 97 113 118 128 143
70 71 66 59 61 72 77 73 52 52 55 51 42 47 61 69 92 60 46 72 58 70 99 122 137 151 166 160 107 42 32 95 169 150 58 33 61 59 72 85 64 81 102 118 137 155 162 169 177 179 177 176 172 167 167 164 156 152 147 143 139 136 131 125 125 119 111 106 101 96 91 87 80 83 92 98 105 117 116 100 63 35 35 34 37 69 100 116 115 132
75 74 70 64 65 72 71 64 62 54 54 54 54 63 71 66 77 59 55 78 103 106 129 148 159 167 173 163 107 45 43 102 168 139 64 35 52 60 71 72 68 92 121 138 151 162 169 179 180 183 182 181 178 173 173 170 168 164 159 154 150 148 145 142 135 127 119 114 109 105 101 98 93 90 95 100 101 109 114 109 81 39 30 29 29 53 82 105 115 133
72 80 72 70 75 71 66 60 64 58 59 63 68 69 63 63 71 71 81 115 145 153 161 170 180 184 183 166 100 56 44 113 165 123 46 32 42 53 68 68 78 113 147 161 171 179 180 185 188 189 190 189 186 184 181 178 178 175 171 166 163 162 157 151 145 140 131 131 126 118 118 114 112 110 97 98 104 104 110 114 106 61 34 25 22 39 56 90 100 129
80 80 77 79 76 70 67 58 53 57 67 69 65 62 67 79 83 99 121 149 168 171 176 181 182 184 182 165 102 58 45 111 163 95 32 28 24 48 68 73 92 130 162 175 182 184 184 188 193 194 195 195 193 191 187 184 180 176 171 167 165 164 160 154 152 148 140 140 136 128 127 122 121 120 108 106 108 104 105 108 112 85 50 31 29 33 39 73 82 115
80 77 76 81 77 69 65 59 61 61 66 67 65 68 80 101 103 131 158 176 184 182 181 179 178 180 179 163 105 62 50 110 145 82 43 60 25 50 77 75 114 150 169 178 185 183 186 190 194 194 195 196 196 193 190 188 184 178 173 170 168 166 161 155 151 149 146 148 145 140 141 139 139 139 127 120 114 105 103 104 110 104 69 43 36 35 33 52 71 110
76 76 70 70 74 71 68 71 73 66 66 70 78 88 104 126 140 162 180 189 192 190 185 178 179 183 182 167 113 67 53 106 127 54 52 113 63 72 79 99 142 171 175 180 189 188 191 192 192 192 192 194 193 191 190 191 189 184 178 175 171 166 160 153 147 147 149 152 152 150 152 152 155 154 144 131 120 109 103 104 105 107 86 61 38 38 41 35 57 97
75 74 69 66 71 76 76 78 73 69 71 80 97 116 138 164 175 184 188 193 196 194 191 184 189 194 192 175 123 72 54 97 111 47 47 92 70 107 95 124 162 185 183 185 192 190 192 191 193 192 192 192 191 191 193 195 191 187 183 178 173 168 161 154 151 152 156 159 158 158 157 157 158 159 154 140 127 115 107 106 107 107 98 80 42 35 43 31 41 72
73 71 77 76 75 81 79 71 71 74 86 106 133 155 170 186 188 189 188 192 194 193 193 190 193 197 195 178 131 78 57 92 97 55 54 108 122 127 125 144 171 187 184 180 182 182 187 190 191 191 191 189 189 190 192 192 187 184 181 176 171 168 162 155 152 148 151 152 155 158 156 156 152 155 156 147 137 128 116 112 109 105 99 92 56 36 40 42 38 52
76 76 86 85 80 84 80 72 78 92 116 144 176 191 187 185 190 191 191 195 195 193 196 195 191 194 191 176 136 86 67 97 102 84 62 103 193 149 143 169 170 180 181 174 172 176 182 187 186 187 186 185 186 187 185 182 179 176 172 166 162 162 157 149 141 129 124 122 129 140 142 143 144 146 151 147 143 139 124 117 110 103 96 98 76 51 40 47 42 39
89 89 90 83 82 85 83 88 101 118 143 166 190 201 194 191 190 192 193 197 196 194 197 195 194 195 190 176 141 94 75 102 117 73 81 68 148 123 152 171 161 168 174 169 167 173 176 178 182 184 184 182 184 185 180 173 173 170 163 156 153 154 150 140 131 110 96 90 99 116 121 125 136 137 142 140 142 142 127 119 112 103 94 100 90 67 43 40 48 32
98 90 84 79 79 83 93 109 129 151 167 179 189 193 196 195 192 194 197 197 195 195 197 198 200 194 190 180 144 100 92 113 127 76 79 71 76 89 149 173 152 167 165 165 166 162 168 168 174 177 181 178 181 182 169 163 163 155 152 152 149 147 141 129 116 103 89 81 82 97 101 112 122 128 135 138 138 136 130 124 116 112 103 103 97 75 52 37 40 32
98 90 92 88 89 101 114 139 169 184 190 192 194 195 197 198 197 199 203 203 199 198 200 202 201 198 194 182 151 114 102 114 131 119 81 98 77 74 159 162 156 163 154 152 150 144 150 153 154 157 161 159 161 159 143 135 132 120 119 130 136 136 129 118 108 98 83 71 65 80 85 92 103 109 118 124 129 130 128 125 119 117 110 106 97 82 64 46 38 30
88 90 107 108 113 126 136 164 188 196 196 194 193 191 196 199 199 202 206 206 202 200 202 202 204 202 195 181 157 127 111 112 122 126 79 94 103 98 144 143 137 139 130 130 132 129 135 140 139 140 140 136 136 129 111 101 100 86 85 99 112 119 120 117 109 101 87 70 57 70 79 85 98 102 109 117 123 126 127 128 123 124 118 109 98 89 77 56 43 35
79 94 117 124 131 143 150 168 185 192 193 194 194 194 199 203 201 204 208 209 205 203 202 201 203 202 194 181 162 138 119 113 112 99 79 86 81 102 104 111 109 111 107 111 117 117 120 123 126 123 116 110 108 101 87 77 76 69 72 86 99 110 118 120 113 104 90 74 55 64 77 84 95 97 103 111 116 119 123 127 127 126 121 112 98 93 85 63 51 43
97 119 133 139 147 157 169 176 188 193 195 198 198 198 203 205 204 206 210 212 210 207 205 201 200 199 194 186 172 148 127 118 100 80 79 66 68 67 76 77 81 84 83 85 90 91 89 86 88 84 74 68 71 72 68 62 52 47 57 79 98 108 116 121 116 107 94 81 58 57 69 78 83 88 97 107 113 117 122 128 129 124 120 115 103 96 89 70 55 46
118 140 145 150 159 166 178 181 195 198 197 199 199 199 203 203 205 206 209 212 211 209 206 203 201 201 199 194 181 157 134 123 93 78 64 57 59 57 61 65 67 70 70 72 77 80 77 74 74 73 62 61 71 80 86 83 68 52 51 70 90 102 113 122 120 114 101 90 63 53 60 70 77 83 95 107 114 118 124 129 130 124 120 119 110 102 95 79 59 51
136 154 162 169 177 180 186 193 201 203 201 202 203 204 208 205 204 205 208 210 210 209 207 205 203 205 205 201 192 173 153 142 119 88 87 66 58 54 69 65 65 64 66 70 76 80 81 82 86 88 79 79 90 101 108 105 101 84 70 69 79 95 111 122 123 123 108 94 66 52 59 69 79 84 93 103 111 117 123 128 131 127 124 123 117 109 102 89 67 59
147 159 172 179 187 190 191 204 204 205 203 204 205 206 209 204 206 206 208 210 209 209 209 208 203 207 208 205 202 192 178 170 146 129 114 95 85 78 75 72 76 72 74 78 83 85 86 91 93 98 89 87 95 103 107 100 93 92 83 70 73 93 113 120 127 132 116 97 70 58 67 78 86 87 92 100 110 120 128 133 132 131 127 126 120 113 106 94 74 65
155 167 183 192 197 200 201 205 202 203 205 205 206 207 207 207 205 206 206 207 208 207 205 205 205 205 208 209 207 203 200 198 183 174 163 143 124 111 101 97 94 90 86 85 87 91 98 105 101 102 93 88 90 92 88 77 85 69 73 66 73 84 100 126 138 153 134 91 68 67 82 78 82 100 101 93 106 128 139 144 139 138 135 132 126 116 110 101 86 70
160 170 185 194 198 200 200 205 203 204 205 206 206 207 206 206 204 205 205 205 206 206 204 205 206 205 206 206 206 205 205 203 193 186 180 170 162 156 145 137 125 119 113 109 105 103 106 110 111 109 105 101 97 90 83 84 90 56 62 66 67 79 105 130 148 157 134 93 72 68 85 85 84 100 102 98 110 132 147 152 147 149 141 135 129 117 108 102 91 75
168 175 188 196 199 201 201 205 205 206 206 206 206 206 205 205 203 203 203 203 205 206 205 206 206 205 204 204 206 211 214 214 204 201 201 199 198 197 187 179 169 162 155 149 141 134 132 134 137 134 134 128 123 109 92 94 89 48 53 66 68 76 103 130 149 156 130 92 77 79 101 102 90 100 104 103 114 138 157 162 163 166 155 144 136 122 112 108 97 80
177 181 193 199 201 202 202 205 206 207 207 206 206 206 205 204 204 203 202 203 207 208 208 208 204 204 203 203 206 214 221 222 214 214 218 215 212 211 205 200 199 193 187 182 175 167 165 167 164 163 162 154 154 143 111 100 91 59 57 65 78 83 101 127 141 149 119 83 78 92 119 119 100 102 105 107 117 144 167 171 174 175 163 150 137 123 115 111 101 83
183 186 198 203 203 204 204 207 208 208 208 207 207 207 207 206 205 204 202 203 209 211 210 209 203 203 204 203 206 214 221 223 222 222 224 219 214 214 211 210 209 204 200 198 193 188 187 190 188 185 183 176 182 176 140 120 102 79 65 62 86 105 120 136 154 154 115 80 81 97 131 135 112 110 109 110 123 153 178 182 183 180 170 157 139 127 121 112 105 85
186 190 202 206 205 207 207 209 209 210 209 208 208 209 210 210 208 206 203 205 210 212 209 207 206 204 203 202 205 212 218 220 221 218 218 215 213 215 215 215 215 211 209 207 204 202 202 205 207 201 198 197 203 198 173 158 130 107 85 75 107 149 173 175 184 171 119 85 83 92 131 146 127 123 118 116 130 165 191 193 192 186 178 167 150 138 131 116 110 87
187 193 206 209 206 209 210 210 211 211 210 209 210 212 214 215 211 210 208 208 211 211 207 205 203 198 194 193 197 204 210 213 209 205 208 209 211 214 214 215 218 217 215 213 212 212 213 213 212 207 206 209 211 208 199 190 155 137 115 100 130 178 207 203 205 185 127 91 86 89 132 154 141 138 130 124 138 174 199 200 196 191 183 175 165 154 140 121 113 88
187 194 208 210 207 211 212 212 212 212 211 211 212 215 217 219 214 213 212 211 212 210 206 204 195 187 180 181 186 194 200 203 199 197 203 207 209 211 210 212 215 216 215 214 213 214 215 216 213 212 212 215 214 214 214 206 181 172 151 132 156 195 218 214 213 196 138 101 94 99 143 166 149 149 139 129 143 179 202 203 201 199 189 184 182 170 150 131 114 88
198 196 210 214 214 209 211 213 215 215 214 214 216 219 221 222 217 220 221 216 218 208 210 199 187 171 157 167 183 188 189 189 193 195 199 207 199 211 212 216 216 210 207 208 209 208 209 213 211 211 212 217 211 216 219 215 198 186 186 170 169 190 198 211 214 190 143 120 119 120 162 176 163 158 146 134 149 187 206 206 202 204 197 191 191 177 164 145 117 87
203 200 212 216 217 211 212 214 215 215 215 215 216 219 220 221 223 222 221 218 217 211 215 194 167 133 135 159 174 184 182 175 184 183 196 201 203 207 216 218 217 210 205 205 207 206 208 211 212 212 215 220 212 219 219 208 207 191 197 192 178 182 187 195 203 190 157 144 132 143 177 186 171 167 153 144 159 192 213 213 213 207 204 199 190 183 181 157 116 94
208 204 215 219 220 214 214 216 217 217 216 217 218 220 220 220 223 225 223 226 225 216 211 180 129 102 117 153 169 174 169 161 152 155 174 197 198 208 212 219 217 210 204 204 205 206 208 211 212 212 217 220 211 219 214 193 199 201 209 206 188 178 184 193 202 192 168 156 138 160 186 187 172 168 154 152 167 193 214 212 211 205 205 202 193 185 181 152 113 104
208 206 217 222 223 216 216 219 219 219 219 218 220 222 223 223 220 227 222 227 229 217 198 157 104 105 138 173 170 148 128 109 89 111 141 172 177 202 208 211 214 210 207 207 208 209 211 214 213 215 217 216 212 218 199 172 183 214 215 206 206 197 194 197 201 188 169 157 154 184 200 190 172 171 159 165 180 199 218 215 212 210 201 196 198 184 166 137 110 115
202 204 218 223 225 218 218 222 222 221 220 220 221 224 226 226 223 228 222 224 222 219 190 128 90 109 156 178 159 125 93 83 103 101 126 151 165 179 198 210 210 210 211 212 212 212 213 214 215 218 216 214 215 215 181 151 157 212 217 209 219 216 214 214 206 182 155 139 163 195 206 191 170 169 163 175 191 203 218 214 215 213 194 182 186 169 147 121 105 118
192 198 216 221 226 221 220 223 222 221 220 220 222 225 227 228 227 228 227 227 219 224 183 101 82 120 164 165 151 109 63 86 132 102 102 133 159 181 193 200 206 210 213 215 214 213 212 211 212 216 213 212 216 212 170 143 165 209 210 207 220 222 222 213 202 176 150 144 184 208 210 192 173 172 170 183 198 208 217 214 209 209 201 193 190 165 139 109 114 130
181 190 210 217 224 221 220 220 220 220 219 219 221 224 225 226 227 227 228 228 218 214 158 87 84 140 163 141 118 74 51 92 132 118 115 138 148 183 192 195 205 209 213 214 214 213 211 209 210 209 209 211 215 214 179 162 181 211 212 210 216 219 224 216 204 181 154 159 191 208 205 191 180 175 176 186 199 209 212 210 210 207 200 193 187 165 144 118 124 139
173 184 205 213 222 220 218 216 218 219 218 219 220 222 223 223 225 225 221 221 213 193 130 86 112 158 153 115 71 60 116 168 169 129 120 139 154 168 188 204 205 209 212 213 213 213 211 209 211 206 208 212 217 221 199 189 199 222 220 217 223 223 221 211 201 185 162 181 202 215 209 201 194 186 187 195 206 216 216 216 210 211 204 200 199 176 153 130 131 145
160 175 203 209 216 220 216 212 216 220 218 218 217 218 222 222 222 223 224 218 213 173 126 94 131 178 152 88 55 54 84 116 149 134 125 138 160 176 189 201 206 210 213 213 215 217 216 211 207 204 202 206 212 213 209 205 214 223 212 211 219 219 221 216 207 179 168 192 207 209 212 204 201 198 197 202 211 216 217 217 212 212 201 206 202 181 162 135 137 144
150 167 198 206 215 218 216 213 217 221 219 218 217 218 222 221 223 223 224 221 206 163 119 109 148 184 150 71 42 55 66 79 109 115 124 145 168 181 194 200 205 209 211 211 213 215 213 208 206 203 200 202 205 209 212 214 214 220 210 211 216 217 220 214 197 173 173 197 206 206 208 204 206 205 204 207 214 219 220 222 216 216 210 213 200 181 167 138 139 137
137 156 190 201 211 215 214 215 217 220 218 218 217 218 221 219 222 225 224 221 196 155 115 130 178 178 135 69 43 45 50 69 76 100 122 149 170 183 200 203 205 208 210 210 212 214 211 205 204 202 200 198 199 204 212 219 215 217 212 213 215 215 216 206 192 171 182 204 205 201 203 205 210 210 210 212 216 219 222 225 221 215 209 211 198 187 176 141 135 121
126 144 178 191 205 210 212 216 215 218 217 217 218 218 221 219 222 228 224 218 185 154 118 148 199 183 127 63 38 30 30 48 75 103 124 155 175 186 205 205 206 208 209 209 212 215 212 206 202 202 200 197 195 199 208 217 212 214 214 216 215 215 214 202 192 174 190 208 205 201 202 207 211 211 210 211 214 217 220 223 221 215 211 215 206 193 172 132 113 91
110 125 155 170 187 196 202 210 214 218 217 218 218 219 222 220 224 231 225 216 173 146 122 164 204 177 120 66 73 70 33 40 93 112 131 165 186 193 208 206 208 208 207 208 212 216 214 209 202 201 199 196 193 196 204 212 210 212 215 217 217 217 213 200 186 174 192 209 208 208 208 211 210 210 209 210 213 215 218 221 220 217 213 215 203 176 143 109 83 61
97 108 133 146 167 180 192 206 213 217 218 219 219 219 222 221 224 229 227 215 160 133 131 181 210 179 125 57 73 94 54 68 108 119 136 170 192 198 208 207 208 207 206 208 213 217 215 210 204 201 197 194 192 195 200 205 211 214 217 216 215 215 204 187 176 176 194 210 214 216 216 213 210 210 209 210 213 215 218 220 220 214 208 210 196 154 108 79 61 48
92 98 117 127 149 166 183 203 208 214 216 218 218 219 223 222 220 227 226 208 147 128 148 199 216 179 138 71 48 65 70 102 118 126 146 178 196 202 209 211 209 207 206 209 216 220 217 211 207 203 199 195 193 192 193 195 204 210 213 212 213 210 189 166 178 190 204 214 218 219 218 210 210 210 210 211 213 215 217 220 219 212 209 209 181 123 77 61 58 56
83 86 101 108 129 148 169 191 203 210 213 216 217 218 223 223 214 225 226 201 140 131 166 210 216 177 140 89 54 91 139 143 123 134 161 190 204 208 210 212 209 208 207 211 218 222 218 212 210 207 202 198 194 190 187 185 190 199 206 208 213 210 182 155 188 207 215 219 219 217 216 206 209 210 210 211 212 214 216 219 222 214 209 194 143 80 54 64 71 78
80 82 87 89 102 122 140 164 184 199 205 210 217 218 219 222 212 219 225 200 140 142 176 226 223 187 149 110 70 108 173 154 108 160 178 200 207 211 215 210 208 207 210 217 221 220 218 217 215 211 206 200 196 192 186 182 182 186 194 200 206 204 182 164 195 212 217 214 218 219 212 208 207 213 206 204 211 213 214 217 218 205 200 163 90 49 63 91 98 101
75 79 80 78 87 100 116 144 164 181 190 198 208 214 218 221 214 216 221 197 129 137 185 224 225 193 156 130 82 83 127 107 113 180 193 200 210 213 211 210 209 209 212 218 222 221 219 218 216 214 211 208 204 199 191 185 181 178 178 178 185 194 192 189 196 205 210 212 218 219 213 209 206 208 206 213 207 205 208 214 207 199 165 114 68 60 88 110 108 112
68 73 72 68 75 80 93 123 152 170 183 194 204 211 218 218 214 219 219 197 129 130 188 222 224 195 156 133 92 61 73 75 124 189 199 198 207 211 209 211 209 210 214 220 223 222 221 221 220 218 216 214 212 207 199 193 182 176 170 164 169 182 192 200 199 200 204 212 218 218 215 211 207 212 208 211 205 205 202 201 203 185 126 80 70 81 104 111 112 117
70 72 68 65 66 65 73 94 123 146 170 188 200 209 216 213 212 217 219 206 134 117 176 212 219 199 163 132 113 81 68 104 160 199 205 205 208 209 213 211 209 210 214 220 222 222 223 224 224 221 217 215 214 211 205 200 183 176 170 162 162 170 179 189 197 195 201 208 212 214 215 211 207 213 211 207 210 206 204 199 199 154 91 74 90 104 117 119 124 131
73 68 65 66 64 60 63 69 88 116 152 183 200 210 216 209 214 215 224 221 148 107 158 202 211 206 176 139 129 104 89 135 188 205 210 211 212 210 218 215 212 213 216 219 221 222 223 225 226 222 218 215 213 211 205 201 183 177 171 163 160 165 171 179 184 187 195 200 202 208 214 211 212 208 214 208 212 198 201 190 163 114 82 90 113 130 136 137 138 147
65 60 58 62 60 57 58 52 57 82 120 158 181 200 212 207 210 219 218 216 174 115 134 197 206 212 185 151 136 121 126 158 193 209 212 208 214 211 217 217 216 217 219 220 221 221 222 223 224 222 219 216 214 210 205 200 190 185 180 174 172 174 175 179 178 184 193 196 198 206 213 211 216 210 215 207 210 205 198 159 125 109 112 124 136 147 146 141 152 163
56 57 54 56 56 53 52 43 47 55 79 112 143 178 209 215 206 212 200 200 201 144 126 186 211 216 195 168 158 156 169 191 204 216 217 211 218 211 215 216 220 221 222 223 223 223 222 222 222 221 219 217 215 212 208 205 202 198 196 192 191 193 190 190 188 192 196 198 201 206 208 206 212 216 211 207 206 204 172 123 125 142 151 152 151 150 144 135 151 163
50 59 56 58 62 61 61 55 49 41 44 66 97 145 192 208 216 200 191 201 218 177 144 178 217 216 201 175 174 180 182 202 211 213 215 212 220 213 220 220 221 222 224 225 225 224 223 222 220 220 218 217 216 215 213 212 210 206 205 201 202 206 205 204 201 201 199 200 203 203 200 198 209 218 204 210 195 168 114 89 135 168 170 167 165 149 137 128 151 164
36 48 47 50 55 57 58 52 48 39 40 51 72 113 163 194 208 206 193 210 216 195 170 183 208 205 200 193 188 188 196 205 214 212 213 213 213 216 221 221 220 222 225 226 226 225 224 223 219 218 217 216 216 215 212 211 211 207 204 203 204 205 207 208 205 202 204 197 204 206 202 200 211 209 209 214 184 122 79 85 138 168 175 176 163 141 122 119 151 164
37 31 36 44 45 47 50 50 49 49 43 38 45 65 103 140 175 194 197 215 203 200 200 197 196 197 200 203 205 208 213 218 218 216 216 215 213 215 218 219 219 221 223 224 224 223 222 222 219 218 216 215 216 215 213 213 210 208 206 206 207 208 208 207 209 207 206 203 207 205 208 204 205 202 206 167 123 66 50 84 143 174 184 183 164 136 117 121 162 174
49 31 33 36 37 41 43 50 49 51 43 35 35 42 66 98 133 179 189 206 197 200 211 202 192 196 203 210 215 215 215 215 214 214 215 215 214 216 219 221 221 222 224 224 224 223 223 223 221 219 217 215 215 214 213 212 208 207 206 208 211 213 212 211 211 211 208 208 210 204 213 208 193 187 164 96 62 48 55 95 152 180 191 190 172 145 126 136 176 185
58 47 36 30 34 38 39 46 48 47 46 42 35 36 51 69 98 147 170 185 194 193 207 204 202 203 205 207 210 213 214 215 210 211 213 214 213 215 218 220 220 221 222 222 222 221 221 222 221 219 218 216 214 213 212 211 209 209 209 210 212 214 214 213 209 212 210 206 209 205 211 209 193 167 110 71 53 55 64 108 161 184 192 188 178 157 136 148 182 190
74 70 54 45 43 39 37 34 40 44 49 47 37 31 39 50 60 83 120 147 191 201 207 193 206 208 210 210 211 212 214 214 212 213 214 213 211 210 212 214 216 217 218 218 217 217 217 218 219 218 218 218 217 216 216 214 215 215 213 211 211 211 211 210 209 211 209 197 202 201 198 200 187 163 122 102 77 64 64 119 177 195 200 192 185 168 142 154 184 192
63 60 56 58 50 42 43 34 34 39 41 42 43 39 38 44 45 56 84 100 163 186 190 192 201 208 214 216 215 215 215 214 210 212 212 210 210 209 209 211 213 215 216 217 216 215 215 215 216 215 217 219 218 219 220 218 214 214 212 210 211 212 212 211 206 204 206 196 203 202 195 197 192 186 185 151 110 77 68 127 179 197 204 193 184 166 135 152 187 195
59 56 59 62 53 47 47 43 40 37 34 35 40 42 39 36 37 44 43 42 93 127 137 164 188 197 204 206 206 208 210 210 205 207 207 207 208 209 209 211 212 214 216 217 217 216 215 215 216 214 216 217 216 217 219 217 210 210 209 210 212 215 213 210 208 198 201 202 201 186 174 165 171 177 197 174 128 93 81 139 184 198 207 197 185 162 130 155 186 196
58 58 60 52 48 48 44 51 48 39 39 38 31 36 43 35 31 38 34 28 31 53 66 97 130 149 172 190 201 209 211 210 204 206 204 204 206 207 206 208 210 212 214 216 216 214 214 213 217 214 215 215 212 213 214 212 211 211 210 210 213 215 210 204 185 172 179 194 187 161 149 129 145 181 197 185 137 125 110 146 191 199 206 196 182 155 122 153 181 193
57 56 59 56 51 48 46 51 47 40 37 35 32 34 38 39 37 36 32 30 21 24 29 38 61 83 116 149 175 191 202 210 207 205 199 205 208 205 210 210 208 209 209 213 214 214 214 209 215 219 220 215 224 220 216 212 215 224 224 213 208 208 188 158 133 141 163 164 158 137 140 123 149 183 200 188 150 132 114 145 191 200 200 193 183 154 123 153 179 181
59 61 59 55 51 49 51 56 52 47 45 44 41 41 42 40 43 41 36 33 21 19 19 23 28 38 55 78 103 127 149 165 175 180 176 178 179 177 187 193 195 195 194 198 199 198 204 205 210 211 214 213 216 208 209 212 215 209 195 176 162 144 116 92 85 133 163 152 149 130 129 121 151 182 188 184 151 123 107 145 191 198 198 191 182 159 134 162 178 180
64 72 65 59 57 54 58 60 57 53 52 50 47 47 45 41 44 44 42 43 35 33 30 31 27 24 22 27 36 46 60 73 88 107 116 127 136 140 151 158 162 166 167 170 172 175 180 178 162 152 150 149 149 140 138 136 123 114 101 88 76 71 81 98 123 149 173 160 140 117 122 121 138 166 157 157 133 105 98 146 191 196 197 191 182 167 149 171 184 186
69 81 72 68 67 62 65 61 59 55 52 49 47 47 45 41 43 44 44 49 43 42 37 36 34 30 26 27 27 27 30 38 52 75 86 100 115 124 135 139 144 154 158 157 158 158 148 129 100 84 76 67 64 58 56 47 50 38 34 41 51 76 123 165 178 169 182 174 139 107 112 110 112 133 119 119 103 90 96 149 192 196 198 193 184 175 163 177 191 193
72 84 76 74 74 69 69 62 60 56 52 49 47 46 43 39 40 41 41 46 41 40 35 33 32 30 30 33 37 39 44 53 81 99 105 113 125 132 141 143 149 155 150 142 136 130 117 95 73 61 57 49 42 36 41 38 45 30 35 64 98 139 178 200 188 187 188 173 144 112 101 103 105 114 102 102 88 86 97 150 193 196 197 194 186 184 177 185 193 196
75 80 75 74 74 71 71 65 61 58 56 55 53 48 43 40 38 39 39 43 37 38 34 33 34 33 31 32 33 34 39 48 63 75 77 81 86 91 102 104 99 96 89 83 75 67 64 57 47 38 43 45 44 37 41 43 42 58 94 138 174 203 219 219 203 200 193 179 161 130 106 108 112 107 89 89 78 88 109 162 193 196 195 194 189 193 191 197 201 203
78 75 75 75 72 71 71 68 63 61 60 61 59 52 47 46 45 46 45 45 37 36 32 32 35 36 36 36 34 31 31 35 32 35 32 35 35 39 52 53 47 47 48 52 48 40 40 39 45 38 40 39 39 34 40 46 74 120 171 204 222 228 225 222 217 203 194 187 168 137 105 101 120 118 94 98 92 106 129 169 192 197 195 196 195 202 201 207 210 212
80 74 77 78 73 72 71 69 64 62 61 63 62 55 51 53 53 55 53 52 42 42 38 38 36 39 40 40 38 31 26 26 27 27 28 36 35 35 40 34 37 37 37 40 38 34 35 34 34 37 40 33 38 50 78 98 156 194 217 221 226 224 215 213 211 210 203 193 183 167 143 144 166 166 124 115 108 125 152 182 191 197 196 199 201 207 206 211 213 215
77 83 85 80 76 72 70 71 63 60 57 57 60 66 67 63 58 59 60 57 51 48 49 47 42 42 43 41 37 39 41 40 35 31 30 29 30 31 31 35 34 33 29 30 34 33 32 36 43 46 56 71 84 113 152 170 203 220 237 236 225 220 223 226 221 212 201 202 202 193 189 190 173 148 122 116 120 142 177 189 187 194 200 203 208 214 214 211 212 212
70 76 78 73 69 65 63 64 75 74 72 66 60 60 59 55 56 57 59 57 51 49 50 49 47 46 46 45 43 45 47 45 42 37 37 36 36 38 37 41 42 43 43 48 57 61 63 69 66 67 78 99 120 156 196 212 239 242 244 241 235 230 224 216 216 218 211 208 209 205 195 182 125 111 104 117 132 157 190 198 196 202 207 209 214 219 219 216 212 212
