37 35 37 29 35 36 23 23 35 45 50 36 27 35 37 33 37 36 34 34 34 34 32 30 33 32 32 33 34 33 32 31 32 31 31 31 30 30 32 33 36 35 35 36 38 38 36 33 31 30 32 36 39 36 34 35 41 40 36 37 39 43 47 43 48 54 54 50 49 44 40 44 50 49 45 44 45 45 43 45 44 42 43 44 45 47 49 47 52 49
34 38 26 40 36 30 25 33 50 34 39 36 34 37 29 32 35 34 33 32 31 30 28 26 25 25 24 23 22 24 28 32 32 32 33 34 33 33 33 33 33 35 36 35 34 34 36 37 32 28 29 35 39 36 34 37 44 40 32 29 30 36 49 52 57 51 44 42 44 48 49 49 47 47 46 45 48 48 49 52 47 45 45 43 41 43 46 47 53 50
33 36 30 47 35 29 32 41 39 41 46 40 35 34 30 37 32 30 28 26 25 25 26 27 26 26 27 26 25 24 27 29 30 29 29 29 29 29 31 33 29 32 35 37 37 34 31 30 30 33 36 36 35 34 39 47 30 30 32 41 48 50 54 51 56 53 56 58 56 56 56 52 49 50 49 46 43 39 37 37 39 46 51 52 57 66 64 53 47 48
36 31 49 42 31 37 39 42 41 55 41 33 36 33 35 33 25 25 24 24 23 24 25 26 21 21 22 23 24 23 21 20 22 23 25 27 28 27 26 26 29 33 36 33 28 25 27 31 31 37 36 29 32 39 38 30 26 27 28 34 36 36 42 46 52 54 59 61 59 56 54 51 58 61 64 64 63 61 60 59 68 63 57 54 51 47 42 38 43 42
37 37 57 38 31 45 39 42 56 52 37 40 43 32 31 28 25 26 28 29 29 28 26 25 27 24 23 22 23 23 24 25 23 23 23 23 24 25 28 30 30 29 27 25 25 26 27 27 32 25 27 39 41 30 24 30 39 35 31 36 41 41 46 48 46 47 45 46 52 51 47 47 50 52 53 52 51 49 48 46 47 50 47 37 32 36 44 50 46 47
37 50 45 40 36 48 38 48 53 37 42 42 31 30 31 33 38 37 35 34 32 31 31 30 30 30 28 25 22 20 21 23 20 21 23 25 25 24 24 25 20 23 25 25 24 24 26 28 26 30 33 32 28 23 23 27 22 23 22 25 24 21 25 29 23 28 27 27 33 33 31 36 35 35 35 33 32 34 36 35 35 33 34 40 45 46 51 58 65 53
42 51 38 44 42 48 46 55 55 38 44 36 30 42 44 44 41 38 34 30 29 29 29 29 28 29 31 30 26 22 20 19 22 21 20 19 19 19 20 22 22 20 19 19 22 25 27 27 31 29 23 16 16 18 17 15 15 18 19 26 30 28 28 29 25 29 29 26 26 26 31 38 40 39 38 34 29 31 33 33 33 46 56 60 63 67 70 73 32 29
50 43 41 44 46 48 58 60 40 36 37 39 41 39 34 35 29 27 26 25 24 23 20 18 21 21 23 26 28 26 24 22 22 21 20 19 18 16 16 17 18 20 22 23 24 23 23 22 21 20 17 16 17 19 20 21 22 25 24 26 28 26 29 31 38 35 35 35 34 34 35 33 29 33 38 40 41 48 55 57 57 60 61 64 69 64 45 28 30 31
56 49 42 54 55 55 66 41 37 40 36 31 30 25 23 27 27 26 27 28 26 25 23 20 23 22 21 19 20 24 24 19 24 22 20 18 17 17 19 19 19 20 21 22 21 19 19 19 16 22 16 20 19 19 21 23 26 31 35 42 42 43 48 42 36 39 36 41 35 40 37 36 41 39 42 42 44 51 51 50 53 48 57 65 52 36 33 36 45 54
63 58 59 60 57 67 48 34 41 26 26 31 26 28 32 25 25 21 18 18 20 23 24 23 18 23 18 17 24 20 14 20 19 19 18 17 17 20 21 20 21 20 18 17 17 16 16 17 16 20 17 16 18 20 19 29 29 27 39 34 50 45 48 44 55 52 58 41 39 38 40 47 46 50 45 40 47 48 40 45 48 57 53 40 37 42 52 61 58 59
66 56 72 58 62 54 35 39 33 33 29 26 28 30 28 26 28 28 31 34 35 35 34 32 33 29 30 27 19 20 22 17 11 15 17 14 13 14 16 15 18 16 14 14 14 15 14 15 14 12 15 16 17 19 19 20 43 102 135 120 115 100 86 52 45 41 44 43 45 37 44 43 37 39 43 41 41 43 41 42 39 35 32 35 44 50 48 41 43 47
59 63 75 48 57 44 42 37 31 27 35 41 36 35 41 43 43 47 50 47 40 39 43 47 41 37 35 35 34 31 31 32 24 20 12 9 12 17 18 18 15 14 14 15 16 17 19 20 22 16 18 12 13 29 19 82 190 153 88 84 95 105 106 110 56 37 30 38 36 39 33 44 45 37 40 42 41 44 39 30 37 43 40 38 40 35 39 56 56 46
66 68 64 52 49 41 39 35 44 49 53 57 68 84 96 100 100 90 81 74 70 67 61 55 40 22 17 26 30 29 31 34 30 30 28 28 27 24 22 23 21 21 20 20 18 18 19 20 22 25 19 26 24 36 88 172 185 136 127 101 143 147 123 113 113 90 32 30 35 28 28 25 21 25 26 25 29 30 25 30 29 28 34 36 36 48 55 45 34 36
66 54 55 47 45 38 48 64 66 75 79 100 135 143 136 140 144 146 152 157 159 161 161 160 153 128 107 87 66 60 59 47 52 58 60 57 54 47 40 38 31 27 22 19 19 21 26 30 29 38 43 49 49 132 218 227 173 168 140 117 94 136 142 165 146 130 74 25 32 29 27 35 31 29 29 28 29 32 32 35 30 37 39 37 39 45 44 40 43 37
63 60 60 40 47 60 83 97 104 122 149 163 165 169 174 171 177 179 182 184 184 184 184 184 174 182 180 188 198 171 133 124 144 157 163 162 164 160 146 133 125 105 76 51 38 33 33 34 37 54 58 68 126 104 163 180 111 112 131 153 163 218 169 144 147 150 109 49 30 24 31 33 32 25 32 32 23 27 33 32 40 34 36 40 38 38 41 42 33 41
57 61 47 52 70 105 126 137 150 165 179 186 187 184 184 188 191 188 187 188 189 190 190 188 193 191 192 197 165 87 51 79 139 171 190 182 174 174 174 174 175 168 162 158 152 138 118 104 94 96 104 129 120 96 89 71 63 55 62 87 103 93 128 119 109 127 134 84 26 25 21 24 29 27 27 27 31 32 28 28 30 36 38 41 46 43 40 45 47 54
57 59 56 74 107 143 160 171 174 180 186 191 191 190 188 187 189 191 191 191 192 191 190 190 196 194 193 177 86 53 76 159 199 190 187 183 168 165 176 182 186 175 176 168 170 169 166 167 163 162 164 158 149 142 112 69 31 23 15 26 40 36 42 69 92 106 104 112 27 21 29 27 22 32 32 29 29 31 34 34 33 32 38 39 44 45 36 37 42 41
59 59 78 114 140 165 177 184 190 193 194 194 193 193 195 196 194 197 198 198 198 197 196 198 203 205 196 154 67 74 126 202 208 193 184 156 137 113 179 175 183 185 185 177 175 177 178 177 182 175 175 174 172 173 168 154 157 119 69 33 19 26 51 78 107 102 65 104 37 25 26 25 26 19 29 40 33 30 34 28 32 31 31 35 35 31 34 40 35 34
63 70 102 144 164 180 186 193 199 201 202 201 199 199 200 201 201 204 205 205 204 203 203 206 208 207 205 137 82 93 153 208 202 194 161 109 64 98 157 165 177 193 189 184 179 179 182 182 179 177 180 183 182 179 179 178 169 177 169 160 140 84 47 60 87 108 105 65 36 35 22 24 23 28 32 27 24 31 36 31 36 40 36 39 39 38 40 30 28 27
62 89 124 157 176 190 194 203 202 204 207 208 208 207 206 204 207 208 208 209 209 207 207 209 208 216 220 142 84 75 140 215 200 173 106 42 40 74 117 144 157 185 188 195 194 187 185 189 186 187 185 182 182 183 184 184 183 178 181 176 161 161 155 128 120 110 70 67 27 23 22 20 23 25 25 24 29 32 32 38 29 34 37 41 36 33 37 34 30 30
74 117 152 178 189 198 200 204 209 209 209 210 212 214 214 213 211 211 210 211 212 210 209 210 208 219 218 165 85 79 123 209 201 170 61 44 46 81 103 70 66 139 188 197 196 199 197 189 189 192 191 188 189 190 189 186 188 184 182 179 177 179 176 167 169 145 112 57 22 26 34 26 30 26 33 36 38 42 40 37 42 44 41 26 24 37 38 32 23 23
88 134 166 192 197 202 212 212 212 212 212 213 215 216 217 216 215 213 212 214 215 213 211 212 213 217 221 180 82 80 121 204 192 132 53 57 118 167 162 148 68 103 164 189 199 201 201 199 202 202 200 198 195 193 192 193 190 190 187 187 190 185 178 179 182 178 176 164 121 60 29 39 47 42 42 34 30 35 40 50 39 30 27 23 31 38 27 22 22 23
108 158 175 195 199 201 214 213 212 214 216 217 217 217 216 215 217 216 216 217 218 215 213 215 216 215 229 195 91 76 114 200 187 83 40 158 230 219 204 183 117 93 153 182 194 199 208 209 208 204 205 206 203 201 202 203 199 198 196 195 195 192 187 183 185 185 178 186 179 170 128 67 33 39 49 44 43 47 37 33 33 34 29 23 26 26 21 23 24 25
117 179 182 193 205 205 216 215 216 218 220 219 217 217 218 218 217 217 218 220 220 217 215 218 218 216 225 212 103 80 101 201 177 78 68 216 238 233 226 208 158 94 153 180 188 197 212 211 209 205 207 209 208 210 212 209 208 205 202 199 197 196 198 199 193 189 181 183 176 179 176 162 109 57 44 47 38 35 30 26 26 30 25 34 38 24 20 25 23 23
139 185 190 196 206 212 215 215 217 217 217 218 219 220 219 218 218 218 218 218 218 219 217 216 220 223 224 222 136 78 92 196 153 33 125 186 185 204 222 216 194 96 147 186 192 196 209 213 211 207 206 210 213 213 211 210 208 208 205 202 200 201 200 199 197 190 189 189 185 185 188 185 182 140 56 31 23 17 19 23 29 28 29 37 31 21 26 22 20 22
136 182 192 201 210 213 216 218 218 219 220 220 220 220 220 220 220 220 220 220 220 221 220 219 223 221 222 224 155 72 78 173 128 49 64 64 61 81 143 227 212 120 162 183 191 192 214 212 208 207 208 212 215 215 214 214 212 211 208 204 203 203 201 199 194 193 192 193 193 192 191 190 192 193 176 95 15 21 23 27 35 28 29 25 16 20 25 19 17 27
135 179 193 206 214 215 217 220 220 221 222 222 221 221 221 222 223 223 223 223 223 223 224 224 222 221 223 224 183 78 77 159 126 33 55 79 79 74 76 174 204 138 170 184 187 195 216 211 209 209 211 215 217 217 216 217 217 215 212 208 207 206 203 199 198 200 195 193 197 197 196 200 200 194 186 193 109 35 25 25 19 31 23 24 25 16 17 14 31 48
134 178 196 207 214 218 219 220 221 221 221 222 222 222 222 223 225 225 226 225 224 225 226 227 227 225 224 221 209 93 67 115 144 42 46 137 95 72 80 116 193 160 172 186 180 202 215 218 213 213 214 217 218 218 217 217 220 218 215 212 211 209 204 200 201 203 200 198 201 200 198 199 200 197 183 194 183 154 41 15 24 25 24 15 16 21 39 81 120 138
126 176 201 211 214 221 222 222 222 222 221 222 224 225 224 224 226 226 227 226 225 226 228 229 224 223 222 217 218 114 69 93 151 61 41 39 48 55 80 107 176 165 170 181 183 206 213 218 216 215 216 217 219 220 219 218 221 219 217 216 216 212 206 201 204 202 200 198 198 200 202 202 205 204 204 191 191 184 167 63 30 37 43 59 81 116 150 151 153 164
119 175 208 216 215 223 225 226 224 223 223 224 226 227 227 225 227 227 227 226 226 227 228 229 230 224 222 224 230 152 75 70 153 57 39 69 61 64 80 110 196 179 180 175 190 203 214 217 215 215 216 218 220 222 222 222 222 220 219 218 217 213 206 201 196 198 201 203 202 204 204 200 203 203 200 199 197 187 184 173 137 132 150 158 159 166 164 169 174 178
125 176 210 219 217 225 225 227 225 225 225 226 228 228 228 227 228 228 227 227 227 228 229 228 231 226 223 221 217 181 90 70 142 93 37 72 101 77 86 141 195 174 183 180 196 203 213 214 214 215 218 220 222 223 224 224 223 221 218 216 214 208 202 198 198 200 200 198 201 204 205 207 208 205 196 196 197 193 189 181 168 159 152 159 168 168 169 176 177 179
138 180 208 218 219 225 224 225 225 226 226 227 228 228 227 227 229 228 227 227 228 229 229 228 230 228 222 216 209 206 106 72 133 116 43 50 76 93 148 176 192 171 184 192 195 206 212 214 214 217 220 222 222 223 224 224 223 220 217 214 210 204 198 194 200 205 200 196 203 204 204 209 210 204 201 199 197 197 191 187 188 170 168 166 169 179 180 182 184 186
138 183 207 218 218 226 228 224 224 226 228 228 227 226 228 229 229 228 226 226 228 228 228 228 235 232 226 227 215 211 119 75 123 155 105 101 159 192 183 173 186 178 194 195 205 208 212 216 214 219 221 221 223 225 224 222 219 214 210 206 201 198 199 203 209 202 200 191 174 177 189 197 199 203 201 199 201 204 197 198 194 187 178 174 177 181 182 182 186 187
142 186 208 219 221 224 226 225 225 226 227 227 227 226 227 227 229 228 227 226 227 228 228 228 230 232 230 225 219 211 140 80 106 158 142 98 146 194 170 169 195 187 201 203 210 210 209 210 214 219 221 221 223 224 221 217 217 216 211 203 198 201 206 207 203 210 194 184 144 128 159 183 195 200 199 199 204 196 197 196 194 193 185 176 175 181 185 184 184 187
142 187 209 223 227 225 222 224 226 226 226 226 226 226 226 226 228 228 227 227 227 227 227 227 232 231 230 218 219 208 175 116 104 174 157 151 119 156 148 163 201 195 204 204 208 210 212 215 217 220 221 221 224 224 218 213 213 211 207 200 199 206 214 216 215 209 197 191 174 155 125 160 183 203 194 203 207 204 200 203 197 198 193 182 176 178 184 187 184 188
148 193 211 222 228 229 227 232 226 226 226 226 226 226 225 225 227 227 227 226 226 226 227 227 234 229 227 216 216 206 201 170 157 184 172 156 163 137 102 186 195 194 204 206 206 206 208 212 216 218 218 218 220 220 216 211 206 203 206 210 212 212 213 212 212 204 200 191 193 158 84 182 202 201 206 209 209 196 206 201 202 200 197 192 184 178 180 186 186 191
145 193 209 219 226 228 224 225 226 227 227 226 225 225 225 226 226 226 226 226 226 226 226 227 230 226 225 218 217 211 208 201 189 198 181 177 159 169 170 182 198 199 203 206 204 204 203 206 208 210 209 208 209 210 208 207 207 203 204 207 208 210 211 209 205 206 205 196 201 196 122 145 189 208 207 205 200 206 199 204 204 202 201 199 193 186 183 184 186 192
159 201 213 218 225 230 228 230 225 226 226 226 225 225 226 226 226 226 225 225 225 225 225 225 227 227 223 215 215 214 205 206 206 205 199 197 186 176 186 192 199 197 194 198 198 202 200 201 198 200 199 198 199 200 200 201 197 198 201 199 198 205 209 204 209 208 201 202 212 193 120 132 137 169 196 197 214 209 201 206 203 205 205 202 200 198 192 185 185 190
164 201 212 220 226 228 225 225 224 224 224 224 225 225 226 226 226 226 225 225 225 225 224 223 228 226 221 211 213 211 206 207 208 205 209 205 203 195 194 189 188 190 188 196 195 198 194 193 194 197 197 197 198 198 198 199 197 199 200 194 188 196 206 208 207 206 211 204 208 192 133 142 146 137 147 180 193 205 208 202 205 206 205 202 203 204 199 191 187 189
169 200 210 219 224 225 223 224 224 223 223 223 224 226 226 225 227 226 225 224 225 224 223 222 227 223 219 212 215 206 210 210 213 210 209 212 205 208 206 194 195 200 195 201 195 198 197 200 197 200 201 202 203 203 201 201 204 206 210 204 191 190 200 206 208 204 205 210 215 179 122 120 142 160 146 142 169 190 203 200 208 205 202 202 204 204 200 196 190 190
172 203 213 220 224 227 223 225 224 223 223 225 225 225 225 224 224 221 226 225 227 221 226 220 228 221 217 213 210 207 212 207 212 210 210 211 211 211 211 210 208 208 209 209 209 210 212 213 211 220 219 216 221 220 215 217 219 217 218 219 210 201 203 204 213 209 204 207 216 164 123 123 139 148 161 148 133 170 201 195 202 206 207 205 206 208 205 201 198 188
174 203 213 218 222 225 221 222 223 223 224 225 223 222 223 223 224 225 224 222 223 223 223 226 228 222 216 213 214 208 207 206 210 208 209 210 210 212 215 217 213 214 216 217 218 219 221 222 221 229 229 228 232 232 230 232 234 232 230 223 217 208 200 209 211 210 207 213 208 157 131 127 129 151 172 164 128 133 176 199 202 208 211 211 212 212 209 207 203 194
181 207 214 219 222 225 221 223 222 223 224 224 221 219 220 221 218 223 219 226 218 226 227 220 219 217 214 212 209 205 204 207 206 206 208 210 210 211 213 214 214 215 218 220 221 222 223 224 220 224 225 224 225 228 232 235 234 235 234 224 223 212 191 201 216 210 204 214 202 157 140 123 127 150 174 185 156 132 158 181 200 209 215 217 218 217 215 213 208 199
187 208 214 219 221 224 222 223 222 222 224 223 219 218 219 220 219 217 218 222 229 228 226 226 220 215 213 212 204 204 200 198 202 200 199 200 201 203 207 208 205 206 207 209 210 209 210 211 212 211 212 211 209 213 219 221 223 226 226 220 222 207 182 184 214 204 199 211 200 168 149 126 129 148 173 190 175 144 155 177 196 207 216 219 220 219 218 218 211 203
192 208 211 217 217 220 219 220 221 221 222 221 219 218 219 219 215 220 216 221 223 228 227 224 222 215 210 214 206 197 183 190 190 188 189 193 195 196 195 192 194 193 194 195 195 194 195 196 199 199 203 205 204 205 208 208 217 222 221 220 217 198 176 166 206 201 201 207 197 173 146 126 126 138 169 185 176 145 151 177 191 205 216 219 219 219 219 219 212 205
197 208 210 216 215 218 217 218 220 219 219 220 218 218 219 219 214 216 221 219 223 225 222 228 219 217 211 204 172 140 127 163 191 185 181 180 179 180 179 177 176 175 175 177 178 177 178 180 182 179 179 182 184 191 201 207 208 216 218 217 205 179 157 141 204 204 202 208 204 187 152 131 122 127 165 186 181 147 148 171 187 204 217 220 219 220 219 218 213 207
198 207 208 215 215 217 218 218 219 218 218 219 217 217 218 218 221 206 215 217 226 226 108 223 215 218 216 191 126 92 104 165 180 175 169 165 159 156 155 154 155 154 155 159 160 160 160 162 157 158 161 164 167 170 175 182 190 200 205 195 174 148 125 118 200 208 204 215 214 201 167 140 118 126 166 187 178 143 156 175 184 203 219 220 220 221 219 215 212 206
196 203 204 213 212 216 217 218 218 217 218 218 216 216 217 218 214 217 216 218 222 221 228 218 217 213 211 175 90 72 109 174 163 158 152 144 136 135 139 142 148 148 150 155 157 156 156 158 162 160 154 149 147 147 154 165 178 184 188 166 141 121 102 109 194 212 207 217 206 186 159 133 111 122 159 183 177 145 163 170 181 203 219 221 220 221 218 213 209 203
190 198 204 207 212 215 215 215 216 216 216 215 214 214 215 215 213 214 212 213 219 222 220 220 212 224 197 131 81 76 132 170 146 147 130 123 122 130 139 147 148 153 162 162 163 167 166 173 168 160 148 140 136 134 141 155 174 180 181 163 115 118 110 147 199 207 207 211 195 156 141 122 117 134 164 187 174 148 158 165 179 207 220 218 218 220 217 210 205 204
191 199 203 205 209 212 212 212 213 214 214 214 214 213 213 213 213 213 211 212 217 219 218 217 221 224 185 102 77 89 148 156 129 126 132 121 135 145 150 154 156 163 171 169 170 174 170 169 172 167 154 143 128 121 135 149 169 176 185 163 106 123 138 175 200 203 205 201 183 155 136 117 120 147 185 190 169 146 167 157 179 206 219 219 220 220 216 209 203 201
193 199 202 204 207 211 212 211 211 212 213 213 213 212 212 212 214 214 213 213 216 218 219 219 224 215 151 78 73 108 159 126 133 116 101 141 195 183 179 184 172 179 183 178 180 189 187 185 181 174 160 148 131 123 139 154 163 174 180 130 89 128 167 190 200 201 207 195 171 151 130 113 132 167 186 173 150 147 167 156 181 205 218 220 221 220 216 209 206 203
191 196 200 202 205 210 211 211 210 211 212 212 212 212 212 212 214 214 214 214 215 218 221 223 219 193 120 67 69 134 142 112 95 94 147 202 171 163 181 192 188 194 194 188 189 195 197 197 194 186 177 163 146 135 144 163 179 188 180 109 102 143 181 193 197 200 208 195 162 142 123 113 140 172 176 163 129 152 161 156 185 205 217 221 222 220 217 212 206 203
185 191 196 199 201 206 208 207 209 209 210 210 210 210 211 212 211 212 213 212 212 216 222 226 224 155 85 75 84 145 126 86 78 160 148 80 70 158 202 197 194 197 198 199 203 206 209 210 206 200 201 185 165 147 135 152 176 185 169 117 125 164 186 197 194 198 203 194 155 129 116 115 152 169 168 149 117 155 161 165 192 208 216 220 221 220 219 215 213 209
179 186 194 197 199 203 205 204 208 207 207 206 206 208 209 211 210 210 212 212 213 217 223 226 200 118 71 70 115 137 84 72 139 95 72 122 156 177 206 199 205 204 201 206 211 211 214 216 215 207 208 199 188 169 138 130 146 167 154 126 130 184 194 198 196 198 198 191 149 122 110 122 151 163 151 127 135 162 158 169 197 210 216 219 220 220 219 215 210 207
168 177 188 195 196 201 204 202 206 206 205 205 205 206 208 209 210 210 211 213 214 218 222 221 166 82 71 79 150 117 50 123 48 87 151 175 151 178 208 189 199 201 199 205 210 211 218 221 220 213 209 207 205 198 170 134 128 146 139 128 147 199 203 198 196 197 201 187 142 118 103 129 145 150 125 119 149 162 160 182 200 211 217 219 220 219 217 211 205 201
155 165 180 189 192 198 202 201 205 205 205 205 205 205 207 208 209 207 209 211 213 216 217 214 123 65 76 123 151 89 57 49 104 189 221 213 166 194 217 194 191 201 205 211 213 212 219 222 223 223 216 215 210 212 203 156 112 108 112 121 175 203 204 200 190 194 204 184 134 114 95 132 130 129 116 145 152 156 168 190 200 211 217 220 220 218 215 207 203 200
148 154 177 183 187 195 200 201 202 203 203 203 203 204 204 204 205 205 213 207 218 213 212 192 87 59 73 150 153 66 67 69 181 231 233 239 183 182 202 197 187 202 211 209 210 214 219 222 225 224 218 212 211 215 209 190 144 119 117 147 191 205 204 197 187 188 201 177 124 99 105 142 126 119 131 147 152 157 174 196 207 212 215 219 218 217 214 204 206 198
137 131 156 172 189 184 200 195 200 201 201 201 202 203 203 202 208 206 212 210 212 214 213 149 63 54 112 172 150 68 52 168 227 250 245 238 191 183 198 195 187 201 210 208 209 214 218 221 226 229 226 221 216 217 219 209 183 166 164 179 205 209 204 197 190 182 195 166 114 89 124 124 123 125 140 155 163 172 185 201 207 211 213 215 214 213 213 204 196 188
139 129 132 160 181 181 192 195 196 197 197 198 199 201 202 201 203 206 210 213 208 212 209 110 60 74 147 189 148 73 62 129 139 173 232 241 211 170 188 183 186 200 208 207 208 213 218 222 221 226 228 225 216 211 212 207 206 200 200 202 211 207 202 195 190 181 184 154 98 90 108 120 125 137 153 164 176 186 192 200 205 208 209 210 208 208 207 199 194 185
130 129 117 139 170 184 184 193 193 193 194 195 198 200 201 200 205 207 202 205 208 211 186 77 60 96 196 188 154 57 43 53 73 57 119 224 214 172 175 187 185 200 209 207 207 212 218 222 226 229 231 231 224 215 212 207 204 203 206 205 208 202 199 195 193 180 179 133 85 93 117 132 147 160 173 179 189 197 197 201 201 205 206 207 204 202 200 191 183 172
127 128 120 114 151 177 185 190 193 193 193 194 196 199 200 199 198 202 202 199 205 206 159 65 71 155 211 196 141 42 34 115 122 45 65 131 205 142 172 181 184 200 210 207 206 210 217 222 225 227 226 227 223 216 215 213 206 202 204 204 207 201 199 197 194 190 161 120 80 95 130 158 175 181 188 191 197 200 197 201 200 203 203 204 201 199 197 187 174 161
116 123 125 117 132 172 182 181 192 193 193 193 194 196 197 197 198 194 198 194 206 207 139 60 100 187 213 202 138 35 34 23 30 44 69 77 190 136 164 185 184 201 211 208 207 210 216 220 223 227 228 229 225 219 217 215 209 202 201 201 206 201 200 198 189 178 156 105 49 112 163 191 194 192 194 195 198 198 195 199 199 201 200 200 198 196 193 183 165 150
97 111 111 115 112 155 175 183 187 188 189 189 189 191 193 194 198 194 200 195 201 185 109 64 146 217 210 179 113 25 27 44 47 50 62 70 168 135 157 183 184 201 210 209 208 211 214 217 219 226 228 228 225 219 216 211 208 202 200 197 201 199 199 197 189 173 150 64 86 175 201 207 207 200 200 200 199 198 196 197 196 197 195 195 192 189 184 171 154 139
86 104 108 110 111 134 165 180 180 182 184 184 185 187 190 192 193 190 191 189 198 165 86 72 169 223 213 171 115 35 39 86 142 46 61 92 145 119 170 180 185 200 210 208 208 211 213 215 218 224 223 222 222 221 219 214 208 205 203 196 198 196 198 195 194 180 145 98 160 214 205 209 210 200 200 199 196 195 192 191 191 192 191 192 188 182 174 159 141 125
81 89 105 105 105 118 162 177 178 179 178 181 182 186 191 188 185 189 188 189 199 142 74 72 175 215 212 182 147 47 34 57 60 55 71 143 112 110 163 181 182 202 208 207 210 212 215 218 215 217 219 221 219 218 217 215 211 206 200 196 195 195 194 193 187 178 185 191 194 203 204 203 205 204 201 198 196 194 191 190 190 186 189 188 181 178 169 152 134 117
72 79 98 101 96 107 153 173 176 177 175 178 181 181 185 185 187 182 184 186 192 138 73 68 166 211 206 186 140 46 35 59 59 74 129 182 92 116 164 177 187 205 209 208 210 212 214 217 216 216 217 218 216 215 214 213 207 205 202 198 194 192 193 194 189 183 188 194 196 202 204 201 204 202 199 196 194 192 190 189 183 179 181 180 174 170 158 140 121 110
64 69 88 94 88 97 140 167 176 178 174 176 182 181 182 183 182 177 181 182 190 143 80 70 149 210 195 188 159 59 34 123 148 147 161 116 90 133 157 173 196 210 211 209 211 211 214 215 214 213 214 214 212 211 210 208 206 205 202 199 195 193 193 195 191 188 189 193 195 198 203 201 201 198 194 190 188 187 185 184 182 177 176 173 164 156 140 121 106 103
55 57 68 78 79 86 119 151 172 178 172 171 179 180 179 179 181 181 184 179 189 155 89 62 126 194 195 187 152 90 38 83 142 161 103 65 110 141 161 182 204 214 212 210 211 210 212 212 215 213 213 214 212 210 208 206 205 202 198 196 194 193 193 193 195 196 195 200 200 200 207 204 202 198 193 189 187 185 184 182 179 174 170 164 153 141 124 107 101 104
47 49 53 63 69 74 95 129 158 175 174 169 173 175 176 177 180 179 184 177 185 170 111 53 102 188 182 174 164 123 49 53 109 99 56 75 121 146 168 188 208 214 211 209 209 207 207 207 211 209 209 211 209 206 203 201 201 197 192 191 190 190 190 192 194 199 200 205 205 201 204 200 200 195 190 187 183 182 180 177 171 166 161 152 139 126 113 102 106 109
41 44 45 53 58 63 73 103 129 157 169 167 166 165 168 172 179 172 179 176 178 180 142 63 80 170 173 169 167 148 82 32 69 43 68 86 131 161 183 202 207 211 208 208 207 203 202 202 207 205 206 207 205 201 199 197 197 194 191 190 188 187 190 194 195 200 199 199 199 196 197 196 194 188 185 182 178 176 173 168 168 163 154 141 126 114 106 102 112 114
37 38 40 47 46 53 55 73 99 134 160 169 169 164 166 169 176 172 175 173 169 174 158 89 62 133 170 169 155 150 116 64 71 87 112 130 160 180 197 202 206 209 207 207 206 200 199 198 206 204 205 206 203 199 197 196 194 190 188 188 188 187 189 193 198 200 200 196 196 195 192 194 190 184 182 180 176 174 170 164 163 158 145 129 115 105 103 106 114 114
41 37 39 48 44 53 49 55 69 103 137 159 162 155 154 155 163 169 168 166 162 163 164 118 59 91 150 161 156 159 141 121 106 137 166 183 190 190 199 199 206 208 207 208 206 200 198 198 202 199 200 200 197 192 191 191 191 185 181 183 186 187 186 187 190 194 200 196 196 195 185 186 185 180 178 177 173 170 166 159 152 147 134 119 107 101 104 112 113 111
39 35 39 38 45 42 46 41 50 71 104 136 153 154 152 155 154 159 162 161 156 155 153 139 94 71 127 157 152 154 133 134 123 155 179 190 195 195 198 200 201 204 206 205 201 198 196 195 200 198 198 198 193 190 191 193 186 183 182 180 181 185 185 187 190 192 194 194 191 189 187 183 178 176 175 172 166 162 157 151 143 137 123 109 104 104 109 116 116 116
38 36 37 41 39 42 44 47 45 54 74 102 127 142 148 149 143 149 151 150 144 141 143 138 121 95 112 145 156 152 138 129 144 168 183 191 197 198 199 199 197 200 201 199 196 194 193 192 196 195 195 194 188 184 184 186 183 179 178 175 176 180 180 183 185 186 187 187 185 183 182 178 176 172 169 165 159 155 148 140 136 128 112 100 102 109 113 114 116 117
37 38 36 44 36 41 41 48 42 42 51 70 94 120 138 142 138 143 143 144 142 137 138 138 137 123 116 138 154 149 144 137 162 179 186 190 194 196 197 196 195 196 197 195 193 191 190 190 192 191 191 189 183 179 179 180 179 174 173 169 170 174 175 178 179 179 180 179 178 178 177 174 171 167 163 158 151 145 139 131 128 114 99 95 105 114 116 114 117 117
38 38 38 44 40 40 38 42 42 41 47 57 69 92 117 129 136 140 136 136 140 137 135 135 136 136 137 139 150 155 151 154 166 179 185 186 188 189 193 195 194 194 194 192 190 189 187 186 186 185 185 183 177 174 175 176 173 168 166 163 164 168 169 173 171 172 173 173 171 172 171 168 162 159 156 151 143 136 131 125 118 103 94 102 113 117 117 118 117 117
40 36 38 39 45 39 38 35 41 39 44 50 54 68 92 109 130 139 134 131 134 134 134 135 136 136 144 143 152 164 159 162 165 177 181 184 187 188 192 193 192 191 190 188 187 185 182 179 179 178 177 174 169 167 168 168 164 159 158 154 156 161 162 166 163 164 165 166 165 165 164 160 155 149 146 142 136 130 123 115 105 98 100 112 120 119 118 120 116 116
41 35 36 33 43 38 38 34 39 36 37 42 47 56 72 87 109 127 135 136 135 132 133 134 136 134 139 146 152 157 162 165 168 175 178 184 188 189 191 189 189 188 185 184 183 181 177 173 175 172 170 167 163 161 161 159 155 151 150 148 150 155 156 159 158 158 160 160 160 159 157 152 151 142 137 135 131 125 116 106 96 101 111 117 119 120 120 118 115 115
38 37 34 32 37 37 36 35 35 35 33 35 42 48 57 70 82 100 117 130 135 133 132 130 133 132 135 142 143 146 156 164 168 173 175 181 185 186 187 183 182 180 177 175 175 174 170 167 167 164 162 159 156 154 152 149 146 142 142 140 143 148 149 152 152 153 153 153 151 150 147 143 141 134 130 128 123 116 107 99 100 107 116 118 117 118 119 115 115 115
35 39 34 36 32 37 33 36 28 36 35 32 36 40 46 58 71 80 96 118 134 136 136 132 130 128 133 132 135 145 150 159 165 170 172 177 179 179 180 178 174 171 167 165 166 166 163 159 157 155 153 151 148 146 143 139 136 133 134 133 135 140 141 144 146 146 146 144 142 141 138 133 129 126 125 122 113 104 98 94 109 112 117 119 116 115 115 114 115 115
35 38 39 38 35 33 33 35 29 32 33 33 34 36 40 45 54 60 71 88 109 124 130 131 127 124 126 128 131 139 147 149 157 161 164 164 165 167 168 167 165 162 159 158 159 159 157 152 149 146 143 140 139 137 134 131 129 126 126 129 130 131 135 139 139 140 138 134 134 135 131 123 123 120 118 115 106 99 102 109 110 113 114 113 111 110 110 112 113 111
36 36 37 37 36 34 32 31 30 32 33 31 30 31 35 40 45 50 58 71 87 104 118 128 128 127 126 126 127 130 138 146 150 152 154 156 156 156 155 154 153 148 145 145 145 145 144 140 138 136 133 131 130 129 126 124 124 122 122 124 125 126 129 133 134 133 132 131 129 125 122 121 121 117 110 102 97 101 108 111 110 113 113 111 111 110 110 112 111 110
35 35 36 36 36 34 31 29 31 33 32 30 28 27 30 35 41 46 51 56 63 75 95 113 123 123 122 124 129 131 132 135 139 140 142 144 144 143 141 140 139 134 131 131 131 131 130 129 127 126 125 123 122 121 119 118 119 118 119 121 121 122 125 130 130 128 126 126 123 120 118 118 115 105 95 92 99 109 114 112 112 113 112 110 110 110 110 110 108 106
33 35 36 36 33 31 30 30 30 32 32 30 28 27 29 33 30 35 41 44 46 52 70 88 106 117 121 121 126 126 124 127 128 127 128 131 132 130 127 126 126 121 119 121 120 119 119 119 119 119 119 117 116 115 114 114 116 116 117 119 119 120 123 127 127 125 121 118 119 119 115 109 102 96 96 105 111 112 108 104 107 109 109 108 109 108 105 104 103 102
34 35 35 34 32 31 31 31 28 31 32 30 29 28 29 31 30 34 40 43 43 43 53 67 91 106 113 115 122 125 122 120 120 118 117 118 118 115 113 112 111 107 108 110 109 108 108 109 109 110 111 111 110 110 110 111 112 113 115 117 118 119 121 124 123 121 118 115 114 112 104 97 91 95 104 110 109 105 104 104 105 106 105 105 106 104 100 98 95 94
38 35 33 32 33 33 32 30 28 29 30 29 29 28 27 29 29 31 35 38 37 35 38 46 56 79 99 107 110 112 113 114 115 113 112 112 110 107 103 101 101 100 101 102 101 100 101 102 103 105 107 107 108 109 110 112 112 113 115 118 119 119 120 121 121 117 115 115 109 99 93 93 97 102 106 105 102 103 102 98 99 100 100 99 97 91 84 79 66 66
40 37 33 32 33 33 32 30 28 28 27 27 28 27 27 28 29 30 32 36 38 37 38 42 44 57 76 92 102 105 106 105 107 108 108 108 107 104 101 98 99 99 100 100 98 99 100 101 104 105 107 108 109 111 112 114 114 115 117 119 120 119 118 117 116 111 108 105 98 89 89 96 99 100 99 97 96 95 89 79 70 65 53 41 33 28 24 23 22 21
39 38 36 34 32 31 31 31 28 28 26 25 27 28 28 29 32 32 32 34 36 34 33 35 43 41 51 69 79 84 87 89 97 100 103 104 104 103 100 97 100 100 101 99 97 98 101 101 105 106 108 109 110 111 112 113 114 114 115 117 117 116 114 111 110 105 97 89 84 85 91 98 91 84 73 58 41 28 22 21 18 20 21 21 22 21 19 18 20 19
39 34 35 33 30 32 32 32 31 27 23 23 27 28 27 28 28 28 33 30 36 34 34 38 34 32 43 47 62 73 81 80 78 79 83 90 95 97 96 96 96 99 99 103 104 101 103 104 107 107 107 108 108 108 108 109 111 109 112 113 110 109 107 100 97 89 87 88 85 78 64 49 33 25 22 18 22 20 22 19 22 22 22 21 19 20 20 17 17 19
39 34 35 33 30 32 32 32 31 27 23 23 27 28 27 28 28 28 33 30 36 34 34 38 34 32 39 40 50 59 67 67 68 69 74 81 87 89 90 90 96 99 99 103 104 101 103 104 107 107 107 107 107 107 107 107 106 104 106 106 103 102 99 92 84 70 56 44 32 26 23 17 27 20 19 17 21 20 22 19 21 21 22 20 19 19 19 17 17 19
