207 203 208 202 202 196 197 207 195 190 192 164 126 83 65 64 61 67 76 72 65 61 59 60 62 55 51 56 52 47 48 44 35 43 44 40 39 41 46 50 52 38 37 28 27 41 38 29 48 37 26 27 46 49 56 94 96 65 73 52 60 91 106 107 97 87 86 87 67 53 66 81 95 92 73 76 74 58 61 61 63 59 48 49 75 150 78 128 231 235
218 213 215 212 201 205 196 189 184 147 103 65 57 48 54 72 75 81 74 69 72 68 58 56 47 55 52 48 44 38 36 36 40 36 34 38 39 35 34 36 49 41 38 26 32 22 17 38 36 32 41 50 54 41 41 47 67 88 119 90 69 75 77 69 68 71 65 63 67 70 75 79 90 91 77 64 61 63 66 64 60 58 50 53 85 116 59 196 217 127
212 216 211 213 190 191 153 130 106 68 46 43 56 65 74 76 81 85 69 61 66 68 66 61 54 65 59 46 41 38 39 42 44 42 43 45 46 48 47 42 48 43 38 50 50 61 41 39 30 40 29 34 32 32 27 28 34 54 93 117 126 133 117 86 62 59 61 76 77 59 67 97 87 73 86 84 61 58 64 64 54 52 59 44 84 61 82 186 108 137
215 204 182 160 165 141 96 74 56 55 57 63 72 69 68 76 87 79 71 75 70 63 70 69 58 62 60 54 52 56 59 58 47 43 43 43 46 56 59 54 56 63 57 69 102 124 104 102 69 42 20 34 26 30 35 35 49 55 41 45 79 120 127 109 71 60 57 67 65 57 66 79 52 54 65 59 54 64 63 56 58 62 59 62 80 87 98 83 140 103
170 126 92 74 50 52 51 52 69 74 71 71 71 69 68 75 82 73 65 68 62 62 72 63 60 60 55 48 47 52 51 46 51 44 48 47 40 41 51 62 58 73 60 51 57 67 78 123 143 123 75 23 27 29 35 39 47 49 43 49 52 67 88 93 84 62 53 66 70 63 57 49 51 50 50 54 57 57 58 60 51 52 54 59 55 66 89 152 116 95
60 37 41 50 51 51 57 67 73 69 60 61 61 73 83 87 89 71 55 59 65 66 68 63 54 58 53 42 47 58 57 54 42 40 46 43 37 36 37 43 43 61 64 64 53 73 71 73 114 150 168 126 81 46 46 53 52 54 52 53 55 47 47 57 58 49 46 55 58 49 47 48 49 51 52 60 57 52 60 60 54 51 49 44 56 84 188 124 109 127
52 44 53 61 55 55 57 66 82 84 66 70 83 91 85 88 84 72 58 57 65 66 59 52 54 54 52 42 42 50 48 44 32 37 45 39 36 37 33 34 34 48 68 67 64 60 82 106 145 156 172 192 176 152 121 92 70 52 49 40 45 45 48 51 52 53 53 59 58 47 46 51 48 54 47 50 58 55 55 55 57 53 48 46 74 179 148 85 114 195
58 52 69 60 77 69 75 70 69 75 72 84 84 81 72 68 76 62 55 58 60 56 52 57 56 42 39 33 26 35 40 37 40 32 33 33 37 37 31 37 43 49 53 56 58 52 63 93 157 171 161 172 186 185 190 193 171 139 115 71 54 41 43 57 60 59 54 52 50 49 50 47 46 44 50 58 55 54 57 49 53 42 52 55 113 146 96 123 162 205
60 56 63 65 89 72 72 74 77 69 62 61 64 67 65 61 67 61 58 60 59 55 53 55 50 33 27 30 29 28 29 27 32 33 33 32 30 29 35 42 47 51 48 48 57 66 59 105 126 142 151 160 171 186 187 185 182 187 190 176 148 120 99 93 67 50 48 49 45 44 42 41 47 49 48 50 55 55 53 54 55 54 62 59 115 131 135 178 188 141
63 62 67 61 73 60 62 64 64 56 51 58 71 70 59 54 59 62 61 58 58 60 58 54 32 29 30 31 29 29 32 33 29 29 29 31 32 34 40 46 54 60 59 52 57 55 69 107 109 117 130 143 147 160 173 181 177 173 176 184 189 190 177 158 125 79 48 44 42 46 51 46 45 49 51 47 43 48 55 59 64 59 55 81 109 109 158 178 123 100
64 66 64 56 64 66 65 58 58 55 57 66 69 60 54 56 60 67 68 63 60 59 50 38 28 30 31 30 29 28 27 27 32 34 35 39 47 58 71 82 92 96 88 83 80 71 84 98 95 101 104 121 138 150 152 161 175 174 178 192 193 181 173 165 160 115 58 41 50 51 49 48 54 46 41 41 45 54 58 54 56 52 60 96 101 156 180 124 91 67
61 61 61 65 68 70 64 59 65 55 59 65 57 51 55 56 60 64 66 64 60 54 43 34 38 36 30 31 37 37 35 38 41 53 69 83 95 109 124 137 137 142 133 147 144 138 121 107 101 99 90 101 129 152 154 157 181 193 191 196 192 175 176 183 178 147 82 46 43 42 46 48 48 40 40 47 51 51 51 51 53 55 65 95 160 191 121 64 65 54
80 69 64 75 76 73 65 65 60 51 52 53 47 48 56 57 64 63 60 54 46 39 37 37 33 34 33 34 36 40 56 79 98 117 140 156 161 160 159 160 161 168 163 170 162 162 152 150 146 134 121 118 121 146 164 165 180 200 197 189 187 185 191 190 181 154 75 27 34 35 31 36 38 39 40 42 42 40 48 60 58 61 79 123 176 136 59 50 47 56
69 79 83 81 74 72 65 58 60 57 53 53 54 54 55 58 59 60 56 45 36 34 39 43 39 39 39 47 63 85 119 150 164 167 168 166 165 165 167 169 169 170 171 165 165 164 164 167 167 165 164 161 149 150 153 153 153 165 169 170 171 180 190 186 168 124 59 25 26 34 36 28 29 36 39 40 43 46 50 57 64 57 91 132 118 67 48 58 53 53
69 83 84 72 72 79 75 62 73 67 60 61 66 61 51 47 44 45 44 39 37 41 45 47 55 62 74 96 128 156 169 172 168 171 174 176 181 185 185 184 182 182 184 182 180 177 180 181 173 178 178 181 178 174 166 169 169 159 156 159 157 158 162 161 150 127 91 63 47 35 27 25 33 36 38 39 43 50 56 61 59 64 76 55 57 46 48 50 58 51
77 74 69 65 73 75 75 74 73 70 69 69 61 50 42 41 38 37 39 48 62 74 81 83 90 115 139 150 159 168 164 152 163 167 170 175 183 191 195 196 197 194 185 192 182 184 182 181 184 182 181 185 181 182 179 176 176 171 169 166 162 159 156 159 159 159 160 149 127 98 69 56 41 34 33 39 45 52 59 60 58 55 63 55 49 55 54 51 54 49
70 69 58 66 58 55 70 65 63 64 70 67 55 51 52 49 48 48 74 104 122 127 127 136 144 153 158 160 154 153 136 128 147 164 170 178 180 191 190 207 205 193 192 191 186 188 188 184 187 184 186 186 188 183 184 182 183 181 176 174 173 168 164 167 167 160 161 166 167 165 151 130 93 66 47 46 49 55 58 54 53 51 50 54 52 47 48 52 48 48
66 60 60 56 59 62 75 60 68 69 71 75 78 79 78 76 76 95 132 160 167 163 159 161 158 162 165 170 157 135 112 117 153 171 175 172 169 170 191 201 206 193 191 191 191 193 191 186 190 185 186 186 188 183 184 185 184 183 181 179 175 169 165 166 162 163 163 162 162 165 168 168 153 139 110 77 58 54 51 45 50 48 45 45 47 50 50 48 53 56
70 62 61 55 64 73 77 67 69 77 81 86 92 93 95 103 126 147 169 179 175 170 172 171 174 176 175 174 155 122 107 130 172 179 177 173 164 157 176 188 202 194 193 194 196 197 189 180 191 189 192 192 194 188 186 181 185 184 183 179 172 167 164 161 159 163 164 163 163 164 165 168 171 164 156 139 108 75 54 44 39 42 42 47 53 49 47 57 55 56
68 67 60 68 72 79 70 73 83 94 101 106 112 117 128 144 166 178 182 182 179 178 182 177 180 186 184 170 146 122 126 159 185 184 178 171 151 143 141 178 194 193 196 195 195 197 190 180 189 192 195 191 195 197 198 190 189 187 185 180 172 168 166 160 164 163 160 159 161 163 165 168 171 166 168 165 150 128 91 49 37 44 51 49 47 49 54 60 55 52
70 69 61 74 73 79 81 94 118 123 129 136 145 155 167 177 179 185 183 185 186 184 185 178 182 187 184 161 136 127 145 175 184 189 174 145 116 108 115 176 188 192 197 193 190 197 197 191 191 195 199 193 197 200 201 194 189 186 184 179 173 170 166 159 152 152 154 156 155 157 162 167 173 171 169 163 162 165 142 102 67 49 52 56 51 57 62 55 47 46
72 66 64 70 73 86 108 125 143 149 159 167 171 176 181 182 187 190 188 187 187 185 185 184 188 184 177 150 131 134 161 185 185 188 153 107 82 75 117 174 188 190 199 198 193 198 201 197 199 200 204 202 202 197 196 192 186 184 181 178 174 170 162 155 151 146 145 148 149 153 162 169 173 176 173 169 166 161 155 154 117 77 53 52 57 56 47 47 39 39
60 59 65 75 87 108 123 145 157 167 179 184 184 186 188 186 189 190 191 189 189 189 187 191 192 184 174 145 132 142 173 193 189 169 122 95 68 62 127 171 190 185 196 204 201 202 204 199 206 204 206 204 202 196 199 200 189 187 182 179 175 167 157 151 145 142 140 146 151 154 159 166 173 179 174 168 167 163 159 164 153 131 90 51 44 43 33 39 41 40
56 61 65 84 102 131 128 164 176 182 186 185 186 192 195 194 195 193 193 188 189 192 189 194 190 186 177 146 135 148 178 194 188 147 102 108 68 60 127 170 191 177 188 204 205 207 210 206 208 210 214 209 206 199 200 198 191 188 181 175 171 161 150 146 143 150 156 163 166 159 156 163 177 183 181 173 170 168 162 157 162 157 137 86 47 38 39 47 44 42
60 62 73 90 121 152 151 178 186 190 191 191 191 194 197 193 195 194 193 190 193 195 193 195 192 184 171 149 140 134 178 193 179 127 120 91 64 96 122 168 180 178 179 202 201 210 212 211 210 213 219 211 208 201 204 196 187 183 175 172 164 151 145 141 145 155 165 171 173 168 163 162 170 178 180 179 176 168 162 165 165 164 159 141 96 54 44 41 48 45
56 73 80 108 140 179 178 182 188 194 193 192 194 194 195 194 194 192 192 191 194 196 193 194 195 188 175 153 136 123 173 194 169 120 132 73 105 146 134 162 182 175 172 198 197 205 206 209 214 219 217 213 211 198 193 190 185 178 173 162 152 146 135 128 142 161 171 169 169 166 159 152 152 166 178 181 178 175 172 168 170 166 162 163 149 111 76 61 57 49
60 71 80 128 163 194 185 180 189 196 193 193 196 193 193 195 197 196 197 197 200 202 198 199 198 192 178 154 123 104 160 187 160 136 116 51 83 102 133 168 187 165 162 199 193 200 205 208 216 223 211 210 205 194 187 183 178 165 159 147 140 132 120 127 143 159 161 155 159 163 155 145 139 153 172 182 182 183 181 175 173 170 166 165 164 147 127 123 108 98
75 75 101 150 178 190 180 184 190 196 195 196 198 195 195 196 198 197 199 199 201 203 201 202 203 199 180 152 110 88 146 176 156 151 88 38 22 43 121 162 192 150 157 205 192 198 209 209 215 220 206 204 191 190 186 173 163 157 149 136 125 112 110 134 151 148 138 136 149 158 154 149 146 153 166 179 185 185 184 183 178 176 174 165 163 163 152 147 147 138
88 94 133 163 184 184 188 193 194 198 200 202 202 200 201 199 197 196 199 199 200 204 205 207 210 206 185 152 105 82 137 169 148 152 78 91 41 21 117 174 192 140 158 206 192 197 209 212 214 214 200 197 184 184 179 163 155 144 128 115 105 104 125 152 158 149 146 155 162 163 160 157 163 166 170 178 185 185 185 190 185 184 182 172 170 170 157 150 150 141
104 108 141 166 191 187 200 197 199 202 203 205 204 203 204 200 199 198 202 203 204 209 212 215 214 211 189 153 102 79 126 162 141 140 72 72 41 21 114 175 182 136 168 201 194 197 206 214 214 204 191 189 182 179 171 161 142 110 96 110 116 128 157 174 174 169 173 170 155 157 172 178 177 183 182 181 184 186 188 192 187 189 184 177 176 171 163 165 155 145
120 116 143 166 195 196 202 199 202 207 205 205 206 206 206 203 203 200 204 205 207 213 215 217 216 213 194 156 100 69 106 149 128 127 69 31 27 15 121 157 165 132 183 200 196 202 210 215 214 194 190 186 183 177 165 149 113 96 112 145 160 168 179 184 181 184 185 151 112 133 179 189 189 190 189 186 186 187 189 192 189 190 185 186 187 178 168 163 162 155
123 123 155 165 185 200 197 199 205 212 208 205 209 210 209 207 207 204 207 209 211 216 217 217 218 215 199 160 98 60 91 139 126 102 90 30 36 31 122 157 152 126 196 205 198 209 219 217 213 189 196 192 184 176 159 127 95 121 164 180 183 190 189 190 186 193 183 121 69 114 185 197 198 191 188 190 189 187 189 191 198 195 190 190 185 181 180 167 162 159
132 139 156 169 177 202 194 206 217 213 211 214 217 214 210 208 208 206 208 213 214 218 221 220 220 211 198 163 92 57 81 123 125 95 113 51 44 74 138 160 143 147 192 199 201 215 216 209 201 193 201 196 185 178 146 107 117 173 195 199 193 191 194 192 192 193 180 113 45 103 163 186 192 191 191 188 185 183 185 190 191 196 198 195 190 186 181 175 165 159
134 142 145 169 178 196 201 207 215 215 215 217 216 212 210 211 210 211 217 221 219 220 220 217 213 208 199 171 110 70 80 116 126 93 111 82 79 111 139 163 151 174 184 196 202 215 216 209 205 200 202 201 191 164 129 120 163 203 208 198 193 194 190 192 195 196 182 105 27 68 132 164 179 189 193 190 184 180 182 186 191 196 199 200 198 193 186 182 172 163
135 161 151 166 179 191 213 213 214 216 217 219 217 213 212 214 214 215 220 222 221 221 219 213 208 208 202 182 124 74 75 115 133 107 91 109 86 102 135 172 157 189 189 202 210 210 210 207 205 204 202 197 184 152 135 158 190 204 202 200 195 194 193 194 190 197 176 111 74 95 126 157 159 174 180 183 182 177 178 179 188 193 196 200 202 198 192 193 182 171
108 160 156 153 183 194 211 202 215 216 217 219 220 217 215 215 217 214 213 215 217 222 219 210 205 203 199 192 150 94 78 109 132 125 93 123 115 99 143 192 182 186 192 200 213 206 207 206 196 195 197 192 180 162 159 177 194 205 199 201 196 193 196 195 195 199 172 107 104 146 166 158 162 172 172 178 181 174 172 169 176 186 194 203 208 203 196 197 187 175
91 150 167 152 181 188 204 203 218 219 220 221 221 220 217 216 218 213 211 213 217 223 220 210 203 200 196 196 171 126 99 112 136 136 116 116 154 134 153 193 187 182 197 205 208 197 192 191 186 190 196 190 176 172 177 182 188 206 207 200 196 198 196 198 196 199 170 108 122 174 194 179 170 176 174 176 177 173 172 166 173 183 193 201 207 205 202 203 193 181
101 142 161 158 182 190 204 210 221 223 224 223 222 219 218 217 216 214 216 219 221 224 222 213 204 203 197 195 181 154 127 124 133 138 129 124 166 183 183 195 190 196 198 203 191 187 185 191 191 191 189 183 180 184 187 185 178 177 196 207 202 203 197 203 200 193 157 114 143 190 206 201 176 183 186 179 170 168 167 162 158 169 186 202 210 209 208 209 202 192
89 132 142 163 178 192 203 209 222 225 226 224 222 220 218 218 216 215 220 224 224 225 224 218 207 203 197 198 192 180 157 142 149 152 138 139 153 187 196 196 196 200 193 192 188 193 192 193 187 191 189 187 186 187 188 187 180 155 157 189 200 200 200 203 205 195 159 105 111 167 201 196 184 184 196 191 176 170 165 165 163 165 181 200 206 203 204 207 206 198
85 138 126 159 174 199 206 205 221 223 223 222 222 221 219 218 217 215 218 223 224 225 226 222 209 203 200 202 194 188 181 177 172 169 163 156 165 174 176 185 182 184 191 184 190 192 190 189 185 188 187 186 186 186 186 183 182 160 113 141 184 193 203 203 201 200 160 109 123 182 216 221 198 186 200 202 183 168 156 158 163 160 176 201 208 203 205 209 205 198
87 142 140 159 173 197 203 207 223 220 217 224 214 211 217 215 219 218 220 223 225 225 222 218 209 202 202 198 191 188 187 189 187 186 183 178 175 175 176 176 179 179 184 188 188 189 190 192 188 191 187 189 187 187 186 185 175 155 114 107 167 189 196 203 206 197 158 118 135 201 226 223 218 185 195 207 196 175 158 148 145 152 171 203 210 209 209 214 209 201
116 142 131 150 182 189 199 207 218 215 214 222 218 218 219 218 216 215 215 218 221 224 223 218 213 204 202 201 198 197 196 197 195 197 196 192 187 183 180 178 181 180 181 180 179 182 186 187 186 194 189 188 188 185 180 182 177 163 139 114 145 176 194 199 209 191 157 118 110 155 193 210 205 173 181 215 212 176 153 138 137 143 164 200 213 213 214 219 211 203
136 152 129 168 178 196 194 209 218 217 217 218 213 213 210 212 214 217 219 218 218 219 218 214 212 204 203 202 199 198 200 206 207 209 208 202 195 191 188 185 183 180 178 178 180 184 186 184 185 193 184 182 183 186 187 193 180 168 169 145 139 157 187 205 209 197 170 126 100 142 199 225 211 181 163 201 218 184 157 138 138 142 162 200 214 213 213 218 209 200
136 144 147 173 179 199 203 209 216 213 211 211 213 220 213 217 211 213 215 217 220 224 222 215 212 203 201 200 199 200 206 215 217 219 217 210 204 201 197 192 185 184 182 180 176 177 185 188 188 190 184 185 186 197 205 207 189 166 162 145 128 132 162 186 204 197 168 126 117 178 224 219 230 216 177 191 212 190 160 137 122 130 157 201 217 215 213 216 207 197
148 143 165 166 186 196 207 209 214 214 214 211 209 213 208 216 211 216 219 218 218 222 223 221 216 205 199 197 197 199 203 211 216 220 222 221 220 219 215 210 202 201 202 208 207 204 209 211 212 209 199 198 198 207 212 210 181 172 164 152 137 129 145 162 189 200 177 134 121 174 220 216 221 221 186 181 191 180 157 144 123 130 155 196 210 208 208 214 203 194
132 136 162 169 186 194 197 216 215 213 210 210 208 209 202 204 201 205 211 216 220 220 215 207 207 204 202 197 191 190 197 209 209 209 209 208 207 205 201 197 191 193 196 203 201 199 210 216 216 219 212 215 216 215 207 202 177 176 162 152 137 112 117 143 174 192 175 138 111 142 199 229 222 212 178 174 175 169 151 144 117 124 149 190 204 204 205 210 200 190
137 141 157 162 189 197 201 212 212 214 212 215 207 203 201 203 208 211 214 215 215 214 212 208 201 195 192 192 195 198 196 198 197 195 193 191 189 187 184 182 176 178 175 181 181 181 187 184 187 191 188 194 196 196 190 188 182 169 155 157 150 116 105 140 169 187 173 144 111 117 161 194 209 195 158 165 177 175 156 148 116 120 139 177 194 198 202 206 201 190
121 147 169 175 188 194 200 200 207 208 205 212 206 201 204 204 199 202 209 216 218 216 210 204 194 193 194 191 190 187 183 185 189 188 188 188 185 180 176 175 172 174 168 168 169 171 178 172 176 175 175 182 178 178 178 175 174 163 159 166 159 123 99 132 162 173 150 126 110 130 179 208 220 212 163 164 180 175 153 145 121 123 140 177 195 201 202 203 198 187
135 152 175 180 193 194 195 194 198 197 195 195 195 192 192 199 200 197 200 209 214 212 206 201 194 189 188 192 191 186 187 188 185 185 181 183 177 171 168 170 162 154 149 158 161 159 158 166 173 171 167 172 170 174 173 178 178 164 163 164 144 106 94 118 152 162 139 119 104 146 197 217 218 208 158 163 173 167 151 141 126 124 143 173 197 199 201 198 195 187
137 160 181 186 193 189 193 197 191 193 195 198 199 193 189 192 196 193 194 200 203 201 198 196 188 185 184 184 178 172 174 176 176 176 174 176 161 151 153 146 147 147 147 142 152 149 152 154 160 161 161 161 167 169 175 179 180 169 162 156 139 111 94 103 136 157 139 122 116 152 194 216 221 201 141 153 170 155 141 137 131 128 143 172 199 196 189 188 180 181
139 163 177 184 192 188 191 193 192 190 188 188 188 184 183 187 191 190 192 196 196 193 192 191 188 187 187 182 171 163 162 163 162 162 158 144 138 137 129 130 130 142 140 144 150 160 155 157 156 158 163 159 162 156 164 170 171 165 146 137 143 128 103 102 131 145 136 124 109 141 187 206 213 193 143 157 168 153 145 139 133 128 134 160 191 189 184 191 176 184
137 169 181 185 189 184 190 192 186 186 186 187 188 185 185 188 188 188 190 193 193 191 191 191 190 189 185 170 153 144 141 141 146 141 129 108 106 102 104 122 129 133 138 141 153 157 158 157 156 156 163 162 155 145 152 160 169 166 145 136 146 135 110 103 125 143 132 116 104 126 165 194 194 148 117 150 160 149 151 149 142 138 145 164 190 187 181 186 173 179
134 167 178 181 183 182 185 184 184 185 187 188 187 184 184 186 186 184 186 188 188 188 189 190 188 187 180 156 132 128 130 135 129 116 102 92 90 90 116 135 143 140 144 147 152 156 164 165 161 161 164 164 150 149 154 159 167 164 148 136 134 128 115 107 129 149 141 120 112 132 166 189 201 138 123 153 155 148 146 146 145 140 150 166 188 190 185 185 179 177
133 159 171 180 184 189 188 185 189 187 184 181 178 176 179 181 181 181 184 188 188 187 186 185 187 188 178 141 109 104 109 118 114 96 83 67 82 103 130 148 145 147 150 156 147 155 159 161 164 167 164 161 147 156 162 164 170 167 136 117 126 125 116 117 134 150 144 119 115 150 189 200 197 145 139 151 152 155 153 157 159 147 153 163 182 189 188 186 184 176
123 146 166 180 179 183 184 188 185 183 182 181 179 180 181 181 179 180 184 188 189 188 187 186 186 185 170 125 90 89 99 111 110 86 75 88 121 127 142 156 149 151 163 162 161 154 158 153 165 172 172 165 156 156 163 170 176 164 123 108 127 126 117 124 138 161 147 116 125 157 188 204 180 139 138 148 152 154 155 162 161 148 154 164 180 186 184 184 182 177
126 140 161 180 178 182 178 183 185 182 181 181 181 182 182 180 183 181 182 183 184 186 190 193 189 181 158 107 75 82 98 112 104 85 76 130 131 78 133 169 149 152 160 171 169 167 163 162 162 170 175 164 155 135 139 154 157 134 111 116 127 125 128 133 146 162 154 123 117 132 153 160 120 115 140 153 153 160 166 164 162 150 159 170 184 187 185 190 181 181
125 152 164 169 175 180 175 179 179 182 179 180 179 181 177 179 178 183 187 188 190 192 193 191 189 179 150 97 67 79 98 109 93 78 110 145 90 77 148 164 151 152 166 169 176 173 176 163 163 170 174 171 161 132 121 123 120 115 114 121 130 131 133 142 152 168 159 130 122 152 166 162 136 127 145 159 161 167 169 166 164 157 161 174 182 186 187 185 182 180
124 138 158 172 168 174 179 178 178 180 176 177 175 176 175 180 179 183 187 188 190 192 192 191 189 169 129 81 64 84 106 116 87 104 145 102 87 114 174 169 150 163 166 179 182 180 179 175 175 175 175 174 170 147 132 124 127 130 130 132 138 140 143 152 162 169 159 136 138 168 169 160 141 142 152 161 168 174 172 167 161 157 164 176 182 185 185 181 179 176
124 136 147 158 161 169 174 180 177 179 177 180 179 178 175 179 179 181 184 187 188 189 189 187 183 163 117 73 66 91 111 108 97 151 138 93 149 167 178 167 149 158 164 179 180 182 181 184 183 179 177 178 180 166 151 135 130 137 139 137 139 142 148 156 160 167 160 134 123 124 102 98 122 148 164 170 175 173 166 162 162 162 170 180 183 185 184 178 181 178
112 137 145 150 159 165 165 176 173 177 175 179 180 182 176 175 178 179 182 186 187 187 186 183 179 163 117 72 67 101 124 107 123 160 89 98 166 174 162 171 150 140 164 176 178 183 185 187 189 187 187 185 183 174 165 148 140 143 149 153 152 153 158 163 165 174 174 141 106 85 69 92 129 158 168 170 175 171 166 162 163 166 171 176 179 180 178 176 178 175
102 125 143 150 150 160 166 172 167 173 170 171 173 180 175 172 178 178 181 186 187 187 185 181 170 154 115 77 75 117 142 117 149 134 72 55 74 148 170 164 152 134 160 181 182 189 191 190 193 195 197 191 186 179 177 165 146 140 146 158 157 155 158 160 163 165 173 135 69 46 63 111 155 171 171 168 168 165 166 165 167 173 173 173 178 179 178 180 179 177
96 109 125 140 147 160 166 167 162 171 171 170 172 178 175 173 175 174 179 183 183 184 182 177 162 141 107 80 87 131 151 127 167 114 91 39 27 110 163 157 152 141 146 182 180 189 192 195 196 198 200 195 191 186 188 180 163 147 144 152 153 154 159 162 152 150 167 125 39 32 87 142 169 173 171 168 165 163 165 167 166 172 171 170 175 176 175 180 175 174
80 98 111 127 143 157 157 158 161 168 168 171 172 176 173 173 170 171 175 178 178 180 179 172 160 137 103 77 94 141 156 136 164 104 81 34 24 84 151 161 150 141 139 178 178 184 188 194 200 201 200 196 194 188 188 182 177 163 150 145 146 152 159 163 150 150 162 121 49 65 129 166 175 168 165 165 167 170 170 171 171 174 176 177 177 177 177 178 172 171
67 94 111 118 125 143 153 158 162 163 159 163 166 170 169 172 169 170 174 175 175 178 178 172 152 138 109 83 106 155 160 138 149 66 28 22 23 84 144 151 149 134 145 179 184 183 185 190 196 196 196 194 196 190 189 185 177 172 155 141 143 150 152 154 154 158 161 129 88 115 156 162 165 163 169 168 167 168 167 173 174 173 179 182 178 177 177 173 170 171
59 82 102 109 113 133 145 148 156 163 160 162 168 166 166 171 171 170 171 170 168 173 175 169 149 135 109 92 123 160 164 139 143 63 31 48 51 107 130 151 152 134 155 174 186 187 190 187 192 193 193 188 190 188 188 184 183 174 162 153 145 139 142 151 153 147 152 140 132 145 154 163 168 170 166 166 164 168 169 173 175 179 180 178 177 174 171 171 169 170
54 64 83 99 118 127 134 136 151 158 158 161 167 169 171 171 172 169 170 169 167 170 172 167 146 130 110 102 131 163 163 132 137 80 45 73 80 122 137 146 151 133 157 179 187 185 188 187 193 191 192 189 189 185 185 182 183 173 165 159 146 131 133 149 148 141 142 138 137 147 154 161 163 166 163 164 164 170 173 178 176 177 176 173 171 170 170 170 170 171
49 53 68 84 109 114 124 133 142 148 150 151 156 163 169 169 167 164 164 165 164 166 167 164 147 129 115 115 141 167 163 133 132 111 56 91 103 118 144 154 162 136 152 177 186 185 188 187 191 186 189 188 188 184 186 183 181 170 164 165 156 136 126 132 145 141 136 136 145 158 164 165 160 164 165 171 173 176 173 173 171 172 171 168 168 168 167 166 171 170
47 57 61 68 88 100 112 123 133 143 145 147 152 157 163 168 165 161 161 162 162 163 163 161 151 132 121 125 149 169 168 146 119 132 75 102 119 109 144 160 166 141 155 182 188 185 184 182 187 183 187 187 187 185 188 183 179 173 167 166 162 148 131 123 132 148 152 156 166 172 171 161 163 167 167 172 173 176 172 172 170 172 168 165 169 171 170 171 174 171
48 64 56 61 70 89 96 104 126 139 143 149 158 155 155 162 168 164 163 163 162 161 160 158 148 130 118 125 153 172 172 158 120 138 98 62 75 111 153 165 163 152 165 186 182 177 179 183 185 185 188 185 185 185 186 179 178 178 173 165 159 151 142 137 138 160 167 168 168 167 169 164 159 166 168 172 170 171 168 170 169 171 162 157 166 171 171 176 172 166
48 66 56 64 62 79 88 103 122 135 137 146 158 153 150 157 163 161 161 162 163 162 161 161 143 123 110 118 151 171 173 164 138 122 117 60 59 123 148 167 164 161 169 181 176 176 178 182 180 182 185 181 184 186 185 179 178 177 171 164 158 153 149 148 150 160 163 168 168 161 156 152 160 169 172 173 166 164 162 165 166 169 162 159 168 172 170 173 165 157
48 63 57 65 60 69 81 99 113 127 132 139 150 149 148 154 156 158 159 160 162 163 163 163 147 123 106 111 141 165 173 166 156 126 122 85 64 119 144 161 158 166 170 178 176 181 178 176 175 179 181 178 186 185 184 182 177 174 168 163 162 159 153 149 149 157 163 163 154 146 151 159 171 174 170 167 161 162 162 167 168 171 170 170 175 177 172 167 160 153
52 58 52 59 60 62 70 77 96 114 125 133 139 139 142 147 158 161 162 162 163 163 163 161 156 128 109 108 131 157 173 168 169 149 120 116 81 107 147 160 154 170 172 173 169 179 180 181 177 180 180 178 187 183 180 181 177 177 172 165 163 161 157 153 155 155 153 147 142 147 159 170 172 170 163 163 163 167 164 165 171 170 173 174 174 175 171 161 157 149
51 55 44 61 57 59 61 69 81 98 103 119 131 135 137 141 149 157 154 153 161 161 156 157 155 141 117 110 123 153 166 168 172 166 148 132 119 112 145 152 156 165 175 166 170 173 178 180 178 179 179 183 184 181 180 179 180 175 175 168 164 162 163 153 153 149 143 143 153 166 169 164 160 167 164 161 166 170 169 169 175 172 173 174 172 171 167 159 156 150
49 48 45 64 66 49 53 62 73 85 90 100 110 124 132 138 141 145 150 153 155 156 155 150 161 147 121 108 114 140 157 164 165 164 164 153 150 131 151 151 158 165 169 169 170 170 178 179 179 179 179 180 181 179 180 182 177 174 175 173 171 165 164 162 159 158 157 158 161 164 166 165 166 168 167 166 168 171 174 175 176 173 172 172 169 165 160 152 155 150
62 48 44 60 76 51 54 58 62 66 73 86 92 98 106 126 132 133 139 143 144 149 153 151 147 146 128 108 104 130 148 155 163 164 167 163 161 150 157 161 158 164 163 174 173 172 182 182 177 178 178 178 177 177 178 182 176 175 176 173 172 163 161 161 161 160 162 163 161 160 163 167 167 166 169 172 173 174 176 175 174 171 171 170 168 165 160 154 155 151
66 51 53 58 68 48 50 60 54 57 62 71 82 89 81 86 101 109 119 128 134 137 139 142 136 145 140 125 114 125 139 149 159 165 163 167 159 166 158 167 159 163 162 174 169 171 175 175 176 177 179 178 178 178 178 181 179 176 175 170 173 171 169 161 164 162 163 165 164 163 166 169 167 167 170 174 176 176 173 169 171 169 168 167 164 161 157 151 155 153
68 54 65 68 64 51 43 58 58 55 56 59 63 75 72 73 72 80 91 103 112 117 123 129 132 136 139 141 130 126 133 149 158 167 165 168 162 174 162 169 159 162 164 170 166 175 175 178 177 177 180 178 179 180 178 180 178 178 182 174 166 163 170 168 166 166 167 168 169 170 170 169 173 176 174 171 172 173 170 168 169 167 165 163 161 159 155 151 156 155
66 54 68 74 59 50 37 52 55 48 55 62 52 60 70 73 64 61 65 72 77 89 105 115 119 126 131 136 131 133 137 146 159 163 168 163 165 172 166 169 168 170 170 168 167 174 173 176 175 174 177 174 176 179 176 178 177 175 181 175 162 155 165 170 166 168 169 169 170 174 175 174 173 179 179 174 171 169 165 163 165 164 162 160 159 158 155 153 154 155
67 56 65 72 60 57 50 50 54 48 47 51 45 57 67 61 59 53 52 54 57 63 75 85 100 114 123 128 127 136 138 139 147 151 161 160 165 166 164 165 166 169 166 163 170 170 172 173 172 172 176 172 173 177 173 175 179 171 172 173 175 172 174 172 171 172 173 173 174 177 179 178 176 173 169 163 158 160 163 164 159 158 155 153 152 152 150 150 152 154
50 55 67 69 53 52 60 53 54 47 39 48 48 47 52 55 60 60 52 50 54 51 52 64 78 89 107 126 128 129 132 142 139 142 148 157 156 162 160 167 166 171 165 165 176 167 171 168 171 172 178 175 175 179 173 176 176 177 179 177 180 178 178 175 175 175 177 179 179 178 174 170 167 159 158 159 156 156 158 155 151 151 150 149 151 153 154 155 150 154
47 57 59 56 45 47 53 60 55 47 45 50 51 48 48 51 56 50 48 55 59 51 47 50 57 59 75 96 119 128 125 135 128 132 135 144 150 153 161 160 166 163 162 168 172 165 172 169 173 172 174 176 177 177 176 176 175 179 180 177 177 178 175 177 177 177 179 176 175 174 167 161 155 150 148 151 147 142 142 139 136 127 138 141 142 144 138 145 140 147
48 63 52 51 38 43 49 55 51 44 41 43 44 43 43 46 42 43 46 50 53 52 49 47 43 47 52 53 77 113 128 133 131 132 132 131 135 146 156 161 157 162 163 165 168 165 174 171 173 175 173 171 173 175 174 171 175 169 171 174 171 168 170 174 173 170 170 166 158 151 139 129 123 116 110 110 106 105 111 112 107 108 116 122 123 127 131 132 132 139
46 64 47 51 40 43 39 35 48 46 47 51 54 52 48 46 42 40 43 50 51 49 45 41 41 48 40 42 53 77 115 126 120 116 122 123 120 122 129 146 150 155 158 159 162 162 169 163 170 173 173 169 168 170 170 168 165 170 170 167 168 168 165 164 161 146 133 116 95 80 69 64 67 62 57 58 57 58 65 67 65 75 81 93 95 95 108 106 104 113
53 63 50 50 42 45 43 40 46 43 40 40 45 49 50 51 52 44 46 53 48 39 39 42 50 44 47 44 52 73 87 104 119 117 125 133 133 126 120 124 140 146 154 158 160 157 163 162 170 169 171 172 170 169 167 162 166 169 169 164 158 149 131 107 93 72 52 38 30 26 24 29 28 27 25 27 27 27 31 32 32 38 37 46 47 43 54 59 56 65
62 60 59 48 38 35 40 43 48 46 41 38 41 44 44 44 46 44 47 49 43 39 44 50 54 59 64 56 65 81 81 84 102 114 117 117 120 126 130 126 133 136 143 149 159 163 168 163 164 162 164 165 162 164 165 160 158 153 136 122 109 83 52 29 24 26 28 26 27 28 26 30 30 30 27 28 27 26 29 29 26 31 31 35 40 35 33 39 39 46
64 55 62 52 50 46 45 42 42 45 45 47 53 54 51 51 49 53 51 47 54 66 72 69 70 76 71 90 91 65 62 60 59 81 91 99 105 110 122 124 119 128 141 146 154 159 163 157 158 156 152 148 151 155 157 158 150 130 103 95 99 94 68 31 21 26 26 19 19 26 27 26 27 28 27 29 29 28 28 27 27 31 32 30 37 42 37 41 37 41
54 58 66 59 50 45 47 49 47 53 56 59 63 58 50 48 61 69 72 76 89 97 91 85 88 91 89 81 68 55 52 57 70 63 56 61 69 72 80 91 106 111 122 124 131 137 140 136 133 132 126 137 156 153 141 146 149 126 117 115 106 117 113 61 26 26 32 31 25 28 30 28 23 27 27 30 32 31 30 27 30 32 34 32 35 40 37 37 42 42
49 59 60 64 61 60 57 52 56 58 56 60 71 79 86 94 78 84 86 91 94 90 91 103 103 98 86 75 68 67 72 72 63 47 37 36 46 52 50 59 67 77 99 110 114 107 102 98 112 141 158 159 138 88 70 103 133 133 124 119 116 119 123 109 45 24 24 30 24 25 31 31 31 33 31 32 34 32 32 29 34 29 29 30 29 32 38 40 42 39
49 45 44 51 60 65 62 58 59 62 61 59 61 70 79 86 89 90 92 92 91 95 99 100 97 85 84 76 68 55 41 32 37 46 52 44 51 49 46 53 54 66 93 116 118 85 78 79 78 92 95 96 84 63 76 108 143 140 130 119 119 127 140 131 65 17 25 26 23 23 25 26 25 24 27 31 28 30 27 29 33 29 29 31 33 34 32 34 37 37
55 45 39 41 48 59 68 69 72 82 90 91 90 91 90 88 87 88 91 93 94 99 103 102 90 75 71 59 53 45 37 30 37 44 48 39 47 48 48 57 66 68 84 115 139 109 82 67 73 79 69 61 60 69 102 136 148 149 140 124 122 133 146 134 70 18 22 25 25 27 27 25 24 23 27 31 27 28 24 26 33 29 30 32 34 34 32 33 36 36
