152 141 136 154 168 157 155 169 169 147 134 132 125 124 125 113 94 101 111 105 111 113 108 108 106 96 99 98 96 89 74 72 70 79 99 108 117 113 100 76 69 77 80 100 104 107 97 114 130 132 128 123 127 142 155 140 130 113 106 106 116 125 115 101 99 88 84 92 98 101 114 126 120 118 112 103 104 106 112 108 97 90 88 83 90 92 95 91 115 98
150 145 147 161 151 136 156 174 144 120 117 112 112 105 105 103 112 127 114 115 114 98 114 113 100 109 125 135 138 125 112 121 115 108 100 102 96 80 80 102 116 101 113 89 90 90 107 111 115 107 116 130 123 120 114 102 114 117 117 122 123 117 118 124 119 111 108 112 108 98 97 103 97 94 107 117 113 103 104 95 84 81 75 78 86 93 89 78 98 109
169 147 148 151 140 156 169 141 125 123 125 105 97 88 111 130 124 112 116 115 118 120 124 131 119 105 98 101 102 103 101 96 97 114 105 94 92 105 101 101 107 124 109 118 137 143 139 113 104 113 103 99 112 121 110 116 112 117 117 130 152 165 155 129 120 123 126 117 108 117 118 100 90 90 98 100 99 101 107 94 86 89 81 86 81 83 84 85 113 132
141 146 146 136 155 166 143 139 117 121 98 86 99 109 127 118 117 132 132 121 118 116 116 99 78 80 91 93 77 79 101 110 103 98 88 85 74 69 60 56 66 66 76 68 72 93 86 98 98 90 105 110 120 110 120 118 125 136 162 165 167 159 121 101 103 106 98 86 90 95 78 60 70 73 74 74 83 88 101 108 104 99 82 85 89 95 102 106 126 122
156 143 149 153 157 143 118 130 124 128 108 115 121 124 132 132 145 120 101 85 87 77 69 87 105 104 107 109 95 78 79 86 89 80 79 73 66 64 77 80 62 54 48 62 71 75 71 89 96 112 109 120 102 111 128 142 145 145 112 105 106 94 98 91 87 85 81 70 66 68 63 58 66 78 86 90 98 89 91 99 97 101 93 87 96 99 105 102 104 91
155 147 155 155 136 124 122 120 121 132 128 135 137 154 144 136 99 92 86 77 79 89 107 113 114 102 91 83 81 86 83 71 76 74 78 74 85 88 92 83 74 75 81 78 88 76 80 70 88 84 86 111 134 136 145 125 110 109 111 104 81 61 64 74 79 83 79 71 74 69 62 78 84 76 67 65 74 82 99 108 103 96 93 93 108 105 109 117 90 92
145 155 159 140 114 113 118 109 129 135 142 144 133 135 120 113 126 109 99 101 107 113 119 98 81 66 73 78 72 73 79 86 90 90 95 99 100 94 91 91 89 94 92 97 92 83 79 97 101 122 144 158 146 118 109 92 92 103 116 117 101 90 87 80 83 91 96 85 84 89 85 87 83 68 61 67 75 78 91 95 90 101 104 94 101 107 97 94 65 73
162 153 143 126 121 123 125 137 144 127 121 132 136 133 127 115 104 91 84 76 104 122 101 83 81 84 96 102 111 120 116 122 116 110 104 109 104 109 111 114 119 111 115 104 91 104 122 128 128 155 152 131 110 105 115 130 128 119 88 89 102 88 80 82 84 81 83 81 83 73 46 36 41 58 75 81 85 87 89 80 82 99 111 107 94 84 59 64 56 53
159 142 130 125 126 131 123 128 102 118 128 133 132 116 100 100 96 94 76 99 132 118 100 101 116 138 136 127 133 130 121 119 114 102 92 96 106 116 117 101 99 101 102 102 106 98 104 115 120 147 123 95 110 112 117 110 91 81 89 111 119 115 105 89 78 83 80 69 59 56 63 73 86 99 93 92 97 94 86 69 75 94 95 97 90 77 67 68 57 58
142 145 135 122 122 122 108 103 121 128 118 102 103 111 107 99 102 94 100 117 103 79 93 115 134 141 141 141 139 128 110 93 82 88 95 105 109 106 106 108 115 109 109 102 108 110 105 102 115 112 96 97 108 99 86 67 57 55 73 89 101 113 114 110 88 80 70 68 74 82 90 97 103 88 90 100 105 88 71 86 106 96 78 81 83 77 66 61 65 67
141 134 124 124 123 112 110 120 117 102 89 88 94 93 90 90 96 103 110 103 91 100 120 128 138 145 141 135 129 113 95 85 87 96 104 108 108 100 96 107 106 101 105 93 98 109 107 101 102 97 97 103 90 78 74 70 71 68 77 74 78 97 101 101 103 98 90 86 91 96 98 97 96 97 112 97 77 78 85 107 82 72 64 72 75 75 68 60 66 68
140 136 132 129 119 110 115 105 99 92 93 101 103 100 99 102 115 109 106 101 105 114 118 125 142 154 149 133 117 99 87 83 102 106 110 107 106 99 87 84 83 86 94 91 102 118 129 131 136 140 141 140 130 136 129 122 119 118 114 93 81 87 91 90 90 97 100 98 99 102 102 99 99 108 96 72 75 95 100 95 74 73 73 74 69 76 76 66 63 64
142 128 122 121 110 98 107 96 95 106 117 123 124 128 127 121 106 95 101 107 115 131 137 138 136 135 132 125 113 110 115 111 104 105 107 101 94 93 92 91 104 109 113 123 140 149 163 165 165 161 165 176 171 169 155 153 152 156 150 141 130 120 109 92 79 72 67 73 86 97 95 89 90 77 68 80 90 95 96 82 76 70 66 63 60 74 73 59 51 50
124 116 104 94 94 88 96 87 92 92 98 111 126 137 134 124 122 117 122 124 126 133 132 129 133 132 135 150 155 143 124 109 108 121 130 129 112 98 104 114 128 138 144 159 173 173 186 188 183 177 173 166 156 164 167 163 161 169 163 162 154 141 135 122 118 105 92 84 77 72 72 75 85 92 91 88 94 90 71 57 63 62 64 62 53 59 59 57 49 47
106 100 86 72 83 80 87 85 84 86 93 112 141 161 161 152 146 147 140 131 135 142 147 154 162 168 162 159 150 122 102 103 122 142 146 150 141 118 124 143 158 168 178 184 187 185 194 194 184 179 175 164 157 160 169 164 158 161 156 156 155 148 143 135 140 131 121 111 98 88 85 83 81 81 89 88 83 73 56 53 56 49 46 47 48 54 53 57 53 51
109 95 82 75 87 76 81 89 95 99 103 112 127 140 151 160 157 154 148 152 164 174 179 180 178 171 155 143 131 120 121 124 146 161 142 140 145 124 126 145 176 179 188 185 184 189 194 188 186 178 171 169 180 176 175 164 163 165 164 158 155 150 142 140 129 125 120 118 120 121 110 94 80 86 89 84 74 57 47 58 46 42 36 33 35 43 45 57 56 55
112 81 78 77 86 73 80 86 99 110 120 127 135 142 147 149 153 152 156 168 177 177 174 174 175 178 173 162 145 132 132 134 151 159 132 127 115 93 105 148 182 184 187 182 188 196 189 183 184 188 179 180 178 176 186 179 178 174 173 169 162 156 145 131 120 117 115 120 124 128 133 126 121 109 85 73 64 45 36 42 41 33 32 31 25 35 36 52 55 52
95 69 66 74 73 86 96 102 92 103 122 136 149 156 150 149 149 154 159 163 164 165 169 176 182 185 179 164 144 132 129 124 133 137 120 92 79 68 108 142 175 177 186 183 191 195 193 190 191 190 186 181 180 186 192 193 191 182 175 168 163 161 155 143 124 115 112 124 134 138 142 139 132 124 104 79 57 46 48 49 40 37 40 39 29 27 23 42 49 47
74 49 67 89 80 107 117 115 93 112 143 154 160 162 151 151 156 156 154 152 154 160 169 175 183 186 179 160 136 125 122 111 118 120 91 79 79 62 110 130 157 163 177 179 188 193 198 197 196 193 197 189 189 198 198 203 198 191 184 178 173 171 165 154 138 119 108 118 128 133 141 143 140 143 125 92 62 51 47 36 40 39 38 34 31 30 24 39 46 46
65 71 101 97 90 124 133 117 116 144 177 187 189 188 181 180 173 166 155 149 151 158 165 171 179 180 174 153 125 117 118 108 101 101 77 80 74 65 108 127 141 154 166 174 177 192 203 203 202 200 206 199 199 206 202 207 202 199 196 189 179 170 160 149 142 123 112 117 126 134 140 142 150 140 127 120 99 61 34 28 31 36 33 23 26 34 30 37 37 37
81 107 116 93 103 136 130 125 142 175 199 211 215 215 212 203 197 190 179 170 164 162 167 175 180 179 173 152 122 113 120 116 107 88 86 73 65 93 122 136 142 161 167 174 166 190 206 207 214 214 212 207 206 209 209 211 206 204 201 194 185 176 166 156 144 127 115 115 126 142 149 146 146 146 137 129 119 97 62 30 22 32 37 27 29 35 33 35 37 37
97 112 119 114 115 136 129 133 166 198 217 226 227 223 225 215 215 209 201 196 190 184 183 187 191 189 182 160 128 117 123 122 104 82 79 72 95 129 148 158 159 176 178 179 159 178 204 210 223 225 219 217 217 214 216 214 209 206 200 193 185 176 164 154 142 125 114 113 127 150 160 157 155 151 144 135 125 118 96 60 30 26 31 31 36 38 38 36 36 36
100 130 130 120 131 132 126 154 184 206 220 226 224 220 224 224 221 217 213 212 212 209 205 203 207 206 197 173 140 124 124 119 95 95 73 84 115 130 149 179 175 184 189 183 159 161 202 218 226 230 226 226 228 224 220 216 207 204 199 193 187 178 165 156 134 120 115 120 135 155 165 168 166 156 149 144 131 123 113 94 61 32 25 27 32 33 38 31 34 35
132 123 123 118 135 130 149 177 204 210 216 219 221 222 222 226 226 228 227 224 224 224 222 220 219 220 209 183 151 132 126 116 106 110 74 78 79 95 112 160 183 185 195 186 163 149 203 228 227 230 229 229 232 229 222 219 207 204 198 190 181 171 160 152 139 122 118 123 131 145 158 170 164 162 156 148 137 129 122 111 96 55 38 31 26 23 32 26 32 33
117 115 119 119 139 147 172 189 213 219 222 220 222 224 225 226 228 229 231 231 229 228 228 229 228 225 215 184 150 139 130 109 115 107 64 96 82 67 91 133 176 174 193 185 159 135 208 227 223 230 228 228 229 226 222 216 207 203 195 184 173 166 158 151 135 126 121 120 122 138 161 168 168 165 159 152 142 133 127 122 118 95 56 35 30 29 31 26 28 31
113 115 126 132 148 162 189 208 221 226 227 226 227 227 226 226 225 228 230 231 230 229 228 228 230 229 216 185 152 139 129 106 106 85 65 140 97 44 84 117 173 170 187 186 147 130 212 220 224 232 233 228 227 226 219 211 204 198 190 177 171 167 154 144 135 128 112 102 108 130 154 166 165 165 162 159 148 136 136 134 134 112 86 52 34 39 38 33 30 32
123 126 136 149 163 185 210 225 228 228 228 228 229 228 225 225 222 226 230 231 231 230 229 227 229 230 214 188 151 126 113 91 101 78 61 86 53 31 77 111 161 159 178 178 132 133 215 219 226 230 234 228 227 226 216 211 199 194 187 174 165 159 146 140 133 110 81 67 82 113 144 163 167 170 168 168 155 140 143 144 141 132 121 84 46 36 37 36 36 37
138 141 149 167 185 208 223 230 230 228 227 228 228 226 225 226 223 227 230 230 230 231 229 226 227 228 213 191 149 110 98 83 91 83 63 46 37 44 98 116 157 157 172 161 121 148 214 225 232 228 233 230 226 221 206 205 198 187 175 167 156 148 144 138 126 88 65 68 85 115 147 165 171 176 173 174 161 148 154 153 155 151 139 119 82 50 43 38 42 42
147 157 169 189 209 224 226 229 233 230 228 229 228 226 227 230 227 229 231 230 230 230 229 227 227 229 214 191 148 108 99 88 82 90 70 62 85 103 124 138 172 167 166 144 116 162 218 229 229 223 228 227 225 220 204 200 189 179 164 161 149 138 138 123 97 66 69 84 92 120 155 170 174 181 179 178 171 165 171 168 168 164 153 144 117 73 47 39 47 49
170 184 198 212 225 229 230 233 235 231 230 230 227 226 227 230 230 231 231 230 230 230 229 228 225 229 217 188 144 112 102 87 73 91 74 81 106 130 125 152 187 172 153 134 120 175 229 231 232 229 230 226 222 216 199 186 174 164 149 150 146 137 126 98 65 63 82 90 96 133 169 181 185 189 189 187 184 184 187 184 183 180 179 168 147 108 61 41 46 49
202 208 222 226 235 230 234 236 234 231 231 230 227 226 227 228 232 230 230 231 231 230 229 229 223 227 218 184 138 113 106 92 78 84 75 103 120 139 150 164 189 164 143 133 140 197 236 233 232 231 230 225 218 207 190 172 160 148 140 140 136 118 88 66 70 90 97 86 108 156 182 189 198 198 201 198 196 198 198 198 199 191 192 184 170 147 99 56 43 46
218 217 230 232 241 234 238 234 234 231 232 232 229 229 229 227 231 229 229 231 232 230 229 230 227 225 217 181 133 114 115 110 93 90 99 92 117 144 152 175 188 157 145 138 162 218 235 234 234 231 227 225 213 194 174 156 142 133 133 118 98 78 68 89 112 132 110 78 119 179 195 201 203 200 207 205 203 206 205 210 208 203 202 199 184 173 147 96 50 50
229 229 234 236 234 235 236 233 235 232 231 231 228 227 227 228 229 229 229 230 231 230 228 227 228 225 215 183 131 113 127 118 112 101 101 103 97 104 116 163 179 164 150 148 191 240 233 230 230 227 227 222 207 177 153 131 120 114 110 89 87 99 124 148 170 166 120 67 125 188 200 204 211 205 212 206 212 212 211 212 212 212 208 206 204 196 176 148 92 54
232 235 239 238 233 233 236 235 232 232 231 230 228 227 228 229 230 230 230 230 230 229 227 226 224 223 217 193 149 129 135 126 121 131 105 113 111 91 124 170 198 165 163 188 223 242 236 229 229 234 230 212 187 150 125 110 101 92 98 121 146 167 180 194 201 196 126 46 90 178 205 207 213 210 213 209 210 211 217 215 218 220 217 214 212 210 201 185 145 95
238 237 237 236 234 236 235 230 229 232 231 228 229 228 228 231 231 231 230 230 229 228 226 225 226 223 215 197 163 140 138 131 135 138 132 125 136 133 152 204 203 172 189 222 237 229 232 228 221 229 223 198 173 147 128 108 107 125 147 176 189 205 210 216 213 202 121 36 45 138 201 211 206 211 209 208 211 210 221 220 216 220 220 218 216 215 212 202 193 155
238 238 236 234 234 236 234 228 228 232 230 228 230 229 228 231 230 230 230 229 228 227 225 224 220 219 214 205 182 157 146 141 150 146 146 133 152 172 192 216 210 200 223 234 236 225 234 233 228 224 215 197 189 188 173 135 142 172 195 209 212 221 224 224 225 208 130 61 44 86 163 202 198 207 205 205 210 205 210 217 217 221 220 222 223 222 217 207 204 192
234 239 241 235 229 230 232 232 229 230 228 227 229 228 227 228 228 228 229 229 228 227 225 224 223 220 214 206 191 168 156 154 169 167 159 148 161 187 219 217 221 223 236 225 233 231 231 231 229 226 223 214 216 222 217 186 176 190 207 213 222 225 228 229 224 197 124 82 93 90 130 183 193 196 199 204 205 204 206 217 221 222 221 225 231 231 227 220 204 196
238 240 238 232 229 229 231 232 229 227 226 227 227 225 224 225 226 227 228 228 228 227 225 224 218 216 213 209 199 180 165 164 171 174 175 166 170 192 215 220 224 227 232 219 230 230 222 226 225 227 226 224 229 227 223 211 182 187 211 216 222 223 228 230 220 182 125 98 130 121 128 169 185 183 187 197 194 198 203 210 215 220 222 228 233 231 229 225 213 199
239 236 231 228 231 232 231 228 228 224 225 228 225 222 223 224 224 225 227 227 227 226 225 224 227 222 215 209 202 190 179 179 179 188 190 194 192 198 212 220 225 229 232 229 229 227 225 230 232 226 218 217 229 224 215 202 182 165 192 214 219 227 226 225 215 176 129 127 171 179 173 177 192 195 189 196 193 195 197 199 207 216 222 231 234 229 227 226 223 212
232 232 229 229 231 230 229 228 228 222 226 230 223 220 223 224 224 225 226 227 226 226 225 225 225 219 213 208 206 201 194 195 197 198 204 212 208 215 215 224 222 226 228 232 224 225 230 227 229 225 219 216 222 223 220 205 172 123 147 199 212 226 224 230 218 182 112 117 164 183 181 171 189 204 186 190 193 190 188 188 203 212 220 229 233 229 229 231 226 219
231 232 231 230 230 231 229 226 228 225 226 228 224 221 223 225 224 224 225 226 228 228 225 222 222 223 217 212 214 213 207 205 201 205 212 223 220 216 224 221 225 223 222 223 223 226 226 224 225 226 225 225 222 219 217 211 168 102 95 163 203 213 228 229 224 179 125 147 197 201 180 175 198 212 194 193 197 181 180 180 195 204 218 232 234 229 231 233 232 221
232 231 229 228 228 230 231 232 225 224 226 228 224 221 221 221 224 224 223 224 226 226 222 218 223 222 216 212 215 214 209 207 207 214 220 228 225 220 226 224 223 225 221 219 223 224 221 224 220 220 223 224 219 216 212 200 171 105 79 133 188 207 217 223 221 168 123 164 227 246 224 189 191 215 205 198 193 173 173 184 192 200 213 228 232 230 231 230 228 215
229 229 229 230 230 230 230 231 225 225 227 227 224 222 220 219 222 222 223 224 224 224 222 220 220 218 213 211 215 214 209 207 209 219 225 230 227 222 226 226 230 232 226 223 226 225 222 225 224 222 224 227 224 224 222 207 175 127 86 110 167 193 203 217 209 165 105 127 193 229 216 159 173 220 228 210 195 177 168 173 182 193 208 224 230 232 234 231 225 212
229 229 231 233 232 227 224 224 227 227 227 225 224 223 223 221 220 222 224 224 222 220 220 220 214 212 210 210 213 210 205 204 209 221 226 228 227 223 226 230 227 226 229 232 233 233 230 226 224 221 224 232 232 226 216 199 173 143 104 106 150 183 196 210 207 174 132 167 221 236 228 178 170 214 231 218 198 171 157 167 176 192 211 225 228 230 232 228 219 206
227 227 228 229 228 226 225 226 226 226 224 222 222 223 223 222 222 223 224 223 220 218 216 215 213 212 210 209 209 205 202 201 202 214 218 220 221 220 223 228 230 227 227 229 230 232 232 230 227 224 224 234 238 226 209 194 173 143 115 109 135 168 182 190 199 168 149 198 237 238 245 199 174 208 223 209 186 157 144 158 174 192 214 228 229 230 231 225 217 206
224 224 225 226 226 226 226 226 220 222 221 220 221 221 220 220 223 221 221 222 223 222 218 215 217 214 210 206 203 201 199 199 195 202 207 210 213 213 215 220 221 221 216 215 222 225 226 231 232 228 225 233 237 225 208 197 179 145 129 122 126 153 174 184 191 160 138 182 226 228 234 188 150 195 216 204 184 156 140 150 172 190 213 229 231 232 231 220 218 208
227 227 228 227 226 223 220 217 217 219 219 220 221 220 218 219 222 220 220 223 225 223 220 216 217 214 208 201 198 197 196 194 195 197 202 206 209 209 209 211 214 218 216 216 220 218 215 219 221 220 219 224 223 212 197 184 166 135 131 120 110 136 167 184 178 163 132 155 214 234 230 165 125 181 205 204 192 158 141 155 172 191 215 231 230 227 225 214 212 203
224 225 225 224 225 225 223 220 218 219 219 221 222 220 218 221 221 221 222 223 221 218 214 213 213 210 204 197 194 195 193 190 194 193 198 204 206 205 202 203 207 206 206 205 201 201 205 208 210 209 208 209 206 202 196 183 162 134 131 113 100 131 163 177 185 158 124 145 198 215 207 134 129 194 206 188 179 155 141 153 167 188 215 231 228 224 223 215 205 195
224 225 225 223 220 219 221 224 221 220 220 217 220 218 221 223 221 221 221 220 220 218 217 216 211 205 200 192 190 191 187 186 187 190 197 198 200 196 191 186 195 195 196 195 196 197 198 203 206 202 198 194 198 202 198 171 150 140 143 119 105 128 151 174 180 145 123 165 221 236 213 129 136 188 196 191 172 143 137 150 161 184 213 224 226 219 215 211 207 197
223 223 224 225 225 225 224 223 224 220 216 211 220 224 223 217 215 219 223 225 224 219 214 211 206 204 203 198 192 186 177 178 176 180 183 184 184 175 174 184 182 184 186 183 187 194 195 197 199 192 190 188 192 195 195 176 153 149 150 133 110 112 134 159 157 129 130 183 216 222 216 157 164 192 187 179 159 136 135 144 162 183 208 215 217 213 211 207 202 192
224 223 223 225 228 227 224 220 216 219 221 215 216 214 219 223 220 221 221 220 218 215 213 213 208 205 200 192 183 172 166 172 176 171 171 171 165 166 175 174 177 182 184 180 185 195 195 193 186 183 186 187 190 191 187 165 149 155 148 137 125 122 133 133 132 121 144 198 211 215 206 156 154 182 183 177 152 127 132 148 168 188 210 214 215 212 212 207 201 190
224 224 223 224 225 224 221 219 216 215 217 217 218 211 214 222 221 222 221 220 218 214 210 208 207 202 193 183 171 158 154 162 164 169 166 158 148 152 164 172 184 190 193 188 190 195 191 187 184 185 188 180 179 183 181 160 139 149 146 145 137 126 129 128 129 119 146 196 213 221 188 144 154 178 173 169 155 135 136 153 168 189 210 211 211 208 207 202 194 183
224 225 224 222 219 218 219 220 222 216 214 214 218 212 212 216 220 220 220 221 220 215 209 206 210 203 188 171 156 148 152 162 165 149 135 130 122 135 154 172 180 186 191 190 192 194 190 189 187 181 181 174 178 186 182 159 126 140 145 141 133 128 132 135 133 124 143 169 186 193 148 121 155 175 169 162 147 134 141 162 168 187 207 207 207 203 202 197 196 184
222 224 225 221 217 215 218 222 214 214 214 211 214 214 220 225 221 219 217 217 217 215 212 211 207 199 181 159 142 139 149 152 140 125 98 94 124 162 162 171 185 190 196 197 200 203 201 203 186 177 182 183 186 184 171 149 126 136 139 130 130 139 142 139 134 132 158 173 161 137 109 123 159 163 157 156 144 140 150 161 174 190 207 208 207 205 204 200 191 179
220 222 223 222 219 217 219 221 219 216 214 209 214 214 217 218 218 217 217 219 219 216 213 212 214 200 173 146 130 136 147 141 121 91 83 95 119 166 172 181 195 199 202 200 202 203 200 201 181 177 188 191 190 184 172 155 131 131 135 139 139 139 143 147 130 103 120 145 131 101 113 152 168 159 147 151 148 148 154 161 177 190 204 206 208 205 205 200 185 172
220 221 222 222 221 220 218 217 218 211 208 210 217 215 217 218 216 217 218 220 219 216 213 213 208 190 161 136 122 130 134 113 78 68 85 89 100 168 187 187 200 204 207 204 206 209 204 202 179 168 172 174 180 176 152 122 119 126 133 143 145 146 152 149 132 113 121 124 103 94 135 153 161 153 141 151 155 150 150 161 176 187 200 204 207 205 203 197 188 175
221 220 223 224 220 217 216 216 217 215 213 213 212 211 214 218 217 216 217 219 218 216 213 212 208 182 159 133 116 125 117 79 64 80 86 77 113 171 196 189 203 209 210 211 210 213 208 207 191 165 148 147 144 123 99 98 119 126 135 140 141 152 154 157 133 126 145 132 105 110 140 157 155 143 143 149 151 152 156 164 178 190 199 209 212 210 204 187 178 171
221 221 224 224 219 217 218 216 217 215 213 213 214 213 214 216 216 215 217 219 218 215 212 209 197 172 147 126 115 113 92 62 74 87 100 135 137 186 199 193 198 203 211 215 216 218 215 214 197 179 160 139 113 87 82 101 123 119 127 139 146 157 160 158 129 111 93 57 61 111 151 158 146 146 152 157 161 160 158 163 181 194 200 205 209 202 190 180 170 156
220 219 222 221 215 215 217 214 215 214 212 210 211 212 213 214 214 213 215 217 216 214 211 207 194 170 141 114 107 96 71 64 82 127 160 190 191 197 191 192 192 196 213 221 224 222 219 214 209 194 178 161 136 109 96 102 112 117 130 143 151 159 163 159 128 105 68 34 70 132 155 151 141 155 165 163 161 161 163 172 189 201 207 202 199 193 182 175 170 145
217 217 220 218 213 214 216 211 213 214 212 209 208 210 213 215 211 210 211 214 213 214 212 206 189 162 130 105 102 88 61 68 97 140 171 190 207 210 190 184 188 186 209 223 227 223 222 217 217 211 202 186 164 140 123 117 115 123 130 138 152 162 165 152 119 84 58 64 116 150 149 150 154 165 169 161 157 163 173 186 190 194 202 195 188 191 181 168 159 144
215 215 218 217 213 215 215 211 213 213 211 210 210 212 212 213 209 207 210 212 212 213 211 203 173 145 124 113 108 82 56 74 98 101 122 150 199 218 194 188 188 176 199 221 225 227 228 227 219 218 213 203 188 170 148 127 123 125 131 138 151 161 166 140 65 24 36 91 144 158 156 163 171 166 163 160 164 175 184 189 188 182 185 181 178 181 169 154 155 146
209 211 212 213 214 214 212 211 212 211 209 210 212 212 209 206 207 206 210 212 211 213 208 197 180 141 120 122 114 78 51 68 126 98 100 119 161 204 190 184 188 168 192 226 228 232 228 228 221 222 216 208 198 190 175 152 131 122 128 139 147 155 166 130 44 26 77 137 156 156 163 170 169 162 162 165 171 179 181 181 182 177 173 169 166 162 155 153 150 112
202 206 205 207 213 213 210 211 212 211 209 210 211 209 205 204 207 206 209 211 210 212 208 195 172 139 122 125 111 72 53 70 139 74 54 106 127 191 186 187 186 160 183 230 228 235 225 225 223 220 214 207 199 195 188 169 155 132 120 122 134 145 157 117 49 58 119 160 168 170 174 171 164 163 166 168 171 172 170 171 167 167 163 160 156 151 146 140 108 59
200 204 202 205 214 214 209 213 215 214 213 213 210 206 205 208 208 206 208 209 208 212 209 197 167 145 132 132 113 71 50 58 47 33 40 89 120 178 180 189 183 152 172 226 224 236 226 229 223 220 215 212 203 199 197 184 168 153 128 112 121 128 139 102 54 95 156 175 173 169 168 170 171 170 168 166 170 170 163 164 162 159 155 155 152 148 134 102 64 44
194 199 200 201 208 211 212 214 215 214 212 211 209 206 205 206 209 207 206 206 207 212 209 201 166 145 140 122 114 76 51 55 43 39 52 105 132 166 170 185 175 150 175 230 221 232 228 226 224 221 218 212 207 204 196 191 180 167 146 124 103 110 123 105 84 133 169 171 168 170 169 166 167 169 167 160 166 170 160 161 159 147 149 141 136 138 109 59 46 53
194 197 197 199 205 209 212 215 210 210 209 210 209 207 206 207 206 205 206 207 209 212 208 198 167 145 131 128 128 90 60 55 61 81 105 133 142 167 173 186 171 153 178 230 226 229 226 223 223 218 215 209 206 203 195 190 185 174 159 139 111 97 102 101 112 147 165 164 167 167 163 165 170 173 172 168 172 171 163 160 148 146 137 136 126 107 67 48 56 58
188 190 194 198 201 204 206 207 209 210 209 209 209 206 204 203 203 203 204 206 209 212 206 195 170 147 127 127 130 94 64 80 104 136 156 160 159 172 177 178 175 155 181 224 221 223 227 221 220 218 215 209 205 201 193 188 183 172 162 150 129 103 89 95 113 135 146 152 164 167 167 173 179 179 175 175 175 170 163 155 142 133 133 131 117 74 51 43 53 52
185 184 187 189 191 195 200 203 206 207 207 205 205 203 201 199 201 200 201 203 206 210 204 193 175 150 131 129 133 102 65 101 139 170 176 174 177 177 184 175 172 150 189 224 219 221 225 213 218 218 217 211 206 200 190 187 182 171 164 152 139 118 95 96 111 128 149 165 175 180 184 188 189 183 174 175 172 164 157 145 139 133 125 116 78 48 45 49 52 51
170 173 177 180 182 186 191 194 197 199 199 197 198 199 198 197 197 197 199 201 204 207 201 190 174 148 133 135 142 118 73 85 147 178 173 170 174 170 187 177 164 153 200 222 217 219 219 212 217 216 214 208 205 200 189 186 179 170 167 152 139 128 112 113 130 150 174 187 191 192 191 189 188 180 170 169 162 152 146 135 129 135 111 80 51 37 42 52 51 51
149 159 167 172 177 180 181 184 189 192 192 190 190 192 192 191 191 193 198 201 202 203 197 185 173 151 136 140 145 129 96 67 107 141 147 157 170 172 187 176 161 169 209 218 214 215 211 216 215 212 207 202 203 200 189 185 176 162 162 155 142 134 123 121 136 160 179 187 191 190 184 180 175 170 163 159 150 141 135 128 126 117 84 46 44 43 48 46 48 46
132 145 151 153 162 168 170 176 178 183 184 181 181 184 184 183 185 189 194 197 198 198 192 181 174 156 145 143 148 138 117 74 71 99 122 147 165 173 173 165 166 190 214 218 213 210 205 210 211 209 204 200 202 199 188 185 179 161 160 158 147 136 126 119 130 153 171 177 180 182 177 172 162 157 152 145 139 134 126 122 114 85 48 35 35 49 44 43 46 46
109 126 132 134 144 150 151 156 163 170 174 173 174 177 178 177 183 186 191 193 192 193 188 179 168 149 145 141 153 144 119 78 68 82 108 131 147 164 164 174 182 205 212 213 204 203 206 205 208 209 207 202 202 198 187 185 178 163 161 160 147 137 134 131 131 148 169 175 171 173 172 163 156 149 142 134 132 131 121 119 77 49 37 40 49 44 39 48 41 45
83 97 111 118 121 127 133 137 151 149 155 156 161 166 163 169 179 181 183 185 186 187 181 174 160 148 138 139 144 148 132 98 71 88 113 123 133 153 171 185 198 202 211 207 203 207 204 200 208 210 206 202 203 199 190 185 177 168 161 149 149 148 143 135 139 153 165 166 164 164 159 151 147 148 133 129 128 123 111 80 41 34 38 45 46 39 38 47 38 42
85 79 84 95 101 109 114 124 130 128 130 132 140 150 154 161 163 163 166 170 172 172 171 169 152 137 131 138 143 148 146 129 95 102 116 125 139 161 177 188 202 208 209 203 203 207 206 205 208 208 208 205 200 197 192 186 178 166 157 146 145 144 145 144 142 152 160 159 154 153 150 143 139 134 126 126 118 95 69 41 31 36 40 44 47 46 44 43 44 46
106 88 73 76 82 87 87 102 113 120 122 123 125 129 138 144 145 145 150 155 156 155 156 159 152 130 118 128 141 152 155 144 124 119 120 126 142 166 182 189 199 209 204 199 204 204 203 203 206 203 206 204 195 192 190 184 177 165 160 151 149 146 148 150 152 151 150 148 147 149 145 136 133 126 122 115 91 58 35 25 31 47 48 46 44 39 40 41 37 45
86 98 79 66 68 79 75 76 82 98 106 114 117 117 124 123 124 124 127 131 132 132 136 140 143 129 114 117 133 150 157 153 151 140 134 136 148 167 183 188 196 207 201 198 202 200 200 199 202 199 202 201 193 190 188 181 178 167 161 150 147 145 149 152 149 144 141 141 142 144 140 132 127 118 104 75 48 36 30 33 52 57 45 45 47 36 36 41 40 44
81 100 90 91 81 76 71 70 75 86 85 92 99 103 112 110 107 105 104 103 101 103 107 110 118 118 108 111 129 143 150 153 152 145 144 148 153 164 179 185 192 200 197 196 195 194 197 193 195 194 193 192 190 187 181 175 172 164 160 149 146 145 145 145 144 140 138 137 134 136 137 132 116 87 61 40 31 31 35 51 56 47 35 43 42 31 37 41 42 50
97 105 100 108 85 77 77 79 76 85 83 88 95 103 119 123 124 122 118 111 103 96 92 88 93 97 91 96 112 122 134 148 142 144 152 161 160 163 176 182 186 190 194 194 191 189 190 184 187 189 186 183 185 182 175 171 165 161 161 153 151 147 144 140 138 134 134 134 130 126 117 103 78 50 32 31 37 39 43 59 45 33 33 43 35 30 41 41 50 64
104 94 87 104 97 99 89 92 90 97 97 95 92 87 89 88 93 94 98 102 100 95 91 90 90 92 88 88 90 92 107 127 132 138 151 164 161 160 172 177 181 182 187 186 183 184 181 177 180 184 181 176 178 177 171 168 163 157 156 149 147 143 141 140 134 129 130 127 117 103 82 59 37 37 34 33 41 48 46 43 40 32 35 41 39 39 45 47 62 71
74 90 99 101 95 106 85 91 95 94 90 93 99 102 100 96 85 83 86 91 87 79 76 78 78 81 86 96 101 99 101 102 104 110 126 144 146 148 163 169 176 172 173 168 166 172 171 171 169 175 173 167 166 166 163 161 154 148 149 146 143 135 131 131 127 121 113 95 71 55 44 30 36 36 38 46 52 45 35 29 29 35 38 36 39 38 42 60 67 83
68 79 93 95 109 119 101 90 91 99 109 106 99 98 97 102 91 90 85 80 80 80 74 65 74 87 98 101 97 100 108 104 102 108 116 117 123 122 124 150 156 151 147 161 157 152 149 158 154 154 156 163 152 154 151 146 143 139 135 131 125 123 120 107 96 80 63 46 35 33 35 39 42 41 55 56 41 38 37 33 37 38 35 41 37 44 62 73 95 140
68 75 87 93 96 103 112 120 105 94 90 89 97 109 109 114 106 107 104 104 106 101 94 93 101 104 105 106 100 95 97 95 99 114 108 98 109 122 127 129 145 155 148 142 141 151 147 141 147 145 147 149 143 139 130 124 119 120 110 97 87 78 67 52 41 34 34 34 32 32 40 54 60 55 54 49 47 50 53 59 72 72 74 82 87 97 108 124 154 165
68 68 86 89 84 84 88 107 119 132 123 111 104 108 122 121 130 125 120 117 118 126 130 126 112 110 103 102 108 114 115 109 109 107 92 79 70 59 61 72 81 110 118 116 119 120 106 100 100 99 102 92 87 81 71 65 66 55 40 42 45 34 29 34 33 34 40 42 48 57 59 60 58 51 47 48 55 61 68 80 97 98 99 113 119 113 116 144 146 131
81 73 67 72 72 70 80 88 84 104 123 125 120 116 114 118 109 118 118 118 127 132 130 131 129 130 126 123 126 126 119 113 113 88 71 57 50 47 47 62 65 76 89 88 88 104 104 88 72 53 54 46 45 45 51 53 62 58 39 27 26 25 29 35 43 43 45 44 49 55 49 43 46 39 40 48 56 66 85 102 120 111 111 125 122 124 124 115 125 104
80 72 80 82 78 72 63 70 82 95 94 110 121 119 126 123 123 123 130 134 126 120 119 116 119 118 120 126 128 116 100 94 69 53 56 59 61 61 50 46 46 42 48 57 61 61 76 104 99 69 65 59 51 37 37 37 41 57 59 48 40 39 42 41 43 41 45 50 49 43 40 47 59 61 66 72 77 85 99 111 123 119 124 132 130 122 98 84 98 84
117 97 88 93 83 78 87 79 62 74 87 95 106 116 118 125 139 139 128 118 121 124 121 118 118 120 120 108 95 84 72 67 59 58 67 83 80 65 58 55 56 51 59 57 53 45 44 49 83 99 82 60 66 48 34 48 36 35 42 54 51 40 42 48 40 42 46 48 47 43 42 50 53 63 65 70 81 93 106 117 112 108 128 132 112 98 83 98 97 100
118 121 106 91 97 93 85 98 91 88 85 96 108 108 109 115 124 128 131 132 134 136 127 112 97 95 95 87 81 84 85 85 92 91 83 80 82 80 85 93 81 85 81 58 63 69 63 55 43 69 81 81 67 59 50 32 36 31 31 45 52 48 45 42 42 46 48 43 46 50 49 51 54 64 73 89 96 91 93 99 86 87 84 88 93 88 75 86 111 119
77 99 119 122 115 112 108 94 97 104 109 99 92 89 85 96 105 105 111 117 114 102 102 114 120 107 112 118 109 98 96 107 90 96 99 98 110 112 101 112 116 112 119 99 84 75 71 63 56 58 65 87 75 66 61 43 42 45 43 44 51 56 54 44 48 50 53 53 57 61 65 74 65 56 63 84 85 78 92 106 112 116 103 124 133 127 141 151 152 150
89 62 72 92 120 130 145 144 131 136 137 140 139 145 140 134 131 111 102 103 102 102 109 121 123 115 102 94 80 82 88 88 94 106 104 94 91 95 101 100 109 104 114 114 102 94 96 85 67 57 49 59 70 77 72 77 55 50 48 47 50 51 53 59 53 61 59 60 69 69 63 66 60 57 70 73 66 72 76 98 122 140 146 149 150 132 125 142 162 173
124 96 91 82 84 89 122 143 145 147 145 146 146 153 148 142 147 146 146 140 128 118 111 110 121 119 113 110 104 115 123 120 118 111 95 85 79 74 76 80 93 88 101 112 109 95 95 96 96 81 59 52 59 67 65 71 69 58 53 52 50 44 42 50 67 65 57 52 54 55 53 52 47 69 92 93 82 78 92 143 175 168 154 146 130 111 111 117 122 133
