221 216 209 208 202 212 194 166 119 90 82 97 77 52 68 65 71 54 50 49 50 44 40 38 49 48 40 31 29 27 25 24 26 26 27 24 20 23 29 31 22 25 31 34 33 32 33 34 31 30 29 31 39 43 42 39 42 43 39 40 41 41 48 47 54 59 61 55 50 51 53 51 47 48 47 45 49 51 49 53 59 65 77 86 74 100 139 175 211 234
222 203 208 203 163 140 117 106 74 78 65 63 66 73 67 58 61 62 57 39 36 37 37 33 26 24 20 24 32 31 25 26 20 19 23 31 31 22 20 25 26 25 29 36 35 31 35 44 37 36 34 37 43 42 42 48 51 48 44 41 43 45 43 41 43 48 49 43 38 35 36 40 49 51 60 56 43 45 51 49 53 53 66 84 80 86 119 172 199 219
210 195 170 144 108 93 89 83 60 74 79 76 64 75 57 47 42 31 36 37 34 27 24 18 19 21 21 25 32 29 24 26 24 27 26 26 29 28 25 26 28 38 38 26 20 27 33 33 30 34 35 31 32 36 38 37 30 31 36 36 44 53 54 61 51 54 51 45 38 29 26 31 38 31 35 41 43 45 49 56 60 53 60 73 83 83 109 152 168 189
136 105 96 92 94 81 50 59 65 76 80 70 46 39 31 44 58 53 52 46 43 32 29 36 44 46 44 39 38 37 36 34 29 25 21 24 29 30 29 32 34 28 23 27 38 42 36 28 32 31 31 24 20 28 35 29 36 44 58 67 74 70 62 65 46 42 36 32 30 28 30 33 31 26 27 38 54 53 44 47 55 52 59 58 75 82 101 116 172 206
83 102 83 77 59 48 80 77 69 60 45 36 38 46 59 67 59 50 57 57 52 51 58 60 55 50 45 42 43 48 47 40 31 35 40 41 37 36 37 35 36 28 25 34 37 28 23 29 34 24 20 25 26 26 27 27 33 40 53 81 98 86 65 49 40 35 36 36 33 34 35 30 31 30 32 41 63 77 66 53 56 53 58 57 86 95 98 93 177 200
106 89 73 56 79 90 65 53 42 46 52 60 65 63 71 66 57 62 64 53 53 52 47 43 47 41 39 41 43 47 50 50 45 41 34 28 32 45 45 31 22 35 42 37 28 22 23 29 24 24 22 23 28 26 25 31 44 66 91 116 113 87 67 53 47 40 42 42 34 34 36 28 32 36 31 29 41 47 46 56 62 55 59 67 94 86 83 94 180 201
61 53 73 83 70 50 49 48 55 62 54 65 78 70 59 57 48 35 36 36 38 39 41 39 40 46 51 56 59 53 47 46 43 36 32 35 42 45 41 34 39 39 32 26 29 30 28 28 34 39 35 26 22 22 22 20 26 46 72 82 73 64 65 65 50 41 42 44 38 37 37 32 32 32 25 28 39 29 29 60 63 67 69 66 87 92 88 88 148 190
85 92 71 50 49 40 52 51 64 73 73 79 62 56 43 36 27 35 45 40 38 39 42 42 49 56 50 47 55 53 43 40 44 51 51 47 45 43 37 34 33 33 30 31 39 46 55 66 72 89 109 96 53 31 38 46 19 22 35 34 35 50 60 63 69 52 42 40 36 33 33 32 35 30 32 38 39 31 36 60 67 61 68 80 91 88 88 96 129 207
77 53 44 44 47 54 74 67 79 75 77 60 42 40 29 27 30 45 45 38 39 37 35 40 42 50 45 50 56 56 56 46 44 42 41 40 38 34 32 32 35 32 33 38 43 47 54 60 68 89 109 136 124 88 91 104 59 68 23 30 38 35 47 64 65 61 51 44 39 31 35 33 31 34 40 41 39 30 46 50 56 60 83 81 93 91 93 105 121 210
45 40 43 48 60 73 74 98 95 70 61 43 36 21 40 41 41 41 38 35 39 43 42 40 39 37 34 35 36 33 32 30 29 29 29 30 33 41 53 63 71 72 74 75 76 73 67 62 67 87 98 128 154 148 133 120 133 127 62 51 14 24 36 52 51 64 62 45 50 51 38 44 39 45 41 34 40 41 50 43 50 58 69 86 91 96 90 81 151 233
39 53 55 65 76 81 94 94 76 52 33 33 37 44 42 44 41 38 35 37 40 41 41 41 39 37 40 39 37 41 46 56 65 78 95 107 117 129 145 156 164 168 171 169 165 159 146 133 120 105 92 106 140 168 176 164 166 171 159 103 83 138 102 45 44 50 46 67 56 47 42 47 47 43 37 35 38 36 45 43 50 65 77 95 87 80 78 99 186 243
52 67 64 84 90 79 91 89 56 38 28 36 44 38 45 38 42 49 48 45 50 55 54 56 63 69 76 84 99 116 130 140 149 158 171 182 188 191 190 187 183 185 184 182 185 188 186 180 171 168 164 146 132 143 158 159 156 168 163 134 130 109 90 78 56 45 64 67 62 48 47 42 47 32 30 39 40 38 43 38 54 62 83 96 80 75 105 122 208 238
61 83 71 83 92 96 102 58 38 38 44 34 45 52 42 51 59 64 69 71 68 66 79 100 121 139 146 158 168 170 176 178 181 184 187 186 187 190 193 194 192 192 191 190 192 195 196 194 193 187 186 182 175 163 149 147 140 138 153 145 124 79 45 79 59 50 55 49 57 49 42 43 35 38 43 46 40 43 46 38 55 67 78 93 81 75 128 151 229 246
74 85 73 88 104 117 57 39 30 33 43 41 55 47 56 74 84 80 87 97 100 114 143 166 176 182 176 182 186 181 184 182 184 184 185 188 192 196 198 198 198 198 200 201 201 200 199 198 197 195 193 187 183 184 180 174 166 162 163 159 150 122 78 112 99 52 28 49 37 44 44 36 36 51 54 47 36 38 41 48 62 81 90 86 71 80 143 208 238 243
91 78 77 89 103 68 44 40 42 34 42 52 50 71 77 86 99 115 131 133 138 164 184 183 186 187 186 187 184 183 189 187 185 186 187 188 188 190 195 199 202 203 202 201 202 204 205 205 201 197 198 196 187 185 187 182 177 173 172 172 169 173 167 169 149 106 81 54 37 31 20 26 42 44 38 41 39 40 39 53 75 84 92 71 61 103 191 237 238 237
93 92 74 109 83 49 37 39 34 50 53 58 89 89 104 122 141 151 159 163 170 183 190 190 188 189 197 194 186 191 191 181 173 175 181 187 191 192 192 193 197 201 203 204 206 208 206 203 201 206 199 197 199 196 194 192 186 184 174 179 169 173 184 182 180 175 175 159 137 109 77 52 29 27 27 39 42 48 47 58 83 86 71 62 81 112 222 232 231 236
84 68 81 82 45 41 34 48 52 64 80 91 108 115 135 148 164 169 173 172 179 190 192 190 191 195 197 193 202 194 168 165 181 184 193 191 184 184 183 183 186 200 200 207 210 211 208 204 207 205 203 199 195 194 194 194 194 186 180 178 177 175 177 182 183 182 181 181 185 186 170 149 113 76 46 38 32 43 54 79 84 77 71 71 81 71 144 226 227 234
59 80 79 46 41 48 50 60 74 88 115 127 129 148 169 181 181 183 185 185 191 196 193 194 196 193 195 201 196 162 146 175 193 198 194 187 185 180 170 163 179 197 204 209 206 209 209 203 206 205 205 203 200 200 199 198 198 193 186 178 172 169 170 172 177 178 181 181 179 186 190 184 183 163 132 87 44 45 71 97 70 72 76 79 83 40 69 146 202 228
67 89 42 60 54 54 64 78 102 116 145 159 157 182 186 186 188 188 189 192 200 201 196 200 198 189 199 201 164 133 157 200 206 194 186 188 182 159 140 131 160 197 207 211 216 214 206 205 207 207 207 206 205 204 202 200 197 196 190 180 172 170 170 169 174 177 188 193 186 187 191 188 185 176 178 168 130 90 72 56 73 60 72 54 55 40 52 114 192 230
97 55 44 61 53 70 82 108 138 154 172 176 177 193 191 192 197 198 196 196 200 198 192 196 205 200 203 178 129 134 184 206 204 194 188 180 159 122 100 115 159 197 202 204 213 212 206 212 211 210 209 207 205 204 202 199 194 193 189 182 177 175 172 170 169 167 175 184 185 185 185 180 184 179 179 179 179 158 124 65 53 47 57 45 48 39 47 80 177 241
66 46 59 62 81 91 115 146 172 183 189 186 195 197 200 199 199 202 202 199 202 203 200 204 202 208 188 139 110 142 193 209 200 194 191 151 101 77 85 120 174 194 200 206 206 210 213 214 214 212 210 207 204 203 202 200 197 192 187 185 181 175 169 166 163 166 173 178 178 177 182 190 179 181 180 180 182 171 166 141 83 42 44 42 50 53 45 54 147 242
48 51 73 84 102 131 160 183 190 191 192 189 196 194 201 196 201 204 205 202 202 205 204 206 201 193 163 125 122 164 201 208 197 190 174 122 74 61 80 124 166 186 194 207 211 213 213 213 214 213 212 209 207 206 205 203 202 194 188 187 184 176 168 165 165 167 170 175 179 177 174 175 185 190 184 181 181 174 176 169 156 100 50 37 47 49 54 51 113 235
57 72 93 108 139 170 187 195 194 194 196 191 188 192 200 203 201 201 205 204 202 206 205 205 197 179 165 142 138 176 205 203 193 190 143 90 71 58 68 108 148 173 180 193 204 208 210 217 216 216 217 215 212 210 207 205 202 194 187 185 182 175 169 168 166 169 172 176 178 178 177 175 177 184 181 185 186 183 176 170 171 165 115 47 30 42 46 47 98 241
74 87 106 146 176 190 195 195 191 192 195 196 196 208 200 204 202 199 205 207 206 208 208 206 191 171 161 137 131 173 204 202 193 176 122 71 52 74 116 131 142 165 177 190 196 204 213 217 219 220 221 220 216 211 207 203 199 193 186 181 176 171 167 166 162 164 170 173 173 176 180 178 175 178 178 189 185 182 176 181 178 174 168 121 47 22 39 38 116 254
88 106 141 172 193 200 194 194 195 197 198 198 198 200 202 203 201 201 205 208 207 208 206 201 197 173 156 131 126 169 200 197 188 163 114 60 80 126 167 156 147 165 183 183 190 202 213 217 219 218 220 223 222 218 211 205 196 190 182 178 172 167 166 161 158 158 158 166 173 175 180 184 177 178 177 176 180 182 181 182 177 176 173 166 126 46 29 36 118 246
103 138 175 192 201 204 202 207 204 203 201 201 204 206 205 203 201 203 207 208 206 207 211 210 205 171 140 123 119 162 196 194 185 138 88 74 136 183 191 185 172 178 186 179 185 198 205 214 218 222 224 224 222 219 211 201 193 188 183 178 173 167 158 149 139 146 153 165 174 181 186 184 183 185 182 179 179 180 180 181 181 180 174 178 172 113 42 26 130 246
142 173 197 201 204 206 203 208 214 215 214 211 208 206 205 205 202 205 209 209 207 209 214 215 211 161 120 106 101 149 181 187 177 120 77 75 101 113 134 192 193 183 180 171 177 195 206 220 217 223 226 224 222 220 212 200 188 183 178 166 161 159 147 140 133 149 165 175 177 179 185 186 184 188 188 183 181 180 177 175 181 177 173 180 167 179 114 50 160 252
174 187 199 204 210 212 211 216 221 223 223 219 213 210 208 208 205 207 209 210 210 213 215 214 212 155 108 93 87 143 174 186 152 113 65 60 59 43 58 120 185 180 175 173 176 195 211 217 217 222 224 220 218 215 207 196 182 174 168 155 150 147 130 125 124 141 154 164 171 173 179 184 183 187 187 183 181 183 184 182 179 177 184 178 172 177 167 116 202 255
187 194 204 212 214 213 217 221 225 223 221 220 221 220 215 209 209 210 211 211 213 216 216 213 209 160 101 84 79 132 168 172 148 100 56 113 127 56 28 70 147 170 161 161 168 191 213 215 220 221 223 222 217 210 200 191 181 166 160 151 140 124 106 109 130 152 164 171 177 176 175 178 180 185 189 189 188 188 186 181 179 178 180 176 179 164 174 155 210 237
191 198 206 213 213 217 223 223 225 225 223 222 222 221 217 212 212 214 214 212 214 217 217 216 206 171 100 81 81 125 166 157 132 100 52 77 79 41 34 48 118 165 147 141 158 188 213 216 214 214 217 220 215 204 190 180 167 150 144 135 115 98 104 127 144 156 155 154 162 166 168 170 176 179 184 186 185 187 186 183 186 187 181 181 174 180 178 167 175 174
206 210 211 214 216 219 224 220 222 225 225 222 219 218 217 215 215 218 217 214 215 218 217 216 197 169 104 76 79 118 154 143 110 95 52 29 26 31 39 48 127 166 142 141 163 192 208 212 215 216 219 221 214 200 182 169 153 138 125 109 91 94 121 146 139 144 141 130 116 112 129 147 164 170 181 189 190 191 192 190 186 192 194 185 184 178 173 173 167 155
205 212 212 216 220 220 223 223 220 220 219 218 220 222 221 218 218 219 217 215 218 219 216 212 203 173 121 77 76 112 136 132 102 100 66 32 48 52 47 82 147 159 131 139 163 193 208 214 216 216 217 214 204 187 165 149 133 119 101 89 92 122 152 156 162 158 154 138 101 84 114 150 171 177 188 196 196 195 196 196 193 195 191 193 190 187 181 176 175 161
206 213 213 214 225 220 220 220 220 220 220 218 217 218 220 221 222 222 219 218 222 223 219 215 202 179 133 83 75 105 133 122 92 105 75 59 72 74 93 134 161 144 119 135 170 192 210 214 216 218 217 210 193 170 145 125 111 94 87 103 136 162 172 176 180 175 163 143 89 61 101 173 185 189 195 195 195 202 204 195 198 198 194 194 196 195 188 178 176 171
210 216 215 215 223 219 222 223 224 223 222 221 220 220 219 217 219 219 220 220 219 220 219 214 200 181 142 97 81 97 121 117 84 106 89 84 112 136 154 163 152 132 122 148 180 199 213 216 215 215 214 206 183 151 120 102 90 95 115 148 172 184 190 189 186 177 173 166 92 31 72 156 191 200 199 197 197 197 201 200 203 201 199 200 196 192 192 187 182 177
214 217 218 217 221 218 222 223 223 222 221 221 222 223 222 220 220 218 222 223 219 220 220 213 201 179 146 109 93 99 118 117 89 96 101 91 109 146 154 154 148 128 132 161 187 205 215 216 213 214 212 196 162 125 101 94 111 129 155 181 191 191 195 191 189 186 186 179 98 32 62 110 154 187 203 206 206 201 202 205 204 199 201 205 199 195 200 198 187 182
216 216 220 220 221 219 222 220 221 220 219 219 221 224 224 224 222 220 223 224 222 221 218 210 203 185 159 124 101 98 116 123 98 85 99 92 88 110 124 140 144 133 147 171 191 208 213 212 210 213 206 184 156 135 129 131 156 170 182 186 190 195 197 196 194 194 188 168 96 70 114 120 127 151 182 203 211 206 198 200 203 199 199 205 203 201 204 201 194 189
217 216 221 221 222 220 221 219 222 222 222 221 221 222 222 222 222 223 224 224 223 220 213 207 204 189 171 138 114 106 116 122 108 94 99 111 99 103 138 156 144 144 165 186 200 208 204 204 210 211 200 181 174 178 183 182 179 179 188 188 192 200 199 200 197 192 186 154 86 93 169 176 155 130 141 173 200 210 201 201 203 203 201 202 203 203 203 200 201 196
218 216 221 219 221 221 221 220 221 222 224 223 222 222 222 222 223 226 226 225 222 217 210 207 201 189 177 154 135 123 121 120 121 108 107 118 116 130 162 170 164 167 184 199 205 203 197 202 208 212 204 190 191 202 205 201 185 169 174 189 198 202 201 199 197 194 190 143 77 96 182 205 180 138 125 139 169 201 202 193 198 203 201 200 201 204 206 204 207 202
215 215 221 218 221 220 220 222 218 220 222 222 222 222 222 222 223 224 224 223 219 215 210 206 196 189 187 171 154 137 130 129 131 120 119 118 129 159 176 178 186 188 196 202 202 198 198 203 205 209 205 197 197 201 199 196 189 158 137 164 194 201 205 202 199 197 188 131 79 95 166 206 207 183 148 126 138 176 201 198 192 198 200 200 199 203 209 208 213 208
211 213 220 217 221 220 218 222 220 220 220 219 219 219 220 220 223 218 218 218 214 212 209 202 193 183 184 178 170 156 147 144 141 142 132 132 149 175 192 186 189 195 199 198 196 198 203 204 203 201 196 197 204 204 198 195 189 151 98 124 178 192 200 198 198 194 183 128 86 86 138 194 210 204 164 134 131 152 185 194 191 194 199 202 199 201 208 204 212 207
206 205 218 217 218 218 217 221 220 219 218 217 217 217 216 215 218 216 213 216 212 207 205 196 191 180 180 178 176 174 163 162 163 169 160 155 167 183 190 188 189 193 197 198 198 201 204 204 202 202 194 198 200 197 198 193 185 154 96 94 156 182 194 201 196 191 184 119 88 90 150 205 215 199 177 145 131 133 162 195 191 190 192 196 199 200 202 207 210 210
200 202 214 216 212 214 213 217 216 215 217 218 215 214 214 212 213 213 211 213 211 208 207 199 193 182 182 182 182 182 175 175 181 188 185 182 187 190 192 191 193 195 200 202 202 203 202 199 200 201 196 201 206 204 202 193 188 169 114 88 137 180 190 194 195 196 177 115 98 92 145 211 216 212 186 152 151 134 144 182 192 191 188 192 196 199 207 212 212 214
199 203 213 217 207 214 212 213 213 211 215 216 211 211 213 210 210 210 210 211 209 207 206 200 195 186 185 184 184 184 178 178 187 199 201 200 200 198 198 197 193 194 197 200 202 200 197 194 201 204 203 210 217 217 212 198 188 175 134 96 118 171 187 193 195 200 175 121 113 93 119 173 206 211 187 153 169 138 132 170 186 190 185 191 197 199 212 216 212 218
203 207 211 217 204 215 211 210 214 211 212 211 209 209 210 210 209 210 210 208 206 204 202 197 196 189 189 188 185 183 179 179 197 211 215 209 204 203 204 202 200 201 202 205 206 205 203 204 211 213 214 220 227 227 218 200 185 170 150 126 118 157 180 192 192 201 177 122 109 93 126 183 210 214 196 166 185 150 135 156 176 185 180 187 192 193 209 214 212 220
202 205 205 211 201 213 210 208 214 212 208 206 209 208 206 207 207 208 209 207 205 205 200 195 191 187 187 186 182 180 179 181 203 216 219 213 207 206 207 204 207 209 211 213 213 211 212 216 220 221 222 224 227 226 215 196 181 170 159 151 129 143 168 181 190 201 179 123 107 99 143 212 221 221 207 180 202 171 145 140 167 176 171 176 182 185 201 206 211 217
193 198 200 205 201 210 209 207 210 210 205 204 208 206 202 204 205 206 209 207 208 208 201 195 190 185 182 180 175 174 176 179 195 202 206 207 204 199 200 200 200 204 206 207 207 205 206 211 214 215 217 219 220 221 212 197 179 173 156 149 132 129 153 169 187 200 181 128 110 97 131 207 223 221 202 177 203 184 151 133 159 169 166 172 180 183 193 195 205 208
182 191 197 201 203 206 207 207 204 205 203 203 205 203 201 203 205 207 210 209 211 211 201 194 192 186 180 177 173 172 175 177 187 191 193 194 190 186 186 184 186 190 192 192 193 192 192 196 196 198 203 206 207 211 208 198 182 172 153 147 134 116 138 161 176 193 184 128 103 89 118 196 215 214 191 166 187 177 145 125 153 165 169 174 181 185 189 192 199 201
172 185 195 198 203 200 203 205 202 202 203 203 201 200 202 205 207 209 213 211 213 213 200 192 186 181 175 174 171 170 173 173 181 185 183 179 175 174 176 171 174 178 177 177 181 182 182 184 183 185 192 194 195 200 199 193 188 168 159 158 141 107 124 152 166 184 185 133 105 92 105 165 196 198 180 159 171 164 136 117 150 164 171 173 178 182 187 195 198 200
173 180 192 196 199 197 204 202 204 202 201 203 200 198 201 202 205 209 210 210 211 209 201 191 185 174 175 166 158 162 164 171 172 173 170 164 161 163 164 163 164 163 164 168 173 172 171 172 175 177 181 183 184 190 194 191 181 170 166 163 133 92 113 137 158 172 169 119 90 89 113 163 194 197 179 153 175 159 126 117 151 165 169 173 176 182 196 200 198 200
170 179 188 191 195 197 202 197 202 201 201 203 201 198 200 201 203 207 209 209 209 206 196 185 178 167 159 148 147 154 155 157 156 149 147 148 144 144 152 159 159 159 158 160 163 163 162 164 167 170 174 176 178 183 187 187 176 166 165 145 106 85 106 130 151 163 142 91 81 94 147 197 212 212 189 165 185 160 124 123 152 168 170 176 176 181 204 206 201 203
164 176 186 188 194 197 202 197 199 199 200 201 200 198 199 202 205 206 205 203 203 201 193 184 177 164 146 135 137 142 142 141 136 128 119 113 115 126 138 142 154 157 159 159 161 163 164 165 163 166 168 170 174 177 179 182 177 164 150 129 99 94 105 120 146 158 121 78 85 105 173 213 218 211 186 165 176 143 115 124 157 174 169 176 181 186 211 213 206 207
157 172 185 187 193 194 200 199 197 197 198 197 197 197 198 202 204 205 203 201 200 198 192 185 172 155 132 124 125 127 129 126 115 104 96 100 112 127 137 141 149 157 162 162 163 165 167 168 164 163 159 157 162 165 169 175 175 159 134 129 114 109 111 117 142 149 104 82 96 120 181 215 218 203 174 154 150 120 112 134 163 177 169 175 188 196 213 217 211 212
153 168 180 184 190 188 194 198 197 196 197 195 195 195 194 199 199 202 204 204 202 199 191 185 164 143 119 111 113 121 124 116 107 91 102 132 147 151 151 146 150 160 166 165 164 165 167 170 171 165 154 150 155 160 166 173 164 146 133 136 120 116 117 123 139 138 94 89 95 119 158 189 197 187 161 147 138 112 119 151 167 173 171 176 190 203 214 215 211 212
151 164 173 178 187 185 190 194 196 195 197 194 195 195 191 195 198 200 202 202 201 197 190 185 160 133 107 98 106 120 119 104 98 98 121 142 140 145 156 153 155 164 170 168 168 169 172 175 175 169 161 158 163 167 170 173 157 133 139 136 118 124 125 129 142 133 92 94 94 122 145 172 173 162 137 133 126 105 120 155 170 168 174 179 185 201 211 209 207 208
138 156 168 173 184 184 188 191 192 191 194 191 193 195 189 194 199 199 198 198 197 193 187 181 151 117 93 88 101 112 102 90 95 130 137 108 109 153 177 166 161 168 172 172 174 175 177 178 175 170 165 165 167 171 173 171 155 132 141 132 123 132 132 131 143 129 90 96 109 153 179 196 187 157 126 129 119 110 138 167 172 173 174 177 182 193 203 200 200 202
121 146 163 169 181 182 186 189 189 187 190 187 191 194 190 197 197 196 196 197 196 191 182 174 140 102 81 85 103 106 89 87 126 134 109 95 137 178 177 165 171 176 179 180 181 180 178 177 179 172 166 163 164 171 176 174 150 138 140 130 132 133 136 135 141 126 93 102 129 179 203 204 191 144 118 134 121 121 157 174 174 182 170 171 183 187 194 193 195 198
109 134 159 164 179 183 185 185 187 191 189 186 190 191 188 191 195 195 198 194 196 188 182 167 120 89 80 85 104 97 85 128 138 105 119 152 172 182 170 153 168 182 183 188 191 185 187 184 182 176 166 155 153 164 171 167 150 133 132 127 131 134 143 142 150 129 100 105 137 163 179 190 171 131 113 130 121 141 174 177 176 175 178 181 182 187 191 192 200 194
97 125 148 155 175 178 179 184 187 188 186 184 187 188 187 189 192 196 197 190 190 184 175 149 109 79 72 90 110 92 111 135 106 124 181 215 197 180 169 150 159 182 188 191 193 190 193 192 187 181 168 150 137 138 143 142 127 124 126 120 129 136 146 152 153 128 105 117 134 150 166 168 149 122 115 124 132 162 180 177 177 178 180 182 183 188 193 194 198 192
84 103 132 150 164 171 181 182 184 185 186 187 186 186 187 189 190 196 193 187 185 181 169 134 99 77 72 99 119 97 141 131 110 173 217 224 209 191 176 154 152 182 191 191 193 193 193 191 190 189 180 158 130 115 113 113 117 117 121 121 132 141 149 155 151 128 100 128 166 184 190 180 137 116 113 122 156 180 178 181 177 177 179 180 183 189 193 193 195 189
80 87 114 142 154 163 177 177 178 181 186 190 187 184 188 190 189 193 189 189 186 178 160 120 89 77 80 110 127 115 156 112 116 139 150 180 201 185 169 155 147 174 187 190 197 199 196 193 194 196 192 174 147 129 125 127 122 113 118 127 136 145 151 152 152 134 97 124 159 169 161 140 127 105 116 141 178 182 174 181 180 180 181 183 189 194 195 193 191 185
87 86 93 121 144 154 163 170 175 178 182 188 186 182 186 188 185 189 187 191 187 176 148 105 78 71 95 128 129 134 154 88 99 87 52 84 156 176 164 150 146 167 184 192 202 204 198 198 198 199 195 183 163 143 130 125 123 116 120 128 136 147 152 153 160 133 92 120 137 133 114 80 103 102 137 170 182 174 179 178 181 183 184 187 190 193 192 190 188 182
99 90 82 104 128 147 160 166 175 178 177 183 185 182 185 185 183 187 185 188 184 176 141 102 79 73 116 152 133 142 141 70 118 111 46 24 91 150 160 149 142 159 183 196 202 203 198 201 202 201 196 188 177 159 137 120 123 131 132 130 134 147 150 158 161 129 85 123 148 137 108 85 95 133 167 180 178 172 182 182 187 191 193 194 194 192 191 192 189 183
109 102 85 95 110 135 155 161 169 176 175 181 186 182 184 184 183 184 184 187 183 173 132 102 86 89 134 167 142 141 129 61 60 47 28 25 67 131 158 149 135 149 181 197 201 204 200 204 205 204 196 187 180 169 150 134 129 143 144 139 136 148 150 158 163 126 60 70 82 76 74 96 127 169 179 178 179 180 183 189 189 191 191 192 192 188 186 189 189 183
111 120 94 88 100 121 138 153 159 172 173 180 185 180 182 182 184 181 183 191 185 165 116 92 86 104 141 168 150 140 123 59 23 28 36 31 60 128 157 148 136 149 182 198 200 203 199 201 197 202 200 191 185 177 162 148 133 141 146 147 141 151 152 156 159 120 50 41 33 45 84 137 166 177 173 180 183 189 188 189 192 189 187 189 192 188 185 187 185 179
85 116 107 83 92 110 117 142 159 163 167 174 177 182 177 181 181 184 181 187 180 162 112 91 97 113 158 176 156 139 129 68 27 54 79 69 89 135 148 156 141 154 183 200 203 204 203 204 203 201 194 187 182 179 172 164 153 138 142 149 142 143 153 153 149 107 36 24 52 94 153 168 173 175 184 187 183 186 190 187 188 183 180 184 186 186 186 181 175 178
83 92 117 97 89 100 111 124 144 159 161 175 174 179 176 179 176 178 177 184 183 158 117 96 93 129 160 173 168 132 123 69 49 84 127 130 134 157 157 151 142 159 187 201 204 207 206 205 202 199 192 185 182 179 173 165 159 142 132 140 149 147 142 143 139 92 42 58 107 143 166 167 177 183 190 191 187 189 189 184 186 183 182 185 185 183 182 178 178 181
67 87 92 100 82 82 103 109 128 152 153 174 172 179 177 178 178 178 178 182 184 154 121 101 101 135 166 175 174 130 119 78 79 118 158 169 152 151 163 154 144 164 189 199 201 206 205 202 201 197 191 186 185 183 176 168 165 152 138 133 140 148 139 120 112 99 102 129 158 168 168 173 181 187 190 187 186 188 187 183 184 183 183 186 183 180 180 177 178 180
65 64 72 92 86 71 91 98 118 140 149 169 171 180 181 178 180 181 179 179 181 160 124 108 109 131 170 175 175 142 118 98 67 117 164 157 135 150 168 158 152 171 193 201 202 205 204 200 199 196 192 190 189 187 180 173 165 162 152 135 131 150 159 146 129 133 149 164 173 175 177 185 184 189 188 186 187 188 187 186 184 182 182 184 180 178 182 181 180 182
68 62 59 83 100 75 72 89 102 116 140 154 162 170 174 171 175 177 173 175 178 175 133 116 107 132 169 175 176 160 121 112 70 78 111 108 117 154 158 159 163 178 194 202 202 201 200 198 198 195 191 189 188 185 180 175 161 161 157 145 134 135 150 165 166 170 177 183 181 180 185 186 181 184 183 184 187 183 179 181 183 181 180 182 179 178 182 181 180 182
69 80 59 66 89 84 64 78 93 104 134 147 161 166 173 173 170 172 167 171 174 181 144 119 109 134 171 182 174 168 136 110 90 59 57 90 130 151 154 160 172 183 193 200 200 197 196 195 198 193 188 185 182 179 176 175 173 160 157 158 150 142 145 151 160 163 166 178 183 183 191 189 186 185 183 184 185 180 177 181 181 179 178 181 178 177 180 179 179 179
68 66 74 60 69 80 74 66 80 92 111 131 152 158 165 170 166 168 166 172 169 173 158 126 116 133 173 188 174 170 155 119 91 73 61 96 132 143 158 164 179 189 194 200 200 197 197 195 196 191 186 183 181 178 176 176 167 160 163 163 152 149 158 162 170 178 179 186 191 185 185 187 184 181 178 178 177 174 174 178 179 177 177 179 177 176 179 178 177 173
51 60 64 81 72 67 78 62 69 81 85 113 139 148 154 162 162 164 166 173 164 163 172 138 116 129 171 184 181 175 166 143 108 91 91 109 135 150 153 166 180 190 192 196 197 196 196 192 195 190 186 185 184 181 179 178 170 166 161 161 163 157 156 166 168 179 178 178 187 183 177 181 178 177 177 177 176 175 175 174 178 177 176 178 176 175 180 180 172 165
55 64 63 67 79 78 69 70 52 76 71 98 122 138 145 152 159 155 167 160 165 162 164 157 132 124 166 180 176 178 171 168 137 112 108 121 135 148 161 175 185 188 191 193 193 194 193 191 191 190 188 186 185 182 178 179 173 167 164 162 161 161 159 161 169 174 178 178 178 178 178 177 172 168 171 176 175 175 177 177 179 176 180 181 179 178 184 175 159 154
51 56 58 69 74 75 78 72 67 56 69 79 106 124 149 148 158 156 166 160 165 161 162 157 140 117 145 175 179 176 173 166 158 136 123 126 140 156 167 179 188 189 191 191 192 194 194 192 191 189 188 187 185 182 179 177 175 169 168 166 165 163 158 158 162 166 170 174 175 176 175 175 175 172 170 171 173 175 176 175 176 174 177 179 181 180 179 165 161 156
44 57 52 55 66 72 82 85 77 59 58 60 78 108 133 139 154 152 157 152 159 156 158 159 150 124 128 158 171 166 172 170 166 154 139 131 143 160 171 182 189 188 188 188 189 192 192 190 193 190 191 190 184 181 181 179 176 171 168 165 164 164 163 167 166 167 171 174 176 174 172 170 172 171 168 168 173 177 177 176 178 182 179 178 185 175 162 152 153 150
37 48 58 61 59 68 78 73 69 77 53 51 65 96 110 130 138 140 144 142 150 146 145 147 150 135 122 136 163 165 164 158 156 149 137 134 149 168 177 180 187 186 187 187 187 189 189 188 192 190 192 189 180 178 181 181 175 171 168 162 160 162 166 173 171 171 173 175 175 172 169 168 170 171 171 173 179 180 177 179 172 180 180 176 178 165 155 149 151 148
33 35 53 53 49 61 69 74 63 74 60 47 55 65 80 98 119 126 128 128 133 130 132 138 140 139 128 123 144 156 156 152 152 149 145 146 154 166 176 180 180 180 183 185 184 184 185 185 188 186 188 186 178 178 181 179 174 170 168 163 160 161 162 165 166 167 170 172 172 169 168 170 169 171 173 176 178 174 171 175 174 179 182 170 157 151 155 148 157 150
40 33 46 45 46 50 48 66 58 53 67 60 53 50 63 70 90 103 111 117 120 121 126 134 129 131 133 121 126 140 151 155 152 148 146 154 164 174 184 186 177 178 183 186 185 184 185 186 185 182 183 183 181 181 180 175 172 167 164 160 161 162 160 160 165 167 170 172 171 170 171 173 168 169 171 174 173 170 170 173 170 177 172 156 149 148 153 149 153 141
56 36 43 46 40 43 43 50 58 50 53 56 43 39 46 52 57 75 89 104 110 113 116 119 120 118 123 119 124 130 138 139 145 148 149 157 166 169 177 183 179 180 183 186 186 184 183 184 182 181 180 180 179 178 174 169 168 164 161 158 160 164 162 162 168 171 173 173 171 171 172 172 170 171 172 171 170 173 174 173 170 157 139 129 134 135 141 142 139 130
72 56 47 41 41 41 34 37 39 53 42 51 57 40 34 36 47 60 67 81 90 99 104 104 115 114 112 110 116 116 123 127 135 143 144 153 164 163 166 171 175 174 176 178 177 175 173 173 178 179 177 174 173 170 165 164 164 163 164 161 160 162 161 161 166 169 171 170 169 170 170 170 170 171 171 167 165 170 171 164 145 107 103 122 127 125 131 117 126 124
59 73 75 66 57 44 45 41 47 49 49 38 44 42 33 41 33 37 49 66 79 90 102 104 101 103 107 105 107 108 106 113 117 125 129 130 141 154 160 159 164 170 171 173 177 175 171 173 174 169 166 168 168 166 163 160 159 162 162 160 159 159 159 163 165 169 170 169 172 171 169 171 174 167 166 161 173 174 154 115 78 75 86 90 110 106 104 106 125 131
54 61 66 64 68 66 64 54 55 51 56 52 47 46 44 37 30 37 40 52 61 71 83 96 102 108 113 110 109 108 106 112 106 110 116 126 137 143 145 147 158 162 164 164 166 165 163 165 162 165 164 159 157 160 159 154 151 153 153 155 160 163 164 165 163 162 164 171 174 169 166 169 164 161 164 166 162 120 74 43 44 56 70 73 83 87 97 110 117 124
62 62 63 56 59 67 69 62 60 54 54 48 56 57 42 48 48 50 44 50 46 49 56 68 81 94 108 113 116 118 117 121 117 109 103 108 120 128 134 138 142 146 148 147 147 149 151 151 149 148 149 149 146 141 140 141 140 145 149 150 150 151 153 155 157 160 162 161 159 161 162 159 155 155 156 126 78 47 46 45 41 46 60 74 81 91 104 125 126 135
46 48 68 73 71 65 62 62 63 61 58 67 66 61 62 64 57 53 45 50 39 43 44 44 56 71 88 100 112 118 116 113 120 120 115 111 113 117 119 120 124 129 132 130 127 129 131 129 132 126 125 128 126 120 120 123 131 132 132 132 136 142 146 149 152 151 153 152 149 149 148 142 153 130 93 55 35 32 38 42 47 40 46 53 58 87 102 135 140 132
50 47 57 56 63 72 74 69 71 64 64 66 68 77 70 79 85 78 70 72 62 64 61 52 53 57 60 67 83 101 112 113 113 115 110 104 105 109 108 105 101 106 112 111 109 112 114 111 117 118 117 114 114 118 121 121 122 124 126 128 130 134 136 136 136 137 138 136 139 146 139 121 94 62 39 44 47 38 33 39 40 32 42 47 43 56 61 124 226 212
55 53 55 50 57 69 77 76 69 79 76 80 69 72 73 71 74 76 80 88 96 98 96 88 84 79 67 63 69 80 87 84 92 99 104 105 107 109 113 118 108 109 107 102 102 108 116 119 117 119 122 120 117 117 119 119 121 124 126 127 126 129 132 132 136 131 131 130 116 90 64 48 35 32 41 53 46 43 38 29 40 45 54 48 44 48 47 120 248 245
47 48 56 62 59 43 48 58 72 89 81 77 78 79 65 79 75 66 64 62 71 66 71 67 71 77 75 70 63 63 69 68 68 73 79 85 91 94 99 106 109 114 113 111 112 113 112 114 113 112 114 118 117 115 117 121 118 116 116 120 125 128 122 113 115 101 80 59 43 32 31 35 41 40 33 39 40 39 30 33 40 39 50 59 62 55 52 115 244 248
55 53 43 42 54 57 60 53 48 61 62 76 74 77 78 91 93 73 72 68 73 63 72 62 63 66 69 80 88 85 74 56 50 55 58 60 63 66 70 75 85 91 91 91 97 98 97 101 103 101 95 87 85 93 97 95 101 95 90 86 83 79 69 57 46 39 31 30 37 38 38 42 36 43 45 44 34 42 38 27 33 31 50 69 70 59 55 89 222 244
56 60 53 50 51 44 45 54 53 45 54 65 62 61 59 76 84 85 90 85 92 74 75 83 76 82 72 63 69 69 67 75 82 82 80 75 70 70 72 73 68 69 69 64 67 75 77 76 71 68 68 68 67 64 60 55 54 52 48 44 40 37 35 37 39 42 48 42 41 40 43 42 37 41 42 41 43 40 35 41 40 36 42 57 73 73 71 90 216 250
64 65 56 52 53 47 46 54 52 54 64 63 51 52 52 64 65 61 61 63 92 93 88 77 74 81 79 76 79 79 75 76 75 74 70 63 58 59 63 65 58 60 64 65 65 64 58 54 59 59 58 57 57 58 56 49 53 56 58 59 55 47 43 43 51 49 51 43 38 34 35 32 32 34 35 38 48 47 38 39 41 36 40 55 73 75 75 96 212 242
