72 54 62 75 71 99 93 75 68 87 95 87 92 85 84 86 82 69 55 68 80 68 82 92 81 86 99 114 121 114 109 119 159 203 228 231 230 230 232 227 224 223 221 221 222 222 222 224 225 226 228 225 224 226 226 227 229 222 223 227 230 232 228 226 226 229 226 231 229 225 232 230 229 228 229 230 230 230 230 230 228 228 229 230 230 231 231 231 232 232
59 65 65 72 59 76 85 69 73 75 75 94 82 78 77 81 90 88 62 50 84 76 71 77 81 84 91 91 88 89 79 58 69 79 98 135 175 195 207 217 231 232 228 224 225 227 228 230 229 223 223 224 227 227 224 225 228 232 230 223 226 226 222 227 228 229 236 228 229 236 227 228 229 229 229 230 230 230 229 230 229 229 229 230 230 231 232 232 232 232
61 64 55 78 69 70 89 73 79 83 83 84 80 76 86 85 91 90 106 83 69 81 85 92 108 111 114 114 107 105 94 64 59 62 64 72 98 129 153 173 200 219 229 230 231 230 226 226 228 229 232 229 227 226 226 229 228 224 227 231 231 229 229 237 229 224 230 232 227 227 230 234 230 229 230 230 230 229 229 230 230 230 230 230 231 232 233 234 233 233
59 58 57 86 73 66 86 71 72 85 75 85 74 77 66 72 78 86 88 115 101 86 67 66 93 100 94 90 87 86 88 76 72 69 68 63 66 77 93 119 155 177 189 190 196 203 209 215 214 218 226 229 231 233 234 237 235 227 230 230 226 228 229 227 230 236 228 228 230 229 233 230 230 229 230 230 230 230 230 230 230 230 231 231 232 233 233 234 234 234
61 67 72 76 61 64 75 56 77 79 83 78 87 73 61 62 60 66 67 105 90 75 57 48 52 70 70 68 68 68 71 62 58 55 61 62 58 58 75 108 148 172 187 188 186 183 183 190 203 190 186 191 195 194 191 194 213 227 231 225 230 234 228 227 228 227 231 230 228 233 233 228 229 229 230 231 231 231 231 231 231 231 231 232 233 233 233 234 234 234
76 78 69 57 57 71 74 61 80 78 78 91 72 81 83 90 74 52 57 68 63 63 53 56 48 46 42 43 44 48 59 60 51 50 52 56 65 73 75 80 69 93 127 158 179 186 191 199 209 209 202 185 177 184 189 191 184 189 206 216 223 238 246 244 238 231 230 233 230 228 232 229 230 229 229 231 232 232 232 232 232 232 232 233 233 234 234 234 235 235
78 78 61 55 61 66 79 76 54 85 64 84 69 62 45 73 94 78 65 67 74 79 68 52 53 48 56 69 70 68 68 66 73 77 78 80 78 70 68 68 67 62 74 104 131 149 166 180 186 183 190 200 205 202 195 194 196 190 188 182 156 126 135 177 212 230 235 231 232 231 230 232 231 230 229 230 232 233 233 233 233 233 233 234 234 234 234 234 235 235
72 79 63 66 69 64 82 72 69 98 80 72 66 57 63 54 62 65 60 59 58 65 54 68 80 80 81 73 67 68 64 59 56 62 66 79 84 79 83 84 88 78 85 104 114 124 151 178 192 191 193 195 206 215 209 200 205 201 197 145 70 47 57 55 53 97 208 249 231 233 228 231 233 230 228 229 231 233 233 234 235 235 234 234 234 234 235 235 233 233
56 61 64 64 68 61 67 73 86 89 76 72 69 65 74 79 81 89 99 99 105 107 100 108 101 83 76 70 64 61 56 61 68 71 80 95 107 115 123 126 133 135 133 135 139 139 152 176 197 198 193 189 195 205 206 199 201 206 189 119 70 81 90 153 62 35 99 213 245 228 235 234 226 233 231 231 235 233 231 230 235 233 232 233 234 234 234 235 233 234
50 51 71 51 63 66 73 89 86 90 82 82 91 98 108 114 118 113 128 134 124 126 125 115 96 88 87 80 74 77 82 94 112 126 142 154 158 161 165 167 167 169 166 162 163 161 158 161 166 175 183 184 183 184 183 181 196 208 197 151 115 151 137 69 48 32 46 126 227 238 233 227 229 231 229 231 233 228 230 235 235 234 233 233 233 233 233 234 234 235
50 51 71 62 73 69 76 91 95 102 101 101 112 124 130 132 128 126 131 136 131 130 131 120 110 105 111 118 132 149 157 163 166 171 175 177 180 183 182 180 175 178 175 168 166 168 166 162 158 161 164 166 168 169 169 169 173 186 192 199 198 179 113 65 26 38 46 109 231 235 228 233 239 235 230 234 235 232 234 236 234 234 234 232 232 233 234 234 235 236
63 70 67 80 80 74 92 101 118 106 107 121 134 137 138 145 129 141 143 151 159 155 153 149 146 151 164 171 177 185 184 181 179 180 181 183 189 193 192 191 188 185 183 179 176 178 182 183 184 180 176 174 174 173 168 163 165 164 162 165 179 168 120 119 92 69 75 146 241 233 235 236 229 230 231 233 234 234 235 231 233 234 234 233 232 233 235 235 235 236
83 82 67 75 81 98 121 117 113 108 122 139 147 151 151 152 152 162 164 172 173 169 174 169 174 182 192 190 186 189 190 190 187 182 182 186 195 198 193 193 195 190 190 193 193 193 193 190 192 194 193 190 187 186 183 179 177 173 167 170 164 161 164 164 153 152 141 173 232 233 236 241 239 237 233 231 231 233 237 235 235 235 235 234 233 234 235 235 235 235
78 64 77 81 93 102 102 102 120 116 129 151 162 165 169 170 180 186 183 183 179 176 184 182 185 190 196 198 199 202 201 196 193 185 182 184 193 196 189 192 201 199 197 193 191 194 198 198 199 200 199 195 192 192 190 186 179 182 178 180 176 171 176 169 167 172 162 161 162 167 189 208 227 232 235 237 234 231 234 236 237 236 235 235 235 234 234 234 235 235
65 72 94 86 92 108 107 111 115 130 143 158 167 172 179 177 179 187 185 184 185 183 184 185 184 184 185 186 186 187 189 187 185 187 192 189 187 184 177 185 187 193 196 196 195 198 202 203 204 202 200 200 200 197 191 186 185 182 185 177 175 182 185 180 176 177 168 163 160 160 156 154 165 190 214 234 242 238 234 232 238 235 234 236 237 235 234 234 235 234
84 86 80 95 101 107 109 122 136 152 158 171 179 177 183 187 187 189 190 189 188 190 193 190 191 188 186 186 185 185 188 187 189 193 199 194 193 190 181 185 195 194 191 191 197 201 203 205 202 200 199 200 198 194 192 194 186 182 185 182 178 175 178 181 180 177 177 176 172 167 158 154 150 152 148 162 200 233 244 241 237 233 232 236 238 236 235 235 235 233
82 80 83 102 110 123 120 129 160 167 172 179 184 185 189 192 190 195 197 196 196 197 197 198 195 195 200 201 202 204 197 184 177 186 201 201 190 177 173 185 198 198 188 188 199 204 204 204 203 202 201 202 200 199 202 198 194 192 187 181 178 178 179 179 181 183 182 177 171 170 170 168 158 154 152 145 143 166 204 234 237 239 235 237 230 236 239 238 235 235
72 83 83 105 115 126 132 145 170 181 184 187 190 191 195 198 199 200 200 198 198 198 196 196 196 200 202 202 199 193 181 164 168 180 200 193 185 179 164 174 200 197 187 186 192 201 207 206 204 206 203 201 199 199 201 198 195 194 189 183 178 177 175 171 169 173 175 173 169 169 169 166 164 166 160 156 155 138 139 174 225 245 240 236 240 230 231 236 235 235
67 78 80 110 118 126 147 156 172 186 189 190 194 195 198 201 198 200 201 200 198 196 199 203 206 207 208 210 193 168 163 166 180 197 201 184 176 162 153 182 201 191 179 183 199 209 210 203 201 207 208 206 205 203 201 197 192 188 186 184 181 177 173 169 164 166 170 173 173 173 169 162 167 163 174 173 158 155 148 130 152 206 247 238 234 232 238 237 236 236
68 80 84 116 133 139 156 169 180 194 195 195 198 195 194 197 198 195 192 195 199 201 202 204 203 207 209 208 187 165 163 162 184 200 189 167 141 119 147 199 206 197 183 190 208 212 209 207 209 212 209 209 209 206 203 200 195 186 183 186 184 177 169 165 154 151 156 167 173 174 171 166 164 167 169 165 164 166 157 148 134 140 193 237 243 233 236 236 235 235
73 83 101 127 140 154 172 180 187 198 198 200 204 197 193 197 200 196 192 194 196 198 200 204 212 212 212 206 183 168 169 165 183 193 177 142 94 80 139 197 208 193 180 192 210 213 212 212 217 213 209 213 215 208 202 198 196 188 183 183 180 173 160 147 137 135 150 173 184 184 180 177 172 163 163 167 169 166 159 158 147 136 129 183 234 239 231 234 235 235
75 97 123 137 151 168 178 186 192 198 198 202 206 200 197 200 200 200 199 197 195 194 200 208 215 210 207 197 176 164 164 166 173 184 155 102 64 70 130 191 204 184 174 190 208 217 219 215 214 207 205 216 220 212 203 195 187 184 182 179 175 170 152 129 114 121 146 174 184 184 183 183 182 169 163 162 165 170 170 169 162 145 135 128 160 234 246 239 236 236
86 117 127 131 165 179 180 203 201 205 203 204 205 202 202 204 204 201 197 197 200 202 204 206 207 210 209 191 179 175 163 158 176 176 127 78 63 77 134 190 203 194 183 189 204 212 217 220 215 204 202 214 218 213 205 191 180 179 181 177 168 156 131 102 82 82 98 124 144 164 179 182 177 170 167 164 159 161 165 173 170 170 155 140 132 162 217 243 238 238
86 99 122 145 172 186 192 194 201 204 202 200 201 203 208 208 206 203 199 198 201 203 205 205 208 214 214 192 176 163 148 157 169 147 93 72 65 80 147 188 203 201 178 174 199 211 213 222 216 206 207 218 219 212 199 178 178 174 175 172 155 128 95 65 60 80 111 129 132 144 163 172 176 176 169 159 159 161 162 170 173 169 173 163 154 131 148 205 247 246
90 112 132 156 178 187 194 200 200 203 203 203 202 200 202 206 205 208 206 202 203 203 203 206 211 212 216 199 173 156 138 151 166 123 81 75 64 77 146 191 203 199 163 159 191 207 214 220 218 214 211 219 221 205 188 179 171 177 170 151 126 85 59 73 105 124 122 124 145 159 173 171 172 169 173 170 166 164 163 172 171 174 178 171 170 152 128 146 186 224
111 137 155 167 182 194 202 206 201 205 207 205 205 206 206 206 204 207 207 206 208 208 207 209 214 213 215 198 168 141 122 141 158 106 79 72 71 103 156 191 205 198 157 146 181 202 208 214 216 220 219 219 214 197 181 173 177 166 148 117 81 60 79 123 143 132 93 77 108 135 152 160 166 167 172 176 178 176 170 170 170 175 177 176 172 175 167 136 129 151
118 146 163 173 186 196 203 206 203 208 209 206 206 208 208 205 203 205 205 208 211 210 209 210 214 216 214 195 162 129 109 134 152 105 85 64 56 94 146 194 213 201 156 142 179 201 205 216 224 223 215 209 202 187 174 166 154 142 115 77 60 83 123 154 159 141 95 71 107 145 156 167 176 176 174 177 180 179 179 177 177 180 177 184 178 173 178 160 133 126
120 143 161 177 192 199 204 210 208 210 211 208 206 207 208 207 206 206 206 209 211 210 209 210 213 220 216 192 157 120 98 125 140 104 78 65 61 83 138 195 213 198 153 142 181 200 201 216 224 218 210 204 192 175 161 149 138 112 80 68 93 140 172 178 181 165 122 83 110 166 175 170 184 187 183 183 183 181 185 184 182 185 183 183 186 182 174 172 161 142
128 148 165 182 197 202 209 217 212 212 213 213 209 208 210 211 213 211 210 211 213 213 212 213 215 222 216 193 154 108 81 108 124 91 79 123 115 77 126 192 206 190 147 142 183 201 200 209 209 205 201 194 178 166 153 134 112 82 82 123 160 182 193 196 192 183 146 85 86 165 195 186 187 193 191 191 189 187 192 191 191 190 190 184 189 194 183 175 169 152
131 157 176 189 202 209 215 219 213 212 215 216 212 208 210 213 215 213 213 214 214 215 216 216 217 219 213 197 158 101 70 97 114 81 64 94 69 35 103 170 197 183 141 143 188 206 204 204 203 198 190 180 168 159 143 115 89 97 134 176 187 188 195 194 189 189 164 93 64 145 197 198 197 198 195 194 193 193 196 196 201 201 196 197 197 191 188 184 175 162
139 169 188 199 212 220 223 222 216 215 217 217 212 210 212 212 213 213 215 216 215 216 216 215 216 215 208 196 159 102 70 95 103 74 62 58 30 30 99 165 185 171 133 151 196 206 207 205 207 201 189 178 164 146 123 99 95 143 182 191 188 194 201 196 192 185 159 94 53 120 178 193 201 200 201 200 200 199 194 194 199 207 200 204 204 196 193 182 178 169
154 179 193 202 216 225 226 223 223 221 221 217 212 213 215 212 211 214 218 218 216 216 216 214 215 213 204 191 155 102 72 93 101 68 63 49 50 84 119 161 179 162 131 163 206 205 210 214 208 204 191 177 156 129 114 113 146 191 203 194 195 194 194 200 196 185 157 96 44 91 149 181 201 198 203 202 203 202 195 197 199 198 198 204 198 196 201 189 183 174
166 181 197 206 215 224 226 224 225 223 222 219 216 215 217 220 219 217 222 218 220 220 219 214 214 216 202 188 163 105 72 89 102 68 60 51 69 93 120 157 176 149 131 177 215 209 210 209 211 206 191 172 152 133 134 154 188 204 199 195 197 194 198 199 195 189 160 112 60 64 121 163 187 202 198 201 201 197 196 193 197 201 199 202 200 197 201 194 191 185
173 186 202 210 218 226 227 228 228 226 227 225 219 218 220 219 222 221 223 220 222 221 221 214 213 207 196 188 167 120 88 90 99 84 71 68 75 107 131 158 167 147 154 192 207 203 204 201 203 206 191 170 162 163 172 187 201 204 195 192 197 196 199 205 199 188 163 132 98 108 141 147 175 190 193 196 200 199 195 194 196 199 202 202 204 202 199 201 198 193
182 192 210 215 221 228 225 230 228 225 227 225 217 217 221 217 223 223 222 221 223 220 222 213 209 204 196 189 170 131 100 93 100 104 89 79 80 100 125 157 166 153 177 202 204 205 201 196 203 202 186 169 173 184 187 186 188 191 196 197 198 199 200 206 205 193 168 136 116 141 168 146 153 189 191 188 196 196 195 191 193 192 198 203 203 202 202 206 201 197
185 195 214 217 224 229 222 230 228 226 226 223 216 219 223 221 221 224 221 223 226 221 223 210 210 205 193 186 178 147 111 96 104 115 108 88 88 80 104 157 176 172 192 202 201 201 197 198 201 193 182 178 185 192 188 180 168 162 185 199 198 205 207 205 205 195 173 142 121 145 187 178 148 176 191 184 190 200 202 196 192 187 190 204 201 198 209 205 194 192
180 192 213 217 225 228 220 229 227 227 224 219 217 218 221 223 220 224 223 225 228 222 222 207 205 201 192 186 180 158 127 108 109 118 121 106 104 87 105 165 190 192 200 200 193 190 193 200 196 187 186 189 188 190 192 188 154 114 136 177 189 202 207 202 205 192 175 155 132 134 180 195 166 157 189 184 180 197 199 198 194 187 189 203 201 199 208 202 191 193
173 190 209 216 225 227 219 228 225 227 223 218 218 216 217 221 217 220 222 223 226 221 217 203 201 197 192 185 173 158 141 125 124 127 131 130 124 126 138 181 200 198 198 199 193 193 200 201 198 190 190 191 187 189 191 185 142 79 96 160 189 198 205 208 206 198 179 155 133 130 175 192 160 158 189 191 185 189 199 199 196 190 192 197 202 203 199 199 196 200
172 192 208 214 225 225 220 226 227 226 223 221 218 216 218 222 215 216 220 218 221 220 215 203 206 197 188 180 173 165 153 141 148 151 153 154 150 163 174 192 200 197 197 197 197 202 203 199 198 194 191 190 191 193 191 183 144 84 87 147 185 196 200 206 205 204 185 152 132 139 195 212 184 172 189 195 190 181 198 206 199 195 193 193 200 204 200 201 200 203
175 196 208 214 224 224 220 224 226 221 220 219 214 213 217 220 216 215 220 216 220 222 217 208 205 203 191 180 176 170 163 164 167 177 179 172 176 179 192 191 194 199 202 197 196 200 196 197 194 196 193 188 189 190 188 187 168 117 99 135 180 200 201 201 204 204 190 161 137 139 206 236 215 149 183 204 197 187 186 202 204 201 192 195 199 203 212 205 205 207
173 192 206 213 219 222 221 221 222 212 215 217 215 211 209 218 211 215 218 218 220 220 215 210 207 202 196 188 183 178 173 177 181 191 190 191 192 189 192 194 192 196 198 196 196 196 195 195 195 192 192 191 189 189 191 190 181 152 129 133 171 199 204 200 203 205 187 170 140 125 175 227 212 152 183 221 205 187 179 189 194 190 184 194 196 205 214 211 210 213
169 185 200 210 217 217 217 222 212 220 216 209 212 216 213 206 206 212 218 220 219 215 212 211 208 204 200 192 186 181 178 183 188 196 196 199 202 199 196 195 195 197 196 195 196 195 193 194 193 188 187 188 191 195 196 192 189 171 150 136 159 190 203 198 201 209 188 171 142 122 167 219 221 189 193 219 213 191 176 182 190 187 185 188 193 205 207 212 213 215
161 177 192 204 212 213 213 220 213 220 214 213 214 214 215 207 206 210 217 221 219 214 213 215 209 205 202 197 192 189 187 191 196 200 199 202 208 207 204 200 200 199 197 196 196 193 191 193 193 190 191 196 203 210 210 204 193 181 163 137 142 172 193 189 196 207 189 169 140 123 169 224 225 213 189 212 218 192 171 173 185 185 186 182 189 204 198 209 211 210
154 173 187 196 207 213 213 215 218 214 214 219 214 212 217 215 211 211 215 218 217 216 216 217 207 202 199 196 196 195 192 194 201 204 204 207 213 215 213 210 211 209 207 206 204 198 195 197 200 201 205 211 217 222 219 209 188 175 161 133 126 148 174 177 184 196 194 171 140 123 157 212 222 208 173 203 217 191 170 168 181 184 185 179 186 200 194 203 205 200
155 173 185 192 205 213 213 214 215 212 217 214 209 214 216 214 213 213 215 215 214 215 215 213 203 198 196 195 193 193 190 190 194 199 204 207 211 213 210 208 211 211 210 211 207 199 196 200 206 206 209 213 217 218 210 198 182 169 156 129 114 127 153 165 176 191 196 169 144 126 138 195 213 195 163 190 209 186 165 164 180 184 180 178 183 195 197 198 204 196
154 172 183 191 203 209 210 214 212 212 214 209 213 215 208 212 212 214 218 217 213 212 212 208 201 198 199 195 189 186 183 183 182 187 194 195 197 200 198 197 198 199 200 201 198 192 190 195 200 197 198 201 205 206 198 187 177 167 153 124 107 110 133 151 162 183 182 150 137 118 114 173 208 196 168 178 200 180 161 163 177 181 173 177 181 193 201 195 205 197
140 165 182 189 200 205 206 210 210 211 209 211 216 210 205 214 209 210 216 218 213 210 208 205 201 197 198 192 184 179 173 171 172 176 183 182 183 188 186 185 184 184 184 185 185 182 183 189 187 184 185 188 191 192 189 181 175 165 149 123 107 100 114 138 154 178 174 144 131 110 108 163 210 203 176 169 193 175 162 163 171 175 168 175 182 193 197 188 196 189
122 158 182 187 196 204 203 204 204 211 209 210 210 206 210 212 206 204 210 216 213 208 205 202 198 193 192 187 179 173 165 160 160 164 173 174 176 180 175 172 172 172 170 171 172 173 175 181 179 178 180 182 182 181 180 177 174 162 145 125 114 97 104 130 149 171 165 139 121 105 123 177 207 199 171 158 184 167 161 157 166 169 165 174 184 193 190 181 182 177
106 136 165 179 191 201 203 204 209 210 205 206 207 203 206 208 205 201 202 206 207 205 203 202 198 194 186 181 177 171 160 151 151 154 158 161 161 161 154 157 153 157 159 157 158 161 164 168 169 169 174 173 173 174 171 173 171 157 139 124 107 94 92 119 139 163 162 132 112 109 132 174 207 200 163 152 183 172 148 152 167 162 162 171 181 186 183 177 179 171
97 128 159 173 182 195 200 199 205 207 203 203 200 195 199 202 199 203 204 202 203 205 204 201 195 193 193 187 176 165 154 145 144 141 145 144 132 133 134 140 145 144 145 149 153 154 155 157 160 161 165 165 168 173 171 172 168 155 135 122 109 97 93 109 130 155 156 129 109 106 130 175 202 184 145 156 184 169 154 147 161 161 164 170 176 180 182 180 176 168
98 125 152 166 174 184 194 198 198 200 199 199 198 194 195 197 194 199 202 201 203 204 200 193 192 190 189 183 167 153 143 134 130 127 128 122 113 119 120 126 139 138 139 143 148 150 149 150 156 158 161 160 163 167 168 170 167 149 126 121 113 105 103 110 124 144 149 128 107 102 136 190 201 138 122 163 179 166 150 150 163 165 169 170 170 173 177 176 177 170
97 119 142 161 174 178 187 200 194 194 193 195 197 195 193 191 195 188 188 194 196 197 197 194 186 185 184 182 170 150 130 117 116 117 108 95 94 99 97 116 136 142 145 145 145 148 150 149 152 153 154 154 157 162 165 171 158 127 105 117 116 111 115 120 123 139 145 126 110 124 167 211 205 121 118 166 173 161 146 156 167 167 168 167 166 169 172 169 178 173
86 104 130 158 171 176 188 195 195 192 190 189 191 192 189 185 191 179 182 192 192 193 197 196 189 188 183 180 173 148 120 108 109 103 93 90 92 81 70 101 140 146 153 154 152 153 156 157 154 151 145 145 150 154 158 164 138 94 78 111 118 112 117 121 123 140 146 121 110 146 187 204 192 132 128 162 164 153 147 151 166 164 164 163 163 168 172 168 173 172
80 93 120 148 158 172 191 187 193 189 188 185 185 188 189 189 190 185 191 196 193 193 195 191 188 189 183 177 167 137 107 98 104 95 96 99 87 60 52 96 146 146 153 162 162 159 160 162 163 156 140 136 144 150 153 155 129 83 72 109 122 117 115 118 127 141 148 123 103 128 161 169 150 103 135 163 160 159 158 159 168 165 166 165 163 168 173 171 172 172
77 87 108 134 147 166 188 184 188 184 185 182 181 187 189 190 191 192 192 190 188 189 190 190 190 189 179 168 152 121 96 92 96 95 97 83 62 53 66 118 156 149 152 162 165 163 162 162 167 161 140 129 138 151 157 155 139 106 91 109 118 120 116 122 132 141 148 128 108 120 143 153 128 85 148 168 162 165 163 166 173 168 169 169 165 169 174 173 173 172
67 81 97 124 146 162 181 186 185 181 183 180 178 184 183 183 182 185 183 183 187 187 184 186 187 186 180 171 150 116 91 85 89 93 84 59 61 89 110 147 170 161 159 165 169 170 169 166 170 169 144 126 132 148 157 153 153 132 111 105 108 117 116 128 133 145 146 128 125 150 166 163 116 100 152 157 163 164 169 171 173 167 167 169 166 170 175 174 171 169
66 80 92 112 138 158 174 181 183 180 180 180 182 178 181 177 176 181 181 187 186 180 185 184 185 188 182 177 155 121 90 81 89 87 64 56 98 145 161 165 182 168 162 169 176 177 175 176 179 176 164 145 127 127 137 136 136 120 106 106 106 115 116 132 140 149 147 125 115 151 165 142 72 102 151 162 158 168 169 177 174 168 163 160 163 169 172 177 173 169
64 78 85 102 131 151 164 173 180 182 181 177 179 177 182 180 177 181 180 184 183 180 186 185 182 183 181 180 154 116 85 78 88 70 58 64 101 136 151 173 196 179 160 170 184 183 184 184 183 182 178 167 147 132 123 110 102 98 87 98 108 115 119 135 148 154 150 126 115 148 149 117 84 124 148 153 159 165 170 172 170 165 162 161 165 171 172 175 173 170
60 73 77 96 129 145 155 170 172 180 182 177 179 175 178 177 180 179 174 177 181 183 187 182 177 177 183 186 157 114 83 79 87 68 62 79 90 84 113 175 205 190 160 170 191 190 193 193 188 188 187 183 169 151 131 111 105 113 100 103 112 118 129 144 153 151 147 123 97 105 95 69 95 138 152 156 164 167 168 167 164 160 160 160 167 172 172 173 166 162
59 69 72 92 126 138 146 168 167 177 181 178 181 175 174 172 173 178 178 178 176 177 183 183 187 184 186 183 149 108 82 84 97 73 60 102 116 80 106 174 201 192 163 168 193 194 194 197 192 194 196 196 186 167 141 114 112 131 127 116 115 122 134 146 151 153 152 123 59 26 33 44 102 135 156 162 164 165 165 163 162 160 160 160 164 168 166 166 160 155
59 69 71 84 113 127 137 159 166 173 175 176 182 174 173 172 171 177 180 179 175 176 180 181 187 187 188 180 146 110 87 91 110 87 63 76 60 26 80 165 191 188 165 163 190 199 193 198 201 206 207 206 197 181 156 129 117 131 141 130 125 131 141 152 156 153 142 120 56 20 44 72 115 138 155 159 158 159 163 160 162 162 162 160 162 163 161 161 163 157
51 64 72 81 105 123 133 149 160 165 169 173 180 173 171 170 175 175 177 178 179 181 180 176 179 184 189 181 151 118 94 100 120 89 59 43 26 29 90 161 184 185 166 161 190 202 193 198 200 203 202 200 195 187 173 155 123 119 132 132 132 135 142 150 153 152 141 118 60 34 64 92 131 154 156 160 161 159 166 159 160 161 164 162 163 165 163 164 165 159
48 57 70 82 101 120 132 146 154 161 168 172 176 171 172 169 174 175 178 179 179 180 179 179 183 186 187 176 149 118 95 108 131 100 64 47 56 83 122 158 179 186 167 165 192 201 195 198 200 201 199 200 198 191 183 173 141 121 122 129 137 135 141 143 146 144 144 120 63 41 66 103 140 155 158 164 165 161 165 160 160 163 166 165 166 167 165 165 163 156
56 54 66 81 96 112 129 147 158 164 171 170 171 171 177 173 178 174 175 176 180 182 180 177 179 182 182 172 148 116 92 109 137 117 68 53 78 107 139 163 175 188 169 172 196 197 196 199 203 200 196 199 196 189 184 181 171 139 118 119 128 125 137 136 140 127 134 116 65 45 67 116 140 141 155 162 160 159 159 162 167 169 171 168 167 166 160 159 161 154
60 60 65 74 87 105 125 142 158 172 169 169 169 167 174 170 172 169 171 174 174 176 179 178 176 177 180 173 159 129 106 118 143 128 76 58 63 92 140 159 170 179 163 170 196 197 195 197 194 196 194 189 188 191 188 181 177 161 137 113 104 118 133 133 125 119 116 99 51 34 74 106 129 139 151 157 160 159 160 171 174 173 167 162 159 159 160 155 152 151
65 62 73 72 80 104 121 140 145 157 161 166 167 168 174 171 171 169 170 171 172 173 174 172 173 175 176 168 160 141 121 127 146 139 92 65 62 84 129 159 179 178 159 170 197 198 194 194 195 190 189 191 193 190 187 184 180 173 161 132 99 100 122 134 126 115 101 81 46 43 82 107 128 136 147 155 166 172 172 176 172 170 163 157 154 154 154 147 152 153
73 65 78 73 77 99 111 130 133 141 153 163 166 168 170 170 170 171 170 169 171 172 171 170 170 172 174 162 150 142 130 124 144 148 111 73 54 63 100 145 177 173 159 172 196 198 193 187 191 186 187 192 192 188 185 186 181 176 166 151 124 96 97 119 125 121 108 89 70 76 107 122 139 151 164 168 174 180 178 177 163 159 149 145 145 148 151 147 149 150
73 68 76 78 80 93 108 121 118 124 140 152 163 169 167 171 169 172 169 167 171 173 171 170 171 173 180 167 143 137 133 123 141 152 131 92 59 54 86 141 166 169 163 173 190 194 192 184 181 185 189 188 184 183 184 183 182 176 168 165 148 109 84 90 104 109 108 107 112 128 148 154 170 175 182 181 180 178 167 157 148 145 140 144 148 148 147 144 145 144
62 69 69 79 80 85 109 115 119 125 137 147 163 168 162 169 170 172 169 166 170 172 170 170 168 169 177 171 149 132 128 129 139 150 143 111 72 56 80 134 162 168 168 175 183 186 188 183 181 188 192 187 182 183 185 184 179 172 169 163 149 132 106 80 73 84 97 118 148 173 186 187 185 183 184 178 168 160 149 142 143 140 139 147 152 147 144 144 147 145
43 59 59 70 72 77 107 115 129 139 146 149 162 165 158 166 171 172 170 168 169 170 170 170 169 170 171 175 167 140 127 138 146 154 153 131 96 79 92 133 164 169 173 181 184 181 180 178 182 183 185 184 183 183 183 182 177 173 170 164 156 149 132 108 101 119 141 163 181 189 187 185 176 171 170 162 148 141 139 140 140 139 137 145 149 145 145 149 148 146
46 52 58 63 65 68 85 106 127 143 149 149 156 158 157 165 170 169 169 169 167 167 168 167 165 167 165 172 173 151 133 136 146 153 150 139 120 109 114 140 167 173 177 182 183 179 176 175 177 175 176 179 181 181 181 179 174 174 172 166 157 144 133 130 126 145 168 179 180 175 167 164 165 155 152 147 140 139 137 135 132 139 141 146 149 147 146 147 146 147
49 40 54 62 68 71 76 111 126 145 154 152 152 153 157 163 165 163 165 166 163 163 164 163 161 165 165 170 174 165 149 136 146 153 146 139 132 126 125 140 171 178 178 175 176 178 179 180 177 177 178 181 184 187 186 184 183 176 172 168 160 154 147 135 125 135 147 154 159 162 161 160 155 149 149 145 136 135 134 130 135 145 147 146 147 147 149 148 154 156
48 47 54 64 66 74 71 91 123 140 149 159 152 149 151 158 155 158 160 163 166 160 158 165 164 166 168 165 172 173 154 144 141 150 148 146 143 139 127 141 171 177 174 171 176 178 178 175 176 175 178 181 181 184 187 188 184 181 174 168 163 158 152 142 144 146 146 150 158 156 152 155 153 154 152 143 131 130 136 140 141 141 145 146 147 149 150 153 161 157
44 53 53 56 59 67 65 85 105 132 149 146 149 151 149 154 152 152 157 164 165 161 159 161 165 166 160 158 165 167 161 152 145 140 154 145 154 149 133 145 165 173 171 170 173 174 175 174 176 174 176 180 182 184 185 183 179 178 173 168 164 162 160 153 147 154 157 154 154 155 154 152 150 142 138 135 130 129 138 148 150 151 151 151 152 155 157 162 167 162
40 51 50 56 62 66 59 75 92 115 138 131 144 150 148 149 148 157 159 158 162 163 160 161 163 165 157 156 159 161 165 158 146 137 146 154 161 147 138 148 165 171 170 170 173 172 174 175 177 174 175 178 181 182 181 177 180 178 171 165 160 160 162 159 159 159 157 154 154 156 152 144 136 125 123 133 142 145 147 150 151 152 151 155 163 164 161 162 154 152
48 44 51 65 66 68 58 70 88 101 120 125 131 135 142 146 145 151 157 159 159 161 164 165 162 163 160 157 154 152 154 149 148 148 149 162 157 151 146 150 168 170 168 169 172 171 173 175 178 176 175 176 178 178 177 175 177 176 171 167 162 161 164 160 158 157 156 155 150 139 129 124 126 135 146 151 149 147 148 149 154 158 158 162 167 161 155 153 145 149
65 48 62 72 58 63 59 68 72 84 96 118 120 119 130 139 142 134 145 157 152 149 155 157 157 155 156 153 150 151 148 147 149 153 162 155 149 162 152 151 164 167 167 169 169 168 171 173 176 176 176 175 175 174 174 174 172 172 170 169 164 159 157 151 145 137 128 126 130 129 132 143 150 154 155 154 155 158 159 158 159 165 162 160 155 147 148 152 151 156
73 62 74 72 48 56 57 62 78 87 82 106 115 114 117 122 130 134 134 135 140 144 146 150 162 156 156 150 150 152 146 147 154 153 160 152 156 159 160 155 159 164 167 169 168 166 170 172 171 174 176 175 174 172 171 173 171 171 170 171 170 168 168 164 157 158 155 158 167 165 159 160 165 160 154 155 159 161 160 161 164 166 161 161 158 151 152 151 151 151
70 74 70 64 50 58 58 58 72 78 80 100 116 115 114 112 107 125 120 109 119 130 130 134 143 145 147 148 152 152 149 152 160 158 156 160 166 156 163 161 159 163 165 167 167 166 170 170 168 172 172 172 172 172 172 173 174 173 171 171 169 168 172 170 173 175 170 163 161 161 162 165 162 160 161 164 162 156 155 162 171 165 155 159 159 157 160 154 157 152
67 79 55 52 57 64 62 61 64 63 73 80 88 93 113 122 109 117 122 117 111 112 115 116 112 128 135 145 150 146 148 151 157 160 162 161 157 165 157 159 162 162 160 162 164 166 168 166 168 170 169 168 171 172 173 174 172 173 172 174 171 169 171 169 167 169 171 171 170 170 169 168 162 164 164 163 162 165 182 203 214 211 207 207 193 176 169 156 152 145
69 74 46 52 56 52 59 63 61 58 68 72 90 86 89 93 98 108 115 122 124 119 118 119 107 104 109 117 132 146 149 154 154 153 158 161 158 162 166 160 164 162 164 163 162 162 162 165 168 169 167 167 169 167 167 170 169 170 169 170 171 168 172 169 169 169 172 168 169 170 169 168 166 168 163 169 189 214 237 248 246 246 244 242 243 243 239 236 216 200
67 47 43 53 49 46 50 63 61 62 64 61 78 72 75 80 86 87 85 96 111 119 126 133 127 117 110 104 111 127 133 135 145 145 149 153 152 153 159 163 165 162 164 164 161 159 158 161 165 165 169 173 171 168 166 165 165 165 167 165 163 166 171 169 165 169 170 173 172 170 174 173 179 191 207 226 241 248 249 241 245 244 243 244 246 246 247 250 255 250
50 29 46 56 54 47 43 57 53 61 64 62 68 59 68 75 78 72 70 79 85 86 96 106 117 126 127 108 92 96 103 106 111 121 129 134 141 150 157 161 158 156 162 164 162 162 160 159 157 165 167 161 160 166 169 167 170 168 164 168 169 175 164 170 176 174 177 190 202 207 221 228 234 246 247 247 250 246 244 245 243 243 245 250 250 244 241 243 246 245
47 46 58 55 57 46 41 44 46 54 56 54 58 63 75 63 77 78 80 79 72 72 78 76 80 80 84 93 99 94 89 90 84 83 88 100 109 114 122 132 149 149 157 161 163 172 175 172 174 174 169 168 173 174 171 172 173 174 171 161 151 150 152 151 141 161 221 229 255 246 243 244 239 243 246 245 240 240 248 247 247 243 240 242 245 246 248 252 246 246
52 58 69 61 55 44 41 31 36 49 46 38 43 59 72 55 58 70 68 61 64 76 78 66 79 78 71 72 83 87 91 100 96 90 88 88 89 96 111 123 131 138 147 148 149 161 166 164 170 169 169 171 174 178 178 174 165 156 135 115 162 200 203 179 198 197 188 223 239 240 244 243 244 248 241 240 247 245 242 243 247 246 244 244 245 246 244 244 243 246
60 56 74 68 48 42 39 28 30 40 38 38 44 47 57 63 59 72 70 73 85 79 69 71 79 75 67 69 75 72 77 91 95 116 131 120 102 104 120 129 135 143 148 139 132 136 138 140 137 137 157 168 150 139 145 147 150 141 139 183 209 171 101 59 60 104 172 211 232 242 244 240 239 240 242 245 244 244 247 243 242 245 246 245 245 245 245 244 244 246
72 73 78 61 38 38 33 32 35 35 32 41 48 45 47 63 69 73 67 72 79 65 61 78 87 84 78 80 82 79 76 70 64 71 87 106 120 122 120 118 105 104 98 88 91 108 128 148 157 159 151 114 78 93 138 162 153 153 183 189 176 162 71 34 38 37 104 200 239 245 240 244 244 244 238 242 251 250 245 242 245 246 246 247 247 246 247 250 247 246
67 94 81 53 40 41 31 37 35 42 41 35 34 42 46 54 55 62 60 60 68 72 76 80 75 74 80 93 88 79 80 76 63 65 66 72 83 89 99 113 111 105 93 81 77 77 81 94 102 114 107 86 94 132 157 155 149 153 168 207 206 91 26 46 40 49 124 238 248 239 238 246 242 245 244 243 241 239 244 248 246 243 243 246 247 245 244 247 249 246
89 86 60 39 41 42 40 21 27 36 41 35 40 44 52 55 54 61 60 61 73 72 73 68 74 83 93 90 77 74 79 81 73 70 74 77 76 81 85 104 147 151 120 97 84 75 70 66 55 58 96 135 139 145 143 133 146 149 146 176 191 98 51 97 81 108 237 244 246 239 242 239 243 241 244 244 243 244 243 244 244 244 245 246 246 246 246 247 246 247
85 62 51 44 40 31 31 35 46 51 48 37 39 41 47 49 61 69 66 61 67 67 76 78 82 83 85 79 69 70 77 79 78 75 80 86 88 96 98 117 153 166 146 126 108 91 79 72 72 76 115 155 159 162 157 147 148 154 147 150 190 190 168 156 174 214 244 249 240 238 241 246 243 241 244 244 243 244 243 244 244 244 245 246 246 246 246 246 246 247
