183 185 181 165 145 133 128 98 87 95 113 138 162 184 184 181 171 167 176 187 180 178 178 177 179 180 179 181 183 177 180 177 182 182 177 179 182 181 182 179 184 182 181 182 183 184 184 182 183 183 183 184 185 186 186 186 182 182 182 181 181 182 181 181 184 180 178 179 180 181 182 181 182 182 180 181 182 180 180 184 181 179 180 181 181 181 180 180 181 181
186 151 106 68 58 55 51 45 35 32 47 44 56 103 111 97 72 78 105 156 185 185 181 183 186 181 179 177 179 180 181 178 176 179 178 178 181 182 181 181 179 182 186 186 183 181 182 184 186 184 184 186 186 184 183 183 182 183 182 181 181 181 182 182 179 177 177 178 178 179 181 181 181 181 182 182 180 179 181 182 180 179 179 179 179 178 179 179 180 180
95 63 46 48 57 55 58 58 63 50 43 42 42 52 59 51 41 36 40 70 115 167 194 175 175 180 183 180 181 184 182 180 181 184 186 183 180 181 181 183 185 184 183 184 185 185 186 188 187 186 186 186 187 186 185 184 182 183 183 182 180 180 182 182 179 178 179 180 179 180 182 182 181 181 184 184 179 180 183 180 182 181 181 181 180 180 181 181 179 179
52 56 56 65 63 52 63 55 52 51 48 58 63 55 65 64 55 56 51 42 40 85 167 198 190 189 181 183 184 183 184 188 187 174 173 176 180 186 186 186 186 185 184 184 186 185 183 183 186 187 186 183 183 186 188 186 184 186 186 185 184 184 184 184 182 180 181 182 181 182 183 182 182 182 184 183 180 182 183 181 183 182 182 183 182 182 182 182 180 180
58 64 47 53 62 48 62 69 53 47 56 54 52 52 59 64 45 56 53 50 46 42 93 146 163 183 189 193 182 184 183 167 143 98 71 79 99 120 139 153 164 177 188 191 189 187 187 191 186 187 187 186 186 186 186 186 184 185 185 185 185 184 183 182 182 181 181 182 182 183 183 181 182 184 183 180 181 183 183 182 181 179 179 181 182 182 181 179 180 180
51 58 49 49 55 46 58 71 51 46 50 48 53 47 55 69 45 66 58 48 62 44 42 52 59 101 148 187 191 198 172 121 101 59 26 31 44 47 55 65 76 105 136 159 174 182 185 188 194 191 191 191 189 185 183 184 184 184 185 185 185 185 183 181 184 182 182 183 183 185 185 183 182 184 182 179 182 183 182 181 179 178 178 181 182 182 181 179 180 180
56 55 48 59 61 43 59 76 52 61 62 54 62 51 57 63 42 62 62 48 63 57 57 60 65 45 38 74 130 182 158 117 134 113 67 49 57 61 68 69 71 82 88 95 111 130 140 145 158 165 175 184 192 194 190 185 188 188 189 188 188 187 187 186 185 185 185 185 184 185 187 185 183 183 182 182 181 182 181 181 181 180 181 182 182 182 182 181 181 181
50 64 47 59 68 44 65 84 56 53 72 56 52 49 51 54 49 55 52 41 58 50 50 60 58 73 59 32 47 103 106 113 151 154 105 78 102 122 121 102 113 118 113 107 112 119 118 115 131 142 149 154 170 189 195 188 187 188 188 187 186 185 186 187 186 186 187 185 183 184 185 184 184 182 184 185 181 181 182 180 181 181 183 183 182 181 182 182 182 182
54 63 45 59 73 42 70 75 57 51 61 49 41 41 46 47 50 45 48 51 51 50 48 51 43 64 71 53 53 47 51 65 124 162 132 107 109 139 134 93 103 104 111 116 126 143 155 160 140 120 133 145 129 143 175 196 192 190 189 187 188 190 181 190 183 186 184 188 184 186 185 184 182 187 183 189 180 184 183 178 181 180 185 184 183 183 181 184 183 183
57 63 44 76 61 50 41 51 52 49 57 52 59 67 75 83 72 72 81 82 72 63 59 62 56 51 56 52 52 53 59 53 66 141 162 143 113 118 109 75 68 73 79 91 107 112 130 166 163 135 129 138 141 135 129 156 191 192 186 190 185 184 187 189 188 182 188 187 185 188 193 193 191 188 186 183 187 182 188 186 185 183 184 182 182 183 181 182 184 184
69 71 45 60 51 44 54 76 62 59 67 77 100 105 96 93 75 69 76 81 76 74 75 77 81 67 74 67 76 82 60 46 44 93 129 143 125 114 87 53 48 59 77 88 100 112 121 128 128 131 154 160 141 143 137 120 144 186 193 183 183 191 190 187 184 188 190 185 194 184 158 143 163 171 176 186 190 184 182 183 183 182 183 182 184 186 184 184 183 183
84 62 48 52 56 38 85 112 80 86 97 103 108 98 85 86 84 71 72 75 73 74 75 74 83 90 87 94 99 87 86 87 85 77 82 103 110 111 91 71 58 62 91 118 129 141 140 123 107 102 128 169 150 125 138 145 124 145 178 200 192 188 186 184 188 189 188 197 168 119 95 106 74 120 184 162 170 187 188 187 182 182 182 183 184 182 180 182 182 182
52 57 40 84 103 84 116 111 98 100 106 109 103 93 84 85 90 86 93 96 92 91 91 91 91 104 108 115 110 110 123 122 125 120 120 119 115 118 113 111 101 100 114 128 134 135 129 123 112 114 114 129 116 105 122 131 167 141 107 141 188 188 175 185 193 193 190 191 151 162 165 155 113 137 168 133 147 173 188 183 185 183 180 182 184 182 182 185 182 182
57 63 51 115 133 131 128 104 103 104 108 114 106 102 100 103 103 102 108 110 107 107 107 108 115 108 121 129 128 134 126 131 130 131 136 133 132 133 129 130 130 133 133 124 123 129 126 121 120 115 117 118 105 105 113 120 137 127 65 26 91 136 119 162 130 165 197 161 142 196 122 88 149 136 131 108 125 143 151 179 187 187 182 181 182 179 179 181 184 184
93 66 94 122 119 136 121 115 111 113 113 118 109 108 109 114 115 114 113 109 110 113 110 110 107 118 113 121 125 127 128 130 126 126 132 131 127 121 120 124 123 121 125 126 124 128 128 125 125 122 120 122 123 123 117 123 123 113 95 82 71 107 134 100 71 69 83 108 84 111 108 107 118 108 156 138 143 102 68 145 161 177 181 181 182 181 182 181 180 180
69 110 138 124 124 126 115 107 114 117 117 125 120 119 115 115 115 120 122 118 118 118 113 113 113 120 112 118 119 120 120 125 127 126 128 122 118 116 120 118 118 118 126 130 127 123 121 125 123 128 124 126 125 129 128 122 123 125 124 127 128 140 141 136 154 107 105 161 108 59 62 83 116 94 76 73 128 122 86 142 139 171 188 189 187 186 188 185 185 185
45 121 144 126 126 117 104 113 116 118 115 119 122 119 120 118 120 121 121 121 121 118 114 114 114 112 115 117 119 126 128 127 125 123 130 125 119 118 118 115 116 118 124 125 128 126 127 127 128 132 128 130 135 133 130 129 123 118 115 114 114 117 124 129 131 137 161 160 98 95 149 134 79 102 59 79 99 88 115 94 100 123 110 115 121 117 141 151 164 195
64 128 133 120 123 112 108 116 121 121 118 122 125 123 123 121 121 120 120 119 118 116 116 116 113 114 121 129 135 133 127 126 122 120 126 120 118 119 114 114 116 119 128 131 134 132 129 127 129 132 133 136 139 139 137 130 124 115 108 104 103 104 106 106 104 106 109 116 92 78 95 86 46 84 120 146 95 71 100 40 41 47 35 31 30 24 33 35 47 77
94 128 122 115 123 118 117 120 125 125 123 125 128 126 124 120 120 118 119 119 117 116 118 120 121 125 129 135 138 130 122 122 119 119 125 115 115 116 108 124 119 119 130 137 134 130 126 124 131 133 139 144 141 140 140 132 126 117 108 101 99 101 104 103 103 105 104 110 106 94 83 62 47 50 79 80 59 57 54 45 46 44 45 44 43 44 42 40 34 40
110 121 123 118 120 125 124 126 125 126 125 126 128 125 120 116 117 116 119 121 118 118 122 125 129 136 137 132 125 120 120 119 117 119 123 117 123 118 97 127 129 125 138 143 128 126 126 127 134 138 146 150 145 141 144 142 133 126 115 103 96 98 102 103 101 102 103 104 104 105 103 95 91 94 54 43 54 48 48 44 47 42 44 42 40 43 43 42 44 42
118 120 120 116 122 130 127 124 124 125 125 124 123 121 117 115 116 115 118 121 119 120 126 132 136 142 140 128 117 120 128 122 123 125 128 129 133 108 68 103 132 130 142 138 113 120 127 127 142 150 150 147 144 142 143 141 137 130 119 106 95 95 98 100 102 104 98 94 98 94 96 116 117 96 87 71 39 34 46 40 41 43 43 45 45 43 45 44 47 41
119 129 122 118 123 124 127 127 124 125 126 121 119 120 117 118 117 116 116 118 118 120 129 139 152 149 137 124 116 127 140 131 131 136 141 138 119 77 42 92 137 138 148 138 112 127 134 135 151 162 153 141 146 150 146 139 136 129 119 107 98 96 97 96 92 98 95 92 96 93 89 100 105 77 85 93 70 46 38 45 42 45 39 41 43 41 45 45 46 44
125 127 120 119 122 125 129 128 127 128 128 122 120 121 119 120 118 118 115 116 119 120 127 140 168 152 129 121 123 134 148 143 140 144 147 134 89 48 41 110 145 146 151 147 129 141 140 147 154 161 147 138 148 154 148 140 136 128 117 105 93 87 85 82 83 87 87 86 88 93 91 84 78 74 69 79 98 83 50 42 41 44 41 45 46 42 42 40 47 45
127 116 123 120 115 125 130 130 130 130 132 125 122 123 118 119 117 119 115 115 120 119 124 139 169 148 122 121 130 138 150 150 159 153 147 126 69 35 46 120 161 156 158 165 156 158 148 163 174 173 158 152 159 158 150 146 136 127 116 102 87 78 75 74 70 70 70 76 82 82 82 80 76 74 77 70 70 89 81 46 40 42 45 48 47 44 43 42 40 46
121 119 120 126 127 128 134 132 136 135 132 130 127 123 119 119 119 117 119 119 123 120 121 147 164 148 122 119 143 139 153 164 175 170 152 118 54 41 48 130 172 170 153 165 182 182 161 180 193 184 180 177 169 163 158 150 140 125 114 96 77 69 62 60 58 59 72 74 87 80 79 82 75 72 69 66 66 72 77 77 46 41 40 45 46 42 42 44 45 43
121 124 121 123 129 131 135 140 139 136 134 134 131 124 118 119 121 115 116 116 119 120 125 148 161 148 113 118 145 143 162 179 185 177 150 105 50 49 45 130 173 173 146 161 180 190 190 198 212 208 197 184 173 164 152 141 127 110 99 83 67 59 53 51 55 53 67 74 83 86 93 83 80 74 71 70 68 67 71 74 68 55 46 42 40 40 43 45 43 42
124 128 126 129 136 142 150 156 156 149 144 143 138 128 122 123 119 114 118 119 120 122 130 147 159 144 119 121 126 141 171 191 200 187 143 93 53 53 39 120 176 171 121 132 160 182 208 217 202 205 191 172 165 157 142 131 115 95 81 69 57 51 48 47 47 49 56 64 77 83 90 85 82 77 75 73 69 65 66 68 83 75 69 64 54 46 43 41 42 42
127 128 131 138 144 155 167 169 175 167 159 153 144 132 124 122 122 120 121 119 120 126 137 154 159 141 126 114 109 151 176 195 203 186 134 89 63 51 39 105 162 160 103 116 157 175 197 205 192 194 180 161 154 145 128 115 104 84 70 62 54 49 48 46 47 50 54 61 63 69 78 84 81 79 78 75 73 73 73 71 72 72 77 78 70 64 63 61 48 48
136 136 140 151 161 174 187 189 193 186 177 166 152 139 128 121 123 125 124 123 128 134 141 154 153 148 129 103 97 144 165 188 186 171 134 87 67 50 43 94 150 147 92 99 149 170 183 186 173 171 160 149 142 133 116 103 89 75 63 57 49 46 48 47 52 60 54 60 63 67 74 93 99 93 87 82 80 80 79 75 71 72 76 81 81 80 81 81 82 82
135 140 144 159 178 192 205 213 211 203 192 176 160 148 138 129 124 130 130 132 141 145 144 147 152 150 129 103 83 121 154 171 168 158 140 87 58 50 41 82 137 132 85 83 138 170 174 169 164 158 151 145 136 123 106 93 76 66 56 50 46 50 59 59 73 69 46 76 97 105 107 108 121 107 96 92 90 87 86 86 86 82 78 81 86 86 83 84 87 88
139 145 154 175 197 210 222 232 222 212 201 186 168 154 145 138 133 137 137 138 145 151 152 151 153 139 123 100 75 111 150 153 156 152 138 92 49 48 36 69 127 125 78 72 135 170 168 162 154 149 145 139 127 110 91 78 66 59 50 53 61 76 88 82 109 92 53 110 133 134 150 146 142 126 112 106 102 98 96 95 94 89 78 75 81 81 83 93 93 94
145 149 164 188 204 215 228 233 226 217 210 201 182 163 150 142 137 142 146 147 149 154 158 153 145 133 124 90 63 98 132 141 149 149 127 97 48 47 36 64 117 119 69 66 139 167 157 156 148 146 142 133 119 98 78 65 57 53 51 65 87 109 114 98 121 123 52 127 186 156 145 155 150 138 126 118 114 113 110 105 102 102 92 82 79 72 76 94 102 104
145 156 173 195 202 216 218 200 207 220 210 211 183 173 152 145 141 143 143 144 153 158 153 153 143 131 125 97 70 93 118 128 138 135 127 97 54 47 49 63 113 111 63 64 143 166 150 155 148 147 141 129 107 82 67 59 52 46 61 89 110 121 126 127 141 128 56 95 190 200 145 143 156 155 144 143 134 124 130 124 119 113 108 97 82 66 63 83 90 95
146 153 172 197 200 208 209 192 201 219 213 213 193 179 155 148 144 143 144 147 154 155 148 148 144 128 121 104 77 86 104 115 122 127 124 98 60 49 48 63 113 107 63 73 149 167 156 149 153 153 137 118 99 74 57 50 45 61 97 116 120 132 141 144 147 133 68 41 173 223 187 135 132 159 162 153 149 145 146 145 136 129 125 116 101 82 66 66 72 83
150 161 170 184 187 187 190 197 198 207 203 199 188 179 165 156 148 145 146 148 152 148 142 146 143 126 117 109 86 84 95 103 110 121 125 105 68 46 41 57 111 100 62 93 155 151 148 151 153 150 129 104 83 62 48 44 58 96 126 132 136 147 155 153 153 128 73 28 88 191 206 163 122 140 160 165 158 153 155 157 156 147 142 133 119 101 78 60 59 74
152 163 166 177 184 181 174 182 182 187 196 191 178 171 169 160 153 145 142 145 151 148 139 137 135 124 112 107 90 88 95 98 101 109 119 108 75 47 42 59 102 93 55 104 155 150 149 152 155 146 128 94 61 41 38 50 100 134 138 146 151 151 164 157 160 128 71 42 30 118 205 188 142 127 145 163 158 157 159 159 162 156 151 144 135 120 96 75 54 62
151 154 159 167 165 169 168 169 175 176 186 181 175 169 167 158 147 146 146 144 143 141 133 130 127 120 108 105 95 94 96 96 97 95 108 109 85 54 46 54 104 89 61 128 153 144 147 158 165 161 130 72 50 65 75 84 128 145 145 156 160 159 171 163 149 129 73 44 38 39 161 190 166 137 137 146 149 158 161 158 159 158 154 153 149 136 114 96 64 57
144 155 165 167 163 167 166 171 170 175 178 168 164 158 157 161 148 146 142 134 132 134 129 125 122 116 109 109 103 99 93 95 86 79 93 108 100 70 53 44 96 80 80 154 159 147 159 174 181 169 115 71 99 148 152 133 117 146 167 162 161 169 169 168 153 132 71 50 58 58 118 189 178 144 134 136 135 146 157 158 159 159 154 155 155 145 127 111 86 69
137 151 155 156 162 166 157 163 164 164 162 157 157 154 146 150 145 143 138 127 122 126 124 123 117 114 111 111 107 102 89 93 84 75 83 97 102 80 60 43 82 91 114 164 172 176 184 177 182 168 122 116 144 165 172 150 102 124 170 174 160 167 167 170 163 128 66 56 66 116 108 154 177 151 139 137 133 136 149 161 161 161 158 158 156 151 141 123 93 75
133 142 147 147 148 154 151 157 157 153 151 152 149 150 142 145 142 136 131 125 124 127 121 115 110 110 111 108 104 102 86 89 84 75 73 79 94 85 74 61 97 127 161 179 183 180 177 162 178 179 144 146 152 162 189 161 101 67 122 176 167 168 175 164 172 113 68 72 120 156 149 143 165 165 145 132 139 135 139 160 160 163 165 166 160 158 152 131 104 89
132 141 146 145 144 146 147 147 150 148 149 151 147 142 141 139 137 130 125 126 127 123 118 116 113 116 115 111 104 99 95 91 84 76 74 80 86 84 86 102 125 151 173 188 179 170 162 165 166 164 152 146 149 160 202 184 124 57 64 151 161 162 180 178 177 110 84 73 133 180 196 163 168 167 148 140 127 133 142 155 163 161 164 176 168 154 152 136 120 94
132 139 144 142 141 141 142 143 141 140 143 145 143 141 141 140 137 131 125 123 124 122 119 118 118 114 113 113 108 101 94 88 82 77 78 83 93 107 124 141 157 169 174 176 165 167 162 153 148 152 150 152 151 156 186 181 138 72 48 122 155 166 185 190 181 104 87 60 121 178 201 174 180 182 146 147 127 129 138 156 163 176 184 185 171 156 151 140 120 96
133 137 141 140 139 139 140 141 139 139 140 139 137 137 138 137 136 131 124 121 121 120 119 118 114 106 107 112 110 105 99 91 80 80 88 95 108 132 155 168 169 184 176 166 163 169 169 167 155 164 161 160 160 160 153 144 133 88 44 87 127 140 168 198 186 102 83 71 171 234 231 186 186 209 154 145 114 119 128 141 159 169 181 183 181 181 168 145 123 100
134 136 138 140 141 141 141 142 136 136 134 131 128 129 131 132 134 131 125 121 120 119 117 116 112 104 106 111 108 106 103 94 86 92 102 108 120 141 158 167 178 192 185 175 172 170 167 163 163 166 162 170 177 176 146 144 129 97 48 63 98 113 139 182 174 107 86 77 165 220 222 182 184 220 164 141 104 110 122 133 149 157 178 184 181 186 168 136 120 99
138 137 137 139 143 143 142 141 134 134 131 128 127 129 131 132 131 130 127 123 122 120 116 113 110 106 109 110 105 105 105 98 93 102 110 114 126 146 164 180 188 185 180 177 176 182 187 168 154 159 162 176 194 214 174 148 127 98 58 53 76 94 113 157 154 102 87 67 116 184 210 181 183 201 161 141 98 91 111 126 132 144 172 180 176 178 159 133 112 93
141 140 138 139 142 142 139 136 135 135 133 131 131 131 131 133 130 130 127 125 123 121 116 114 108 107 109 106 100 101 103 98 91 100 108 111 125 145 168 190 195 191 183 178 181 188 197 178 157 165 170 178 197 240 208 152 122 95 70 52 60 75 97 142 141 100 87 64 120 211 235 205 181 178 157 139 90 76 105 111 124 137 154 159 161 159 139 123 108 91
141 141 140 139 140 140 138 135 136 134 131 129 129 128 127 130 131 129 125 123 122 120 117 116 112 110 108 105 99 96 94 92 91 95 100 103 114 134 153 169 185 192 187 184 188 179 179 168 155 161 169 181 188 203 181 145 123 96 73 55 59 71 92 130 131 101 86 71 148 231 240 196 174 174 156 139 88 74 106 107 124 141 153 153 152 146 132 124 106 91
138 140 140 139 140 141 139 137 135 132 128 127 129 128 129 134 131 127 123 121 120 119 118 119 114 109 106 106 103 98 94 93 94 93 96 98 110 132 148 155 173 172 174 180 181 165 168 156 154 158 157 171 177 170 153 138 120 96 73 57 62 68 88 121 130 103 87 71 139 205 234 189 173 179 154 140 89 66 95 105 119 138 152 154 147 138 126 113 102 87
139 141 139 142 143 139 139 138 133 131 131 133 133 130 130 132 129 128 124 124 119 119 116 119 115 111 108 104 98 98 98 94 90 87 96 104 126 140 144 153 164 164 163 164 164 160 156 156 154 157 161 161 157 154 149 142 118 95 73 61 64 67 81 116 136 101 94 71 130 200 229 179 178 172 153 137 84 65 89 97 119 133 156 147 143 137 119 111 97 82
141 142 141 142 143 140 139 136 133 134 134 131 128 128 130 132 129 128 124 126 123 123 119 120 116 111 108 105 100 98 96 91 87 88 95 104 127 139 140 147 155 151 148 151 154 152 150 152 149 151 157 162 159 151 143 138 122 100 79 65 65 65 77 114 130 96 92 72 113 179 212 172 176 173 153 132 80 68 91 95 111 136 155 140 142 139 120 113 90 75
140 143 142 142 142 140 139 135 132 135 135 129 125 128 133 134 128 128 126 127 124 124 121 122 118 111 109 108 103 99 94 88 88 91 94 104 121 130 134 140 140 140 142 145 145 142 143 148 144 146 153 159 157 151 145 140 123 101 84 74 71 63 69 105 118 93 90 82 132 188 211 185 182 173 150 127 79 72 95 98 110 139 154 138 143 137 114 107 88 74
138 142 141 140 141 140 139 135 132 132 132 128 124 127 131 130 126 129 127 128 122 121 121 125 120 112 110 109 105 99 94 88 87 89 87 97 107 118 130 140 139 137 137 138 140 140 138 136 138 143 148 150 151 155 153 147 124 97 84 80 78 64 63 100 110 100 89 81 154 201 205 190 191 172 145 126 82 74 95 105 111 133 145 137 141 130 111 106 94 80
137 141 140 140 140 140 140 136 138 133 132 133 130 130 130 128 127 131 130 130 123 122 121 125 120 112 108 107 102 98 94 89 87 83 76 85 88 103 121 134 138 139 136 131 128 130 132 130 131 137 143 145 149 156 156 149 123 94 85 85 82 66 67 107 110 90 82 95 185 212 198 183 192 172 146 125 83 74 90 106 116 132 145 141 139 127 115 106 95 82
137 141 140 140 140 139 140 138 140 131 131 138 138 135 134 131 131 134 133 134 129 128 122 122 118 108 102 100 97 95 93 88 82 74 68 77 77 90 103 120 130 138 143 135 124 124 129 130 128 131 138 145 149 152 151 145 116 92 95 98 90 77 80 118 115 94 85 92 165 208 203 178 183 173 150 125 87 80 89 103 114 134 147 141 137 129 118 98 93 80
136 139 139 140 139 138 140 141 138 130 131 139 139 138 136 133 134 137 136 138 133 131 124 123 116 105 96 92 91 93 91 84 73 71 70 79 77 81 80 101 124 132 142 144 138 135 133 129 130 131 134 136 140 145 146 142 110 95 108 110 100 94 98 127 121 96 87 110 156 185 174 167 178 174 152 125 98 97 96 105 110 132 136 128 138 137 124 99 92 80
134 137 137 139 139 137 141 143 144 137 139 144 142 140 139 135 135 139 138 139 133 130 125 125 115 102 92 87 88 92 90 81 77 82 84 89 78 69 55 78 119 128 144 153 148 142 138 136 133 133 129 122 125 138 144 140 111 98 114 114 105 107 112 134 124 91 84 153 206 208 158 160 180 174 150 127 110 112 106 111 126 143 130 120 142 148 133 110 94 82
128 132 135 137 139 139 140 142 144 146 147 146 146 146 142 137 140 141 139 139 143 132 128 129 117 98 82 73 85 91 87 82 91 95 87 80 65 46 52 108 120 134 141 148 149 148 141 137 137 134 119 126 137 144 150 134 96 111 119 113 109 111 118 133 118 82 89 157 213 208 157 154 170 162 148 130 121 117 117 125 137 145 154 154 152 156 143 114 98 87
128 131 132 134 138 140 141 144 144 146 147 147 147 146 142 138 137 141 142 141 143 135 135 133 121 97 76 71 85 89 91 94 107 99 80 66 54 40 82 127 104 125 143 149 146 147 148 148 153 137 119 128 139 150 154 125 89 111 124 120 120 120 122 136 122 78 94 143 173 171 138 152 175 163 145 130 128 129 127 130 141 148 155 155 153 150 136 114 102 90
127 128 129 131 136 140 142 145 145 145 146 147 147 144 141 139 135 137 140 139 141 139 141 137 123 93 74 78 91 93 105 115 116 98 71 51 44 41 117 141 89 119 149 155 146 143 147 151 150 124 103 119 140 151 146 113 102 121 128 122 123 124 124 136 121 70 112 181 201 174 131 153 171 157 142 134 136 136 132 136 144 147 151 152 149 141 128 116 103 91
124 126 126 129 134 138 141 144 145 144 144 145 145 142 139 139 138 136 139 141 144 145 150 143 119 89 78 91 101 102 120 129 115 89 60 44 40 51 136 139 73 110 151 161 156 145 144 149 144 113 76 86 116 129 128 115 122 129 128 121 122 124 125 135 123 68 104 164 160 131 125 153 157 148 143 142 142 137 133 140 146 145 145 143 137 131 124 116 102 90
121 124 126 128 133 136 139 143 145 143 142 143 142 139 138 138 139 135 139 142 145 147 154 146 116 88 88 107 114 119 134 131 114 76 48 44 40 62 135 130 64 103 150 166 168 151 142 146 142 117 71 60 80 96 109 117 124 124 126 125 125 127 129 136 119 75 104 147 118 96 130 154 145 146 149 149 145 139 136 142 145 141 142 138 129 127 123 113 101 89
119 123 126 129 133 135 137 141 143 142 141 141 140 138 136 137 136 134 139 141 143 145 151 142 108 84 97 118 128 137 144 131 109 63 40 47 41 69 128 119 61 97 149 168 174 157 145 144 135 121 85 61 59 72 94 105 114 115 125 128 126 128 133 138 117 76 60 66 74 101 144 148 140 146 151 146 140 139 137 137 136 134 137 135 129 130 126 111 95 84
118 122 125 129 133 135 136 139 140 140 140 139 137 136 134 134 134 136 141 140 144 148 149 133 96 82 107 128 139 148 144 130 99 55 39 45 36 71 130 113 56 91 150 167 172 159 150 142 131 120 93 68 54 60 82 93 103 110 122 126 125 129 132 136 126 59 26 36 85 124 139 142 139 142 144 138 133 133 131 130 128 128 133 134 131 130 121 105 87 75
118 121 124 128 133 135 135 137 138 138 139 137 136 134 133 131 131 135 138 136 144 151 146 122 97 92 124 142 151 155 143 132 92 54 41 36 27 71 139 113 58 93 155 169 167 155 148 133 132 118 94 76 62 58 70 82 92 106 119 122 127 132 132 132 118 41 45 75 113 135 131 140 140 136 137 135 129 125 123 127 128 129 131 132 131 125 110 93 82 70
116 123 125 125 130 133 135 136 137 135 135 133 132 131 131 131 132 133 135 138 140 150 143 114 94 105 129 144 163 157 151 129 92 71 49 67 65 73 132 115 65 94 159 177 172 154 147 137 130 114 103 88 69 53 56 78 88 97 110 126 123 127 128 129 102 58 65 101 119 130 134 134 134 125 126 128 123 121 123 120 126 130 129 129 125 114 97 77 75 74
120 125 127 127 131 134 136 137 136 133 132 131 130 130 131 130 130 132 132 135 141 148 138 114 98 106 132 148 165 162 153 124 82 80 41 85 67 97 143 106 60 99 162 173 165 150 147 140 132 124 114 100 83 63 52 62 82 90 100 116 123 133 128 122 96 66 81 116 129 129 123 120 120 121 123 120 117 120 125 127 129 131 129 126 109 89 83 81 82 81
125 128 130 130 133 136 138 139 136 133 132 132 132 133 132 130 131 135 132 135 145 147 135 117 108 114 136 149 162 163 157 128 88 87 50 91 59 124 147 100 64 107 162 169 165 156 150 139 136 133 122 108 96 75 54 52 70 83 87 106 118 124 123 112 76 82 106 117 111 111 110 107 112 112 111 111 113 117 120 120 123 121 117 110 92 76 78 87 84 84
126 128 129 131 133 135 137 139 136 134 133 134 136 136 134 131 130 134 132 135 143 143 133 120 113 121 139 147 155 159 157 134 87 90 64 74 70 138 146 106 78 118 160 164 164 161 154 144 141 137 126 114 103 83 60 49 53 80 81 98 112 115 111 83 46 62 82 85 86 96 102 102 100 100 105 113 117 116 112 109 114 108 99 92 87 85 88 89 89 90
124 125 126 129 130 132 135 136 136 133 133 134 136 137 135 132 131 133 134 138 142 141 137 128 113 124 137 145 151 154 153 138 93 87 55 37 100 141 145 108 95 128 158 161 161 161 160 157 138 133 127 122 111 92 71 56 48 73 78 82 97 103 90 55 39 41 50 62 73 79 84 92 103 102 109 114 108 105 105 103 103 98 91 87 90 97 97 92 98 99
124 123 125 129 131 133 136 137 137 135 134 134 135 137 137 137 134 134 136 141 141 142 144 137 119 127 134 141 147 152 153 144 99 73 65 40 127 144 145 119 114 135 154 162 167 169 166 162 143 138 134 130 117 99 83 67 52 53 70 74 81 75 57 50 47 51 57 65 73 78 86 98 101 99 103 103 98 102 106 99 91 91 94 93 95 100 101 101 103 103
123 121 124 130 132 134 137 139 137 137 137 137 136 137 139 139 136 134 135 138 136 138 142 137 124 125 131 140 141 148 153 149 113 61 53 50 129 145 139 129 130 140 149 161 171 176 169 161 159 157 149 140 126 108 92 77 58 42 58 68 71 55 45 54 58 65 66 67 74 82 88 90 96 95 97 98 98 99 96 85 89 94 103 102 101 105 106 109 109 108
120 118 122 128 131 133 136 138 135 136 138 138 137 137 138 138 139 138 136 136 135 136 140 136 120 120 129 142 138 142 149 145 130 80 38 64 136 145 133 132 137 144 149 157 163 170 168 163 160 165 158 148 138 121 106 91 73 54 46 48 58 56 63 59 73 76 77 83 89 90 91 92 93 93 94 95 94 92 91 92 98 104 113 110 109 114 113 111 113 112
114 125 123 126 126 126 128 133 129 133 135 140 138 138 136 139 140 139 134 136 137 133 136 140 129 119 127 141 142 138 141 144 137 125 69 86 138 141 141 135 134 137 145 153 160 168 172 170 170 165 159 151 139 126 114 105 88 68 56 51 49 57 71 77 82 85 91 90 97 94 97 94 92 96 95 95 92 83 87 102 117 113 114 114 117 120 118 116 115 114
119 125 119 122 120 119 125 131 134 134 134 137 134 140 141 141 141 138 136 140 138 133 135 137 134 126 131 141 139 136 139 140 139 137 100 101 131 132 133 137 133 140 144 147 155 166 169 167 160 158 155 151 144 133 121 112 99 91 76 64 60 61 71 87 97 96 99 94 98 95 90 98 95 93 92 90 87 93 106 114 112 115 118 115 114 119 119 118 119 116
115 130 119 116 116 120 127 132 128 127 134 142 137 140 141 139 140 138 139 142 138 136 140 138 140 135 138 142 139 138 141 141 136 132 112 109 130 134 130 137 135 138 139 146 158 163 162 162 156 155 154 151 145 136 125 117 113 110 96 85 82 77 78 88 95 106 102 99 100 101 98 98 95 90 92 98 104 114 122 122 120 118 120 119 118 119 118 121 120 118
87 106 93 100 116 121 124 126 128 128 136 146 138 138 140 143 139 141 141 139 136 137 141 138 138 137 139 140 138 140 143 142 137 131 122 123 133 133 130 140 142 141 137 140 151 160 161 160 156 155 153 150 144 136 128 121 121 116 112 109 105 104 106 106 108 112 113 115 103 107 104 94 94 102 105 103 106 108 104 105 110 111 115 117 119 121 117 117 119 118
48 57 47 75 105 115 124 125 118 124 132 140 136 139 142 145 142 145 144 144 143 142 144 145 144 145 145 142 140 140 141 139 140 136 130 133 138 134 135 140 138 145 145 138 138 151 158 154 152 152 152 149 144 138 133 129 125 123 127 127 119 118 121 120 120 115 114 115 107 107 95 101 112 108 83 48 37 40 36 36 41 43 44 49 69 95 104 104 111 112
59 65 52 69 84 103 130 129 109 119 126 130 129 139 140 138 138 140 140 145 148 144 145 149 144 145 144 142 142 141 139 138 134 138 135 137 138 136 140 142 143 144 146 139 129 133 149 160 150 151 151 148 143 139 133 128 120 110 99 92 90 93 101 107 112 110 106 114 108 110 121 120 102 67 44 35 36 39 37 41 39 39 39 35 39 56 82 109 100 104
61 70 51 56 62 82 120 124 112 115 118 120 115 125 131 129 133 134 135 138 139 137 139 138 141 141 140 142 145 144 142 143 140 139 137 140 143 143 142 140 144 142 144 146 139 133 142 156 151 149 147 143 139 134 127 120 109 98 85 83 90 95 99 104 115 110 114 120 112 105 120 122 61 38 38 42 39 42 42 42 42 40 42 42 38 36 50 76 96 103
75 73 40 48 53 51 73 82 98 95 104 114 106 110 119 122 122 124 122 117 111 114 116 106 90 92 96 107 120 127 131 136 138 137 142 145 143 140 140 148 142 146 145 142 145 148 147 147 149 146 141 137 134 130 123 115 113 109 110 116 120 120 122 125 120 127 122 100 125 82 35 104 135 66 31 36 42 40 36 42 39 40 40 39 43 43 36 35 73 84
83 54 51 66 57 44 48 53 58 63 72 81 86 81 93 92 94 93 84 81 66 74 80 65 47 43 56 60 57 84 119 117 118 119 120 120 122 132 141 143 142 135 142 141 141 150 146 140 149 146 139 141 141 139 143 136 138 140 143 139 141 141 138 122 131 116 61 34 94 116 46 63 114 106 87 45 38 42 40 41 41 42 41 41 42 40 38 37 51 75
61 51 74 72 51 54 51 41 49 70 59 40 53 52 47 57 56 56 54 40 41 56 58 48 50 51 46 53 39 82 135 131 131 112 80 64 75 93 112 129 139 148 136 120 106 111 132 133 134 138 143 143 138 130 122 115 107 118 94 92 91 71 65 53 130 146 82 82 87 134 115 68 57 74 117 73 34 46 44 42 41 42 41 40 41 41 40 41 41 59
51 71 71 38 55 95 80 63 79 58 50 56 47 61 55 53 57 49 52 52 61 48 45 60 69 51 48 59 83 120 143 132 131 108 84 75 74 73 71 70 84 108 94 73 66 88 131 141 137 131 125 132 139 98 37 23 46 81 72 76 58 57 28 45 147 136 88 84 46 75 103 109 90 45 81 104 47 39 41 38 41 42 41 40 40 40 40 43 35 45
66 63 53 55 83 93 78 84 82 59 66 76 69 74 67 72 56 57 58 63 69 53 51 58 49 49 87 115 138 138 137 139 139 122 108 99 87 76 68 61 59 71 83 97 117 136 143 139 132 135 123 128 155 131 65 40 61 91 105 163 124 126 123 110 70 126 72 63 91 110 83 81 152 55 65 132 69 27 39 41 42 43 41 39 40 40 40 41 43 45
52 50 75 94 89 77 70 71 53 61 84 75 79 74 64 59 53 61 67 70 59 55 52 48 69 91 127 149 130 115 122 127 139 141 136 131 129 121 113 114 122 125 132 127 129 143 143 140 139 149 156 152 126 78 49 52 41 32 37 56 56 73 100 180 102 169 196 197 104 75 118 35 140 93 70 119 122 76 40 43 42 42 40 39 42 42 40 40 39 37
118 54 51 61 45 51 58 48 56 67 71 63 59 52 43 41 65 62 55 53 45 41 67 148 126 128 128 94 74 75 83 82 81 92 105 116 126 130 131 132 126 115 102 94 95 113 142 160 156 147 122 88 58 45 47 52 56 44 47 41 44 40 40 148 153 121 85 132 159 87 65 32 83 107 57 70 106 119 67 34 41 41 40 40 44 44 42 41 39 36
202 96 47 45 35 54 74 61 73 126 72 24 50 41 41 101 160 148 148 131 117 138 174 214 159 131 108 44 43 53 52 47 46 43 47 53 57 66 73 72 70 79 85 101 115 122 132 131 108 75 55 52 57 61 58 59 56 52 56 59 52 46 54 148 172 95 131 61 139 129 61 91 71 107 78 65 72 76 50 41 40 41 40 41 44 44 42 41 42 40
203 206 181 161 156 162 180 182 181 203 147 36 32 70 167 200 209 207 211 201 201 202 207 203 198 161 124 74 48 48 58 60 65 64 63 73 95 115 131 145 158 165 172 180 169 131 98 84 35 22 48 57 45 50 51 51 59 51 54 61 57 39 76 170 158 85 173 174 150 156 110 193 146 118 128 78 66 39 34 43 40 41 41 41 43 42 40 41 42 41
200 204 204 205 207 205 203 204 198 205 192 145 131 177 206 197 195 194 195 196 196 196 196 196 202 197 182 166 143 133 130 128 130 139 151 169 184 194 203 204 209 208 207 208 206 199 195 196 153 106 103 81 43 38 45 42 47 52 53 47 58 35 77 188 91 17 128 194 163 181 128 150 147 139 106 42 52 42 49 41 43 44 41 41 41 40 42 40 41 41
195 198 199 199 201 199 197 198 197 194 201 202 197 197 193 194 194 193 194 195 195 195 195 195 196 199 198 200 193 194 195 195 192 194 196 201 202 202 203 201 200 200 201 205 207 204 203 207 204 195 203 178 139 130 114 63 25 45 53 57 69 44 51 165 144 18 71 104 56 112 192 109 67 81 54 35 38 55 46 46 44 45 43 42 42 41 43 41 41 41
