60 47 48 47 51 54 44 47 45 35 25 33 35 28 29 27 31 37 37 28 24 28 30 34 36 24 26 28 27 29 29 31 31 27 23 22 21 17 15 16 17 17 16 18 20 19 16 16 14 15 15 15 16 16 16 18 16 16 18 19 17 19 23 24 27 27 24 22 21 20 18 17 14 15 15 16 16 15 15 15 16 16 16 16 15 15 15 15 16 15
41 51 61 61 53 42 36 41 43 45 36 33 31 31 41 43 27 27 27 27 32 38 41 45 41 40 43 40 38 40 35 30 30 26 22 20 21 20 20 21 21 22 21 20 18 16 15 18 15 17 17 19 21 21 22 25 23 22 23 24 23 25 27 27 26 24 21 18 19 19 18 17 19 19 18 17 18 17 17 19 16 16 16 17 16 16 17 18 16 16
61 64 53 46 50 54 57 54 43 40 29 29 38 45 46 36 55 57 57 56 54 51 48 48 39 43 42 30 23 23 22 22 23 23 23 25 28 28 26 24 26 27 28 28 28 27 28 31 36 36 34 31 29 25 22 23 25 24 23 22 21 21 21 19 19 20 19 17 16 16 17 19 18 18 17 16 17 16 16 18 18 17 18 17 16 16 17 17 16 16
58 61 59 60 59 54 50 46 46 46 50 60 63 66 70 64 66 69 64 58 55 55 54 50 46 45 43 42 46 45 40 41 47 46 42 38 36 34 31 27 30 28 28 29 30 29 28 27 25 26 25 24 24 21 19 20 18 18 18 18 18 18 18 17 17 17 15 16 18 19 18 16 16 16 16 17 18 17 16 17 17 16 16 17 17 17 17 16 16 17
62 59 68 68 55 47 54 66 75 69 73 77 66 60 61 56 45 51 49 44 40 41 48 48 45 44 41 46 52 47 40 40 40 41 38 33 31 30 27 25 23 20 19 21 22 22 21 18 17 18 18 18 19 18 17 18 15 16 16 16 16 16 16 17 15 17 19 18 17 15 15 17 15 15 15 16 17 16 15 15 16 15 16 18 20 21 21 19 16 16
76 62 61 61 67 88 97 93 86 73 68 62 49 49 55 51 45 43 37 38 37 34 37 34 29 33 30 29 30 26 26 28 26 29 29 28 27 26 23 22 27 25 24 24 22 22 23 22 22 23 22 20 21 20 18 18 20 21 20 19 18 17 16 17 19 17 15 15 17 16 14 14 18 17 15 15 16 16 16 16 16 15 15 17 18 18 17 15 16 16
65 74 84 87 83 84 78 58 51 45 47 49 48 50 47 41 42 40 32 33 30 27 34 32 35 37 33 32 34 33 33 30 27 26 25 24 25 25 25 26 27 25 27 28 26 28 31 31 29 29 27 24 24 22 20 19 22 23 21 21 23 23 22 24 27 27 26 25 25 24 25 27 24 23 21 22 23 24 23 24 19 19 19 19 18 17 17 16 15 15
84 79 72 77 62 40 40 38 49 46 46 50 53 51 44 43 36 39 34 33 30 28 32 24 24 27 24 25 23 21 26 26 24 23 23 24 25 23 20 19 22 20 22 22 20 21 22 20 20 21 19 18 20 21 20 20 22 22 19 18 21 21 19 19 22 21 20 21 23 24 23 24 24 24 24 26 29 29 28 28 29 30 32 32 30 31 33 35 34 34
68 51 44 45 39 46 48 51 61 69 73 67 59 48 35 35 25 26 28 27 24 22 21 19 21 21 18 18 19 17 19 18 22 30 39 27 18 22 19 21 18 19 19 20 20 18 20 19 16 16 18 17 16 17 15 17 18 17 17 18 18 17 18 19 18 18 17 17 20 20 19 18 21 20 19 21 23 22 22 24 29 30 29 29 31 30 28 29 33 35
46 42 54 54 66 76 83 75 69 59 46 37 40 43 34 28 23 21 19 18 19 20 20 19 18 20 20 21 19 18 20 17 19 14 17 27 24 18 20 21 23 23 21 21 21 19 20 21 20 20 21 19 19 21 20 21 18 19 18 19 20 19 18 19 19 21 21 18 15 16 19 19 16 19 20 19 19 20 21 22 18 20 23 26 25 22 22 28 27 28
54 58 72 80 78 78 69 57 43 44 50 51 44 35 26 26 24 20 18 18 17 17 19 21 19 18 15 14 12 12 15 13 12 12 19 14 6 10 11 7 9 12 13 14 13 11 11 13 8 11 15 13 10 11 8 7 12 15 17 19 21 20 20 21 18 19 21 20 19 21 20 16 17 20 20 19 19 20 20 21 20 21 19 17 20 24 22 18 22 22
68 72 77 78 60 56 54 56 61 57 51 35 21 18 18 18 15 15 17 19 17 14 15 17 23 30 37 52 68 79 89 95 100 93 88 83 76 71 69 70 71 72 71 64 60 61 64 69 76 79 85 86 87 84 71 59 48 34 20 12 10 14 16 13 16 19 21 21 21 20 20 20 17 18 19 18 17 17 22 28 23 25 24 20 20 24 27 28 26 25
63 61 61 54 57 60 68 62 51 32 20 17 17 19 18 18 18 15 16 20 25 33 47 57 72 92 112 133 145 142 141 147 157 149 137 145 149 135 137 148 147 143 142 134 130 134 137 139 140 144 150 148 148 150 146 143 142 126 109 87 59 44 34 21 15 13 11 14 21 22 21 25 25 24 21 19 21 22 23 25 28 24 25 28 25 21 23 29 32 32
60 71 72 63 64 71 62 33 16 15 18 17 18 20 17 14 17 24 40 60 77 89 96 99 110 128 139 145 145 139 141 150 143 138 144 141 148 155 146 151 155 142 144 144 142 147 146 143 143 146 151 150 150 151 147 145 152 148 153 150 136 126 117 101 83 72 52 34 21 13 12 19 31 28 22 18 19 23 23 22 20 23 25 24 21 21 21 18 23 24
70 65 58 68 58 44 24 12 22 20 21 19 18 19 25 38 62 83 109 122 120 117 119 122 129 138 141 141 141 145 151 151 128 116 134 137 147 169 157 145 170 143 144 149 145 147 147 147 149 153 159 158 156 157 156 157 150 153 156 152 144 142 144 141 147 142 139 130 111 85 55 30 19 27 37 38 28 16 17 25 22 25 25 22 28 40 41 31 25 24
56 60 59 49 37 23 25 20 23 22 19 17 26 42 63 86 120 124 128 128 127 129 133 136 142 144 145 146 150 160 158 139 108 111 123 142 144 161 176 141 173 141 146 157 150 148 149 152 152 152 157 160 162 162 157 154 156 159 157 151 146 144 142 141 142 136 139 141 137 135 122 98 66 40 25 37 49 39 22 15 19 17 19 23 23 28 40 49 51 48
49 53 50 39 26 23 25 19 21 23 24 44 68 97 117 126 139 139 138 132 130 136 143 149 152 160 162 167 162 166 156 122 99 110 118 143 148 158 176 145 167 148 130 157 157 163 154 156 151 154 150 157 161 160 155 154 159 156 153 146 141 142 141 140 145 143 139 132 129 129 125 123 119 102 72 38 28 44 46 25 13 15 15 15 18 18 18 16 27 28
52 50 46 27 20 27 24 22 23 40 61 91 111 124 132 139 137 142 140 136 144 152 151 156 165 171 186 177 171 170 127 101 97 113 122 148 153 152 168 156 158 132 125 162 160 161 161 161 153 151 154 167 161 154 155 160 158 164 161 152 150 145 136 139 140 135 131 127 125 123 117 115 120 114 108 89 55 33 35 42 34 14 17 15 12 17 13 15 16 17
44 44 37 22 24 31 28 38 53 83 106 125 131 135 135 136 138 145 148 150 160 161 156 161 175 184 189 191 188 162 116 102 100 123 149 155 153 155 157 165 140 104 115 168 159 159 171 161 156 159 160 163 154 154 158 160 165 169 163 150 144 135 124 126 134 128 126 125 124 121 116 116 118 116 109 107 102 76 45 34 41 32 18 17 16 12 16 15 15 16
35 36 30 35 39 29 39 70 106 121 129 138 133 125 125 136 144 144 153 161 161 157 159 168 174 186 177 188 184 144 112 108 107 131 158 157 154 162 156 150 97 70 129 168 172 170 178 165 172 175 164 159 158 165 166 167 165 161 159 151 139 133 126 121 128 123 123 121 118 117 114 114 112 113 110 106 104 100 79 53 40 39 34 18 13 16 13 17 14 15
34 35 33 36 40 50 81 113 125 132 130 133 129 127 128 136 141 142 154 166 166 159 157 165 167 177 179 179 172 145 111 112 119 153 162 168 163 159 151 105 48 74 160 154 175 165 167 169 184 178 163 166 171 175 174 176 169 159 155 146 133 132 133 129 125 122 123 119 115 116 112 107 110 114 109 103 104 102 91 83 56 46 45 32 17 15 15 15 15 16
33 22 33 42 57 91 113 122 130 141 140 140 140 147 145 138 149 152 155 159 168 165 158 163 167 172 184 185 166 133 98 104 127 167 172 167 165 155 112 36 27 129 172 154 154 142 150 163 178 175 171 177 180 188 185 174 167 161 155 144 135 128 123 123 117 115 117 115 115 118 113 105 99 98 107 111 103 101 99 89 81 64 46 44 32 14 13 14 17 19
30 22 41 62 78 103 126 146 161 154 146 151 148 150 155 157 157 161 162 164 171 170 163 166 174 178 188 194 160 113 96 112 145 172 180 166 168 138 60 11 64 171 171 160 125 130 148 159 170 179 182 186 188 197 189 170 166 160 148 137 134 128 118 120 105 103 108 110 111 115 114 109 92 97 103 103 100 98 97 96 93 72 61 49 43 30 11 17 16 17
25 42 53 70 100 131 158 174 174 166 163 172 166 163 164 164 164 162 166 169 170 171 173 180 180 188 197 187 139 96 89 115 159 180 184 177 161 85 14 30 135 177 175 144 92 122 149 161 168 179 181 190 194 193 180 169 162 152 139 131 132 127 115 111 103 101 108 111 109 112 115 117 107 101 100 101 98 96 97 96 93 84 75 65 51 43 34 20 19 19
34 46 68 86 113 154 165 182 184 190 194 202 188 173 177 169 170 178 170 170 167 176 174 188 188 189 198 184 125 91 83 121 165 180 187 181 146 40 4 53 151 178 168 130 85 108 151 155 161 179 178 188 190 175 173 167 154 148 137 132 129 120 111 109 105 102 103 108 112 114 116 116 115 108 106 104 98 97 98 97 88 85 82 74 61 52 44 34 25 24
43 60 85 102 137 156 173 196 204 213 216 218 204 188 186 174 183 183 172 174 174 175 168 190 197 199 206 189 128 94 83 111 161 182 183 169 109 17 14 75 167 177 154 115 73 94 140 151 162 168 172 173 172 174 173 161 150 144 138 133 124 114 107 103 101 98 100 105 107 106 112 120 112 109 107 105 100 95 95 95 91 87 84 82 76 65 52 43 39 38
47 71 93 113 143 157 184 206 215 228 227 220 206 192 188 178 190 179 173 181 185 187 179 198 196 202 209 185 115 86 86 116 154 179 171 145 73 11 16 79 166 161 123 92 62 84 135 156 163 152 165 171 165 167 162 153 145 139 135 129 116 107 104 99 93 90 92 100 104 106 112 120 115 114 110 106 103 97 94 94 92 89 86 86 84 77 64 52 45 43
56 87 99 121 133 158 188 198 195 216 220 217 209 198 195 192 190 173 173 183 188 202 199 206 208 211 209 179 103 75 85 117 145 160 160 133 48 12 11 74 163 154 100 78 58 74 128 151 156 150 160 159 153 161 158 147 140 134 129 122 109 100 96 92 83 85 90 95 99 105 113 117 119 119 111 102 101 99 94 94 94 93 91 86 85 86 77 61 50 46
65 95 100 115 126 154 183 185 192 208 210 207 203 193 192 194 187 175 182 190 193 204 201 199 206 198 187 164 100 78 87 111 137 151 156 121 25 17 13 55 151 145 85 72 62 75 129 151 154 155 153 149 147 150 150 141 134 128 120 112 103 95 89 84 86 90 93 92 90 93 101 106 115 119 110 98 96 96 94 93 97 96 98 94 89 92 87 70 58 51
81 99 102 107 133 151 178 185 191 197 192 189 190 187 188 193 178 178 186 194 200 202 200 201 199 187 170 154 100 81 88 106 128 152 148 110 22 21 12 46 142 131 75 68 63 79 130 150 156 154 143 145 149 145 143 137 126 119 109 101 97 94 91 87 88 82 80 84 87 91 95 99 105 113 110 99 95 95 94 96 98 97 102 102 97 94 88 77 64 54
92 96 101 109 134 148 166 177 184 187 183 182 186 186 185 186 187 188 187 189 191 190 195 194 181 174 158 145 96 78 85 100 120 138 136 101 18 20 6 44 137 112 70 65 62 88 131 151 149 151 141 137 141 146 145 129 112 105 102 98 93 92 89 81 71 64 65 78 93 102 102 100 96 102 104 102 99 97 97 102 105 108 109 107 105 100 91 84 74 62
90 89 100 123 138 156 162 172 183 185 181 176 178 181 182 182 181 183 184 187 188 187 193 179 171 168 153 145 102 84 87 96 114 124 135 92 19 67 57 60 139 101 71 66 62 96 132 151 149 145 144 145 141 138 129 110 97 94 101 103 93 86 76 61 57 61 70 82 95 103 102 95 92 93 96 101 102 99 99 104 119 125 119 111 113 110 99 94 82 70
87 89 107 127 146 157 161 178 178 175 181 181 174 175 179 181 173 181 185 182 179 179 175 168 164 156 147 131 107 88 85 90 107 124 121 103 24 44 65 71 130 102 75 63 64 108 142 151 147 140 135 145 135 127 111 94 83 80 87 79 73 72 64 57 66 86 87 101 99 90 81 76 78 81 92 99 99 104 109 108 115 127 130 127 122 116 111 103 91 80
85 93 116 135 150 155 157 172 179 183 178 170 171 174 172 169 169 172 170 169 172 170 162 158 154 147 140 127 105 87 82 85 102 110 121 107 43 33 77 97 124 99 83 65 75 117 145 151 141 136 145 143 134 111 95 69 66 65 64 69 68 74 76 88 103 111 111 110 96 76 52 51 64 76 95 105 110 109 110 123 119 126 130 133 131 125 119 111 102 88
83 100 126 142 152 156 160 176 171 172 168 171 171 163 164 167 173 172 166 165 170 164 153 151 147 141 135 125 108 92 85 85 94 102 113 106 79 26 36 81 116 93 81 67 96 129 141 144 142 151 152 139 121 100 71 52 49 59 61 68 69 96 107 114 134 135 127 112 93 63 31 39 79 99 100 109 123 121 122 131 125 128 136 145 144 135 126 114 106 94
86 103 125 140 155 163 163 167 176 168 166 174 158 142 156 165 161 162 159 159 160 155 148 146 141 134 127 120 108 95 88 85 92 99 103 108 105 43 7 71 117 95 74 74 114 135 137 151 159 163 165 132 111 71 48 36 48 72 84 85 91 124 134 141 153 153 137 118 94 50 17 23 86 129 115 114 132 131 135 127 135 134 139 148 148 144 138 125 114 103
91 114 136 147 157 163 161 160 165 166 169 169 150 146 163 162 157 158 159 156 152 150 147 143 134 127 121 116 108 99 91 86 85 94 100 99 99 81 46 66 116 93 73 96 126 139 150 175 182 174 161 113 82 53 57 61 72 88 105 105 116 131 139 166 169 162 140 126 87 32 16 15 57 133 138 121 131 138 146 143 134 135 139 147 151 154 151 137 119 106
107 126 141 149 159 165 163 160 161 166 167 165 158 156 161 154 156 155 155 150 143 143 142 134 131 125 119 116 111 104 96 89 85 86 95 96 91 87 94 103 111 88 82 124 144 159 179 198 192 165 103 65 83 121 143 149 135 110 119 129 138 147 161 178 177 162 148 128 73 21 26 26 24 102 151 136 133 146 142 147 138 143 148 155 163 169 164 149 131 114
113 129 141 149 154 155 157 162 165 163 159 159 160 157 155 155 151 151 150 147 143 143 140 133 129 122 116 113 110 106 99 92 90 90 94 92 90 86 94 100 92 87 111 150 164 171 184 190 188 149 94 86 139 174 192 184 163 121 119 146 145 154 177 184 180 170 162 109 43 11 26 40 49 72 142 146 126 141 141 143 143 146 146 151 162 171 169 157 141 125
120 130 140 151 156 152 151 155 159 158 158 156 157 158 153 150 149 151 150 148 145 140 133 129 129 122 115 111 109 107 102 96 100 99 99 96 92 92 86 98 105 116 149 161 164 167 185 198 180 124 97 147 171 179 195 199 165 117 92 144 162 165 177 184 177 177 169 85 29 35 67 109 96 65 139 164 122 136 150 143 143 146 146 154 169 178 176 166 145 133
121 133 141 148 156 153 146 148 156 156 156 156 155 152 147 144 152 148 148 146 142 137 130 128 125 121 117 114 108 107 108 102 105 104 102 102 107 110 115 121 132 153 162 163 162 174 199 208 183 141 133 165 172 184 212 205 160 104 47 112 162 165 172 186 183 177 157 59 30 118 161 176 165 135 138 156 135 122 136 144 141 144 150 164 168 169 179 176 156 136
127 132 138 145 150 150 149 153 154 152 155 155 149 147 149 149 146 152 146 138 135 139 140 128 119 117 115 111 104 104 108 105 103 109 116 123 133 142 149 154 150 158 160 170 181 188 202 210 197 177 166 172 171 184 206 193 143 86 22 64 139 161 175 182 184 180 120 34 29 99 154 164 160 114 116 169 150 128 129 128 138 145 146 156 166 171 177 171 157 137
130 132 138 144 147 149 152 155 157 149 149 150 146 147 151 150 150 152 142 140 134 129 135 129 120 116 114 112 110 111 108 101 104 110 122 133 145 161 175 180 174 177 178 192 200 190 189 196 196 190 177 169 167 186 199 174 140 78 15 45 121 159 180 181 188 162 90 40 26 63 124 175 107 45 98 178 172 133 132 123 126 141 145 154 164 167 170 170 157 137
127 135 141 145 149 150 150 150 153 152 153 149 142 143 148 150 152 148 142 145 136 122 126 130 126 118 112 108 108 110 105 98 108 112 124 137 148 165 182 188 186 184 183 195 200 192 193 202 201 198 187 179 178 190 187 154 133 82 15 44 105 142 164 181 186 137 68 34 51 165 201 210 169 133 150 159 185 144 128 115 112 130 144 154 159 157 163 173 160 138
126 135 141 146 152 149 146 150 158 158 149 138 135 141 148 152 143 143 144 141 134 130 128 129 122 119 119 114 109 106 100 98 105 111 127 144 153 164 176 180 180 177 178 190 200 202 201 198 206 210 201 197 201 196 172 138 119 96 23 32 93 120 144 179 175 109 61 45 75 197 214 193 189 133 139 153 175 131 125 110 107 122 140 155 161 164 171 176 158 134
130 135 138 145 151 145 143 153 158 155 142 134 140 146 146 144 142 140 141 138 136 136 131 128 126 119 117 112 109 107 101 103 104 112 128 143 151 157 162 164 162 164 171 181 193 203 203 197 202 211 202 204 220 206 163 130 112 102 47 27 81 106 135 158 150 97 66 42 52 112 161 179 159 72 109 149 177 128 113 101 100 111 134 156 172 182 179 165 153 129
133 138 140 143 147 145 144 150 144 148 148 147 147 145 141 139 145 140 138 141 139 133 130 128 126 115 113 111 111 108 98 99 108 118 129 136 144 151 154 155 160 162 163 163 171 182 190 195 193 202 198 202 214 195 152 126 105 95 67 35 66 95 122 134 127 84 56 35 90 152 196 217 194 112 137 160 177 127 105 98 87 99 126 155 176 185 172 151 148 125
133 142 147 144 143 147 147 144 151 147 146 145 143 141 143 146 140 144 140 142 139 132 134 127 128 118 117 114 110 105 98 104 106 120 128 130 139 149 152 152 153 157 159 161 169 172 169 173 173 182 190 193 184 159 133 118 101 95 78 48 62 95 110 135 125 82 58 49 150 236 230 223 221 168 126 141 149 118 104 88 84 96 126 156 174 177 166 152 139 117
132 135 141 141 144 149 148 146 142 144 144 145 146 144 142 143 147 144 143 138 137 131 130 126 127 122 113 112 107 99 100 98 105 114 124 133 135 140 143 142 144 148 156 158 162 166 163 165 166 170 170 174 162 142 127 111 95 88 77 55 66 87 104 128 129 76 53 58 158 229 214 212 204 148 104 139 138 108 93 83 73 83 116 158 175 170 159 146 128 106
132 136 142 142 144 148 147 145 143 145 145 146 147 145 142 143 142 144 148 146 143 135 131 126 125 119 110 106 99 91 95 96 98 109 114 123 127 123 126 124 134 136 138 141 154 161 157 159 159 161 159 161 158 145 127 107 93 86 88 64 63 82 97 122 126 76 50 63 115 184 215 207 201 133 94 153 144 103 85 82 72 81 112 154 174 168 152 134 123 104
136 139 145 145 147 149 146 145 145 146 146 147 148 147 146 146 144 146 151 148 146 139 135 129 124 120 113 106 97 89 91 93 93 102 102 102 116 113 114 115 119 127 132 138 151 156 152 158 156 154 153 154 158 156 137 111 95 93 97 78 71 77 93 119 121 77 61 57 94 124 178 208 190 113 89 155 129 99 87 73 74 84 114 154 170 163 147 128 115 101
134 138 143 143 144 145 142 141 146 145 145 146 147 148 149 151 151 150 153 149 147 142 138 130 121 116 108 101 94 91 91 90 96 89 83 85 83 107 111 111 111 120 127 134 144 148 147 151 153 145 145 147 151 160 147 118 113 118 101 74 69 74 98 114 110 72 60 95 174 218 224 222 186 95 85 147 122 98 87 73 73 88 118 151 161 151 138 124 104 94
132 136 142 143 145 145 142 143 144 145 146 146 145 146 149 153 153 153 157 152 149 143 138 126 117 109 99 92 91 95 93 89 83 84 84 81 92 101 111 114 119 118 119 124 135 143 146 144 149 141 134 133 140 152 148 128 124 112 90 79 79 77 98 114 104 73 63 132 215 229 215 211 194 112 118 151 124 97 84 80 74 91 120 149 156 144 129 114 98 91
125 130 136 138 141 142 139 143 145 146 149 150 147 147 150 152 152 154 160 154 147 141 138 128 112 100 91 88 91 93 89 86 88 94 92 93 111 106 112 114 127 127 125 127 132 141 149 146 144 138 124 126 138 145 147 138 112 89 89 90 92 99 109 114 92 71 82 135 197 223 218 212 184 111 131 146 112 95 91 81 77 94 120 148 156 144 123 102 91 87
124 129 135 137 141 141 139 144 146 147 150 151 148 148 150 151 151 153 158 151 144 141 141 132 104 87 82 85 90 89 87 93 108 98 85 88 85 111 109 112 128 134 133 131 132 138 145 143 132 126 117 134 146 145 149 138 105 79 93 104 105 109 117 122 96 73 87 118 116 183 216 221 172 103 119 141 111 98 93 79 79 95 120 144 152 142 122 102 83 79
123 129 134 136 139 139 137 142 145 144 146 147 145 146 149 150 149 150 156 150 146 144 143 132 101 79 74 82 89 91 98 116 118 85 58 34 93 135 106 101 132 139 132 128 134 139 141 136 124 115 117 150 159 153 157 135 87 82 99 111 113 118 128 125 96 82 94 143 136 162 177 163 137 112 121 136 112 103 92 84 83 101 125 145 150 141 128 114 82 78
121 126 131 136 140 139 138 141 140 145 145 143 145 146 146 146 148 154 152 153 156 152 153 131 89 69 79 82 92 103 131 139 92 44 23 47 155 139 98 89 121 139 139 135 141 143 141 141 108 96 113 146 156 159 153 124 81 97 106 116 121 122 131 131 99 78 104 159 209 207 195 152 105 100 123 136 121 109 99 86 89 104 125 147 155 150 140 122 100 91
119 125 130 133 138 140 139 141 145 148 146 143 143 143 142 144 148 152 152 153 156 156 155 129 87 72 75 83 99 127 156 123 39 27 18 81 170 124 89 82 111 138 146 139 140 145 148 147 116 83 94 134 146 153 152 122 96 108 112 119 123 123 131 133 106 74 109 136 174 204 209 124 55 82 123 134 123 119 111 96 97 108 129 151 155 151 146 134 109 100
115 123 127 129 134 138 139 140 142 144 142 140 140 139 141 145 149 152 154 156 160 159 152 117 86 76 72 86 113 147 158 84 33 22 13 115 174 106 77 72 102 134 153 149 141 145 152 150 133 89 76 104 130 148 146 119 108 116 118 123 126 125 132 135 102 84 115 118 114 154 146 64 74 94 123 130 124 125 120 107 110 114 131 151 156 154 150 137 117 109
112 119 124 126 130 133 135 138 139 140 139 139 139 138 140 146 151 151 153 154 158 160 150 112 81 70 73 97 136 161 137 56 21 19 19 135 168 102 69 71 99 130 156 159 150 147 152 150 139 114 81 75 96 112 112 108 114 120 120 124 127 125 129 133 106 81 126 171 174 172 161 87 63 106 127 126 133 133 120 117 119 121 136 151 153 153 150 137 123 116
108 115 121 125 127 127 129 137 141 142 141 142 141 138 138 144 143 144 150 154 159 160 145 105 82 69 88 117 153 165 109 40 18 12 22 124 111 65 66 66 94 127 157 164 157 153 157 155 147 133 97 69 71 82 93 108 111 117 119 123 128 129 131 136 112 67 94 148 172 156 116 79 85 107 126 133 137 138 132 121 120 126 142 150 147 150 149 140 134 128
102 109 117 123 126 124 127 136 139 141 141 142 142 138 137 141 143 142 147 149 152 150 134 99 79 70 103 129 154 161 97 33 20 11 19 124 103 60 76 70 84 124 153 160 158 157 159 158 147 138 111 69 52 73 95 101 109 115 118 122 129 130 131 135 125 65 64 135 161 120 59 68 101 114 131 145 145 135 129 127 123 125 135 143 147 152 148 140 137 131
92 102 111 119 124 125 128 135 136 139 139 140 140 137 136 139 140 140 147 149 149 139 118 86 80 86 115 134 149 151 93 28 41 60 53 138 141 84 74 68 81 122 147 156 161 158 153 155 156 136 120 96 65 56 72 96 104 113 118 121 127 127 123 125 127 60 19 56 63 43 71 91 112 127 147 152 139 133 135 123 127 124 132 142 151 155 145 139 141 135
85 96 107 115 122 127 130 133 139 141 140 140 139 136 134 137 137 138 144 146 145 132 110 83 77 100 119 137 151 151 100 35 44 84 87 136 129 91 85 66 87 123 145 158 169 158 146 150 150 140 128 110 87 61 55 76 88 101 111 118 127 128 122 123 130 62 13 14 10 45 78 103 132 143 142 137 130 124 127 131 127 129 140 150 155 151 142 144 139 133
87 93 105 115 119 123 127 129 134 137 137 139 142 140 138 133 135 142 144 152 147 126 101 90 80 103 127 140 148 150 99 52 41 66 78 148 132 99 88 69 85 124 154 158 156 155 150 144 146 142 133 119 98 79 70 63 75 83 99 109 116 120 114 112 119 75 14 14 36 76 105 124 131 129 127 128 125 124 130 134 133 136 149 155 160 158 148 146 137 131
90 93 100 107 114 120 125 127 133 136 136 138 140 140 140 138 138 142 146 149 146 119 95 93 93 115 132 139 149 149 108 66 36 51 93 155 132 107 86 79 95 132 161 165 159 154 149 146 145 146 136 128 110 91 86 78 57 66 82 94 104 111 105 101 107 71 18 28 63 96 103 106 115 123 126 125 123 125 132 134 139 146 154 156 159 160 153 147 138 129
89 92 97 104 110 117 123 125 129 134 136 138 139 137 136 132 137 139 143 143 144 110 90 97 100 116 131 136 144 145 122 81 35 34 109 138 124 112 92 87 101 131 157 162 156 149 144 142 143 147 137 134 119 99 97 84 72 57 54 67 88 98 94 92 88 73 33 31 52 76 88 104 116 125 127 125 122 127 136 138 139 148 152 154 155 153 149 142 133 122
68 76 87 96 104 111 119 124 125 131 134 138 141 140 139 136 132 136 137 140 146 107 94 103 108 117 134 138 138 137 133 91 65 31 97 125 128 114 91 93 112 131 149 156 154 148 140 136 142 146 142 139 126 110 103 91 85 73 55 42 49 67 79 81 82 82 59 54 67 81 88 101 109 115 120 125 128 130 136 137 141 147 149 154 152 142 137 131 121 110
62 71 81 90 98 106 113 119 124 129 130 133 136 138 140 139 132 138 134 140 149 112 105 106 105 118 136 139 134 132 139 110 76 39 69 115 123 117 93 104 124 134 145 151 152 147 139 133 139 140 144 140 131 121 109 100 91 90 80 64 53 54 60 63 77 85 78 73 76 81 86 94 102 108 113 121 127 131 136 136 134 141 143 148 146 135 131 125 109 102
57 64 70 78 90 101 109 115 119 125 127 129 132 134 136 135 134 139 133 138 144 119 111 100 100 120 135 139 135 132 140 132 82 54 53 92 116 118 107 116 128 135 144 147 148 147 145 141 139 138 144 139 132 126 111 103 95 89 85 88 80 62 51 47 55 64 69 71 77 82 87 91 101 110 115 119 124 132 140 139 139 145 144 139 133 125 118 110 104 101
55 62 67 73 84 93 101 107 111 120 126 130 132 134 138 138 135 136 134 133 134 128 113 94 106 126 136 142 138 136 137 138 121 90 67 85 122 121 118 125 132 140 146 147 146 150 153 151 146 146 147 142 135 129 118 108 101 97 90 89 86 78 74 69 70 75 82 85 92 96 100 104 100 110 118 125 129 134 140 138 141 142 141 131 124 120 111 106 105 104
40 51 60 67 76 84 92 99 110 120 125 126 127 129 136 138 136 133 136 130 128 136 115 93 107 120 129 141 137 138 135 134 137 131 104 96 114 126 126 134 138 145 149 146 144 149 153 151 148 150 147 144 138 131 125 113 105 101 94 97 96 92 95 98 95 99 105 106 113 112 111 113 116 118 121 129 131 131 136 138 136 132 132 125 119 114 105 105 106 107
35 37 51 62 67 74 83 92 103 108 116 121 122 127 134 136 139 140 133 131 132 135 121 86 107 127 135 137 135 134 136 127 134 137 114 108 122 130 135 133 141 147 148 146 146 146 149 154 152 150 144 144 141 130 123 119 112 106 104 100 98 100 103 110 113 121 121 122 126 127 127 123 124 123 124 127 129 129 132 136 133 125 124 121 111 105 104 103 105 105
27 31 40 50 60 68 75 85 94 100 110 117 121 126 132 134 138 141 138 136 135 137 129 103 106 132 141 143 143 139 137 128 132 122 115 119 128 131 132 140 138 145 148 148 148 147 147 150 157 152 143 141 140 135 129 125 117 116 114 109 108 113 114 115 119 126 127 129 133 132 131 127 123 124 124 125 131 132 129 127 128 125 118 108 102 104 107 108 104 104
25 28 30 33 47 57 64 77 86 91 101 109 114 121 128 132 134 139 140 141 137 137 137 122 113 129 133 139 144 139 137 136 132 126 132 131 135 138 130 138 138 143 146 147 147 145 143 146 158 154 146 144 143 139 136 130 128 120 119 120 118 114 112 117 126 130 130 132 132 130 128 125 124 127 129 130 132 130 127 127 122 119 109 100 99 103 105 105 103 103
25 27 26 25 35 44 50 63 72 78 87 97 105 112 119 124 129 133 135 138 135 133 137 130 124 133 131 132 142 149 150 146 130 128 136 134 138 132 118 133 142 144 144 145 145 143 142 144 152 154 152 150 146 141 138 132 134 125 124 125 122 115 112 119 123 127 130 133 133 130 129 127 128 126 127 129 126 122 120 119 113 105 98 99 104 105 104 105 102 102
22 23 27 26 28 32 35 42 50 57 68 81 92 100 108 114 129 131 132 137 135 133 137 132 133 130 128 132 133 131 131 130 131 138 142 138 139 136 131 140 146 145 145 145 145 146 146 146 147 151 153 152 148 143 141 136 134 135 134 128 126 129 128 129 127 131 134 138 136 131 131 129 126 123 127 126 120 119 121 117 109 96 91 96 98 98 99 99 99 99
24 22 28 28 24 25 28 31 36 41 49 60 72 83 95 105 119 123 124 131 132 131 135 130 130 132 135 132 125 125 127 125 130 141 142 134 131 139 145 142 145 146 146 146 148 151 151 150 151 151 151 153 151 150 150 144 140 139 139 134 132 133 133 136 138 137 135 134 131 129 130 128 126 122 123 123 120 121 116 105 88 85 90 96 95 97 99 96 99 99
29 24 27 28 23 23 26 28 30 32 35 41 49 58 69 80 95 103 109 118 122 124 130 127 130 129 130 129 124 122 123 127 127 128 130 132 130 132 138 142 142 144 145 145 147 153 154 151 152 151 150 154 154 153 154 148 147 139 138 140 137 130 128 135 135 133 129 129 129 130 133 129 127 121 117 121 122 110 93 81 75 78 83 85 85 91 97 98 98 98
29 23 26 28 26 24 22 24 26 28 28 31 34 36 41 50 59 72 82 93 99 104 113 112 116 115 113 112 116 119 116 116 112 118 122 122 127 130 129 137 140 143 144 142 144 151 153 149 148 147 149 154 154 152 151 146 146 141 141 140 138 133 129 131 130 130 130 134 136 136 133 123 121 123 123 118 93 52 29 35 47 57 68 76 83 85 86 87 89 89
29 27 25 24 25 25 25 25 26 25 26 26 25 27 30 28 35 37 42 48 53 60 69 78 78 81 83 84 85 88 93 98 102 106 110 114 117 119 123 128 135 140 139 138 143 151 153 147 145 148 149 151 147 146 144 147 144 142 143 143 139 139 139 136 137 136 137 140 139 133 127 125 127 126 103 60 25 15 17 19 19 21 27 38 49 59 68 75 78 86
30 30 30 28 24 22 23 25 21 22 23 23 23 25 26 26 27 26 25 24 23 23 25 29 29 29 28 28 30 32 33 34 41 46 53 63 75 87 101 113 118 124 126 127 133 143 151 149 151 153 152 154 149 149 147 149 147 145 145 141 136 136 140 141 136 140 140 134 130 126 119 111 85 51 18 10 18 23 22 20 22 19 16 14 14 17 25 32 45 52
34 31 28 26 25 24 24 25 25 28 26 24 24 23 22 24 28 26 25 24 22 21 21 22 21 20 19 20 22 23 23 23 21 21 21 24 27 31 39 48 65 71 74 78 83 92 101 104 117 124 132 142 144 147 146 148 147 147 149 149 145 144 145 145 148 145 136 123 111 93 62 35 14 11 12 19 23 21 18 18 19 21 23 24 21 18 16 17 18 24
40 37 33 31 29 27 25 25 24 27 25 22 23 23 23 26 26 24 23 23 24 23 21 21 19 20 21 22 23 23 23 25 27 25 25 26 24 20 20 23 24 26 25 25 24 23 26 26 29 31 33 40 44 55 62 69 77 79 84 89 91 90 88 86 71 62 48 32 19 12 11 12 17 20 21 17 16 19 21 20 20 19 19 21 22 22 21 21 18 21
40 40 40 38 33 28 25 25 23 27 25 23 25 24 23 26 26 25 24 24 24 22 20 18 21 21 21 21 22 20 20 21 23 23 25 29 31 28 25 26 25 25 22 22 21 19 19 17 15 16 13 13 9 12 12 14 14 13 15 16 16 14 13 12 11 8 10 15 17 17 18 22 20 19 19 20 18 16 16 18 20 19 20 21 23 23 23 22 21 21
62 56 48 44 40 36 30 26 28 30 28 27 28 26 23 23 24 23 24 24 25 24 23 22 21 19 17 18 20 20 18 18 20 20 21 25 28 28 27 27 27 26 22 22 22 21 21 19 21 22 21 22 19 21 19 20 19 19 19 19 18 17 18 21 19 17 17 18 18 17 17 18 18 17 17 18 17 16 18 20 18 19 20 20 21 22 25 28 26 25
97 84 69 59 54 49 40 33 31 30 28 28 28 29 28 25 23 24 25 25 24 23 23 23 23 21 19 20 22 22 21 22 21 21 20 20 21 22 22 22 24 24 21 21 20 19 21 19 17 19 17 19 17 20 19 19 18 19 19 19 19 16 16 19 17 18 19 19 18 19 20 21 17 19 18 17 18 21 20 16 17 19 21 20 20 21 23 26 27 26
99 94 85 75 64 55 49 47 43 38 34 32 30 32 32 29 26 27 28 27 24 23 23 24 23 23 21 21 20 18 19 22 19 21 21 20 22 24 25 25 21 24 22 22 21 20 22 21 21 22 19 19 17 20 19 19 19 18 17 19 21 20 18 19 18 17 17 19 19 18 18 20 19 18 18 19 19 19 20 23 21 22 22 23 24 25 26 26 30 29
102 95 90 85 85 77 66 52 52 53 52 44 37 35 34 35 32 31 32 32 30 27 25 23 25 23 23 24 22 20 20 21 21 21 20 20 20 21 22 24 25 24 24 22 21 22 23 21 20 21 20 19 19 20 19 19 18 20 20 19 19 20 20 19 18 18 20 21 20 19 18 17 18 21 21 22 27 29 31 33 33 32 32 31 33 35 35 32 36 38
134 118 104 96 100 97 86 70 61 55 53 49 46 43 39 41 34 34 34 34 33 32 30 29 27 24 24 24 23 22 22 22 21 21 20 20 20 21 22 24 23 23 24 24 23 25 25 23 21 22 21 20 20 21 21 20 19 20 20 19 19 20 20 20 20 19 20 21 20 20 20 19 24 27 27 27 31 32 32 33 33 33 32 31 31 34 35 33 36 38
