127 104 154 167 169 129 113 88 126 87 93 101 108 75 98 115 92 60 113 92 87 76 100 81 89 86 42 13 13 31 61 58 44 44 42 54 56 46 46 58 44 37 33 33 33 35 36 34 35 32 31 32 34 33 31 35 34 35 36 34 34 33 33 38 38 37 44 49 40 42 53 50 40 39 48 52 45 40 41 38 54 57 43 77 37 39 34 39 33 37
176 149 156 180 116 148 120 104 112 90 91 90 129 73 68 79 103 104 109 91 78 95 86 85 95 59 35 30 37 47 49 50 46 42 38 40 56 50 48 42 32 30 32 35 34 33 34 32 33 31 35 35 34 36 31 24 26 26 36 35 35 43 41 41 45 44 43 50 46 37 43 41 42 35 37 42 42 45 47 44 51 50 45 71 43 37 34 38 35 37
161 153 123 199 128 141 143 100 104 96 76 95 138 79 61 69 119 134 122 96 89 94 85 83 50 27 34 41 45 48 38 45 42 45 33 36 40 50 47 47 46 42 39 37 32 31 34 35 33 35 32 32 34 25 29 58 55 31 33 35 38 48 46 50 50 53 50 40 38 42 38 38 43 38 38 39 35 36 42 43 42 43 49 59 45 35 35 36 37 37
114 110 118 193 158 120 153 97 115 107 95 92 120 79 77 95 131 113 152 112 95 85 85 50 33 33 37 39 44 45 41 45 39 39 40 42 51 47 42 37 40 36 34 34 34 33 34 34 36 32 35 36 32 36 66 109 76 46 38 37 36 39 39 41 44 50 40 38 37 31 36 37 34 35 41 42 36 33 36 39 36 43 52 47 39 36 37 36 35 33
115 103 107 141 169 110 135 131 121 87 102 81 116 69 74 117 169 121 162 112 94 92 61 38 40 41 36 39 42 39 39 39 38 38 41 43 49 45 43 44 37 36 37 38 39 37 36 35 33 37 39 33 34 43 39 30 27 31 33 35 34 37 40 36 44 44 51 47 45 45 36 38 38 35 33 34 35 35 37 39 41 46 48 40 33 38 36 37 44 41
103 121 128 131 155 84 110 142 164 99 78 88 110 97 103 125 156 133 153 122 95 64 30 44 41 41 44 43 38 40 40 36 43 45 43 45 42 48 42 43 44 42 40 38 37 35 35 37 37 35 34 35 41 37 28 30 29 37 34 34 34 33 39 39 37 41 39 37 39 45 50 43 37 36 34 35 35 33 32 33 49 45 39 38 34 38 34 36 37 37
75 131 143 129 146 102 100 111 143 108 70 110 125 108 98 140 150 138 142 117 84 43 36 33 45 42 42 37 33 39 40 35 39 41 50 42 46 46 49 49 43 43 42 42 42 41 39 41 37 38 44 43 38 40 39 34 32 32 30 35 37 32 32 34 39 31 36 37 38 39 33 37 37 39 38 36 34 33 37 45 47 39 33 36 36 35 35 34 35 37
94 143 132 128 121 109 114 99 137 99 107 116 126 103 110 150 152 147 128 72 69 68 62 42 43 42 37 42 43 36 38 43 46 41 40 44 50 59 51 48 54 50 45 43 43 39 34 32 34 38 39 40 45 39 28 32 32 33 36 31 30 33 31 33 33 34 35 32 34 38 39 42 44 44 42 39 39 40 46 56 38 34 33 33 36 33 38 32 36 39
106 120 106 118 119 127 115 91 132 116 101 125 121 114 130 132 113 110 88 61 49 55 60 46 47 39 36 34 39 31 38 39 47 53 60 63 73 75 78 81 86 84 85 78 77 72 60 68 66 59 58 54 50 40 23 19 26 23 25 32 31 37 36 35 34 37 42 40 35 41 34 31 34 45 47 44 52 55 44 41 34 34 34 33 34 35 37 38 37 37
121 119 111 114 119 119 103 96 116 112 96 121 100 115 100 109 92 95 79 50 59 56 49 44 38 32 34 35 41 45 52 60 69 72 83 96 98 99 108 109 103 96 100 101 99 100 101 104 94 97 93 94 87 79 75 58 52 42 29 24 19 18 17 24 31 35 33 37 41 43 34 36 42 35 38 36 30 33 35 32 33 33 33 33 34 35 37 38 36 37
101 109 112 94 115 111 85 97 109 107 112 126 118 100 104 92 98 100 82 56 62 55 39 49 54 57 68 75 83 100 103 107 108 108 117 116 105 133 116 116 118 116 112 107 112 116 108 102 103 109 110 117 115 120 132 119 125 114 115 119 99 85 64 40 12 15 17 29 33 34 32 33 31 34 33 31 35 37 33 35 33 33 33 33 33 34 35 36 35 36
105 117 131 93 115 122 114 124 126 128 132 129 96 95 95 110 103 90 68 72 71 73 64 87 97 116 130 137 133 145 142 138 135 134 141 142 153 149 142 136 138 132 131 127 135 140 128 131 133 128 139 140 138 141 136 134 131 133 130 134 137 142 136 126 98 79 34 14 18 27 32 35 32 33 34 32 34 37 32 29 33 33 33 33 32 32 32 33 35 35
92 106 141 112 131 127 124 115 107 109 111 117 122 132 112 104 92 94 80 86 79 94 103 114 128 145 151 161 157 163 163 151 150 155 157 162 177 164 173 172 165 157 163 143 133 148 144 146 148 140 149 144 145 146 131 136 131 134 120 114 113 117 121 126 126 123 118 105 58 24 21 24 34 30 31 32 31 30 30 37 33 33 33 33 32 32 32 32 35 35
91 98 119 117 162 117 101 129 120 121 119 123 109 104 108 105 94 103 100 95 102 115 131 127 142 149 145 154 151 154 164 158 174 174 164 169 174 172 176 175 172 159 162 146 137 144 140 152 156 155 155 153 155 157 149 143 148 141 129 132 125 116 109 106 109 117 115 116 112 98 60 20 18 28 33 29 29 34 33 31 32 33 33 33 33 33 33 34 34 34
86 122 128 93 147 137 126 131 139 124 123 110 99 99 108 121 112 113 123 126 133 124 133 140 143 146 145 144 142 145 163 161 179 200 186 167 185 172 207 193 185 184 180 164 156 153 147 154 156 163 164 157 142 144 158 151 143 138 117 123 128 111 93 91 105 108 108 102 97 111 107 91 45 21 21 33 31 30 33 32 32 32 32 32 33 33 33 34 33 34
91 96 127 109 132 130 138 118 115 138 119 106 113 119 123 132 131 137 152 155 152 147 136 134 153 146 143 138 151 163 169 152 159 169 168 157 199 181 202 200 192 194 195 187 164 152 160 165 164 158 162 165 154 163 175 153 149 140 125 129 120 106 96 88 99 101 103 101 101 109 104 108 108 70 32 20 30 35 31 34 32 32 32 32 31 32 32 32 33 33
90 106 132 120 125 120 118 118 135 125 124 140 137 153 157 154 146 154 162 157 159 155 153 155 149 148 153 146 143 138 135 145 147 141 133 141 193 152 208 202 207 198 202 191 166 160 160 166 165 171 166 170 172 161 169 165 157 140 128 124 117 106 96 94 92 94 100 99 101 96 104 96 100 105 91 47 23 30 33 32 37 34 32 35 32 34 33 34 32 32
99 99 106 119 103 127 126 133 141 119 142 162 148 147 164 156 153 166 169 159 163 154 155 150 146 153 168 131 120 122 122 133 132 98 97 144 171 101 219 203 205 203 204 194 180 174 168 169 173 180 167 159 155 164 160 159 149 132 126 123 118 105 87 87 91 89 98 97 98 97 94 93 106 91 94 97 71 34 21 37 31 38 34 33 33 33 32 31 35 35
121 111 106 130 114 132 128 136 152 125 139 154 163 156 169 161 151 156 155 160 158 145 148 148 155 157 137 99 128 115 119 131 117 82 111 147 134 130 223 195 204 204 211 199 197 180 181 166 164 166 166 164 162 155 147 141 149 132 124 112 105 96 77 81 85 96 105 102 98 104 95 91 87 81 81 92 97 76 44 27 37 36 35 39 37 34 37 33 34 34
94 95 130 122 101 132 133 147 147 139 166 181 191 182 187 169 167 163 157 167 156 152 160 164 177 146 101 105 140 129 126 111 104 109 142 78 43 172 210 197 193 199 206 195 196 202 177 190 184 179 176 177 173 155 160 154 140 134 127 110 102 93 73 69 82 91 88 101 104 108 105 104 93 83 95 96 77 83 84 51 35 41 43 34 34 36 37 36 38 38
97 86 135 156 131 120 138 148 149 159 181 182 178 174 179 170 160 161 164 159 156 160 165 163 162 131 102 125 125 130 119 106 105 117 109 31 49 201 202 189 189 198 201 200 200 196 186 185 188 193 178 172 159 155 151 143 140 134 117 103 96 89 80 72 71 85 88 100 102 105 102 100 93 88 89 92 92 90 87 83 63 43 51 46 41 43 43 39 40 40
105 82 95 147 140 142 142 152 153 165 175 174 169 172 175 175 163 163 174 162 177 170 174 171 152 112 105 127 121 121 121 100 106 94 41 17 104 215 204 168 186 206 191 202 199 202 177 184 180 187 185 176 176 168 146 139 137 125 104 97 92 82 78 70 67 77 84 83 88 104 97 89 81 84 92 94 95 93 84 85 78 64 65 53 57 55 49 45 45 45
117 117 112 122 142 116 144 149 158 163 184 192 179 181 187 177 180 171 174 173 184 177 183 181 139 106 102 111 134 126 116 111 92 61 25 31 106 158 168 163 181 200 181 190 197 197 201 195 195 187 186 176 177 158 140 139 128 112 98 92 83 75 73 69 72 72 87 92 96 97 98 101 97 81 93 95 92 100 96 93 84 70 72 72 73 58 60 59 52 51
128 131 117 128 137 128 142 152 154 164 181 189 194 192 189 182 176 173 172 190 185 193 196 179 145 104 103 95 106 133 100 108 80 33 34 50 132 159 172 165 178 198 187 187 195 200 195 193 195 186 177 178 162 149 141 137 118 105 98 88 76 75 76 76 62 61 72 85 96 95 113 116 102 88 98 95 91 99 95 103 96 84 71 81 105 87 82 72 65 65
112 120 130 127 129 144 150 158 151 157 166 176 190 187 187 187 189 184 176 183 189 195 200 181 157 109 100 88 83 107 108 89 66 27 24 54 151 182 177 157 168 190 166 173 185 187 193 190 194 186 154 174 167 139 133 121 108 97 92 87 80 78 81 63 38 47 65 68 76 93 104 101 109 105 107 118 119 100 102 103 97 94 83 70 93 106 96 91 88 79
108 136 139 135 139 151 144 135 154 174 180 172 165 190 201 194 177 188 188 180 185 192 186 177 151 110 84 103 68 97 97 84 39 39 63 87 124 148 175 133 169 174 170 167 174 185 190 178 193 178 164 173 147 145 138 114 103 94 85 77 78 76 72 52 48 47 44 66 66 80 90 91 109 103 125 132 130 110 103 109 106 101 99 81 56 81 99 101 96 90
131 145 130 141 149 150 141 150 157 133 154 175 170 181 193 188 178 191 192 187 195 196 184 185 174 124 46 77 61 68 91 83 32 37 73 116 142 159 179 114 177 139 168 178 179 180 180 182 187 165 185 119 90 134 122 92 98 89 79 76 81 71 63 55 51 47 45 33 33 49 71 90 97 123 147 131 134 135 123 114 116 107 104 93 82 73 75 90 102 106
116 146 150 144 160 161 159 161 166 146 143 164 169 181 194 188 171 190 187 186 193 190 184 179 178 126 56 54 53 66 93 79 26 55 45 38 65 152 160 102 164 113 178 185 182 180 169 167 181 161 160 142 122 127 113 88 86 83 78 73 73 63 59 59 54 42 42 40 47 65 78 89 106 122 127 141 160 153 136 123 109 113 116 101 94 83 78 77 88 102
126 140 166 153 184 167 168 164 159 150 152 153 153 158 194 193 186 193 186 192 205 195 180 177 181 142 62 54 60 73 75 49 27 95 39 57 61 127 150 113 147 105 184 178 176 182 172 167 176 161 158 147 135 123 98 88 80 80 79 66 61 57 57 54 47 37 34 46 71 85 113 115 123 134 140 167 168 163 163 161 141 124 116 119 101 89 76 74 76 87
135 135 159 166 182 163 156 164 168 159 170 160 162 165 163 196 192 201 195 181 192 194 178 185 171 127 46 62 57 70 95 55 28 39 14 21 76 97 146 104 142 111 187 179 176 174 168 172 157 150 150 135 122 102 89 83 83 70 66 61 56 48 50 54 50 32 37 49 103 106 116 142 154 152 173 182 150 156 180 187 177 154 135 133 126 103 81 76 66 67
137 132 133 150 155 150 140 144 161 142 148 164 159 173 150 188 188 189 186 180 187 184 168 178 156 112 43 47 46 68 88 56 28 24 16 25 76 108 151 91 113 110 187 182 180 173 165 160 164 145 120 126 100 87 77 79 72 53 50 51 50 43 49 63 45 26 27 34 97 165 137 147 156 157 160 153 177 183 167 171 184 173 162 144 132 105 89 78 70 63
142 145 139 128 134 130 128 110 106 120 130 148 173 156 167 168 192 186 179 177 174 168 168 176 161 113 38 57 53 72 87 58 32 54 83 81 81 95 132 91 98 111 185 181 178 168 162 151 160 144 121 118 94 81 71 61 53 48 49 43 45 50 62 75 54 29 33 19 64 180 179 156 169 166 172 149 170 169 171 187 186 184 163 156 155 143 110 90 83 70
128 132 129 131 129 110 106 106 107 104 98 103 144 149 166 157 187 183 165 175 185 161 156 158 144 135 51 47 51 68 72 58 31 32 53 49 59 101 131 121 90 136 178 189 181 157 156 154 161 124 119 113 80 65 61 47 44 46 48 45 57 71 82 96 58 21 24 13 43 156 224 162 165 174 174 149 160 168 174 171 187 197 185 182 157 148 125 101 88 77
89 98 97 103 118 125 103 112 113 99 109 104 93 95 135 166 159 170 186 172 163 153 150 143 140 136 72 42 49 60 83 61 35 51 93 117 94 95 111 116 90 152 164 190 175 165 150 168 159 129 127 97 52 42 39 34 40 57 73 89 103 107 98 115 64 18 49 66 36 126 212 160 132 175 177 168 153 158 168 161 178 183 176 180 166 153 132 120 100 86
95 109 106 111 98 103 108 77 85 103 108 104 102 103 104 137 176 168 171 166 156 155 144 142 138 133 86 52 50 62 87 66 46 41 81 98 63 73 109 93 106 165 182 189 162 153 146 168 154 122 126 88 41 39 38 51 67 93 112 110 126 127 123 132 85 24 79 100 96 90 205 193 127 161 179 171 158 163 165 157 173 171 171 179 176 160 140 125 106 88
110 112 110 118 121 116 134 110 100 88 90 115 98 104 101 101 160 158 159 152 156 143 147 140 132 124 100 70 53 58 75 77 48 29 25 39 29 87 117 104 139 166 191 170 160 166 167 177 162 141 107 71 63 82 100 110 111 123 138 143 149 144 150 153 98 22 71 136 129 103 183 227 152 138 162 161 160 152 147 158 168 175 186 180 182 182 170 141 117 91
106 115 113 112 109 88 105 99 108 100 80 99 97 100 82 94 120 148 153 154 139 132 139 138 133 124 118 83 63 60 65 77 73 48 38 20 25 91 122 107 145 168 186 170 176 182 163 166 157 141 115 109 136 148 131 128 143 151 147 162 160 166 155 143 92 49 185 214 210 169 146 227 162 125 141 150 157 151 140 151 157 165 181 172 176 177 172 155 134 108
117 118 120 124 117 119 130 110 115 117 114 107 91 109 98 93 101 150 154 126 141 136 135 140 129 130 124 94 69 72 59 63 73 60 50 36 37 104 128 131 171 191 196 184 182 177 169 177 166 139 135 155 166 166 160 152 134 160 155 156 175 172 150 162 97 44 111 152 161 119 107 231 197 119 129 133 169 168 133 129 147 157 175 170 179 181 167 153 139 113
106 93 111 106 103 114 115 116 112 118 115 101 92 108 111 105 92 115 127 124 124 126 126 130 118 130 121 104 72 76 65 65 81 51 56 52 55 97 147 171 184 190 200 192 188 180 179 181 169 169 166 190 180 175 206 184 117 110 163 154 137 139 170 184 107 43 30 133 166 157 119 219 225 109 113 127 181 173 114 108 121 149 182 177 181 198 183 154 134 113
96 90 108 102 109 110 120 98 96 120 129 121 106 97 109 101 90 116 123 119 130 123 121 126 129 129 117 104 89 82 87 82 99 76 60 66 104 144 171 191 188 187 193 183 176 179 170 175 180 179 177 174 170 175 190 198 130 47 116 150 138 140 165 169 110 47 90 227 232 237 179 204 237 135 107 115 149 156 111 105 102 130 185 192 177 189 187 168 144 127
101 94 89 107 101 111 132 100 97 108 118 111 102 111 103 111 99 110 117 127 115 111 123 125 125 132 123 130 128 107 112 123 128 118 113 113 122 158 175 186 181 181 177 175 180 177 183 187 187 172 164 172 175 178 184 181 150 26 36 103 133 116 149 167 114 57 62 167 223 225 173 189 237 129 99 111 127 151 125 106 102 135 187 196 174 180 186 168 141 124
92 99 103 89 93 119 129 95 93 93 100 117 116 106 96 110 104 107 110 103 104 115 110 117 124 130 130 129 132 130 130 136 137 145 153 167 167 178 188 186 176 178 181 177 184 184 178 176 179 184 178 175 167 167 172 157 141 37 28 87 109 107 127 164 119 65 40 80 186 210 156 154 226 118 105 106 93 128 125 94 93 117 178 182 177 163 165 175 150 124
95 90 99 97 83 113 121 97 94 94 97 104 102 91 84 105 109 106 110 96 92 112 107 109 123 140 128 128 134 140 156 151 157 166 170 178 174 171 173 171 175 165 171 164 167 175 173 168 181 180 174 175 165 163 168 146 117 76 33 78 81 84 91 134 111 69 50 146 241 246 231 191 196 107 95 96 92 122 121 104 102 117 165 170 166 167 166 172 146 120
90 84 92 104 86 98 114 95 94 94 103 99 98 91 74 94 102 98 101 107 99 100 103 107 120 133 131 125 131 144 157 164 176 188 196 195 195 193 185 190 188 171 180 179 175 179 180 171 175 173 163 172 190 192 178 158 116 114 64 68 76 76 79 112 122 85 31 115 217 230 203 170 186 114 104 99 89 116 131 113 98 127 170 168 155 160 164 156 133 115
83 85 88 96 104 80 93 94 105 93 94 101 112 97 74 90 102 104 95 100 102 98 103 113 118 130 132 132 139 145 154 169 176 195 208 205 204 199 193 193 192 195 207 207 196 186 188 183 178 175 199 222 238 243 209 162 126 119 104 67 79 70 74 107 127 86 41 93 210 231 195 159 188 122 106 105 90 98 119 102 92 123 174 162 163 157 162 155 132 114
70 84 83 90 107 90 81 91 85 92 82 81 103 109 111 108 92 93 94 99 95 92 94 109 116 127 122 130 136 132 144 151 162 178 180 180 184 185 194 182 173 180 179 179 193 196 199 197 204 184 190 191 190 196 176 155 138 111 99 80 86 77 75 102 136 96 44 77 188 225 214 158 174 133 108 98 102 108 121 108 101 116 170 157 160 165 156 136 129 107
94 96 76 86 88 94 75 89 98 106 96 97 109 102 115 118 122 93 86 98 95 88 83 96 118 120 129 126 128 138 137 139 152 168 166 163 175 176 185 176 171 178 178 175 191 192 184 180 198 173 177 176 160 160 155 147 131 106 78 83 90 86 75 96 138 109 51 54 143 218 210 153 186 132 110 98 95 99 117 115 97 115 174 165 156 169 159 136 131 111
92 108 82 81 86 108 85 78 95 102 102 101 107 96 101 105 112 105 91 85 88 93 88 96 110 121 130 131 131 142 148 132 140 166 172 160 171 166 166 174 174 170 173 166 171 175 174 180 180 178 179 172 166 164 156 148 131 107 87 81 113 105 70 79 118 103 57 87 191 236 205 183 192 122 104 95 97 105 118 115 92 115 169 156 157 149 156 148 130 114
72 87 90 76 85 99 94 83 106 111 98 92 103 92 104 103 99 107 114 84 89 94 96 96 104 119 111 124 134 142 155 148 151 163 166 159 162 159 158 155 165 168 175 173 170 167 163 169 172 167 169 168 168 163 157 159 142 111 100 109 131 105 74 76 104 102 53 133 228 222 174 167 183 117 107 101 102 105 113 112 99 127 170 165 156 144 157 140 129 106
68 98 86 87 90 94 98 83 90 111 100 100 102 102 100 103 93 87 112 97 84 84 93 98 108 113 128 123 121 138 140 157 159 155 159 158 156 151 145 147 155 160 158 153 152 151 151 153 156 162 173 165 170 168 179 179 168 144 135 150 134 110 90 89 117 102 67 175 231 223 192 168 176 149 117 97 106 114 121 107 103 132 160 154 152 148 165 142 130 114
78 88 88 82 71 103 116 76 100 105 103 100 102 91 90 94 91 88 96 118 85 86 92 98 105 115 130 126 124 144 148 156 148 150 155 151 148 150 140 144 142 141 145 148 148 157 161 147 143 155 156 162 167 166 166 178 175 155 148 136 132 115 103 117 117 90 84 206 224 232 178 155 177 166 134 125 131 128 123 109 109 140 155 148 163 162 163 148 125 113
91 85 77 64 70 103 108 81 95 87 90 96 95 97 98 98 99 89 96 138 86 97 91 94 114 121 122 134 132 132 142 141 137 143 142 141 141 139 131 144 140 147 146 142 152 161 160 162 149 148 153 153 164 157 163 179 156 147 145 133 154 127 121 137 124 86 88 150 164 185 102 145 202 175 135 124 143 146 119 110 120 135 156 153 163 166 158 155 132 117
68 82 58 70 90 110 108 83 85 87 101 87 90 100 106 87 96 94 72 120 101 97 103 100 103 114 120 124 119 126 134 138 138 142 131 128 129 121 119 126 136 138 140 138 151 161 155 161 161 155 160 143 144 156 169 175 157 117 138 131 144 135 128 147 139 87 172 237 230 222 135 169 202 165 147 143 144 145 126 123 119 140 157 159 170 164 149 162 146 122
67 73 50 77 91 122 113 80 79 88 109 80 92 93 108 89 95 89 81 121 105 103 100 101 109 111 110 112 110 118 128 142 137 117 108 125 135 120 128 133 133 134 153 158 151 153 151 147 157 156 143 119 111 133 162 196 139 100 136 143 147 128 146 162 129 84 137 206 236 200 122 170 184 152 143 151 154 147 136 131 127 146 156 165 157 153 159 165 142 116
65 60 59 77 106 124 92 84 79 81 88 83 86 89 102 100 86 89 77 103 102 102 96 95 98 108 101 102 111 122 122 116 109 94 90 85 92 85 103 104 108 125 136 147 153 150 150 150 146 163 156 121 117 128 172 199 123 126 166 141 139 136 149 154 115 92 128 148 146 90 98 183 168 161 148 151 174 159 140 135 138 148 145 161 160 158 157 153 136 116
53 61 85 74 112 109 76 75 85 72 77 78 82 82 99 93 90 83 92 88 96 100 100 93 92 95 88 83 97 116 107 103 97 78 63 41 68 85 103 95 107 130 134 145 143 134 143 138 145 135 129 145 141 139 172 182 148 149 146 136 135 140 146 154 102 126 231 221 205 94 121 181 166 142 153 168 174 151 145 144 143 148 157 172 154 152 155 159 138 126
55 86 67 72 113 89 79 89 92 86 78 78 75 88 98 88 83 79 92 87 86 93 92 91 91 96 78 69 78 112 106 94 73 49 33 40 35 68 85 89 101 109 135 147 139 122 129 122 139 129 106 134 168 154 144 149 142 141 137 147 150 145 160 162 87 107 200 200 143 95 142 178 154 154 163 168 165 153 157 147 147 156 163 168 165 172 163 156 144 131
76 63 56 78 83 70 68 81 83 85 79 73 71 71 77 79 79 82 74 81 94 88 95 96 89 95 63 50 67 98 98 81 39 33 72 78 49 59 72 88 101 110 122 129 136 131 128 133 124 128 107 95 125 144 139 148 137 138 134 143 137 140 151 156 83 129 208 169 64 103 143 162 158 168 170 160 165 158 156 157 160 160 166 171 166 168 160 153 144 129
63 38 57 87 77 70 64 71 83 73 64 64 86 91 94 95 95 85 83 81 83 85 89 86 86 82 55 50 67 95 100 59 35 44 62 80 66 53 80 73 94 114 125 130 140 136 118 129 134 133 119 88 81 121 149 130 126 141 137 133 122 136 142 152 85 130 130 59 70 127 153 157 167 177 168 159 158 148 150 147 150 160 167 161 159 147 142 152 138 121
67 70 80 72 73 66 62 81 84 80 84 84 99 89 87 83 85 77 86 85 89 85 78 89 82 68 45 45 71 94 92 47 43 60 73 60 45 57 85 87 92 113 122 130 137 143 131 138 139 133 125 104 70 72 101 108 114 116 123 131 126 139 147 165 80 76 37 29 80 140 168 165 163 160 162 154 151 148 146 156 165 168 166 155 167 158 149 152 130 112
66 71 75 70 66 72 77 76 78 80 83 83 96 81 81 81 71 79 79 84 87 85 95 85 79 57 50 49 64 92 86 37 46 50 41 62 60 62 92 89 97 121 127 131 129 136 141 148 141 133 135 116 87 66 61 81 100 101 99 98 119 125 124 156 48 11 11 41 94 158 176 151 163 161 144 147 156 152 153 161 170 165 167 157 158 155 150 138 108 94
71 85 69 76 70 73 70 70 79 88 82 88 101 81 80 85 79 78 80 94 91 86 102 83 83 69 61 51 65 92 76 47 41 28 10 36 58 73 94 101 104 125 130 135 136 139 141 136 144 142 140 124 100 85 66 45 65 83 88 81 104 109 107 136 47 13 33 92 136 159 149 153 158 160 167 162 154 158 158 173 170 165 165 160 158 149 132 115 106 101
72 89 65 69 65 77 75 63 72 81 70 89 99 72 71 77 78 81 87 80 85 91 94 95 76 70 73 59 55 99 86 38 41 35 53 44 48 79 102 111 102 116 132 137 140 146 150 141 138 148 139 136 120 95 84 64 46 44 62 74 76 90 108 132 39 18 67 124 142 143 154 156 142 144 148 158 157 166 166 161 164 157 148 148 144 128 103 98 109 111
62 96 80 63 63 79 82 58 75 80 70 98 96 63 64 67 78 76 90 79 71 74 79 89 87 54 57 73 62 89 81 51 32 78 159 97 28 70 126 118 112 113 137 138 139 148 154 139 152 154 153 148 129 107 94 83 65 59 52 58 61 80 88 110 38 37 97 120 126 128 141 135 134 144 149 154 156 163 154 161 168 150 139 142 126 110 96 102 113 118
63 79 85 73 76 86 67 57 78 79 83 108 98 59 66 66 70 74 74 87 77 64 75 82 97 78 32 70 67 82 67 80 40 27 61 103 85 66 124 127 124 125 135 134 143 151 149 142 149 153 151 154 138 124 106 97 87 81 68 50 52 69 92 102 58 59 86 104 111 111 111 110 124 141 135 136 149 161 158 153 150 142 131 131 120 106 112 114 128 105
83 84 91 81 86 103 62 70 73 65 91 115 66 75 76 75 81 76 77 85 88 77 69 83 81 88 53 57 72 81 68 79 40 82 178 197 107 66 122 130 136 129 132 134 139 155 138 149 152 151 151 151 142 125 115 107 96 88 79 69 62 52 73 107 80 64 73 85 86 78 83 93 103 104 126 129 149 154 140 141 139 135 126 114 109 109 112 120 105 89
75 92 76 80 91 68 77 73 70 80 102 94 61 78 88 85 92 86 87 79 78 82 75 72 51 65 78 51 60 62 76 65 72 47 161 168 43 96 143 133 147 122 130 139 143 154 146 146 149 157 163 151 147 138 134 117 109 99 92 84 75 54 50 59 50 47 58 62 62 64 76 84 89 119 124 138 141 139 136 140 136 136 130 110 100 112 108 88 76 79
61 79 73 102 95 74 101 68 66 86 99 62 72 74 74 83 82 91 101 93 82 79 81 74 65 57 68 74 61 58 61 68 90 32 66 66 57 133 142 145 131 127 126 145 156 148 150 154 156 157 159 157 156 148 143 128 120 106 104 97 88 75 58 30 24 27 43 57 72 83 98 106 118 125 130 133 140 141 138 127 130 133 113 101 95 82 76 70 78 79
82 81 109 98 89 91 84 74 75 88 66 62 63 67 68 79 88 91 97 98 98 81 76 83 75 62 61 70 45 61 61 63 93 69 23 26 86 137 155 130 125 151 131 145 148 156 154 143 161 162 160 162 152 149 145 138 128 109 110 109 99 91 83 60 33 42 59 72 87 97 109 113 134 131 127 129 135 131 133 132 134 119 92 83 78 66 68 70 73 68
80 93 124 102 106 89 86 75 84 61 73 77 88 83 86 104 113 113 114 90 91 95 91 82 72 65 68 74 70 65 62 74 94 94 36 24 107 140 139 127 134 146 134 151 148 151 155 157 159 165 165 169 159 163 159 151 143 123 117 116 114 104 95 79 60 68 78 89 111 124 131 124 137 137 135 131 121 134 137 137 114 84 69 60 53 65 74 67 70 65
71 95 110 112 89 62 96 86 84 92 96 93 87 92 90 94 95 90 99 88 84 82 93 94 91 71 72 98 90 82 87 113 116 82 80 27 87 133 139 132 143 149 134 146 160 158 153 160 164 159 160 167 162 156 150 141 151 141 130 121 123 115 102 88 90 96 102 112 126 129 137 139 132 129 127 127 122 130 152 107 57 53 53 56 59 57 55 60 67 58
75 84 116 97 94 62 72 90 63 74 97 94 97 74 77 91 95 95 91 91 100 86 97 96 62 61 69 88 95 77 93 135 123 79 96 56 85 125 133 132 142 149 133 157 158 169 160 153 155 165 177 169 157 149 158 153 141 141 137 123 116 110 112 113 107 127 136 134 140 141 141 130 126 129 124 132 146 136 82 29 38 49 43 43 44 43 48 45 45 45
72 99 104 106 113 71 67 103 43 71 76 77 95 74 71 84 100 93 92 82 77 85 103 96 63 75 72 70 72 58 76 109 125 103 91 62 97 115 135 128 130 147 133 148 158 166 158 161 163 162 164 165 166 164 162 145 133 144 133 130 118 115 117 127 129 139 148 149 140 135 144 128 124 125 141 156 112 54 12 21 32 36 34 33 37 39 42 46 42 41
92 95 88 90 88 78 65 94 34 49 33 55 71 70 67 75 96 92 96 83 77 90 103 89 80 92 65 65 64 53 85 98 103 99 110 90 93 99 128 128 115 141 147 148 152 150 152 159 151 158 155 154 168 165 160 163 149 139 133 137 131 131 131 140 140 146 144 141 142 132 130 125 130 147 137 93 25 20 35 30 30 29 33 36 43 49 44 40 37 35
97 96 99 89 73 95 89 84 53 64 48 57 52 53 53 67 76 83 91 98 92 97 94 74 68 74 61 73 66 61 81 71 79 102 113 111 110 95 113 124 133 146 154 145 155 150 151 146 146 149 154 153 163 169 166 157 150 146 149 145 131 130 125 130 135 123 140 137 134 135 133 145 151 113 41 16 22 31 29 34 24 34 38 52 57 41 32 32 37 36
58 85 90 91 81 79 104 69 47 52 77 82 79 76 79 86 96 101 92 94 101 93 90 71 74 81 73 77 67 63 67 57 69 104 103 107 111 104 116 120 130 140 152 138 141 134 137 136 140 134 140 148 160 157 156 164 157 154 148 139 133 132 126 128 126 123 135 137 139 150 153 136 70 26 14 29 30 36 31 24 36 50 71 61 39 32 33 41 36 35
41 73 92 83 84 79 89 68 58 68 76 56 80 83 76 74 72 83 80 61 78 69 77 78 70 91 78 78 82 70 64 56 57 98 97 92 100 108 103 110 114 120 128 125 125 123 121 121 128 127 136 144 151 143 146 162 159 147 134 131 127 119 125 131 139 142 154 151 154 128 68 24 16 23 31 34 33 31 35 60 88 76 42 27 32 37 41 38 35 35
73 68 77 93 86 83 83 83 80 55 48 53 66 67 85 89 69 70 65 55 57 53 53 88 76 66 54 43 60 74 71 58 65 65 78 84 80 94 96 106 108 112 111 115 114 115 109 108 110 115 116 121 133 137 150 161 136 130 130 131 123 122 147 155 165 166 142 114 75 22 18 35 33 38 36 35 36 47 65 67 49 28 26 32 37 40 35 35 36 36
73 62 78 92 66 82 82 95 76 68 66 70 62 45 63 81 81 85 72 63 58 68 62 70 109 62 67 62 56 42 45 58 51 44 40 58 67 65 65 79 84 92 89 94 95 96 93 89 92 100 90 99 118 103 107 127 138 133 143 144 139 130 128 110 81 69 44 19 23 37 46 42 38 35 34 48 64 61 48 29 26 35 38 41 41 36 36 35 35 36
74 80 69 87 76 86 86 83 87 80 69 56 71 60 55 61 71 72 72 69 72 56 74 67 91 68 72 66 65 41 53 59 51 63 29 38 50 36 41 39 39 59 64 71 75 75 78 74 81 91 94 107 110 94 111 123 127 92 73 60 60 49 36 25 16 18 31 46 50 38 45 58 62 59 62 51 40 28 24 31 34 33 37 41 42 41 38 35 35 36
74 91 79 69 82 60 86 86 92 90 86 61 55 63 63 58 60 64 58 57 67 74 91 72 74 60 58 64 75 63 37 57 59 49 42 35 33 29 42 31 31 45 42 54 61 37 47 44 62 72 96 97 112 93 55 37 48 45 54 47 51 61 70 65 61 48 48 53 62 59 61 56 66 63 67 74 50 33 30 38 36 37 35 38 40 44 37 41 35 34
97 87 78 60 78 63 72 95 100 99 100 87 61 58 61 56 59 69 64 58 65 88 79 69 83 54 61 62 64 72 58 37 55 41 61 48 38 41 35 27 50 80 101 84 71 71 61 37 79 112 113 100 101 62 41 66 77 71 64 67 77 74 70 87 90 81 47 37 39 49 48 52 66 73 66 69 84 72 42 33 42 37 38 48 56 44 48 37 37 36
106 79 76 61 76 85 89 69 94 95 99 108 95 66 52 51 47 58 59 65 90 104 81 84 87 63 50 58 69 61 75 49 48 57 54 34 36 45 61 83 109 103 97 61 45 48 63 52 113 148 114 89 63 64 85 83 85 72 56 58 58 61 51 55 75 77 89 52 39 45 48 38 40 51 59 58 81 86 66 31 32 44 47 40 43 48 38 40 40 40
73 57 71 69 73 73 87 84 78 86 100 108 89 90 90 88 90 97 101 107 95 87 73 55 52 80 43 51 50 58 66 52 44 50 56 38 21 60 119 105 51 32 33 19 21 33 59 84 123 146 76 81 82 80 79 68 67 66 69 71 63 68 63 52 46 51 82 80 37 38 47 51 50 48 49 52 49 82 99 66 37 36 37 35 30 48 49 47 47 45
64 58 78 70 71 72 70 68 68 70 107 94 91 82 86 73 76 76 56 68 54 62 64 59 57 72 54 49 49 49 60 65 57 56 58 23 57 100 73 30 25 50 53 57 90 117 108 77 107 115 73 80 93 86 85 81 65 63 61 58 64 63 67 70 39 48 51 85 51 31 37 34 42 42 49 49 41 52 92 93 63 33 42 38 55 73 57 40 39 37
62 72 82 82 81 63 62 63 60 58 79 98 94 99 74 71 68 65 56 57 55 78 72 39 72 77 54 55 48 46 55 58 46 44 74 45 79 73 31 55 65 74 111 107 103 68 62 92 95 88 65 81 75 82 58 61 64 71 73 66 69 59 67 74 68 48 44 55 62 36 51 39 41 39 47 52 43 33 64 98 81 49 35 62 79 64 58 56 62 61
63 84 64 63 84 64 65 72 60 48 68 87 72 80 73 68 51 52 58 57 71 73 66 49 74 79 47 47 52 45 65 65 48 46 82 53 60 46 54 64 92 73 62 62 80 82 95 88 80 67 72 57 52 42 56 63 63 66 63 59 60 67 81 84 87 36 40 43 52 33 39 43 46 45 48 67 37 40 34 79 110 63 37 55 55 53 49 52 57 59
65 73 58 46 68 76 77 75 72 55 75 84 74 55 62 73 56 52 59 73 72 64 58 51 76 78 49 60 47 48 51 61 51 62 80 49 70 53 66 45 48 55 64 128 112 104 88 69 59 64 76 89 79 50 46 33 49 49 40 46 47 57 70 82 96 49 42 37 42 35 38 51 45 31 44 50 50 53 21 44 107 74 48 42 47 35 34 47 48 53
75 61 71 61 55 69 88 77 78 94 79 72 72 77 69 66 64 60 72 66 58 49 47 55 88 62 49 58 54 48 49 59 65 77 64 47 78 62 57 51 70 76 90 129 112 95 78 58 60 55 59 55 82 87 82 69 37 40 59 60 42 45 45 75 88 47 38 40 38 32 41 59 61 37 34 44 41 50 44 25 98 79 29 35 35 41 47 58 53 49
69 63 73 64 58 53 62 65 78 87 74 78 80 76 66 68 72 56 62 55 45 45 53 63 83 56 50 60 53 45 45 64 78 72 52 45 86 66 55 48 75 88 85 102 115 91 76 76 81 78 68 55 58 66 65 68 73 41 31 53 50 38 33 59 75 37 34 39 38 31 35 49 63 40 33 44 45 50 41 29 86 71 26 36 38 43 50 62 66 63
