86 100 93 74 73 80 70 87 85 92 76 68 62 62 65 59 60 71 58 55 58 63 63 59 60 59 57 51 64 60 52 65 55 74 89 83 45 49 60 95 82 77 112 92 90 114 117 84 72 136 139 83 22 13 39 43 52 48 42 114 156 87 40 25 22 38 33 33 38 30 28 29 35 40 40 31 19 81 157 175 184 188 175 179 174 177 182 181 182 181
116 84 76 85 80 81 84 78 69 69 79 69 57 59 57 54 49 51 61 63 61 68 62 66 73 61 53 53 67 37 49 84 85 86 77 54 47 59 68 89 86 88 83 90 89 90 102 66 82 135 110 47 13 31 33 39 61 69 134 159 93 22 14 22 31 30 30 30 35 43 43 34 31 36 29 54 42 28 67 153 197 188 172 176 183 185 176 183 183 183
82 73 75 81 84 91 94 85 79 62 71 55 56 66 67 70 72 66 56 62 61 56 61 80 83 73 49 34 70 64 90 103 75 64 49 55 38 42 64 84 87 81 103 109 83 84 97 63 77 131 84 41 43 28 30 54 128 144 151 80 14 13 26 28 28 27 30 27 32 41 39 41 46 58 31 28 46 31 13 69 162 206 185 175 179 179 186 178 180 181
92 109 104 106 96 90 87 70 62 69 65 73 85 66 70 53 61 67 67 70 71 88 85 53 54 49 54 73 114 98 92 72 51 44 38 48 45 79 94 78 77 64 101 74 49 77 77 61 81 85 43 36 43 32 93 154 151 118 41 5 20 21 26 23 22 24 28 27 30 32 33 48 50 59 49 32 44 56 35 11 66 173 195 182 187 181 181 180 182 183
132 131 89 100 88 66 78 82 75 83 87 77 78 60 63 65 79 65 66 67 78 99 77 51 67 72 91 98 86 65 56 47 45 46 57 54 78 102 91 72 68 65 89 80 55 73 67 62 95 47 40 50 46 86 118 118 56 16 12 20 26 24 20 23 29 25 26 29 28 28 34 40 47 59 46 40 35 45 53 31 23 89 172 181 178 191 183 185 182 183
122 105 80 92 99 98 100 105 101 93 94 81 75 67 63 59 82 86 85 85 89 83 70 87 93 79 77 72 47 50 47 48 49 64 70 80 93 81 65 61 39 65 68 70 47 68 67 63 62 37 62 64 64 81 57 19 16 26 32 34 41 38 36 26 22 25 25 26 28 28 30 32 39 52 54 45 29 50 50 27 32 30 108 184 189 174 185 188 183 183
109 101 124 120 112 111 108 94 79 71 80 59 43 63 86 109 129 111 96 104 104 94 84 82 71 66 60 53 36 55 58 64 68 89 74 62 54 51 45 37 54 85 59 39 48 70 60 49 29 40 59 55 51 16 12 27 42 43 44 42 52 61 60 42 17 22 24 21 27 30 26 34 38 38 53 51 43 26 31 44 29 27 41 122 188 181 187 183 180 180
117 124 139 129 121 80 82 72 62 67 65 79 87 107 132 127 112 93 89 87 85 84 67 72 69 68 60 60 61 79 71 68 71 54 46 25 47 61 53 68 83 64 40 43 69 50 46 33 55 58 49 43 32 17 28 38 44 50 52 50 55 46 51 69 43 24 28 23 21 29 27 31 32 36 51 42 38 14 93 111 12 19 29 59 143 185 181 187 182 182
150 146 117 89 78 68 66 84 78 89 97 127 151 153 132 103 89 92 90 91 90 92 74 63 63 59 74 81 76 77 58 47 42 32 43 40 82 78 84 71 63 43 40 51 63 39 35 36 58 65 46 19 26 29 29 22 33 46 45 52 55 36 38 63 52 24 42 53 30 24 22 12 18 25 39 42 42 56 111 124 71 62 18 29 96 169 186 184 179 186
120 102 100 95 96 112 114 120 116 144 175 159 143 106 75 84 95 119 118 96 93 69 60 66 81 87 75 62 60 48 29 43 72 73 67 95 80 75 52 44 44 38 43 55 33 41 45 65 64 61 52 45 47 31 23 19 16 25 35 36 42 51 53 61 62 31 21 48 55 35 15 38 37 63 101 91 72 98 129 159 170 166 81 21 35 110 182 175 184 178
111 106 126 117 123 118 104 121 171 171 148 122 93 89 106 134 113 89 78 56 66 67 82 86 57 47 35 40 49 65 80 98 95 103 99 81 59 44 58 58 36 37 49 65 55 70 83 105 134 148 153 149 156 157 151 135 106 81 60 45 42 47 43 41 44 24 6 16 31 36 31 89 102 55 63 97 83 140 129 99 80 130 220 124 22 49 147 196 186 180
129 137 132 98 97 138 168 184 190 145 99 117 137 126 126 103 85 75 72 65 69 73 38 36 36 54 71 97 112 114 104 94 88 87 68 59 67 74 64 43 37 50 74 84 80 95 128 122 136 157 170 172 174 176 180 177 173 170 156 148 140 121 101 83 66 42 8 4 7 17 23 20 30 30 12 55 122 142 112 71 35 118 178 66 29 40 74 176 194 190
130 118 100 144 181 211 200 159 132 141 144 147 136 99 81 79 69 60 73 48 54 74 90 89 112 138 139 125 104 95 91 84 59 63 77 76 81 67 50 41 65 73 67 75 78 101 136 155 161 181 181 171 169 172 167 158 163 164 156 158 161 157 155 150 150 131 106 87 72 28 3 8 8 21 29 10 62 154 177 130 97 132 65 31 30 51 85 123 174 190
134 121 174 208 208 197 174 153 152 161 139 106 88 92 76 65 92 85 88 117 127 153 159 139 130 108 95 96 80 82 88 77 87 75 70 54 33 35 45 66 68 52 59 94 110 133 162 188 182 188 179 175 171 172 171 174 176 162 161 157 148 145 137 132 123 145 159 167 166 127 114 92 46 22 15 10 6 71 112 75 57 29 8 20 30 31 105 113 123 169
169 194 222 212 193 165 173 165 142 131 125 107 90 85 110 119 147 170 156 161 160 125 111 114 113 115 112 108 100 104 100 87 73 58 51 58 65 77 66 58 49 62 96 123 152 161 181 188 180 180 177 185 181 178 172 170 171 161 164 160 156 164 154 132 141 131 129 125 149 162 163 156 142 137 111 59 42 20 17 21 25 17 28 25 24 25 52 118 145 163
223 226 210 181 170 201 178 135 116 110 104 96 106 158 190 186 161 154 143 129 122 112 141 133 122 129 131 124 105 86 69 66 72 74 66 73 67 66 53 54 47 78 119 140 159 159 186 175 179 189 189 187 173 178 177 170 173 166 164 163 149 141 142 129 139 124 128 129 128 128 126 132 144 144 156 152 140 74 18 5 11 26 30 26 26 14 29 102 151 155
222 214 205 207 212 176 128 140 146 143 139 187 210 205 185 167 157 142 122 128 171 152 130 118 101 81 71 64 76 88 70 76 80 78 67 75 56 47 55 56 46 64 110 142 116 178 192 179 198 196 194 197 182 179 175 177 175 163 169 170 152 156 145 134 125 121 117 122 118 124 123 122 125 128 126 132 136 150 141 78 28 13 25 36 31 37 69 94 110 157
219 219 218 212 195 130 133 150 166 189 221 207 187 179 174 174 148 166 169 143 123 96 85 75 74 73 64 59 57 64 72 74 67 68 65 57 56 59 61 46 44 83 123 147 149 183 182 198 207 202 194 195 186 184 181 184 179 176 164 158 147 149 146 138 129 118 110 110 108 116 122 122 121 118 116 114 115 130 145 143 112 52 18 23 37 49 31 33 97 153
223 213 217 196 169 139 184 198 211 222 209 190 188 201 183 191 164 134 118 103 76 62 67 75 80 84 61 61 70 54 47 57 69 62 56 69 54 35 32 35 59 104 127 111 164 169 194 212 217 214 206 204 196 189 182 183 173 169 159 160 155 149 137 128 123 107 106 115 121 119 123 125 119 111 124 124 114 113 115 122 132 138 91 28 22 49 55 46 61 135
203 208 203 167 158 197 234 231 224 202 205 216 196 182 149 116 114 74 63 78 75 73 65 68 53 45 40 31 41 71 85 70 65 66 70 60 26 33 37 35 63 131 122 116 165 149 201 217 224 222 219 214 202 193 188 188 182 173 171 157 145 150 140 127 109 105 107 105 111 110 120 125 116 111 123 115 104 110 113 120 117 119 132 117 36 15 32 65 53 68
206 200 179 192 213 227 219 215 215 212 209 186 134 123 81 52 73 59 47 46 40 46 43 56 70 77 86 64 58 70 83 91 87 66 53 30 39 37 20 51 91 128 114 123 114 187 218 224 216 218 227 225 214 205 202 194 187 170 168 152 133 130 127 123 118 108 99 91 98 93 102 114 115 114 109 104 116 122 112 110 107 107 101 118 118 53 12 25 50 57
206 200 212 222 230 226 206 215 215 198 150 117 65 76 61 48 37 45 42 44 45 51 53 72 77 71 58 42 50 56 71 76 75 72 41 32 50 28 9 61 123 138 148 120 79 199 209 204 212 213 224 223 217 214 214 201 182 173 161 145 137 131 126 110 98 100 92 80 82 85 92 99 100 108 115 120 124 116 108 110 115 113 109 108 123 113 43 11 30 41
199 221 226 232 225 219 231 209 169 119 77 69 50 30 42 45 38 51 53 56 60 67 75 84 77 61 45 39 51 57 80 78 65 46 32 55 38 17 22 51 133 154 146 108 117 192 199 186 198 206 222 223 223 218 212 192 183 165 147 134 133 123 119 109 99 91 79 76 74 78 83 91 95 94 104 113 115 112 108 110 119 105 111 96 93 114 116 34 15 36
227 229 227 225 226 213 163 117 111 62 43 42 43 42 46 57 57 58 60 67 66 68 86 95 83 53 37 40 62 69 84 77 70 36 48 47 33 43 53 63 144 162 148 105 116 183 185 173 183 198 219 221 224 218 206 184 168 154 152 132 121 110 102 98 86 78 68 67 59 71 82 91 102 109 116 114 118 118 108 114 112 115 103 101 108 99 123 102 31 24
232 220 231 221 207 146 103 57 42 40 38 42 45 57 53 59 63 67 69 71 75 74 88 94 76 48 40 42 68 80 79 76 60 47 61 29 20 42 43 87 158 155 140 103 75 171 183 176 182 196 207 222 220 216 197 182 163 159 135 120 108 103 88 85 75 67 69 59 57 76 90 97 107 112 118 117 123 120 119 125 112 101 103 104 106 103 99 115 76 23
229 228 226 215 152 101 55 37 50 52 53 55 56 67 61 64 76 71 74 78 81 84 93 85 72 45 31 34 64 79 81 87 49 53 68 18 31 35 16 78 163 156 137 94 52 165 180 179 185 191 204 210 222 215 186 173 160 142 113 111 94 88 81 72 72 60 60 65 60 65 76 72 101 103 121 124 121 119 117 114 99 104 105 102 99 102 104 97 104 77
231 223 186 126 68 37 39 49 59 59 60 59 59 68 65 71 75 76 78 78 82 82 90 92 74 44 38 48 66 75 85 97 42 65 42 34 93 38 23 79 120 139 127 84 42 169 184 177 179 195 195 199 220 202 180 164 143 127 104 100 83 76 69 71 64 64 64 73 79 75 74 79 93 101 120 118 119 120 115 113 112 112 103 105 102 102 109 91 102 106
209 159 125 30 38 52 56 63 64 61 64 65 66 68 67 77 79 80 78 77 83 79 85 95 86 61 47 51 70 79 82 88 44 54 39 21 34 12 13 86 125 132 105 67 51 164 179 178 182 186 190 201 195 177 178 154 126 105 95 77 72 72 64 67 65 65 70 61 50 45 48 67 84 100 105 97 116 121 113 122 114 107 96 102 103 103 111 97 94 105
111 65 60 40 61 67 60 66 69 64 67 65 67 68 69 80 79 78 85 86 88 89 96 98 96 50 38 62 72 77 81 82 39 70 39 27 9 11 7 84 121 114 96 50 62 157 174 180 184 175 182 202 198 186 164 142 113 85 86 66 64 66 71 63 66 58 45 29 32 38 46 76 92 101 96 89 107 105 98 111 108 110 105 102 104 110 112 100 95 93
59 88 58 59 67 72 75 74 72 74 80 75 77 77 75 76 78 82 86 83 91 98 106 113 115 61 28 49 73 82 75 72 42 70 30 29 46 31 19 97 107 97 102 42 73 153 179 190 195 193 195 201 182 178 156 116 99 81 77 67 71 60 68 58 51 32 25 33 36 42 60 68 73 88 104 115 119 110 121 136 119 114 105 101 111 122 124 123 118 116
84 77 59 71 69 74 78 77 80 79 82 72 76 76 76 77 80 87 90 90 105 104 101 113 129 69 29 46 62 73 76 79 32 59 34 33 100 71 38 99 113 90 89 37 87 136 170 190 205 197 191 205 196 160 127 101 83 73 59 59 65 51 45 36 21 18 21 39 54 54 53 53 74 87 95 109 121 118 130 132 128 118 114 122 131 127 121 124 122 122
79 82 72 69 76 79 76 85 88 81 82 72 77 75 77 81 88 88 99 101 101 96 107 131 116 79 40 46 61 72 68 71 33 41 52 30 41 34 24 102 105 93 74 28 94 131 186 213 213 193 202 207 200 164 118 89 71 61 52 52 38 34 26 21 25 48 80 95 99 83 54 49 82 115 118 126 145 137 136 128 133 133 136 146 145 132 129 135 145 138
69 66 72 80 81 83 86 87 91 89 88 83 79 82 87 91 97 105 104 109 116 108 116 125 116 88 49 54 68 79 66 64 32 35 49 36 65 76 50 104 89 92 48 47 99 159 192 204 208 200 215 204 178 146 104 56 35 43 29 25 25 40 49 60 85 114 144 143 131 77 39 8 48 153 182 152 150 166 163 153 154 146 148 149 134 150 141 147 152 143
69 77 79 78 83 89 91 95 88 85 88 84 89 86 94 99 103 114 116 120 129 120 122 124 123 100 58 55 64 75 67 64 48 24 45 44 36 48 32 89 90 84 37 64 126 194 198 200 200 201 212 217 178 116 64 39 36 33 37 58 74 84 96 112 134 150 163 170 116 51 24 3 12 104 193 187 166 166 171 158 162 156 145 142 137 163 150 130 147 146
73 81 79 79 91 97 92 90 86 85 91 86 96 93 103 105 107 118 119 120 129 122 122 120 117 111 68 52 57 68 67 67 62 36 31 43 37 9 18 91 113 64 39 103 168 174 194 196 197 196 206 212 153 104 89 84 50 35 86 117 113 122 126 141 172 173 177 179 92 30 6 6 7 44 140 209 181 168 166 162 153 157 145 152 151 153 145 154 140 147
86 85 84 87 92 93 92 95 89 92 99 97 102 108 119 116 126 130 132 132 135 130 131 125 122 114 82 66 60 74 80 62 57 47 25 37 45 17 42 105 97 52 59 150 173 187 199 190 189 196 207 195 159 172 192 174 111 49 143 168 155 148 164 170 190 182 199 161 70 33 28 74 53 28 132 208 212 156 153 172 161 160 155 163 155 154 148 154 150 155
87 85 85 90 94 89 87 92 96 101 103 108 102 114 124 120 128 125 130 133 136 131 130 119 113 118 96 83 82 81 77 71 62 54 35 33 45 54 61 127 108 74 130 173 165 167 176 186 186 193 200 179 176 199 215 203 178 91 146 198 164 148 173 177 196 203 208 111 51 24 26 102 140 98 99 190 224 183 150 157 154 156 150 144 141 151 153 170 159 156
87 90 90 95 104 99 90 92 99 103 101 114 105 116 123 124 133 125 128 132 135 133 129 116 123 118 110 108 105 95 86 80 70 69 60 38 57 104 121 162 130 122 163 179 172 172 169 186 191 190 196 181 185 191 193 190 184 110 84 202 178 156 170 189 193 199 195 88 44 21 51 108 144 108 46 146 198 207 154 138 141 147 138 132 139 137 134 170 166 159
88 93 94 95 98 96 97 105 101 107 105 118 118 125 130 132 131 129 132 132 139 142 141 134 125 123 124 117 112 103 96 97 87 82 85 77 74 100 146 167 141 149 154 167 174 175 180 187 193 194 197 188 185 193 187 165 170 96 26 136 185 155 161 184 193 199 184 84 35 63 163 196 212 198 46 125 179 222 180 143 121 132 137 133 124 128 144 164 164 163
96 91 94 100 98 100 105 109 109 119 114 118 125 126 128 126 130 136 139 131 134 133 131 128 125 117 131 123 110 120 128 119 120 113 97 108 103 106 120 129 133 151 165 170 177 182 196 193 186 188 184 188 177 176 172 160 142 91 8 44 140 155 163 177 187 204 162 86 43 21 85 133 156 178 65 144 140 213 215 145 112 134 141 132 113 114 136 145 155 162
99 96 104 103 97 99 103 108 106 122 122 121 121 127 134 138 135 137 140 132 131 136 132 131 126 118 137 134 137 133 144 146 154 143 136 138 130 133 141 164 170 179 180 191 184 187 193 186 181 185 181 186 177 168 170 161 132 109 5 20 91 124 148 179 196 219 151 85 38 17 87 150 165 132 29 104 139 200 215 177 133 122 129 127 111 119 127 135 146 160
102 101 104 104 103 109 113 115 113 124 129 132 127 126 138 138 142 132 128 131 136 135 134 139 132 127 134 141 149 152 165 179 159 171 179 188 187 185 191 199 196 193 201 191 179 167 169 176 168 171 179 180 185 176 180 167 133 93 12 28 93 90 133 172 203 223 148 74 34 76 204 227 239 181 48 184 188 138 205 208 124 117 107 121 122 114 124 126 140 147
103 103 101 105 109 112 118 122 124 125 124 128 132 127 142 140 131 133 132 134 134 131 130 128 128 138 138 147 150 149 158 180 178 193 201 200 208 209 206 199 200 218 216 207 213 196 190 194 195 195 202 203 223 223 201 159 124 99 50 35 106 67 82 147 192 212 140 70 32 33 132 196 214 203 30 114 149 101 171 208 123 122 100 104 112 104 124 128 160 177
104 104 100 109 114 110 119 129 126 129 125 127 140 128 139 135 130 136 129 125 127 132 134 125 126 139 133 142 154 152 154 172 178 190 204 191 203 208 192 184 194 203 202 215 217 220 223 221 210 217 225 225 228 231 201 168 147 109 67 43 100 60 62 121 176 203 146 73 32 41 109 170 189 153 42 161 184 116 143 198 132 117 98 94 101 96 110 122 156 192
106 107 104 112 117 115 123 132 131 139 138 133 138 124 136 136 132 136 133 136 135 130 131 128 131 138 129 134 152 145 148 164 148 166 187 176 181 179 169 168 186 184 183 174 167 188 193 199 198 196 200 201 198 197 182 175 155 109 61 66 90 46 51 94 165 200 151 73 37 112 198 221 232 200 46 155 204 165 168 204 137 116 102 89 89 96 103 113 149 197
114 116 116 120 125 130 136 138 139 140 141 136 135 131 142 139 135 139 141 140 134 128 130 134 133 135 132 138 150 138 137 151 148 164 169 170 173 170 179 185 179 178 179 173 181 173 170 182 194 187 187 169 168 162 160 154 123 94 55 68 76 46 39 83 140 180 149 61 30 115 189 218 225 211 33 131 160 146 179 210 162 120 88 88 88 90 91 107 165 209
116 117 122 121 124 134 138 138 139 136 138 139 140 142 142 139 136 138 137 130 131 136 135 133 130 128 128 138 147 152 148 153 157 165 163 178 179 170 173 172 183 179 180 181 182 175 181 175 176 180 185 170 171 162 155 141 119 88 72 75 71 62 43 63 106 152 154 61 30 109 182 215 213 212 33 111 130 134 169 193 145 116 84 82 78 85 87 118 167 197
122 121 130 129 127 136 140 144 141 140 139 138 140 143 138 146 139 138 138 131 128 131 129 132 126 128 125 127 123 149 152 159 162 159 153 167 165 163 164 171 177 173 175 171 164 170 164 173 182 178 173 173 167 160 159 164 132 106 94 94 87 71 59 64 97 141 151 72 32 80 181 228 225 204 39 123 142 165 194 178 139 119 89 80 69 79 79 131 167 193
132 130 130 133 137 146 147 136 126 131 143 138 135 143 140 142 140 132 136 134 130 128 128 120 124 116 99 120 121 149 153 153 147 143 142 144 149 147 162 158 158 170 177 167 162 165 160 163 164 168 172 164 161 165 172 189 150 108 107 136 119 84 78 76 103 140 121 71 40 58 111 151 156 107 38 134 133 154 180 175 137 111 89 75 74 74 72 139 207 197
128 132 131 132 142 145 140 141 140 135 147 144 144 143 140 153 147 144 137 130 134 126 123 111 99 100 89 100 111 134 144 137 139 133 135 126 126 130 134 148 155 160 165 167 162 161 161 148 154 162 169 174 173 170 175 182 150 112 118 146 108 88 79 82 112 136 115 53 63 121 158 193 201 169 43 120 92 149 193 167 126 111 93 80 75 74 80 144 190 174
131 132 135 139 148 144 140 155 161 156 145 143 151 140 145 143 149 141 146 137 137 130 127 104 84 88 90 95 111 116 131 127 113 126 127 119 112 113 115 122 138 150 161 167 166 162 161 158 146 155 160 171 172 166 174 178 154 129 102 132 103 91 91 75 104 129 105 49 87 149 177 198 206 176 41 133 85 148 200 153 130 112 88 80 78 78 83 129 170 164
139 147 154 145 143 152 154 156 157 156 142 141 150 135 147 148 139 131 148 132 134 133 123 106 84 85 99 101 111 108 109 99 93 108 107 111 107 114 121 126 128 127 136 143 160 169 159 163 165 163 156 160 168 169 173 176 148 81 108 145 116 109 103 93 110 125 85 53 130 174 173 186 200 148 59 148 101 148 194 154 119 107 87 81 73 71 84 130 168 161
139 142 148 142 141 153 157 154 155 156 158 142 149 154 152 155 153 136 153 138 129 133 126 104 76 59 81 100 105 94 82 82 88 86 81 81 90 124 136 144 133 122 129 130 138 154 157 166 179 175 165 157 162 166 167 177 139 32 112 139 125 126 112 104 122 118 83 61 148 209 209 210 213 93 46 104 88 149 178 152 119 103 86 86 79 77 90 137 156 158
151 144 142 151 157 154 153 159 158 154 155 152 154 155 146 154 157 154 148 141 144 138 121 99 70 62 84 95 87 85 79 82 78 75 56 63 86 105 118 125 123 128 131 134 144 151 155 166 180 170 159 151 158 166 166 176 114 32 117 136 133 123 127 114 120 112 76 65 117 149 167 182 160 35 78 92 84 168 171 133 120 106 99 95 83 79 88 142 171 169
148 152 147 152 162 162 163 161 164 172 166 165 153 153 150 152 156 153 147 159 160 153 125 91 73 76 92 95 85 82 85 85 58 42 41 69 62 60 95 74 97 119 126 127 144 150 153 175 179 165 157 158 162 167 174 182 100 35 129 152 141 130 132 126 127 122 75 86 137 133 135 169 101 19 131 96 107 183 159 120 116 104 110 102 87 85 85 145 170 164
150 159 154 158 161 161 169 164 168 169 166 167 156 170 160 165 159 152 150 165 161 153 109 73 69 83 90 83 82 79 76 49 33 54 61 53 51 64 91 69 80 108 140 140 146 151 145 167 187 167 158 170 173 172 179 177 128 83 146 150 142 143 131 140 154 130 80 74 134 195 211 224 104 22 135 83 145 174 127 132 122 109 119 109 99 100 89 146 175 159
157 160 152 167 166 171 170 169 170 169 167 171 168 166 170 164 152 163 155 162 168 144 92 73 63 85 84 85 82 81 42 22 49 62 45 24 44 96 88 71 75 104 142 151 151 160 155 163 174 163 126 149 174 171 182 163 123 127 149 139 147 139 133 135 159 131 75 66 111 157 171 155 58 6 43 88 152 153 138 146 125 119 123 114 101 99 96 148 169 165
154 156 151 165 170 174 171 167 164 168 169 169 170 170 170 176 165 168 161 173 165 121 81 68 70 83 90 89 87 66 24 46 39 40 44 31 57 120 108 78 78 104 125 150 154 157 152 169 176 160 105 102 134 145 136 97 99 134 142 140 143 143 137 121 142 131 70 93 120 109 100 94 35 3 69 149 151 137 139 151 131 128 127 122 111 105 107 145 159 159
158 165 167 175 176 173 175 171 164 164 168 163 163 164 163 174 163 168 163 177 165 102 68 62 73 96 96 81 82 31 32 50 38 68 92 85 98 117 111 82 85 110 129 144 156 151 161 168 165 164 115 70 68 86 88 68 111 135 131 136 138 137 139 121 135 140 68 98 158 164 163 180 73 34 144 170 142 136 143 141 136 136 127 123 116 114 123 144 151 155
161 169 175 176 175 168 172 172 169 166 169 168 164 164 164 167 166 167 167 175 163 102 71 66 77 102 93 86 84 19 50 40 60 58 60 66 117 118 125 95 80 97 125 148 168 155 168 167 162 156 133 92 65 65 77 89 120 120 128 130 134 136 152 146 163 142 55 88 186 194 199 201 114 85 140 151 139 139 144 146 142 144 137 133 130 128 135 143 156 160
159 163 167 168 171 168 170 169 173 171 166 166 163 164 171 173 166 150 155 164 162 112 68 52 93 104 97 103 69 19 57 74 133 66 44 51 129 122 126 92 76 107 134 154 160 157 167 176 168 148 140 119 84 55 53 81 117 120 135 130 131 144 149 136 171 139 67 60 108 114 156 88 41 102 127 141 150 148 153 161 152 144 139 134 133 130 132 143 158 162
158 162 166 170 168 167 168 171 166 173 162 157 159 158 166 172 174 167 169 167 165 117 64 72 112 96 96 104 61 45 67 23 40 13 26 62 140 106 117 92 74 123 145 153 166 166 170 173 168 156 145 130 113 84 54 51 80 100 111 116 114 136 139 136 177 150 83 48 119 137 148 80 60 113 135 130 153 154 162 165 154 136 131 127 131 129 133 152 152 155
154 160 165 173 165 165 162 169 161 171 167 160 161 160 159 163 160 163 166 164 164 124 68 87 105 106 102 101 70 49 63 25 20 8 0 47 131 113 128 92 72 123 139 154 177 169 179 183 163 161 145 124 115 100 69 45 40 63 88 113 113 127 133 148 171 142 93 63 154 176 114 69 76 117 145 150 150 152 160 154 145 134 130 127 139 140 145 159 159 161
152 155 158 172 167 170 160 164 168 168 168 157 155 162 163 166 165 158 161 163 152 125 77 80 102 107 108 103 62 66 64 11 29 11 6 53 127 135 136 79 81 137 138 166 181 183 181 166 165 162 152 140 122 101 82 63 45 39 64 91 106 121 125 133 158 151 104 32 44 51 17 47 108 145 166 153 142 148 150 149 134 132 125 116 132 140 149 155 154 155
156 154 158 173 160 166 169 167 166 166 162 168 165 163 165 165 169 160 163 156 135 144 112 93 115 112 114 102 65 78 85 16 92 146 96 115 128 132 135 77 81 145 155 177 168 180 175 169 180 163 153 144 134 123 92 81 66 46 31 58 76 92 109 123 161 158 107 40 4 6 43 115 155 161 144 139 142 138 143 144 124 132 132 142 150 148 146 156 155 154
167 164 163 152 167 160 162 161 161 164 154 158 163 159 155 164 164 165 164 159 130 116 110 108 123 119 115 106 82 71 107 19 66 131 82 119 150 145 130 82 82 143 166 183 173 189 192 175 175 168 159 145 131 124 102 94 82 68 56 44 43 76 97 111 133 136 115 71 20 47 120 149 129 115 129 146 145 139 136 144 142 152 144 141 145 125 131 147 163 157
148 150 146 138 153 163 164 159 159 160 156 160 158 159 158 159 161 148 160 160 136 101 98 129 149 141 123 105 88 52 116 27 63 118 68 118 167 160 128 79 98 147 193 185 178 176 180 170 174 157 153 152 137 125 108 99 90 78 64 48 29 49 81 91 103 104 94 73 48 61 87 95 98 101 119 123 129 140 134 135 136 136 128 125 137 127 140 136 154 152
138 139 133 153 153 159 157 159 180 167 161 168 163 160 160 163 160 151 151 160 158 111 109 121 154 154 121 109 98 41 112 68 64 127 86 132 170 157 135 61 104 164 180 175 176 179 182 175 162 155 149 147 138 129 109 96 91 89 78 74 54 27 41 79 100 97 71 44 30 34 47 69 85 98 109 115 119 126 127 120 112 108 120 126 126 130 158 156 143 146
152 155 144 149 152 147 155 154 161 164 157 156 162 168 159 155 145 143 148 162 169 115 115 128 152 159 123 123 114 48 88 128 25 27 77 155 172 153 129 102 123 164 178 171 183 171 169 178 166 172 158 151 149 137 118 116 100 87 87 76 65 51 33 39 76 110 96 80 71 64 71 83 85 103 99 106 116 106 105 112 120 114 131 142 130 127 139 149 150 155
146 143 142 151 156 144 157 152 154 159 161 160 156 160 160 165 150 143 157 167 171 115 111 141 174 162 148 136 122 73 51 141 73 14 104 183 164 157 124 97 139 181 174 179 170 165 173 181 171 167 156 157 147 136 125 116 108 98 90 79 81 70 50 46 39 42 62 87 81 71 71 76 80 85 90 94 98 105 115 120 113 123 133 137 140 144 138 149 155 153
142 144 149 155 153 155 155 149 151 145 151 159 157 165 161 155 159 159 153 162 175 129 130 137 160 147 163 149 128 106 47 72 126 51 113 185 167 155 104 120 160 169 176 178 176 170 175 181 175 174 170 168 151 149 145 117 113 106 102 92 84 76 77 63 59 51 54 49 48 59 55 72 75 77 82 86 95 100 106 122 119 135 143 136 139 141 144 152 147 149
111 121 131 138 150 148 134 147 146 135 137 152 154 146 137 150 160 151 149 151 163 125 115 128 159 158 160 153 130 131 103 30 90 85 86 149 156 118 70 136 161 164 171 169 164 164 171 177 171 179 174 172 155 145 142 129 119 108 114 100 98 94 84 83 82 86 89 84 79 84 86 99 97 97 96 99 106 111 118 131 131 120 130 142 153 145 149 138 135 145
108 110 126 122 133 141 136 144 148 147 136 152 145 155 148 149 151 154 155 147 163 141 127 121 155 169 166 150 151 133 117 85 67 75 60 132 168 132 95 146 166 163 168 175 163 149 169 178 172 176 173 161 159 156 147 135 128 120 125 106 105 97 93 95 92 100 106 110 105 103 108 122 119 124 129 127 121 122 129 132 140 137 140 139 144 145 152 143 136 134
89 99 105 118 122 115 128 132 138 152 141 144 143 146 149 156 147 149 155 148 146 136 136 120 144 158 169 154 149 132 126 127 107 85 70 115 161 140 107 145 151 165 160 167 164 165 166 170 172 174 171 160 154 155 151 141 136 127 129 113 112 101 100 104 103 108 114 123 119 120 123 130 140 131 131 131 133 142 142 135 138 148 139 141 148 143 140 143 141 135
104 95 107 113 108 108 134 119 115 135 140 131 138 148 147 150 152 147 145 155 153 134 127 128 133 140 163 165 163 145 137 139 134 125 80 110 138 144 138 142 149 158 154 158 170 164 159 160 168 163 162 164 159 156 153 148 140 133 132 127 131 120 118 118 116 114 117 125 123 129 133 135 150 143 146 142 142 147 142 142 144 150 142 154 150 143 138 141 134 131
112 109 104 127 115 112 109 122 109 109 106 123 135 137 140 134 145 150 142 145 153 153 136 139 134 134 155 168 163 151 147 132 128 140 78 116 130 149 164 149 156 155 156 157 165 156 152 150 171 163 164 162 165 159 156 146 138 132 126 127 136 127 124 116 123 122 124 131 131 137 138 136 149 143 147 141 142 144 138 149 142 144 149 153 143 143 139 130 127 128
86 105 87 98 101 116 118 120 121 102 99 106 109 125 123 126 136 126 127 138 142 153 146 159 157 141 147 154 157 159 155 136 139 133 87 131 142 149 153 148 155 161 162 163 157 160 153 150 163 163 164 148 160 156 156 141 141 138 127 127 132 129 131 125 129 133 133 137 139 145 145 146 147 140 149 149 146 144 139 150 150 146 152 149 148 135 128 137 140 140
43 64 81 80 96 93 99 106 123 120 100 89 80 97 109 112 118 119 133 142 135 138 133 144 155 143 155 159 168 175 152 143 161 147 110 149 145 149 144 156 163 162 161 154 150 149 147 155 154 153 159 150 160 149 150 145 146 149 143 140 138 137 142 141 137 146 149 150 149 149 143 141 150 138 149 154 146 146 145 147 146 140 144 139 143 130 130 148 145 144
95 70 86 98 90 89 90 91 96 112 135 122 87 65 69 93 99 106 109 118 127 133 131 132 149 140 149 148 161 174 152 149 150 153 134 166 154 157 152 160 155 150 160 158 165 158 154 160 156 154 159 164 161 148 146 151 147 151 149 149 144 140 137 138 132 139 139 139 136 142 142 141 148 137 139 142 142 149 152 151 149 150 144 136 134 138 145 142 146 145
75 73 81 87 75 69 97 108 84 87 118 134 131 103 91 84 62 80 90 104 108 106 122 125 132 137 143 136 135 152 151 154 157 150 150 158 155 150 149 153 154 152 155 153 152 164 156 152 153 157 158 164 151 154 151 153 147 146 145 150 150 147 138 137 143 143 140 136 130 139 144 141 136 148 153 151 149 148 150 156 149 145 126 141 144 141 149 152 148 148
83 68 72 93 96 78 64 92 109 86 79 91 132 144 136 139 120 93 63 69 86 99 106 107 117 122 127 120 117 123 138 142 148 149 146 143 146 142 147 154 159 161 148 151 163 153 147 160 149 149 158 154 160 157 154 153 150 143 140 148 149 147 141 146 146 144 146 146 148 147 149 148 147 150 152 148 151 145 142 150 144 139 146 155 150 157 152 149 136 139
123 95 69 68 66 92 82 92 85 93 92 74 84 117 129 113 144 154 138 115 91 76 84 95 96 106 108 117 116 103 111 126 127 141 134 135 146 152 150 156 144 157 162 159 156 156 160 161 160 152 153 151 160 160 156 150 148 146 146 133 127 147 145 140 146 150 152 150 151 148 149 151 150 149 149 147 150 146 142 145 138 151 158 148 149 150 146 149 142 143
125 131 124 111 85 76 82 105 91 97 107 105 75 65 91 119 110 108 137 152 138 127 113 80 80 86 85 98 113 115 102 113 126 132 131 139 130 131 137 151 145 154 161 161 154 159 171 173 149 158 167 157 156 162 162 151 149 152 155 149 137 144 148 149 154 153 156 157 151 145 148 153 158 153 154 154 150 146 147 155 146 156 158 142 154 151 140 139 150 150
140 129 120 122 92 96 73 59 90 115 104 121 130 86 53 85 112 79 84 92 120 135 164 152 129 97 78 85 82 105 113 117 123 119 121 132 131 134 141 141 147 154 156 156 154 154 160 161 157 160 166 159 150 150 155 156 158 159 147 157 157 152 159 161 158 155 158 161 155 160 160 152 155 152 154 154 148 153 154 155 155 152 151 145 151 146 138 142 145 145
173 163 168 155 120 129 100 92 77 82 92 115 116 129 108 47 96 113 65 75 85 86 93 119 140 152 138 118 83 85 95 106 112 114 112 105 126 134 138 125 128 147 154 148 142 145 154 158 155 150 152 161 162 159 154 149 152 165 155 161 161 160 163 151 152 148 149 159 154 157 160 164 165 166 167 165 156 164 157 146 152 148 148 150 146 143 135 147 142 142
183 185 181 182 186 162 134 140 126 90 63 81 105 131 142 126 83 105 103 64 47 76 93 95 101 105 124 137 133 125 90 84 69 93 119 110 118 116 131 126 134 133 136 144 150 154 153 143 144 146 145 152 153 155 153 152 167 158 155 163 154 148 151 155 162 163 160 170 173 180 180 190 176 151 130 130 129 145 148 151 153 162 161 158 151 150 141 154 148 148
197 186 175 175 168 191 195 161 142 155 139 107 94 100 122 133 138 116 98 99 73 37 54 82 76 83 88 82 110 140 119 102 92 67 69 86 108 106 125 134 146 133 128 138 145 146 146 139 138 143 140 149 147 146 149 161 169 168 173 181 178 186 193 198 193 201 201 202 181 155 102 63 55 37 27 44 58 86 97 106 128 159 181 182 180 173 153 149 158 157
198 192 189 163 177 177 166 184 187 159 156 149 122 97 112 121 121 125 144 119 92 72 46 44 78 76 68 83 85 84 114 107 100 98 77 53 56 64 77 82 92 102 108 110 112 119 128 131 132 141 132 134 136 140 131 124 113 107 96 110 117 107 90 75 77 53 44 58 37 27 21 24 50 83 103 102 85 97 94 89 65 65 62 51 81 121 147 157 154 151
199 205 192 183 187 180 162 148 162 173 177 179 167 143 112 98 107 117 146 143 130 95 65 85 80 86 92 89 108 89 88 121 92 90 91 74 57 43 59 63 73 81 91 92 118 123 126 121 119 120 121 122 112 75 34 26 20 18 18 23 16 32 21 12 14 13 30 33 25 35 54 70 73 78 108 105 81 71 69 83 71 69 49 27 26 105 168 166 163 148
209 203 203 206 197 198 197 166 145 141 161 181 174 181 174 147 122 123 124 109 137 147 87 41 25 29 40 58 66 98 97 106 97 92 96 92 51 34 36 25 53 83 111 108 114 105 110 112 108 114 121 119 100 53 7 0 1 4 27 43 41 73 61 31 21 28 36 30 25 26 37 61 73 49 55 57 61 76 78 87 80 60 42 43 56 129 178 160 174 163
