134 110 88 89 64 62 70 68 83 102 104 84 39 44 84 83 33 18 26 46 77 80 93 124 85 61 63 74 63 53 37 48 65 49 44 53 63 112 107 86 81 59 67 83 20 5 35 16 24 35 13 43 84 78 59 19 9 39 46 39 26 9 29 28 22 18 22 23 23 27 23 15 16 17 18 18 17 19 20 17 19 19 22 24 20 18 24 32 29 18
137 117 90 89 80 83 72 85 103 106 45 38 64 56 61 48 62 59 83 99 98 84 72 65 48 59 77 50 35 49 60 81 81 59 54 38 32 25 43 65 46 12 31 37 33 34 21 12 28 33 14 13 59 64 68 39 15 29 30 33 37 26 20 29 27 23 16 24 28 25 27 21 17 16 16 16 16 17 20 21 18 17 19 21 19 18 21 24 30 24
121 84 76 89 80 80 74 82 92 73 55 54 72 83 106 108 114 121 94 61 52 44 29 37 55 59 71 56 61 64 58 56 42 56 53 35 31 36 36 31 38 25 31 18 14 22 29 25 31 26 42 18 22 51 43 57 41 24 18 6 44 39 22 21 30 36 25 20 21 23 29 25 22 19 18 18 16 15 17 21 20 18 18 19 21 21 20 18 30 32
81 72 89 80 54 72 74 75 52 84 99 102 121 116 110 78 59 49 42 52 53 65 64 56 65 57 46 42 40 29 36 38 33 53 39 37 39 72 51 10 32 27 20 35 21 11 30 31 26 20 33 25 12 50 44 41 42 18 25 12 18 32 28 10 24 32 28 15 16 23 23 26 22 21 20 19 18 16 16 17 21 19 18 18 21 23 21 16 21 29
84 66 64 56 69 89 60 61 89 96 92 86 94 74 67 53 68 79 91 106 95 90 78 60 56 59 46 43 34 36 45 39 36 45 37 34 40 58 49 15 24 36 38 28 21 21 21 23 18 9 25 25 16 19 45 48 37 27 36 21 13 23 33 26 23 19 17 19 23 23 20 24 20 22 20 17 17 18 17 15 19 18 17 16 18 22 21 16 20 31
57 39 83 74 98 101 85 101 96 83 87 100 93 85 107 91 105 110 98 97 85 63 52 50 50 37 29 36 27 29 27 31 39 37 33 33 38 34 36 30 43 39 55 29 27 17 13 26 20 21 21 20 24 7 42 35 41 32 30 23 27 21 30 27 20 20 15 19 18 17 24 20 23 26 23 17 17 19 17 15 17 18 18 16 16 19 20 17 17 25
57 81 99 82 83 72 115 102 91 107 124 98 82 106 113 99 111 113 82 67 74 56 45 41 39 35 33 28 23 25 22 20 28 37 35 35 34 43 39 32 28 32 49 23 20 17 23 18 19 13 24 21 19 15 18 33 49 41 29 36 18 25 31 26 19 16 13 21 28 42 49 28 22 25 23 18 18 17 16 17 16 19 20 19 17 18 19 17 14 17
115 111 87 87 102 105 104 114 116 99 101 110 91 104 120 91 66 65 44 41 58 42 38 35 30 28 25 26 30 21 30 32 35 35 40 49 43 45 45 49 43 45 54 52 49 36 22 11 8 9 13 13 6 12 16 25 33 49 34 27 24 26 20 20 22 15 28 34 30 37 36 20 13 17 17 17 17 15 15 20 14 18 21 20 16 16 16 15 17 16
73 88 104 136 117 116 114 101 103 114 97 92 94 69 58 52 49 48 50 46 39 30 22 28 40 29 23 33 40 40 38 47 43 40 40 40 55 60 72 83 97 99 106 110 114 113 98 82 69 65 61 49 22 23 11 12 27 29 40 34 26 24 16 19 25 20 19 19 12 10 20 18 17 13 15 24 15 17 18 17 18 17 17 17 17 16 17 19 20 18
97 118 112 99 107 98 98 111 93 81 81 57 61 59 57 64 45 48 59 55 41 39 39 37 34 30 35 39 31 30 33 37 34 42 25 41 59 84 114 109 98 84 80 107 135 127 141 148 141 126 111 105 96 89 65 57 56 38 32 34 26 14 12 14 20 18 16 15 11 42 21 12 11 18 34 22 18 18 16 16 16 15 15 16 16 15 17 20 18 16
122 126 110 118 132 136 122 108 88 78 90 101 87 70 71 73 70 53 41 38 41 40 35 36 27 26 29 29 25 26 27 24 21 28 47 75 90 103 94 62 62 75 96 119 128 112 138 143 144 144 137 131 131 127 113 105 85 78 60 51 39 30 25 6 6 6 7 12 23 61 23 19 11 27 39 16 13 16 15 16 14 14 14 15 15 15 17 20 18 17
111 127 135 143 119 82 90 76 83 96 84 76 76 65 77 51 43 44 45 46 42 29 22 28 25 26 24 20 21 23 28 26 29 41 66 44 44 39 39 60 103 135 153 154 151 138 145 145 140 141 139 134 127 116 117 116 119 104 88 83 68 59 64 53 50 32 15 7 17 21 0 10 24 28 18 22 19 16 12 15 14 14 15 15 15 15 17 19 18 17
132 120 119 123 110 63 79 67 77 81 57 72 68 55 36 38 50 47 41 30 20 22 26 19 23 19 23 22 20 20 32 26 26 22 26 15 43 75 123 152 162 157 153 164 153 151 158 155 147 138 134 130 126 124 126 115 121 126 107 86 87 85 80 89 95 85 79 63 52 23 9 12 22 20 10 20 19 17 16 15 14 14 15 16 16 16 16 17 15 15
137 126 124 113 118 74 91 114 110 90 72 62 61 62 51 36 40 37 30 25 22 23 24 18 24 30 24 19 32 17 11 11 19 30 56 103 156 169 170 169 171 179 159 161 145 147 154 146 151 130 125 133 129 124 127 131 119 112 124 122 113 113 108 107 114 111 121 117 109 99 72 46 20 9 14 14 18 13 13 11 13 14 15 16 16 15 15 15 13 15
72 104 121 107 138 82 79 115 101 83 80 68 55 57 51 39 32 33 26 26 23 15 23 38 33 19 15 7 8 15 49 53 72 128 186 181 167 162 168 167 188 172 158 169 154 154 160 144 131 131 133 141 137 134 124 131 126 107 116 116 105 108 110 111 114 116 120 117 120 134 124 111 92 49 18 6 12 10 15 18 14 14 14 15 15 15 14 14 14 16
56 94 102 118 130 101 82 93 94 78 94 66 69 43 21 38 32 31 31 34 28 25 34 36 22 8 9 39 99 131 151 138 131 161 177 139 142 146 174 177 175 166 169 157 137 141 149 141 132 134 126 130 136 143 123 133 130 120 121 111 100 102 99 95 99 113 115 113 119 112 110 116 116 119 87 51 14 6 14 11 14 14 14 14 15 15 15 14 14 16
93 133 118 124 138 97 100 110 95 102 97 58 43 38 30 18 33 32 39 33 18 19 27 26 13 28 83 149 161 173 140 117 117 156 144 102 116 108 163 190 184 184 178 165 144 156 158 141 136 134 129 129 140 140 138 127 133 123 112 107 103 94 96 89 95 98 109 112 116 116 110 122 116 113 122 116 88 28 8 11 18 13 20 13 13 16 13 12 14 16
93 116 123 117 121 98 100 122 91 79 75 53 35 25 27 37 33 33 24 20 24 31 31 25 45 95 163 171 166 158 119 106 140 151 131 82 86 70 154 177 174 189 171 173 167 160 164 153 138 139 134 134 133 140 133 120 112 112 112 109 102 86 85 89 87 89 98 106 109 113 117 118 116 107 112 115 123 97 56 9 8 9 14 16 15 10 17 13 14 16
71 93 108 122 108 99 59 116 96 70 67 28 32 36 50 39 25 25 27 27 36 27 23 63 94 138 186 186 164 145 129 114 140 142 119 73 68 38 152 172 167 175 164 166 176 164 145 157 137 146 139 125 143 132 120 127 122 117 112 104 105 95 88 91 81 73 78 99 107 106 114 116 107 114 108 101 103 102 109 73 17 4 13 13 15 16 12 16 14 15
83 106 140 118 94 103 74 102 110 66 50 57 49 56 39 27 29 30 27 35 28 29 70 98 115 182 195 180 148 136 117 114 119 120 99 60 36 16 157 176 156 167 180 167 176 176 144 160 148 143 146 133 148 142 136 123 119 116 111 98 101 100 89 85 83 89 95 102 107 111 116 120 105 106 120 108 103 109 110 103 79 31 6 11 18 15 19 14 14 15
115 105 128 103 101 125 114 108 100 76 60 69 47 45 24 24 31 28 23 34 40 54 82 85 148 197 188 164 149 156 114 110 115 100 82 45 11 32 166 185 170 165 170 170 179 180 171 178 162 138 140 146 132 130 133 123 119 114 109 95 97 95 83 74 86 91 100 100 108 120 119 120 121 113 116 108 108 108 99 98 98 76 33 10 19 17 15 14 15 16
122 121 113 100 82 119 102 105 83 86 55 35 26 55 46 30 21 20 35 44 63 71 70 104 166 176 181 173 155 147 130 117 117 93 62 25 4 61 155 179 184 170 162 156 156 163 179 178 172 160 147 143 134 129 125 117 108 108 109 103 102 92 80 74 71 69 85 92 99 110 113 122 124 131 114 107 103 98 106 106 90 81 75 40 13 14 23 20 19 20
107 121 116 105 82 110 86 108 77 102 61 22 62 49 31 38 18 28 51 60 57 62 81 111 176 178 182 166 151 134 131 108 112 78 24 6 11 88 158 172 175 155 151 152 155 157 171 172 172 165 156 157 141 124 120 109 108 109 100 92 95 82 70 63 65 64 72 82 93 102 107 116 116 117 113 105 108 113 103 104 96 87 81 79 53 22 30 28 29 31
106 125 98 77 92 109 62 114 69 103 76 64 72 54 28 26 36 37 54 55 55 72 90 113 171 175 195 171 159 151 132 106 94 67 19 17 2 72 159 162 160 158 154 155 157 152 168 163 169 169 147 155 130 128 119 104 98 112 104 91 90 73 63 59 60 58 59 79 94 86 95 122 116 113 110 112 119 122 107 105 104 92 83 78 71 48 40 43 41 44
103 113 74 87 97 98 93 91 78 98 91 60 52 54 39 34 41 40 48 59 70 90 101 113 172 179 184 182 141 114 99 112 103 49 8 17 10 66 146 168 144 154 148 137 157 152 155 149 153 164 142 143 132 128 116 114 107 102 105 86 76 65 59 56 56 48 62 82 81 108 111 122 117 101 93 109 114 105 92 108 104 93 99 87 70 65 60 59 58 57
104 99 93 98 94 99 120 70 74 104 78 35 55 49 27 43 26 53 45 54 98 91 96 123 184 199 195 156 130 126 94 112 100 29 6 24 39 82 107 165 123 128 139 126 150 152 152 147 145 138 117 143 122 115 113 115 96 95 96 72 71 65 59 52 50 56 63 73 86 109 122 114 109 114 113 122 109 80 90 104 100 98 96 90 84 58 59 62 65 68
94 95 79 92 69 102 96 75 116 74 61 45 59 59 29 36 37 43 61 73 91 92 98 112 179 217 207 174 116 91 103 107 86 13 11 16 30 78 111 151 108 118 138 123 150 148 149 148 142 140 128 123 124 114 109 100 85 79 79 66 67 57 52 55 59 57 69 64 80 89 95 93 107 110 107 111 111 102 116 96 110 105 103 97 93 75 61 65 62 68
92 89 72 86 86 108 59 92 94 45 38 59 52 63 28 34 63 75 60 93 68 83 91 118 193 200 202 160 96 68 73 111 90 18 19 20 12 30 119 142 95 108 125 115 154 147 150 145 126 137 133 117 123 121 94 91 89 80 68 57 54 60 59 61 63 60 69 53 67 74 76 78 87 94 93 90 99 97 101 106 122 111 99 95 86 97 70 53 60 63
81 75 53 90 91 77 82 103 57 67 45 49 71 44 27 49 54 81 79 97 55 75 81 89 181 185 184 145 97 80 80 99 77 15 12 21 22 19 103 135 95 101 121 112 150 146 147 139 126 128 129 114 113 112 98 92 81 71 58 61 50 59 49 42 44 47 46 52 61 56 59 58 65 67 83 98 103 110 103 105 123 119 109 124 106 95 79 62 57 57
73 66 26 100 91 67 118 71 62 71 64 44 60 33 45 54 54 76 82 65 42 69 81 97 162 180 178 152 109 74 78 92 55 8 13 14 10 20 70 136 88 81 108 101 143 160 152 135 133 119 110 116 124 102 98 81 68 60 55 67 45 44 34 33 33 33 34 42 33 32 46 67 85 83 77 94 113 130 121 115 119 129 131 122 112 100 93 77 57 53
63 51 86 101 66 69 76 68 64 52 52 47 41 67 63 52 77 84 69 70 46 66 83 108 144 140 161 168 105 52 70 81 53 7 11 9 3 37 73 116 90 92 118 103 135 158 146 128 135 140 114 122 111 94 89 73 60 52 42 35 20 25 31 31 32 32 34 24 19 51 74 88 104 120 137 146 135 127 139 155 139 132 133 122 129 123 106 87 73 62
71 73 82 102 77 83 67 55 50 52 45 50 72 70 43 60 67 66 77 56 53 76 91 99 125 129 168 157 93 61 68 70 45 5 25 58 37 29 77 110 72 95 113 96 132 157 146 129 136 128 106 113 106 85 82 65 55 35 26 24 29 24 26 20 23 32 30 18 12 48 102 118 128 146 150 137 142 137 140 152 155 143 129 136 141 131 120 100 85 66
86 80 69 86 88 56 54 63 55 52 56 76 73 53 51 63 62 67 75 72 64 73 85 76 103 128 154 148 99 57 62 58 36 9 13 48 32 40 101 106 70 80 93 94 124 162 153 131 134 136 124 124 93 82 65 47 40 25 15 25 23 21 24 14 25 51 32 13 6 18 99 145 143 154 163 147 152 142 142 146 153 153 147 132 137 132 122 105 96 73
80 87 79 84 44 42 56 66 57 47 64 71 70 49 47 64 59 73 81 69 68 71 79 71 101 125 147 158 107 62 55 64 49 12 22 58 83 104 98 100 69 79 84 71 131 183 144 148 137 135 125 126 101 71 42 34 27 18 16 16 19 24 32 49 77 88 54 17 12 4 52 147 164 143 162 167 153 145 155 146 144 144 146 140 141 136 122 109 98 82
92 99 70 73 31 56 63 61 66 71 69 68 70 54 57 60 57 84 75 49 62 63 63 77 97 131 134 131 85 68 58 60 50 16 20 57 93 73 75 90 71 82 72 70 157 184 147 134 152 128 127 127 95 54 25 13 12 12 26 31 52 62 67 85 115 109 71 12 7 2 19 106 174 150 148 157 153 143 149 143 144 143 131 135 147 145 125 116 114 97
94 106 58 54 38 63 64 63 66 68 66 74 58 54 56 61 84 73 78 48 63 50 70 71 101 135 142 142 99 76 56 55 54 27 18 17 33 28 66 86 67 67 60 137 212 190 149 144 169 153 155 121 67 28 14 8 7 42 74 86 85 97 94 113 128 123 76 16 27 40 15 56 144 170 132 140 149 143 146 152 157 139 130 144 135 146 150 125 117 101
90 91 57 63 62 50 54 68 56 69 67 62 65 73 49 62 53 62 72 52 43 63 77 64 99 136 151 136 97 78 70 60 59 44 22 25 13 13 62 101 66 43 95 176 209 184 170 175 178 158 160 113 71 84 118 114 77 79 109 112 113 129 140 147 159 130 63 25 52 125 65 37 111 156 113 116 143 140 146 153 146 137 145 155 136 147 150 128 115 105
76 80 74 65 57 53 71 71 50 65 70 49 57 71 54 65 49 84 75 46 56 78 70 70 95 116 136 127 103 78 71 59 54 46 34 22 17 20 52 95 54 71 165 175 184 178 178 165 162 156 148 118 131 171 189 175 155 107 132 141 129 142 166 159 172 117 56 43 21 105 58 27 76 154 116 81 116 131 126 128 155 140 146 144 143 161 151 135 122 106
79 69 78 66 46 55 59 53 65 75 43 65 83 62 57 47 75 72 49 55 64 74 54 71 107 109 124 126 114 87 78 72 68 62 42 15 23 18 59 68 69 138 180 158 151 156 153 173 164 146 145 152 165 166 160 155 166 110 98 161 158 141 147 171 159 96 46 43 25 130 153 134 92 126 205 81 63 111 136 134 151 157 155 145 162 166 153 155 135 109
72 58 75 65 32 44 42 62 70 49 62 77 67 78 55 80 75 49 51 63 72 64 62 76 88 98 117 125 116 93 85 84 83 77 74 28 11 31 94 119 132 168 161 151 149 158 150 167 159 163 163 164 170 171 169 174 157 125 47 90 175 152 158 186 167 87 56 52 19 93 149 84 84 103 216 142 42 77 126 144 148 153 156 160 165 161 169 153 137 112
71 60 67 46 31 41 63 72 81 53 50 44 54 81 73 73 36 49 58 64 76 68 77 87 80 79 96 119 108 89 95 95 102 106 101 75 43 65 101 138 139 162 164 154 159 157 165 164 150 167 181 165 169 171 166 147 122 131 54 19 137 151 156 188 170 60 50 52 11 57 121 72 126 110 158 161 41 41 101 128 138 149 172 167 159 170 171 146 128 110
68 69 77 40 46 54 65 62 63 34 41 63 79 88 82 63 46 52 54 64 74 70 84 80 83 93 108 121 118 110 108 104 123 113 130 130 139 132 116 120 131 152 160 157 153 160 166 161 158 164 167 157 146 171 130 136 129 122 76 9 68 107 127 189 157 65 80 66 23 50 135 134 150 118 136 145 60 46 68 123 127 149 165 165 162 161 170 146 133 117
73 52 66 48 36 30 44 56 41 55 95 87 90 74 52 50 58 56 61 68 74 77 87 79 90 84 102 118 117 120 121 113 118 137 161 147 167 169 156 151 165 152 157 173 157 148 142 147 140 162 165 168 166 193 163 148 143 113 94 37 24 84 113 193 150 62 86 86 28 26 123 91 84 108 122 139 88 55 36 108 131 143 158 172 169 161 181 143 128 115
68 48 68 39 26 28 58 66 59 66 88 94 59 42 54 52 60 60 76 75 72 79 82 89 97 96 107 115 122 123 118 126 123 150 162 163 185 187 176 165 169 146 146 149 140 151 157 161 167 168 173 193 228 240 207 165 137 102 87 70 12 55 73 140 141 65 70 83 33 16 103 88 77 127 127 144 87 45 31 93 140 145 165 180 182 165 167 126 115 102
71 54 52 40 25 51 64 63 54 69 97 62 49 55 53 56 60 60 71 68 70 79 76 90 93 92 107 123 129 115 106 131 139 153 162 174 192 186 189 195 183 169 183 186 188 194 197 197 208 200 198 213 213 224 220 178 143 103 79 90 33 28 42 122 143 59 59 77 36 16 56 97 83 131 119 148 109 58 31 85 127 147 168 165 177 166 148 136 124 110
54 70 55 27 49 80 78 64 61 75 77 59 56 47 53 59 65 70 67 70 75 82 86 94 92 90 103 115 123 121 113 123 143 147 165 166 184 182 192 200 191 187 198 190 199 210 209 195 189 203 176 172 177 178 167 148 139 104 81 82 64 34 33 116 146 52 47 59 17 19 65 143 67 111 131 159 106 53 21 70 122 136 182 173 150 154 144 133 123 106
66 76 32 25 65 64 38 53 55 74 47 57 41 57 65 60 58 70 73 76 71 81 89 91 89 92 97 111 129 122 106 112 135 136 147 155 167 164 163 159 137 148 157 144 141 158 171 173 174 178 172 163 163 161 139 147 131 114 99 67 58 45 31 100 127 51 41 53 29 14 61 132 78 122 132 117 79 71 37 60 130 144 167 163 153 154 129 129 110 91
69 60 43 39 51 39 51 61 68 50 47 57 64 79 68 64 62 67 76 82 78 97 94 81 93 93 102 111 114 117 119 122 130 145 138 150 150 158 163 157 141 148 156 158 144 146 148 154 150 165 169 175 156 158 152 147 147 111 94 77 72 71 36 93 124 40 34 53 49 19 69 132 85 116 141 129 73 53 30 62 121 142 159 168 157 143 118 130 109 89
54 39 51 48 41 42 62 55 38 53 78 73 57 68 62 70 62 74 66 84 91 83 62 76 88 93 104 109 101 111 118 131 127 141 142 146 145 163 163 161 160 151 162 147 149 152 148 154 155 159 160 163 144 143 143 126 134 108 91 84 95 92 38 83 108 35 39 60 43 14 62 114 63 92 126 131 80 60 34 69 110 153 157 165 165 141 121 118 99 88
38 53 67 44 41 43 54 63 78 91 85 63 64 67 67 83 71 77 82 89 86 80 56 73 90 95 111 117 105 111 115 121 134 139 141 150 155 153 161 156 151 158 150 138 143 146 153 161 156 164 153 157 148 146 145 148 139 116 94 99 127 106 39 81 100 50 45 58 54 29 67 87 52 94 136 128 75 43 26 78 119 160 165 171 143 138 132 117 92 86
38 75 58 21 50 59 50 57 76 69 53 67 90 80 75 86 81 79 93 80 73 74 75 76 102 104 115 121 117 122 118 119 126 139 145 153 165 150 162 142 137 152 149 146 146 153 154 142 142 157 154 147 158 159 163 161 144 115 102 108 118 98 61 89 84 36 51 61 48 38 91 104 96 101 131 123 84 57 51 85 115 147 176 173 139 134 115 123 99 95
41 66 35 45 71 50 66 68 60 76 65 73 88 79 73 84 90 95 91 82 68 79 70 92 113 108 112 121 128 122 113 124 121 133 155 145 150 137 137 134 138 138 137 132 130 147 139 131 137 140 145 146 155 153 156 148 133 114 98 105 116 96 82 110 78 42 62 71 36 56 142 90 49 96 125 97 70 43 50 89 109 144 164 156 147 138 128 123 102 97
53 62 41 56 74 53 54 55 57 79 92 83 80 78 88 90 89 95 86 81 89 81 54 107 106 112 119 117 120 116 113 123 125 132 129 113 108 98 105 114 113 127 142 139 131 134 119 136 142 144 141 153 142 154 150 143 130 103 77 100 123 102 95 121 94 42 66 85 44 74 157 99 43 101 117 92 75 51 70 107 115 143 160 154 142 137 137 115 109 101
62 53 42 59 76 51 36 67 100 95 91 77 97 83 85 96 89 92 104 95 81 56 80 98 104 104 113 107 108 111 117 122 120 116 97 88 94 99 98 95 97 123 139 131 128 138 133 132 141 151 146 145 132 146 142 138 129 118 84 103 124 105 102 130 113 64 66 66 39 53 101 121 80 97 109 104 70 64 98 110 109 139 160 160 142 143 137 122 110 99
69 48 42 81 79 62 92 113 100 94 89 85 93 94 98 99 106 122 101 73 52 58 97 108 104 97 110 108 99 90 106 129 114 84 62 42 76 131 124 110 100 104 122 132 133 128 129 130 137 141 142 136 138 137 140 147 149 106 77 122 126 106 109 122 118 78 58 57 30 67 104 60 63 99 120 109 62 82 112 111 114 154 154 153 150 147 144 124 112 105
53 44 73 96 75 76 94 95 71 98 100 109 92 110 114 119 116 95 66 35 54 104 115 109 109 112 117 102 100 98 104 111 92 55 35 59 74 67 88 98 113 114 122 122 135 132 130 136 136 145 141 131 132 140 142 147 149 112 82 122 121 118 124 126 125 85 58 61 39 100 134 61 64 107 123 105 63 107 127 126 124 141 153 149 155 141 135 131 104 99
45 63 76 70 68 83 87 99 102 120 100 97 95 107 108 100 66 34 30 54 105 127 116 112 120 127 119 96 101 95 98 104 68 32 60 84 49 53 78 69 80 110 127 139 121 132 130 126 133 142 135 134 132 137 149 157 148 103 108 124 116 121 132 133 133 96 69 62 38 83 78 77 75 102 116 93 89 121 117 125 128 147 150 148 148 148 136 132 112 87
59 91 88 75 94 87 106 104 98 85 99 102 88 97 69 42 24 34 78 109 129 136 119 114 131 136 111 96 81 80 101 83 26 45 51 34 50 73 68 60 48 95 115 133 136 141 124 123 121 132 139 137 138 148 154 145 135 108 116 125 116 120 127 125 142 106 73 60 67 141 90 51 83 114 98 94 122 128 123 127 126 150 150 152 144 134 134 131 123 98
75 83 64 44 65 70 80 82 89 93 99 91 73 58 30 42 67 101 130 137 125 131 131 113 121 126 87 83 78 90 96 47 23 49 41 33 35 63 67 60 57 75 103 143 140 135 128 132 130 125 129 117 115 123 127 109 97 94 111 122 122 124 125 125 143 120 67 38 105 111 71 55 88 107 99 128 141 132 134 127 129 144 141 145 137 131 135 134 126 114
92 66 58 61 70 80 87 107 111 81 66 68 43 72 96 97 127 132 141 139 128 135 133 134 149 131 91 83 81 90 79 38 33 43 75 51 45 66 55 68 65 84 109 136 133 138 136 129 141 121 121 101 91 84 90 83 94 107 113 111 121 129 123 123 141 124 58 60 113 39 22 67 84 105 114 144 143 131 121 130 131 137 140 142 135 134 132 133 123 112
56 56 59 62 66 88 109 99 65 83 88 109 99 129 133 137 135 143 136 145 146 136 136 135 127 109 98 90 88 91 58 6 16 33 41 58 62 82 65 68 75 93 118 139 130 133 142 146 130 112 117 105 93 74 72 70 96 113 112 104 110 110 114 137 141 135 85 64 57 15 31 88 120 121 131 140 151 143 123 130 133 139 141 139 129 131 134 137 121 110
63 57 50 73 79 94 96 77 101 125 111 140 141 138 126 136 142 139 139 137 150 145 136 140 130 105 90 83 87 78 39 14 46 51 49 36 58 90 69 69 80 98 108 124 138 144 139 138 138 119 113 105 98 78 61 43 69 87 95 104 120 120 115 124 132 141 88 16 9 16 63 98 131 125 152 145 145 129 127 119 129 137 132 139 134 130 133 126 121 111
77 76 85 115 110 110 99 105 135 127 113 141 137 129 133 134 132 145 152 137 141 136 147 146 141 103 72 68 85 80 22 13 23 8 37 44 44 96 77 89 99 101 108 123 135 148 149 137 145 125 109 104 100 91 71 43 32 60 82 90 95 102 106 106 128 144 77 8 8 33 86 121 131 128 140 127 127 118 127 129 122 127 121 135 140 137 138 132 130 110
66 92 118 123 122 123 132 130 118 115 131 131 134 141 137 141 144 133 151 148 156 140 146 150 133 83 71 91 101 90 13 13 12 3 14 30 54 104 95 98 103 106 111 127 142 145 145 146 138 129 116 112 99 93 82 58 34 29 49 81 92 89 94 98 117 126 80 20 23 73 123 123 128 123 118 119 118 128 127 134 129 132 135 144 143 136 126 129 123 107
100 106 108 112 125 139 129 122 134 138 143 139 140 135 139 139 146 139 150 148 161 147 143 149 124 79 87 105 105 91 21 14 43 31 35 25 64 116 86 109 106 104 116 132 145 149 145 145 132 129 118 109 108 106 92 74 60 34 22 40 66 74 84 85 100 112 94 60 78 102 113 118 115 113 120 122 121 123 126 129 127 133 136 150 143 136 135 126 117 108
98 92 107 137 145 124 102 120 145 143 139 148 131 140 140 138 144 148 146 151 146 138 146 140 121 93 90 115 114 95 31 8 77 118 62 25 91 122 110 109 120 114 135 135 138 162 159 147 145 132 115 109 115 116 98 77 66 62 46 20 32 55 84 82 84 93 79 59 64 84 92 101 109 113 115 124 118 111 122 127 126 134 139 139 131 136 131 115 113 98
86 94 117 120 103 112 127 139 122 132 118 128 131 151 141 137 138 141 133 156 146 138 143 143 135 93 99 111 108 125 51 15 17 40 70 88 88 126 110 108 107 124 135 140 144 148 153 150 142 136 130 109 106 111 98 98 92 70 55 41 47 29 43 58 79 79 78 75 62 74 82 90 104 106 106 118 119 115 123 122 130 129 133 132 126 135 128 115 105 88
95 104 108 109 108 120 121 112 108 120 113 121 145 142 130 132 137 140 135 145 141 140 128 136 129 87 78 119 115 117 71 27 94 131 168 101 88 138 121 118 106 124 133 133 147 147 136 151 144 139 135 120 104 107 110 99 101 92 75 61 70 45 30 33 34 34 54 68 55 60 66 64 68 72 85 100 114 127 128 126 129 128 127 124 119 127 121 106 95 86
100 103 90 93 92 93 105 109 119 133 139 136 148 139 143 136 136 138 144 143 142 138 129 148 144 83 95 145 129 129 77 14 128 223 146 56 129 146 137 138 112 132 144 140 145 152 145 147 127 140 129 132 120 104 117 107 114 104 96 80 60 67 70 54 43 32 37 36 36 40 49 50 60 65 77 85 95 108 117 124 124 120 114 125 123 119 115 105 89 93
101 88 78 96 84 69 92 118 135 140 139 138 139 131 141 142 132 132 147 148 139 122 126 143 145 115 105 136 149 140 73 11 57 141 59 75 151 150 154 136 112 135 143 146 146 147 154 149 144 138 131 140 142 131 126 124 131 119 107 101 78 69 65 75 76 72 65 55 71 72 73 79 82 88 90 103 108 105 113 116 119 127 119 122 121 118 110 94 95 106
87 86 81 93 94 78 68 79 118 142 139 134 137 133 138 138 131 135 147 145 138 133 135 127 134 123 108 128 148 138 97 49 15 38 63 120 147 146 155 135 126 129 138 139 146 152 149 157 161 133 149 150 132 132 131 132 136 128 116 102 88 81 76 85 92 97 92 84 96 102 104 117 104 103 98 109 115 108 110 108 117 122 116 119 120 115 104 98 106 114
76 81 83 75 76 94 86 73 67 110 134 138 145 135 142 141 142 132 134 137 142 147 137 122 127 118 114 122 138 148 126 72 20 18 107 150 154 145 141 136 133 140 146 152 150 149 157 155 155 144 139 140 139 136 133 132 138 134 127 109 101 91 85 89 87 101 107 108 99 102 102 112 113 109 110 113 119 119 114 115 122 125 119 116 119 116 102 105 112 115
75 61 64 58 61 66 86 82 69 74 99 133 139 139 129 134 142 135 135 146 133 149 150 131 136 134 117 121 137 152 129 91 33 17 95 156 145 141 135 139 135 146 146 126 141 154 139 136 141 146 139 146 140 131 127 137 133 139 130 116 104 96 88 92 94 104 106 109 108 109 115 109 123 120 119 109 129 129 126 124 125 119 123 118 118 113 114 110 115 114
56 55 58 45 46 50 63 71 86 84 66 76 101 118 124 130 129 135 137 147 137 146 145 138 132 123 128 140 141 137 134 118 48 51 94 115 122 145 139 138 136 151 149 130 147 151 142 160 158 150 140 141 130 135 140 134 135 121 118 121 110 106 109 105 96 95 99 117 121 117 126 131 127 133 128 123 121 137 129 123 114 112 127 123 103 113 124 117 116 117
65 58 59 60 65 66 63 66 60 70 88 74 71 94 110 118 121 132 131 138 139 145 143 145 137 108 120 147 154 140 142 130 101 94 117 123 116 131 135 149 132 141 160 161 161 149 140 148 136 142 140 143 134 130 131 129 128 125 131 131 114 106 106 96 111 120 122 127 127 122 130 139 131 138 135 132 127 131 124 127 135 127 124 117 104 120 120 117 117 120
79 61 53 65 65 63 63 64 64 71 87 81 83 83 93 102 108 121 122 131 135 140 142 149 154 126 129 149 153 144 146 139 142 119 119 119 112 130 141 152 147 144 163 163 149 146 148 138 134 137 140 141 128 130 141 136 128 121 129 122 115 118 116 108 115 123 118 120 129 125 126 138 137 129 133 131 126 134 144 137 129 119 114 114 119 124 114 122 119 122
77 75 60 65 66 61 67 71 70 68 83 74 79 88 96 106 107 109 108 118 126 135 141 142 149 141 134 135 134 143 146 148 141 136 124 114 117 135 143 156 152 143 151 155 152 146 150 149 138 142 139 136 140 150 158 145 130 109 128 130 126 129 124 122 119 124 120 121 129 130 132 139 135 133 132 134 129 128 128 127 120 103 110 117 124 121 119 125 127 129
60 87 79 71 76 67 65 70 77 78 67 77 86 78 94 98 101 104 107 112 114 119 127 127 130 142 142 140 139 153 148 148 148 149 135 132 140 148 145 150 159 156 160 164 162 148 146 145 146 155 151 148 152 142 145 152 150 133 145 135 137 136 125 126 131 131 135 133 129 132 137 137 137 139 148 140 132 135 142 120 115 111 123 125 126 117 120 122 122 121
60 75 86 78 78 69 68 71 68 62 68 75 67 78 95 99 96 102 105 110 118 118 118 116 125 127 129 131 140 153 153 153 154 152 141 141 145 155 156 150 150 156 155 146 145 150 160 154 154 148 151 158 160 147 149 146 144 147 152 133 136 129 126 133 126 118 124 135 136 133 137 143 149 140 145 152 157 138 127 107 113 120 116 114 120 117 116 115 119 117
71 45 71 84 90 87 86 76 70 61 63 69 69 75 62 73 77 84 82 82 98 102 108 114 118 116 129 128 127 125 138 151 154 153 143 147 149 155 162 166 161 163 158 157 157 142 144 150 143 152 152 147 157 154 157 148 149 143 146 142 144 132 138 138 116 126 134 139 143 144 147 158 153 156 163 169 111 61 47 59 77 98 100 111 116 126 129 128 121 118
80 54 68 73 73 89 87 82 85 69 63 75 65 75 56 61 57 63 80 60 65 78 81 96 96 109 118 127 127 130 132 154 157 151 155 152 148 150 154 168 166 158 157 158 157 152 140 156 153 152 149 149 147 157 157 168 154 153 136 148 135 136 141 131 126 130 133 150 149 148 164 159 177 169 122 67 20 3 5 9 16 24 33 38 43 53 62 65 58 58
85 61 56 66 84 81 90 84 91 87 80 75 74 86 78 71 45 54 89 81 72 66 77 86 102 98 109 119 132 137 129 126 137 153 145 138 138 139 145 144 148 153 148 149 155 154 139 142 164 163 173 165 169 163 159 156 155 158 152 154 149 152 150 154 160 154 148 167 165 169 178 176 124 60 20 7 18 19 17 11 12 13 14 11 9 10 11 10 13 14
83 101 74 68 78 80 88 97 110 97 73 70 74 67 87 87 74 77 85 94 76 73 63 59 55 56 80 83 96 109 122 131 129 135 134 133 142 144 136 132 127 147 147 145 144 146 146 147 150 154 163 146 157 155 153 146 143 148 151 164 164 161 169 167 179 186 176 171 154 143 85 20 12 14 24 27 24 26 22 22 17 16 16 16 17 18 19 17 17 18
77 102 87 58 75 83 86 88 94 102 111 91 77 65 74 91 97 78 58 66 40 22 30 26 31 40 45 38 65 81 85 111 118 123 134 134 129 128 127 132 122 141 151 148 131 131 139 143 140 146 151 146 153 156 154 159 152 154 149 151 146 139 146 126 127 121 101 69 35 28 18 10 18 27 21 24 21 28 29 23 20 17 16 17 18 18 17 16 17 17
91 90 95 79 72 78 95 102 87 92 108 116 95 71 76 100 96 34 28 57 43 42 31 24 36 24 28 31 36 60 68 76 87 94 103 127 130 117 123 126 139 132 132 135 128 127 121 119 127 116 114 106 93 80 70 72 65 62 56 46 47 35 21 19 23 14 15 13 25 33 37 33 32 25 27 27 25 22 38 34 20 18 17 19 19 18 18 17 19 19
90 83 89 100 89 86 90 92 104 94 104 126 130 114 75 82 103 66 30 63 48 48 57 40 54 35 43 53 34 45 52 48 62 77 79 88 101 101 98 90 89 85 81 78 71 62 50 55 42 32 37 25 15 15 15 5 7 16 25 24 14 19 37 47 39 35 39 30 39 36 36 28 30 23 25 22 20 21 21 24 21 20 20 20 18 17 17 17 21 20
95 95 96 86 89 79 91 100 107 98 97 128 123 120 115 84 94 79 48 54 57 52 64 47 49 40 58 72 51 41 46 43 28 42 52 57 67 72 71 76 68 68 45 23 8 6 11 21 19 16 15 15 24 40 30 17 37 53 35 35 45 56 51 39 34 39 42 32 32 25 24 16 21 23 18 20 19 20 11 26 24 24 22 20 17 17 17 17 17 17
116 109 99 90 95 96 86 87 85 114 94 107 120 114 124 122 94 73 55 59 54 57 59 61 57 65 63 67 77 48 40 57 43 33 13 18 28 28 27 10 9 26 20 16 12 18 25 16 23 32 24 39 37 41 25 52 50 35 43 62 45 48 44 41 42 40 32 28 25 21 23 22 20 24 21 18 23 23 29 25 23 23 21 18 16 17 19 18 19 19
123 119 110 94 97 111 95 89 99 111 104 87 118 123 119 120 115 99 86 72 66 66 53 62 50 64 79 51 55 71 33 37 43 39 36 19 10 21 26 22 15 24 19 22 15 17 29 36 35 22 20 30 34 71 58 50 37 55 62 48 53 59 42 40 34 36 29 28 24 21 19 23 24 24 24 25 26 24 22 23 20 19 19 19 19 17 16 18 20 20
116 130 131 103 95 118 104 82 102 101 124 85 100 127 107 107 122 106 91 68 57 70 65 66 59 59 81 44 18 49 43 44 27 28 35 28 19 21 18 13 19 19 26 21 19 33 31 50 42 12 34 29 71 84 63 41 52 63 62 59 55 39 32 43 44 35 31 32 17 17 24 21 25 27 29 30 28 23 20 20 18 18 18 19 20 18 18 20 20 20
