139 138 144 135 136 156 141 139 139 148 111 90 81 82 76 86 81 82 89 94 100 84 79 77 78 60 89 75 66 76 65 56 56 66 50 61 66 72 77 58 47 55 52 45 44 41 50 75 71 102 95 73 49 52 63 95 105 117 121 102 83 86 77 94 107 90 104 112 112 138 120 112 117 118 129 116 115 123 115 107 97 102 107 121 139 157 148 157 147 143
140 142 138 145 164 134 128 131 111 110 93 86 85 94 91 85 87 79 68 73 80 74 71 83 77 82 84 68 69 66 63 65 82 93 70 65 61 63 68 63 66 63 68 66 74 80 68 73 73 103 111 130 131 129 123 128 132 123 120 103 130 133 118 131 130 125 148 141 147 143 143 139 140 141 155 153 154 167 168 178 176 181 180 184 181 168 163 177 153 152
142 134 146 155 141 113 113 121 120 125 119 103 97 96 81 66 78 83 85 90 84 91 83 74 73 86 84 76 79 78 88 89 76 70 64 77 73 75 79 67 61 54 58 49 46 56 59 68 80 94 96 119 130 117 94 99 113 104 102 115 135 144 142 141 134 137 146 148 144 144 164 169 169 166 157 174 198 208 194 200 206 194 192 188 192 187 175 175 169 161
146 134 155 136 115 116 131 128 130 126 116 97 97 97 88 86 82 85 93 95 82 84 82 75 88 78 69 58 58 68 71 63 58 59 49 46 44 39 37 37 37 33 35 40 37 31 29 25 29 26 29 29 34 52 50 60 56 48 42 31 35 60 78 76 72 73 63 88 76 67 73 76 86 93 86 102 99 100 104 112 109 112 113 112 116 122 143 137 145 143
144 165 153 125 118 120 124 116 101 111 129 115 97 95 92 81 72 67 62 47 43 35 33 39 57 51 47 41 48 58 44 37 46 58 58 47 43 41 39 33 40 39 38 43 45 42 43 42 39 45 50 44 46 52 54 80 110 140 115 113 87 64 66 73 75 103 103 113 113 90 90 91 96 109 103 109 108 112 108 120 138 129 132 115 115 117 112 104 123 124
138 129 110 135 128 110 98 88 98 91 73 58 64 81 85 85 95 85 88 83 90 85 80 78 77 71 60 58 62 64 46 34 64 56 42 33 39 38 40 37 33 35 37 33 36 40 35 36 40 39 39 46 52 56 53 41 35 35 54 73 84 76 98 93 85 90 91 93 102 106 130 131 109 92 94 102 118 145 128 117 125 124 124 131 141 129 119 119 129 126
115 144 146 126 124 98 81 66 66 61 76 102 99 111 121 115 108 82 81 85 84 89 90 88 88 85 79 77 64 62 55 49 73 45 33 36 35 33 48 42 32 34 36 32 33 37 34 35 32 37 34 38 43 38 45 47 51 54 42 43 60 70 74 63 73 83 81 79 79 57 48 82 99 92 94 85 91 104 95 102 125 132 131 104 99 115 105 109 120 122
155 149 132 120 107 76 79 81 89 131 144 144 124 117 97 81 86 84 88 86 83 98 88 76 70 74 80 83 77 80 71 78 71 64 39 26 35 28 34 31 36 37 31 34 34 31 35 33 33 36 39 35 36 40 46 41 44 45 54 59 63 70 64 72 83 84 91 94 108 117 109 126 128 129 129 121 114 107 111 117 108 102 107 105 104 121 111 113 109 106
150 131 111 78 67 70 91 123 135 149 140 129 111 83 74 87 104 97 82 89 87 93 84 64 76 68 76 78 80 76 71 72 67 87 69 19 18 29 32 26 29 24 26 23 28 25 26 25 28 30 30 32 38 40 40 41 46 38 44 50 59 57 52 75 82 84 90 86 95 82 85 84 123 126 112 147 159 152 164 147 131 114 108 113 115 94 98 97 86 103
112 94 75 66 93 153 172 142 153 149 114 91 78 103 110 110 90 74 81 87 84 81 70 58 64 61 70 76 111 59 61 68 69 80 64 33 41 42 39 40 48 40 42 44 53 49 44 38 36 23 20 25 26 26 32 37 43 45 43 36 53 56 53 50 63 66 67 65 106 120 128 103 87 81 81 79 79 85 100 104 141 158 172 175 187 188 160 161 140 126
89 93 104 177 229 184 179 169 158 110 85 99 113 116 106 99 97 83 81 82 85 86 67 83 86 81 85 77 91 60 65 62 60 52 38 54 110 136 137 139 138 134 135 132 129 116 109 104 102 89 74 58 40 28 22 17 25 22 37 47 32 51 59 53 43 32 58 91 76 41 85 117 140 163 138 112 137 137 117 91 84 77 87 89 103 112 123 140 145 113
107 148 175 165 198 187 151 150 136 108 106 111 117 112 102 93 94 79 81 85 86 84 76 84 75 67 83 87 70 76 75 68 61 48 39 70 127 153 149 144 137 141 144 143 138 132 132 132 126 127 117 107 103 94 78 69 54 29 15 26 24 40 38 79 77 46 26 37 68 88 54 39 49 50 54 75 98 133 158 130 90 87 84 83 81 70 89 77 97 117
145 170 133 187 221 177 148 144 137 114 115 126 111 100 94 101 95 78 80 84 109 87 94 80 77 80 84 90 71 70 69 65 60 54 61 100 139 154 151 143 148 151 146 142 139 137 136 130 134 132 123 116 113 107 108 119 113 99 89 63 31 22 16 31 39 58 75 67 33 50 52 33 57 68 57 76 46 19 52 86 86 76 53 62 62 44 45 51 28 48
165 168 211 231 176 152 143 153 143 119 118 115 100 95 95 85 80 85 96 101 105 62 66 55 56 68 51 83 72 51 63 65 58 50 59 99 126 141 151 151 151 156 150 149 146 149 150 145 136 138 139 135 126 119 114 112 115 121 123 129 113 96 74 49 27 13 16 25 51 66 59 53 42 34 66 84 53 76 72 57 46 21 45 50 29 26 31 33 32 29
180 235 223 161 140 179 198 154 139 121 123 111 96 77 91 88 90 79 84 92 74 68 80 69 58 70 51 82 63 56 63 55 48 40 45 86 114 137 154 158 157 164 158 159 150 149 151 152 145 153 155 146 138 136 130 122 117 122 109 121 122 128 128 116 87 66 42 14 10 17 39 50 43 44 27 21 32 65 68 78 111 69 63 38 37 44 48 54 44 35
233 189 154 183 212 229 208 150 137 130 118 108 99 91 95 92 67 77 109 108 82 71 64 53 61 55 58 81 66 66 55 52 40 54 72 104 112 122 137 146 163 168 161 169 163 163 167 171 163 161 151 145 148 143 134 134 131 127 123 117 115 106 120 124 137 142 137 116 112 82 21 19 19 44 42 43 38 22 19 30 51 55 77 84 58 38 34 33 34 49
179 161 209 221 222 230 175 168 150 117 118 106 91 88 87 88 82 94 120 111 83 69 63 48 52 67 81 86 51 48 60 66 67 92 99 103 106 112 118 142 156 160 163 164 174 178 174 175 167 164 160 150 149 147 137 145 134 133 125 121 122 119 115 113 120 112 126 138 139 137 120 98 51 24 12 38 37 46 42 35 28 21 29 42 42 54 64 40 35 37
191 228 242 225 218 200 163 158 135 112 129 84 85 107 96 92 81 95 106 109 81 57 64 80 76 80 84 75 55 68 62 79 75 84 81 86 94 107 110 119 142 162 179 187 175 177 177 179 173 179 155 153 149 150 142 145 141 139 129 124 126 123 118 118 110 111 113 115 120 120 123 141 136 104 55 25 23 30 37 36 43 42 39 35 40 36 31 46 64 68
221 224 231 219 230 179 144 173 134 123 101 86 96 125 101 93 112 101 105 135 101 72 69 89 83 84 86 70 55 70 73 85 68 61 60 69 70 81 93 103 138 165 180 183 185 181 182 179 180 169 162 167 157 155 143 147 147 142 133 129 125 116 111 118 116 112 113 116 118 114 113 122 113 126 130 97 44 17 28 32 35 35 36 31 35 39 33 33 42 46
218 218 214 218 206 154 156 163 128 118 92 112 146 126 102 102 115 73 96 128 91 75 80 106 94 94 69 42 69 63 75 69 61 53 55 51 35 47 71 78 141 176 184 184 187 184 188 190 181 167 172 162 159 161 155 149 143 138 133 128 125 122 114 108 109 107 112 116 114 117 119 115 111 118 116 129 113 63 20 23 33 32 31 34 31 30 36 30 26 28
217 203 238 215 155 160 162 143 135 136 95 117 140 88 103 135 113 82 121 101 96 98 96 96 86 91 62 55 64 72 67 56 49 46 35 27 29 30 52 89 149 178 176 192 182 198 192 189 191 182 168 160 170 162 159 151 145 140 135 120 112 118 116 108 99 109 112 112 116 119 116 115 115 111 106 112 112 108 74 30 29 36 30 32 35 30 30 34 38 38
218 230 228 150 149 186 173 157 128 108 102 114 164 130 100 104 114 106 136 91 112 94 93 96 82 66 78 62 71 79 68 50 48 35 33 40 45 38 62 100 154 179 173 182 181 199 201 210 218 195 177 177 176 169 157 154 143 124 121 122 118 115 108 106 106 109 105 108 118 119 116 114 113 106 112 101 97 102 106 71 27 21 30 34 31 33 33 34 31 31
220 234 193 147 179 189 181 152 154 121 118 153 162 130 100 132 113 128 127 108 111 92 107 99 70 70 85 70 82 83 53 50 38 30 50 43 22 47 96 96 123 151 163 165 189 195 200 213 234 214 211 192 173 178 170 159 147 126 122 124 119 107 98 107 105 102 104 111 110 111 118 116 113 105 113 106 99 88 103 99 70 29 24 33 29 30 32 27 33 33
223 201 136 170 179 187 216 184 183 141 135 145 138 106 95 119 117 135 102 128 93 93 123 90 65 80 79 73 78 75 58 63 34 45 45 26 44 84 102 79 102 120 142 155 184 198 204 210 227 230 236 210 191 174 179 164 150 142 133 120 119 117 104 105 99 99 99 104 102 104 115 115 116 117 113 103 92 88 91 87 93 69 32 24 34 33 32 33 32 33
207 169 118 192 236 244 223 189 167 83 106 131 107 118 117 109 131 134 99 119 94 94 108 64 76 87 84 89 76 58 57 42 28 47 36 46 67 87 92 72 96 99 118 151 173 205 210 212 222 228 242 226 221 187 172 157 149 142 127 121 116 116 105 106 90 93 93 107 106 107 125 116 121 121 105 103 92 88 85 82 83 92 68 34 31 33 35 34 33 31
155 146 202 225 207 189 131 78 113 111 136 163 142 105 118 145 142 119 114 125 106 108 72 81 92 99 86 68 44 49 55 32 39 33 37 28 32 51 101 70 87 65 71 133 193 191 192 196 205 217 238 225 210 186 176 157 148 138 130 115 120 113 96 87 83 96 100 105 107 104 110 115 118 118 106 105 95 90 86 84 70 86 92 65 46 42 41 37 38 38
173 189 203 176 191 160 92 102 176 150 170 150 128 136 150 145 124 131 114 105 116 89 89 102 92 97 71 41 22 50 54 36 41 33 50 49 33 32 86 79 82 62 63 131 184 176 190 185 201 218 238 228 206 181 169 157 142 136 123 110 108 96 95 91 84 93 95 97 103 108 110 107 115 114 105 100 90 85 82 83 80 78 92 81 64 52 45 47 45 49
204 154 183 222 218 142 117 174 198 135 133 128 149 172 176 138 118 129 93 110 111 67 84 110 88 61 32 34 34 57 44 31 38 32 42 36 24 43 87 76 86 56 52 137 166 171 195 201 209 204 221 229 200 179 167 150 141 137 123 110 93 92 84 78 84 84 80 81 80 89 103 101 102 103 99 91 85 84 81 80 84 81 91 87 78 57 42 44 49 56
131 136 216 203 191 178 154 141 141 139 167 158 158 141 137 118 111 103 95 115 75 66 104 104 64 49 39 44 35 52 36 26 43 41 29 21 19 37 74 51 71 44 56 133 146 180 203 202 201 213 220 210 183 172 157 139 130 112 115 107 88 90 76 80 82 71 56 51 59 69 83 100 104 105 103 88 85 88 85 83 85 94 99 95 95 83 64 44 44 51
105 174 207 222 214 137 104 147 169 150 177 147 146 154 146 131 118 112 111 83 78 78 95 89 52 56 44 36 36 47 30 34 48 31 30 80 55 56 89 52 78 34 71 125 126 175 214 211 209 201 202 197 169 154 144 130 121 108 106 99 88 79 83 75 63 35 41 62 73 82 90 99 104 110 121 110 110 111 100 91 99 103 109 111 112 105 90 60 47 48
168 223 221 212 155 147 170 217 204 159 148 133 147 133 107 93 119 115 79 68 84 90 104 87 53 64 43 22 35 49 33 34 42 36 30 84 55 54 75 61 66 30 84 118 134 192 227 219 213 204 190 172 153 133 119 115 101 102 91 81 79 74 72 40 34 66 68 58 50 57 90 112 119 134 155 138 125 117 112 115 112 109 125 130 123 112 99 78 61 53
191 218 200 208 138 154 204 185 150 144 132 109 119 107 96 100 113 84 72 86 78 88 88 90 71 62 49 39 41 45 36 32 38 37 40 78 78 72 69 61 35 43 98 114 156 224 235 229 219 202 180 156 147 133 118 104 101 87 86 84 75 67 39 38 77 94 79 68 26 24 109 139 147 148 160 144 138 132 124 126 124 117 131 131 133 135 119 97 66 50
191 213 202 213 184 148 148 135 140 121 126 140 124 95 105 120 109 84 83 76 71 101 103 87 73 68 53 38 34 38 39 33 41 36 42 58 73 51 68 55 35 80 104 133 190 229 226 227 233 206 172 145 127 113 99 91 90 83 81 76 64 38 45 107 133 101 98 65 17 15 96 173 169 159 146 162 146 140 136 132 129 136 134 133 132 140 135 116 86 56
217 187 198 179 146 132 134 129 131 118 131 149 111 107 116 87 109 83 74 71 78 122 110 90 101 89 52 31 41 43 34 36 36 33 31 36 32 44 72 37 58 92 121 172 208 212 214 226 220 205 167 131 109 96 79 77 74 76 72 54 39 66 120 151 130 129 117 80 27 18 49 146 173 174 158 156 138 134 137 137 137 147 139 140 137 133 142 124 105 80
205 191 188 172 133 132 136 133 128 119 117 129 106 102 109 76 91 74 70 90 102 119 98 112 112 81 43 30 39 41 36 36 34 36 34 33 20 47 65 39 84 111 157 207 209 200 209 216 198 175 144 128 100 77 59 59 56 58 52 63 95 137 163 152 143 137 145 79 21 21 51 130 155 157 160 143 139 132 130 136 132 146 153 141 137 134 136 123 118 101
184 159 183 173 140 144 132 121 112 151 125 116 113 100 89 97 92 94 99 121 100 96 116 125 96 57 38 38 34 37 40 35 36 35 35 34 37 50 50 75 120 152 182 187 181 188 184 179 183 159 122 97 61 45 39 44 52 73 102 125 149 176 179 159 155 150 136 52 19 24 41 133 140 135 134 129 136 131 124 132 132 132 148 147 158 144 133 128 117 106
173 189 190 173 168 125 142 153 145 147 110 143 135 124 90 101 139 108 107 98 89 107 118 110 79 58 49 45 38 37 37 35 36 32 34 39 65 69 68 117 139 155 182 187 173 177 177 178 160 146 94 51 37 53 67 74 98 127 145 156 175 183 173 164 147 156 125 36 26 53 72 140 161 155 124 126 125 120 113 114 116 124 135 146 164 146 141 134 122 112
186 202 151 132 127 136 158 151 137 136 140 163 127 121 114 128 145 106 110 91 94 104 92 96 74 66 61 48 40 41 37 35 39 35 35 41 73 83 102 126 149 170 171 169 168 168 165 166 140 103 73 91 136 167 165 135 134 157 154 156 172 177 172 162 154 153 95 31 61 127 144 135 168 161 136 106 106 104 97 99 113 117 127 129 149 155 148 137 136 123
202 169 114 148 147 171 157 151 155 142 154 153 151 133 105 96 106 86 78 85 86 87 96 81 77 69 65 53 45 44 39 40 35 33 36 44 72 97 131 139 151 164 168 166 157 161 160 154 127 110 140 187 210 200 176 118 91 141 157 160 176 174 159 157 164 166 63 17 37 76 86 71 159 173 156 103 96 97 90 96 99 93 118 130 142 154 141 137 143 128
180 144 133 174 191 161 147 177 176 139 171 164 123 92 89 103 103 96 95 104 102 100 92 90 82 73 66 59 57 47 37 50 54 55 67 77 96 120 147 157 158 163 168 154 148 164 156 149 139 145 171 173 175 171 158 90 35 60 117 157 175 175 162 165 191 152 49 8 28 77 167 150 128 185 153 126 97 95 86 84 95 88 105 127 137 159 161 148 148 133
176 166 188 189 179 183 169 179 181 152 164 119 83 89 99 99 108 98 102 113 108 113 101 97 89 79 73 66 60 58 61 69 87 99 97 118 130 147 157 172 169 170 169 160 157 157 153 156 149 149 158 162 156 143 137 58 20 23 36 113 167 170 155 168 203 108 25 37 92 164 217 163 69 185 171 127 90 100 75 83 79 83 99 120 155 174 169 151 145 134
171 203 183 176 194 158 187 179 146 132 144 139 97 110 111 96 105 106 108 101 98 107 99 95 90 82 80 74 67 75 91 106 108 123 127 137 139 153 153 161 166 160 163 161 156 160 163 164 171 162 159 166 141 108 112 32 19 29 19 71 150 161 160 177 201 85 21 26 57 113 156 137 68 172 162 134 87 83 66 61 65 73 82 123 161 161 156 164 139 126
188 196 180 194 207 192 187 164 126 136 167 129 119 127 122 122 127 115 109 104 111 105 93 93 102 93 84 83 91 95 104 125 136 152 182 195 182 187 171 154 148 145 157 161 152 153 164 171 183 186 182 174 133 88 103 62 27 37 30 57 126 133 148 179 193 63 19 18 71 151 212 161 68 168 148 138 95 71 71 58 62 72 69 131 152 160 146 150 137 120
169 173 160 142 171 185 171 144 132 168 144 120 138 133 133 117 114 111 114 110 119 111 102 98 103 92 95 94 90 103 116 115 133 157 178 198 215 227 216 213 198 184 180 184 185 185 191 200 219 235 218 168 128 89 78 62 41 30 36 50 92 108 122 146 161 73 14 58 157 187 226 179 71 150 140 143 97 56 66 69 60 65 73 126 150 155 147 139 134 120
160 154 161 169 211 191 161 137 163 169 152 149 146 138 124 121 122 115 115 109 115 110 109 106 110 100 105 109 108 119 130 132 134 154 162 176 189 189 187 194 217 229 236 235 234 234 226 211 218 219 197 151 125 86 57 55 58 33 37 62 83 98 108 133 176 86 19 60 142 182 199 191 78 134 150 138 88 63 71 70 65 63 66 123 148 155 138 140 134 121
173 171 198 215 189 162 160 184 196 163 153 133 131 130 131 124 127 121 121 119 119 117 117 112 115 123 121 118 130 140 140 146 160 157 155 170 181 184 187 177 180 168 167 180 189 191 190 182 176 168 162 148 120 79 59 53 57 58 48 65 71 84 100 131 178 104 18 56 146 202 216 183 51 117 143 135 92 59 72 64 63 58 75 111 133 129 132 131 133 118
188 195 201 212 191 179 193 203 164 136 135 137 145 143 132 130 138 121 115 127 125 117 113 116 115 116 123 127 128 131 136 145 162 159 149 150 170 179 179 175 177 164 157 170 180 178 177 173 167 163 157 145 114 87 83 68 82 93 57 39 34 66 98 133 169 102 33 40 72 90 130 137 33 119 149 132 94 58 76 67 67 68 76 114 125 134 139 128 123 113
164 176 182 192 191 203 183 148 131 149 164 141 133 143 138 135 126 128 125 130 117 112 110 116 114 113 115 120 129 135 138 148 146 143 142 133 143 158 159 154 143 152 149 149 152 150 159 172 164 159 163 167 139 101 98 104 108 98 69 53 37 51 82 133 157 82 26 59 93 130 171 172 81 125 151 119 86 68 80 78 68 77 74 112 134 133 134 127 119 111
218 214 216 222 229 192 175 201 205 199 154 150 150 146 145 131 122 128 141 138 125 130 123 128 122 129 114 108 123 137 135 125 124 118 120 127 130 139 156 162 154 148 145 147 144 144 154 159 154 165 159 162 153 114 128 105 95 78 81 69 58 60 83 117 148 62 22 100 141 146 176 178 108 135 151 115 85 77 74 78 82 77 75 108 125 128 134 129 124 121
218 208 210 204 187 199 192 185 175 158 151 165 161 167 170 160 151 138 142 140 140 141 136 137 126 115 98 92 98 116 108 106 106 104 108 108 122 124 141 160 170 159 150 150 147 146 150 149 155 163 159 157 152 124 124 61 89 98 102 87 85 85 81 113 133 58 29 134 202 204 202 189 110 132 139 113 86 89 84 80 76 79 87 117 126 128 136 132 124 119
206 197 230 227 223 215 200 179 191 183 184 184 166 155 143 137 139 142 146 131 135 137 138 140 132 107 81 56 77 103 90 96 100 107 109 102 116 110 120 131 134 159 159 149 152 151 147 147 142 138 135 139 151 146 141 46 92 106 124 126 103 103 111 123 131 62 36 94 140 160 197 145 72 160 134 107 95 93 91 84 76 87 93 118 130 130 131 133 127 119
241 235 245 217 196 177 170 164 178 172 163 159 145 129 128 142 143 135 138 140 146 147 144 131 113 72 48 40 88 93 90 86 84 55 57 96 100 80 105 116 130 151 161 156 152 158 158 144 137 124 120 125 148 159 149 42 68 121 126 133 122 109 113 129 151 64 21 70 87 107 132 101 72 143 121 112 105 105 97 101 93 87 90 113 127 138 143 139 130 118
212 213 197 182 192 193 192 200 187 173 164 152 144 144 144 138 135 152 152 156 154 148 140 137 89 43 29 43 93 91 89 57 30 35 63 59 55 75 76 109 128 137 147 155 156 153 153 150 138 127 127 133 153 164 152 69 78 129 126 130 125 125 130 136 152 87 29 111 166 200 192 114 103 127 113 128 119 112 102 107 104 108 110 123 134 140 142 150 144 130
203 207 195 192 205 221 216 197 176 163 172 161 153 150 142 141 142 167 160 160 158 159 150 136 64 28 35 41 81 93 50 24 33 47 36 30 48 71 63 94 114 135 143 148 154 149 155 172 148 120 117 145 170 174 156 120 132 136 127 125 122 130 133 136 152 103 33 80 126 154 145 70 107 131 123 127 127 119 114 114 121 116 123 134 138 152 155 151 150 136
204 176 185 221 202 183 162 148 156 169 188 172 166 160 157 166 157 156 159 167 150 150 159 126 56 28 37 39 77 77 23 36 39 45 52 50 45 59 64 86 108 126 145 153 150 151 157 156 154 104 72 83 101 120 121 135 141 128 130 131 129 135 136 137 155 126 50 53 101 113 55 65 120 122 140 124 125 127 123 127 124 123 122 118 120 143 148 146 156 143
209 211 216 188 191 166 163 176 193 186 173 157 160 157 163 165 161 166 161 155 151 148 154 115 43 37 35 42 77 51 27 37 39 41 53 51 54 59 56 73 103 116 135 151 154 153 156 153 152 135 107 73 44 58 64 98 108 121 131 126 131 139 142 136 139 154 69 65 165 149 71 95 110 120 146 131 134 130 140 139 126 127 132 123 119 147 157 149 147 134
200 208 189 158 163 179 193 204 194 175 168 163 159 166 171 173 168 170 175 161 151 153 157 120 54 39 33 42 76 38 38 36 38 48 50 39 64 59 63 73 104 110 132 146 157 162 156 164 155 138 123 105 69 65 57 54 66 88 115 131 132 138 134 136 142 157 106 32 89 60 92 111 112 138 150 138 132 142 144 135 134 125 133 134 137 141 144 143 143 129
170 143 134 187 221 233 222 190 168 156 162 165 159 164 173 177 165 169 174 160 166 158 162 123 58 37 24 48 79 36 34 32 42 41 38 46 64 60 63 67 99 113 124 139 154 158 159 164 158 149 138 120 101 84 70 67 50 53 84 113 136 132 133 136 139 150 132 32 37 41 91 108 130 147 147 138 134 136 141 140 133 131 138 139 150 147 137 140 139 137
159 190 212 220 205 160 156 162 157 159 161 160 163 166 166 173 170 170 169 169 160 160 164 116 54 40 29 67 81 36 41 39 36 21 13 21 51 64 78 69 91 118 122 136 154 156 162 162 160 163 152 125 118 105 94 76 70 57 44 63 104 133 136 132 132 137 136 34 8 33 93 131 151 147 136 139 148 143 141 145 143 145 149 144 145 145 145 138 140 119
236 227 195 153 140 152 151 156 154 165 160 151 159 168 168 168 169 166 170 169 165 164 180 120 51 44 18 62 84 47 40 35 38 55 74 28 62 61 87 87 88 120 121 127 144 149 159 164 164 158 147 131 123 111 107 88 84 69 56 48 57 116 141 124 119 133 108 33 14 60 136 151 132 140 142 139 141 141 140 146 144 149 148 148 148 148 156 145 103 66
144 122 131 140 145 159 151 154 159 150 151 160 157 154 163 172 168 172 172 167 170 166 174 110 48 40 31 79 83 52 48 40 20 57 112 56 52 61 106 101 86 118 127 130 143 150 157 167 167 160 152 148 137 127 122 104 94 90 72 67 51 54 122 141 123 131 116 53 25 78 132 135 138 135 144 145 143 140 132 140 141 144 152 147 142 143 132 93 50 51
124 123 138 138 148 152 155 155 159 153 151 157 159 161 165 162 168 168 161 161 156 164 170 107 54 33 40 86 82 60 55 59 21 60 96 129 64 68 120 107 96 119 132 132 140 151 161 176 163 164 159 153 146 137 125 111 108 96 88 80 72 52 60 107 124 110 117 89 56 79 101 113 128 128 137 135 135 139 133 137 144 141 149 140 140 127 85 49 55 60
113 131 138 146 145 158 158 150 150 157 156 159 161 158 163 169 164 157 165 161 161 161 173 108 66 43 53 87 97 76 54 80 40 96 170 164 63 108 123 114 105 119 132 135 139 147 159 170 167 162 166 162 164 145 135 132 118 108 102 94 85 85 59 52 68 109 103 89 85 83 78 76 90 95 101 111 119 123 129 137 132 141 139 128 118 71 42 60 61 55
98 123 135 135 144 144 149 158 157 151 148 156 159 158 162 161 164 162 161 158 156 160 170 125 74 41 79 117 112 90 57 66 65 35 130 113 53 106 146 130 117 124 132 137 137 143 157 165 161 160 177 168 177 163 158 150 135 123 115 107 101 94 96 84 69 53 66 73 62 69 63 56 67 84 82 93 108 115 126 125 129 135 130 116 77 44 59 59 56 56
94 107 121 135 151 160 153 150 160 179 163 159 158 154 159 164 164 171 162 166 170 160 166 130 72 40 103 145 122 98 79 45 89 50 29 65 80 120 150 132 126 126 132 138 139 142 153 160 160 168 173 170 168 171 160 154 146 129 126 117 109 104 110 104 106 92 78 69 64 78 85 87 98 99 98 113 117 114 128 135 130 128 119 74 48 59 59 55 55 49
103 122 120 135 143 154 144 153 151 158 148 152 154 153 156 158 158 160 160 158 158 162 173 148 81 69 98 164 133 116 100 73 46 61 53 36 101 140 144 143 129 129 133 137 143 150 157 166 160 166 165 168 163 173 162 161 150 140 133 128 130 119 114 113 111 121 124 124 117 121 119 116 112 117 123 121 124 126 121 124 120 117 68 50 54 48 55 49 48 44
124 120 112 122 125 148 151 164 153 150 147 156 156 156 155 156 157 160 164 161 163 160 167 178 119 78 90 176 145 125 113 100 76 46 47 55 97 133 136 146 134 134 138 139 147 153 153 160 158 164 173 168 166 160 160 161 153 145 139 130 130 129 127 118 116 124 121 126 129 131 129 124 122 128 126 124 121 120 127 131 110 55 45 54 51 53 52 50 43 40
101 90 102 98 95 122 137 141 145 142 147 156 154 157 156 159 155 154 157 161 169 162 157 171 149 96 79 157 147 133 123 112 109 109 73 85 94 117 139 138 143 141 143 141 147 156 157 164 163 164 174 163 163 150 159 161 151 142 142 143 139 132 129 125 122 125 120 132 134 131 134 133 133 134 125 126 126 124 124 112 50 43 50 51 56 62 52 48 41 39
96 86 76 63 63 96 125 138 140 143 149 152 149 153 152 156 155 150 150 152 152 159 162 159 169 145 76 128 156 158 140 126 124 134 120 117 121 121 138 149 146 145 151 151 152 157 158 160 163 161 161 161 159 156 157 156 150 152 148 147 148 143 134 135 139 135 128 138 136 135 141 140 136 130 131 126 132 130 87 46 42 54 47 46 40 29 35 32 34 35
117 132 101 101 97 85 84 121 125 133 139 140 140 147 146 147 143 145 147 151 145 148 150 149 159 178 118 93 128 159 154 140 132 135 135 134 145 133 138 152 153 152 154 155 152 154 159 161 159 159 160 160 158 155 155 150 145 154 153 146 142 149 142 130 136 136 135 142 137 139 142 137 131 131 135 140 124 71 27 31 46 44 38 38 38 32 39 54 60 71
83 75 68 96 94 92 81 79 102 114 122 128 127 136 137 135 141 143 141 149 149 149 142 148 147 161 152 116 135 153 149 143 140 132 145 141 143 156 147 158 154 156 155 161 162 159 164 163 161 162 162 156 153 150 157 152 154 147 146 148 134 138 141 137 143 140 137 139 137 139 134 128 134 139 132 95 42 27 42 37 37 37 31 28 44 58 53 46 46 63
99 99 99 76 73 91 80 72 65 81 95 108 111 121 129 127 124 131 142 146 139 147 142 143 141 145 149 150 152 151 146 151 150 141 141 148 155 159 154 156 158 161 153 160 164 157 161 160 159 164 156 161 151 160 157 150 153 153 151 153 140 138 138 143 136 137 138 140 136 137 139 150 142 106 58 20 23 36 32 38 40 25 39 42 49 50 43 79 111 128
126 109 103 106 96 86 76 82 75 62 69 74 82 86 102 108 109 111 118 122 119 130 136 144 154 137 144 145 155 157 157 155 153 152 146 150 157 159 152 154 155 155 157 155 161 165 160 160 158 157 159 167 150 156 156 155 154 155 152 148 139 140 140 140 138 139 140 144 145 141 142 98 57 23 23 29 35 39 27 31 22 38 65 53 61 91 107 132 123 78
135 159 129 116 114 117 105 105 102 96 96 84 84 82 84 88 91 96 92 95 98 111 126 123 149 152 158 144 150 160 163 153 153 158 160 153 150 154 156 151 154 158 158 156 162 161 153 157 153 161 156 153 146 154 150 151 151 154 150 142 147 148 149 148 153 151 147 139 118 75 47 21 23 28 32 34 37 31 40 72 80 68 67 95 115 127 116 93 55 20
115 143 147 139 132 130 143 132 127 120 105 91 92 85 83 86 70 73 82 86 87 74 91 102 113 136 153 148 154 147 148 152 156 151 156 154 154 147 151 150 150 157 156 153 159 153 145 152 151 150 148 152 143 152 159 166 161 162 163 153 153 143 141 136 120 93 59 41 38 30 32 32 34 26 21 28 45 51 52 63 69 72 99 119 118 110 88 56 39 34
172 137 141 164 144 127 122 125 112 91 83 78 72 80 95 93 107 81 61 70 95 96 63 73 76 98 113 121 142 138 138 142 145 146 151 142 146 136 140 140 141 149 149 147 153 151 147 152 148 155 155 155 148 151 142 133 108 94 85 70 50 34 26 16 16 21 21 32 46 44 39 37 19 29 53 58 61 66 62 71 91 124 125 113 125 76 76 103 111 114
176 178 168 142 135 145 128 112 95 93 85 104 69 59 111 91 88 94 78 80 83 107 58 60 64 69 70 74 99 106 117 123 120 121 129 126 138 135 139 133 134 139 140 142 148 153 152 148 139 123 108 91 70 66 57 38 28 26 25 32 20 24 21 19 31 37 39 27 23 22 24 51 69 84 95 91 104 114 109 122 99 110 141 128 99 74 92 75 88 83
146 167 174 154 153 144 148 139 134 104 91 99 85 85 103 109 100 98 96 93 87 111 91 47 67 46 43 37 39 51 72 68 79 68 75 81 92 99 107 97 107 106 104 100 91 80 66 46 39 37 26 19 21 20 23 34 40 44 32 40 37 50 41 44 48 24 28 33 65 109 95 91 117 131 130 125 122 109 96 91 119 122 110 76 71 78 68 68 63 62
133 140 143 162 156 140 147 143 144 121 107 104 107 113 97 99 102 99 107 104 96 96 114 78 58 66 68 52 57 49 42 45 59 59 69 73 69 76 81 69 77 70 62 56 42 34 34 25 21 30 36 32 30 33 38 39 38 42 33 44 48 50 35 38 45 68 110 120 118 130 103 89 86 79 82 85 77 86 110 116 106 74 47 67 77 73 72 71 81 80
126 147 148 150 157 132 139 141 129 132 125 102 92 124 120 92 99 110 92 97 108 101 105 104 93 69 83 91 87 74 69 66 62 47 38 39 28 20 21 28 47 43 42 43 34 35 52 60 41 34 33 34 36 34 36 33 33 35 35 39 32 33 53 87 103 106 75 59 66 77 79 99 87 67 86 104 98 106 115 112 109 96 93 100 102 95 94 93 82 83
145 137 158 160 152 142 138 148 136 138 144 114 85 133 131 110 94 114 102 95 102 111 104 87 102 110 78 67 101 106 119 117 97 83 74 61 50 38 23 23 18 19 23 39 57 44 26 43 38 35 33 35 32 28 33 36 45 51 56 61 63 88 96 86 70 73 68 99 108 106 95 108 103 101 96 111 117 110 107 89 65 69 54 54 53 48 47 49 55 61
158 145 145 146 152 142 135 151 137 124 156 116 95 137 117 103 92 96 91 103 107 127 110 72 89 93 100 94 57 65 87 83 114 116 121 114 103 90 79 85 66 49 28 25 23 35 36 34 40 38 31 38 31 34 40 71 74 70 69 89 117 101 75 72 83 93 92 84 68 68 62 80 75 82 103 97 88 74 58 42 52 62 42 57 70 69 80 76 74 75
145 150 157 157 167 162 145 130 148 132 162 142 102 133 128 111 96 100 63 61 51 86 119 100 116 96 89 91 75 72 47 51 70 78 103 118 122 125 121 117 120 115 113 88 37 33 29 32 33 36 38 36 33 49 70 83 75 72 97 112 86 67 67 63 57 68 60 62 72 74 81 88 89 101 92 84 79 50 68 69 87 98 100 77 60 62 55 70 63 63
148 145 152 153 153 161 167 149 146 148 148 163 119 151 146 116 105 113 100 112 89 92 90 23 51 61 79 88 72 75 75 56 26 18 24 39 57 77 95 109 113 133 131 131 113 83 57 50 34 28 29 37 45 55 70 64 63 100 91 61 33 45 44 53 62 58 69 76 86 91 105 115 100 92 94 77 70 69 71 73 62 58 45 58 68 71 69 61 53 54
151 149 155 152 146 152 165 153 132 159 143 152 120 159 150 144 139 123 131 114 90 134 162 99 90 51 41 52 45 48 56 72 88 89 69 33 13 10 18 32 60 61 89 115 138 131 104 81 70 72 59 52 36 39 42 58 58 54 52 74 77 86 83 93 82 91 104 109 117 90 77 76 47 60 52 52 47 43 42 48 44 52 69 70 60 65 62 66 72 73
153 159 157 149 151 149 154 155 159 167 147 160 146 149 134 137 154 157 166 152 137 127 124 99 128 134 103 74 63 62 27 27 32 52 77 84 77 69 55 34 25 17 21 22 37 68 122 124 110 97 94 99 99 101 89 99 90 85 95 99 100 96 103 100 103 106 129 109 116 117 94 108 89 77 64 74 66 72 75 82 90 82 86 93 87 88 86 89 89 89
157 156 156 155 158 146 141 149 154 165 152 160 164 162 156 139 153 151 156 175 181 175 167 131 111 133 129 134 112 91 86 72 42 16 19 46 62 74 81 74 59 48 37 28 30 20 39 73 100 95 93 91 90 85 91 92 91 91 91 83 105 96 96 98 131 88 94 100 96 96 92 94 95 96 100 108 107 109 94 94 99 100 94 100 101 105 104 96 101 103
151 150 159 155 153 154 152 144 154 163 157 158 163 154 149 159 166 163 152 146 150 177 189 180 167 148 150 137 143 136 118 109 97 80 51 30 25 29 42 55 73 78 67 60 54 36 29 32 30 56 54 86 83 62 80 104 94 94 104 107 118 114 111 100 112 99 98 97 92 93 92 93 92 85 91 101 96 89 90 93 99 96 82 77 77 83 84 85 96 102
148 149 148 148 152 151 153 141 149 152 153 165 158 160 148 149 160 166 174 166 150 149 155 178 179 172 170 160 156 146 147 139 131 128 106 89 65 48 42 43 39 43 64 81 81 79 62 56 31 35 41 54 73 80 75 73 62 73 80 92 96 106 114 111 124 132 117 107 91 102 90 91 82 79 82 80 89 90 100 103 99 109 108 111 114 125 126 121 119 120
148 148 147 147 150 148 151 142 163 157 155 172 161 152 138 145 149 156 172 175 170 173 155 140 157 170 170 157 172 180 165 130 140 136 123 121 107 86 72 67 52 47 46 41 48 78 91 99 84 66 53 43 41 56 67 61 53 56 47 41 32 37 46 45 55 77 86 102 103 116 95 86 94 90 90 85 90 85 87 86 78 81 84 95 97 99 100 99 123 136
