217 217 217 217 218 218 218 218 218 219 217 217 219 219 219 214 66 54 74 79 116 111 110 125 116 129 109 111 89 91 88 103 126 120 139 150 149 154 162 153 156 166 169 166 158 172 167 159 165 159 135 160 166 175 171 163 167 163 157 150 145 145 149 152 145 146 145 137 140 136 135 133 129 128 125 127 119 108 106 103 93 73 74 54 34 35 30 29 31 37
217 217 217 217 218 218 218 218 217 217 219 217 221 216 213 213 71 64 79 97 123 128 132 133 126 131 137 112 110 132 126 140 126 151 153 161 164 159 152 166 169 163 169 179 168 178 181 180 183 170 177 164 178 170 178 178 173 169 163 159 158 158 158 157 155 156 152 144 143 140 140 141 134 128 125 131 131 122 112 103 100 81 84 52 41 37 36 31 29 34
217 217 217 217 218 218 218 218 217 219 216 220 218 219 219 124 71 67 91 115 127 134 140 138 133 135 136 126 136 153 147 148 138 147 154 160 151 149 167 170 176 178 175 176 176 183 182 189 187 179 175 176 180 181 177 174 173 171 167 164 162 161 161 162 159 160 154 149 143 140 138 141 145 134 129 129 130 128 123 120 103 103 80 70 58 41 51 32 29 31
217 217 217 217 218 218 218 218 221 218 220 216 214 219 210 75 74 68 107 127 135 137 138 141 136 149 144 135 149 147 161 148 157 167 164 161 172 165 171 178 176 178 181 179 174 188 190 185 180 181 176 182 182 182 179 174 174 174 173 170 167 165 165 165 161 162 158 156 147 143 139 142 144 135 135 133 130 129 125 127 113 94 83 66 51 54 37 42 33 31
217 217 217 217 218 218 218 218 218 217 219 218 216 218 210 85 77 79 116 131 140 141 138 143 150 149 137 156 160 163 160 162 170 172 171 176 176 178 172 174 179 180 186 187 185 191 190 187 185 183 186 182 181 181 180 181 177 175 174 175 175 173 168 165 164 164 162 162 153 149 144 144 143 135 136 135 133 131 124 124 114 106 96 84 70 58 44 41 34 31
217 217 217 217 218 218 218 218 215 221 215 218 221 217 180 77 77 98 121 133 136 141 140 144 142 150 152 158 161 165 168 169 173 171 177 179 174 177 178 179 183 189 191 191 195 193 185 189 187 188 182 184 180 182 180 179 176 175 173 172 171 170 169 168 168 166 164 162 155 152 149 146 148 140 136 134 131 130 128 127 110 114 95 82 59 49 42 35 39 38
217 217 217 217 218 218 218 218 218 221 218 213 219 212 111 78 81 106 130 136 138 142 145 149 154 154 147 160 162 167 171 175 176 175 182 181 179 174 182 179 185 185 194 194 191 193 194 189 186 188 188 187 187 179 184 182 179 179 178 175 171 170 171 173 173 169 168 163 159 157 155 149 147 143 139 138 134 130 129 127 113 118 100 89 64 58 50 39 36 36
217 217 217 217 218 218 218 218 218 216 217 221 214 214 95 78 85 98 133 132 143 147 147 151 154 151 160 160 168 169 173 176 181 185 176 181 182 182 186 187 188 190 192 191 195 192 190 196 192 184 192 186 186 190 180 186 181 181 181 181 180 176 173 170 174 169 169 163 161 158 156 147 147 144 136 137 135 131 131 126 122 115 98 81 71 57 63 49 36 37
217 218 218 218 217 217 218 219 215 220 218 217 214 219 68 76 90 110 130 138 143 150 150 151 152 155 156 164 165 169 173 183 184 182 184 181 186 186 183 186 191 188 191 195 193 195 195 189 189 187 186 188 189 188 186 184 183 183 183 180 182 178 177 177 171 172 167 163 163 161 157 157 152 146 144 139 136 132 131 126 120 113 108 92 85 60 64 46 44 47
217 217 218 218 217 217 218 218 220 216 219 218 219 212 66 67 88 114 134 137 141 151 153 151 156 157 159 164 167 170 173 180 182 187 180 187 188 187 190 187 194 191 194 196 193 193 194 189 190 189 187 185 186 188 187 185 186 190 184 182 177 181 174 172 172 175 168 168 165 158 160 157 158 150 145 140 141 137 132 124 124 109 101 100 87 67 62 59 52 47
217 217 218 218 218 218 218 218 216 216 215 219 220 195 77 72 94 116 134 141 147 150 151 152 158 159 162 165 172 174 178 182 184 182 187 183 188 189 193 191 195 194 196 197 193 194 195 193 191 191 189 186 186 188 188 185 185 181 179 180 182 177 175 177 174 172 169 169 166 161 162 159 155 151 146 141 143 138 133 127 120 111 100 95 87 77 63 67 53 47
217 217 217 218 218 218 218 218 219 223 218 220 215 186 71 73 90 113 132 143 149 148 150 154 156 157 162 164 173 174 179 181 181 182 188 194 188 200 191 191 197 196 198 198 195 195 197 196 192 193 192 190 189 189 188 186 185 188 188 179 182 180 180 175 172 160 165 163 162 165 157 158 153 151 146 140 143 138 133 130 123 115 109 91 85 76 69 60 54 57
217 217 217 218 218 218 218 218 216 215 219 217 215 205 61 72 92 123 139 143 146 149 152 153 156 159 164 165 173 175 179 182 190 189 186 186 189 191 204 201 200 199 199 199 197 196 196 195 195 194 193 193 191 189 188 188 188 186 181 186 179 174 169 175 174 163 168 166 166 170 162 164 159 155 147 140 144 140 133 128 125 112 109 96 86 73 75 61 51 56
217 217 217 217 218 218 218 217 219 219 219 218 216 212 57 66 102 128 137 141 148 151 153 152 155 158 163 167 174 177 181 186 185 188 184 195 189 198 196 198 198 199 199 199 199 198 196 196 197 195 194 193 190 188 188 189 186 190 189 185 181 180 177 176 170 168 165 167 164 161 164 162 161 157 151 143 144 140 136 130 119 117 103 94 91 78 70 68 60 57
217 217 217 217 218 218 218 217 215 219 214 219 218 209 71 71 102 125 132 139 150 152 154 154 152 155 158 167 172 177 180 187 187 185 189 190 191 195 190 197 196 197 197 198 199 198 197 198 196 196 195 193 191 190 189 189 190 186 188 184 186 174 173 174 170 174 167 167 166 161 166 164 160 156 152 144 143 140 138 131 119 121 104 92 91 83 64 68 54 45
217 217 217 217 218 218 218 217 219 216 219 219 218 207 71 66 101 136 146 144 148 151 156 154 157 158 160 170 174 179 180 188 187 193 186 197 194 193 190 194 196 198 198 197 197 196 196 197 193 195 196 193 192 193 191 188 188 188 185 186 183 181 174 174 171 172 167 164 166 166 164 165 161 153 148 142 143 141 137 125 123 106 104 97 88 84 72 71 56 48
218 217 217 217 218 218 218 218 218 219 218 218 216 218 69 76 121 133 139 148 151 149 156 154 157 159 164 168 177 181 180 189 190 189 189 191 194 196 195 194 196 197 194 199 196 195 193 194 195 195 192 189 188 189 191 192 190 186 187 185 178 178 181 176 168 170 164 166 165 166 165 160 157 153 148 151 141 142 133 132 122 107 107 89 88 86 63 66 50 51
217 217 216 216 217 217 217 217 219 217 215 221 216 212 83 76 125 138 140 148 148 151 156 156 155 154 163 170 177 182 182 185 186 187 189 190 191 191 191 191 196 189 190 196 197 194 188 191 188 190 192 192 190 188 186 184 189 183 178 178 179 178 176 176 172 172 166 170 168 167 165 162 155 152 149 152 145 142 131 126 120 107 101 80 79 79 66 57 52 43
217 217 217 217 217 218 218 218 218 217 219 216 218 216 102 86 130 144 141 147 146 152 154 158 160 156 165 173 175 179 181 180 185 187 188 189 188 188 189 189 193 189 196 192 193 195 189 191 187 188 189 188 187 185 184 183 186 183 186 187 180 175 174 169 168 167 162 166 166 167 165 164 155 151 149 149 145 142 138 135 114 115 91 88 78 80 62 61 52 48
217 217 217 217 217 218 218 218 216 219 218 220 216 215 144 92 136 146 142 146 145 148 152 160 159 158 164 170 174 179 184 184 189 188 187 187 189 190 190 189 188 188 193 184 186 189 189 189 188 188 187 184 182 182 184 185 164 177 181 179 181 178 171 173 169 169 164 165 163 166 164 161 156 152 151 150 149 140 137 130 123 112 94 85 67 67 66 64 52 52
217 217 217 217 217 217 217 218 216 219 221 213 218 220 164 110 140 144 144 145 145 146 152 161 157 162 164 167 174 178 182 187 188 187 187 188 189 190 189 188 189 186 185 185 189 186 188 187 188 188 187 185 183 183 184 184 184 182 184 182 178 179 177 168 170 168 164 164 162 163 160 161 158 152 147 145 146 137 134 125 120 119 99 83 69 74 65 70 54 47
217 217 217 217 217 217 217 218 219 217 216 220 217 214 193 119 143 143 145 145 145 147 154 161 157 166 167 169 176 177 179 183 182 184 187 189 188 187 186 186 189 191 191 192 193 190 192 190 190 190 189 187 186 186 187 186 187 183 177 177 181 177 171 172 170 165 163 166 162 160 157 163 157 153 147 143 140 130 134 129 126 107 111 84 80 61 61 49 53 50
217 217 218 218 217 217 218 218 220 217 218 217 219 218 201 132 144 142 144 145 143 152 158 159 155 164 168 172 176 178 182 181 180 183 186 189 189 189 188 188 186 192 195 193 190 192 191 191 194 193 192 190 190 190 190 190 187 179 182 185 177 172 173 171 173 170 169 167 161 159 154 157 154 154 150 148 141 129 129 123 121 108 105 91 84 65 56 55 51 55
216 217 217 217 217 217 217 218 217 217 218 217 216 217 213 133 144 142 141 144 140 156 160 157 159 164 169 174 173 176 181 175 183 183 184 188 192 195 194 192 192 188 191 193 190 193 186 193 193 193 193 193 193 193 190 188 188 186 188 186 177 172 174 173 165 169 170 163 156 160 154 151 154 149 139 141 140 134 132 122 120 114 111 101 79 61 47 38 55 49
216 217 218 218 218 217 218 218 218 219 218 214 221 217 211 141 139 143 143 137 153 158 135 153 157 172 169 174 170 179 170 174 178 178 179 179 183 191 191 192 193 193 193 197 193 192 191 194 194 197 194 201 194 189 188 188 187 187 191 184 186 182 179 171 172 163 157 162 158 163 148 157 150 148 143 140 136 131 128 123 111 113 112 106 103 75 55 49 49 54
216 216 217 218 217 217 218 218 219 214 222 219 213 217 214 143 140 138 140 148 140 118 116 131 134 138 149 168 155 175 163 158 161 179 171 177 181 194 194 189 193 194 194 193 194 196 197 197 195 197 195 192 193 193 185 188 188 179 183 184 186 180 176 169 170 161 145 139 140 153 157 148 138 149 145 133 138 127 128 125 118 119 108 116 90 69 69 41 46 58
216 216 217 217 217 217 217 218 217 219 215 170 128 117 135 141 146 146 142 141 114 123 124 94 109 105 101 98 110 115 138 152 145 161 168 178 180 188 198 194 194 194 198 197 200 195 193 189 187 190 192 184 185 185 183 174 185 166 167 161 161 161 147 140 129 127 111 117 111 121 153 144 148 142 142 141 138 129 136 125 118 117 111 110 104 72 54 42 42 62
216 216 217 217 217 217 217 217 221 218 210 135 138 131 128 144 139 140 138 82 107 115 110 111 103 84 97 102 77 93 113 127 134 150 163 166 183 184 185 196 195 190 192 196 200 195 194 196 192 193 181 182 177 157 138 149 126 117 99 102 91 93 96 112 122 120 104 105 99 112 114 116 146 144 137 139 138 135 129 128 119 114 118 98 102 82 54 46 45 66
217 217 217 217 217 217 217 217 217 217 165 133 145 142 144 139 142 140 83 103 86 76 98 77 85 107 106 110 98 102 101 107 117 119 136 154 172 178 182 187 188 186 186 194 194 194 193 197 188 187 176 164 132 131 104 108 88 104 77 99 96 92 97 101 110 106 82 91 85 105 131 128 127 134 139 137 131 137 129 128 121 117 108 108 106 76 55 57 50 65
217 217 217 217 217 218 217 217 218 220 143 106 110 147 144 140 138 90 105 94 105 112 108 123 106 116 98 108 107 120 98 132 127 148 120 132 136 171 174 185 186 190 190 193 191 194 189 187 192 177 158 126 157 116 126 99 109 106 98 103 128 108 102 92 95 108 95 101 113 101 105 133 112 112 132 135 129 132 133 126 120 116 116 113 99 71 68 48 49 57
217 217 216 217 217 217 217 217 217 218 143 112 136 140 141 141 140 89 99 136 128 138 152 135 160 170 154 138 143 143 133 130 137 132 128 134 151 145 164 177 189 191 190 189 190 194 192 188 185 173 176 150 157 145 148 136 144 115 121 112 135 111 118 133 133 169 161 147 153 162 161 148 112 111 112 124 132 127 127 128 125 118 116 103 103 68 60 52 52 58
217 216 216 216 217 217 217 217 216 221 138 128 144 141 140 142 145 123 123 155 148 149 170 167 160 162 165 169 160 157 140 137 140 146 142 144 156 165 165 177 183 183 186 186 191 187 183 177 170 169 153 173 168 152 152 152 143 145 145 153 153 153 165 167 173 167 175 176 157 170 161 156 128 121 109 128 125 130 137 129 121 120 114 109 102 77 63 39 64 70
217 217 216 215 216 216 216 216 215 221 147 129 137 146 147 142 141 121 128 131 139 153 162 158 164 152 149 150 137 125 120 113 114 128 132 143 154 160 164 162 176 183 183 182 183 183 183 179 169 167 166 169 162 157 159 149 145 143 148 155 159 161 165 166 165 170 170 171 162 164 162 153 148 134 136 126 124 132 134 128 126 122 120 108 107 77 58 51 75 80
217 216 216 215 216 216 216 216 218 213 180 139 131 154 140 146 142 135 142 141 147 155 156 152 138 122 120 143 142 166 150 151 151 126 112 122 134 141 158 158 171 179 182 182 181 180 181 180 170 166 162 161 151 152 145 145 139 141 133 125 121 137 147 155 157 160 164 167 163 162 156 147 156 146 126 109 125 136 128 130 127 123 119 109 106 77 54 53 85 102
217 216 215 215 215 216 216 216 214 221 211 151 127 160 147 146 148 146 145 150 150 144 136 105 130 133 127 94 68 52 53 26 43 75 125 127 117 131 144 154 166 175 179 181 184 185 183 179 170 163 163 163 150 143 146 130 120 113 152 160 159 167 156 153 131 126 147 155 157 159 159 158 153 143 137 124 116 134 139 130 136 125 114 110 105 76 54 70 91 113
217 216 215 215 215 216 216 215 220 215 220 153 116 160 151 146 146 146 149 143 140 130 120 127 116 77 71 136 134 46 122 27 136 56 103 120 138 125 136 139 160 174 180 184 188 190 188 180 170 166 160 157 151 142 123 110 163 159 144 87 65 81 93 82 120 142 138 110 138 152 151 155 153 144 140 139 135 141 138 136 124 128 121 111 103 85 58 73 104 116
216 216 215 215 216 216 216 216 217 217 220 143 138 135 152 144 147 152 151 143 134 129 108 76 79 122 159 185 138 62 69 27 42 54 119 168 122 147 135 144 151 172 184 186 187 190 189 182 173 168 160 161 155 124 137 161 135 128 199 191 65 35 29 38 44 60 104 129 139 123 142 152 152 150 140 140 147 152 141 139 128 125 119 118 107 83 55 87 108 112
217 216 216 216 216 216 216 216 217 218 214 216 157 132 153 147 154 160 168 151 133 126 112 126 137 140 177 196 192 63 52 39 54 71 193 177 122 131 152 146 148 170 182 183 184 188 185 176 164 156 158 157 157 168 156 121 144 198 204 175 66 220 21 156 41 63 84 70 116 148 131 146 146 142 144 147 146 154 153 141 131 127 120 113 101 85 60 93 102 104
217 216 216 216 216 217 216 216 217 222 218 214 152 149 157 151 155 161 166 163 145 139 134 129 136 138 150 148 179 191 87 70 88 129 133 139 145 159 152 150 151 169 178 180 183 185 180 169 164 162 155 166 173 170 101 144 163 202 214 201 77 43 25 38 55 127 139 128 109 104 115 131 140 134 139 154 164 157 151 147 133 120 116 116 107 87 59 95 107 103
217 216 216 216 217 217 217 216 218 216 217 220 201 162 159 144 156 164 167 166 155 154 152 150 153 154 148 155 151 158 176 170 161 167 168 161 178 160 154 145 154 170 179 182 182 180 176 169 157 154 154 162 174 176 168 172 157 146 153 167 175 65 55 57 100 161 144 141 131 138 133 134 128 139 152 157 164 162 157 143 138 126 121 114 108 99 72 100 115 102
216 215 215 216 217 218 217 217 217 218 216 220 218 157 158 143 154 164 164 160 157 156 157 155 157 156 168 167 171 182 189 178 173 167 172 170 170 152 147 145 157 170 179 179 180 177 174 163 155 150 152 157 167 175 186 185 172 176 173 160 166 153 147 145 139 150 141 151 147 144 146 147 154 158 165 170 169 163 155 147 136 131 118 115 109 97 90 100 112 109
216 216 216 216 217 217 217 216 219 217 216 220 215 169 156 148 157 163 163 162 163 164 166 164 164 161 169 171 171 175 178 174 171 170 173 167 165 154 151 148 159 169 176 175 177 174 171 161 153 149 149 157 164 173 180 181 175 181 184 181 189 182 176 173 168 168 167 167 163 166 155 162 168 168 171 172 169 163 154 145 141 132 122 113 111 97 92 104 117 113
216 216 216 217 217 217 217 216 219 218 219 217 215 200 160 151 156 160 159 161 167 171 173 172 168 167 170 172 171 175 174 175 175 173 170 164 159 153 149 147 161 168 173 172 174 169 168 159 150 147 148 160 165 174 177 180 179 180 177 176 179 181 181 181 180 175 174 171 168 176 165 172 173 172 171 171 168 164 156 147 141 131 123 114 110 102 94 109 115 120
216 216 216 217 217 217 217 217 217 219 220 217 218 221 160 154 153 156 157 162 169 173 176 175 176 177 176 176 178 185 182 182 182 178 172 169 159 153 149 153 164 170 174 173 173 167 165 158 150 148 152 162 168 173 175 180 184 184 182 182 179 181 179 178 178 179 173 176 175 178 177 177 177 174 171 168 165 161 152 142 138 130 120 118 108 108 91 110 120 126
216 216 217 217 217 217 217 218 216 218 218 220 219 218 157 157 148 156 160 166 172 175 179 180 181 182 179 180 183 190 182 181 180 179 173 170 157 152 150 157 160 166 172 171 169 161 158 152 150 149 156 161 168 169 172 178 181 183 184 189 184 187 183 181 181 186 182 187 184 180 183 177 171 168 166 166 165 163 155 144 138 129 121 118 109 110 91 110 124 125
217 217 217 217 217 217 217 217 216 218 217 217 218 217 175 157 144 155 163 170 174 177 182 183 182 179 178 182 186 186 178 176 179 177 168 163 154 153 150 151 162 169 173 172 170 162 159 152 148 147 156 158 166 168 170 178 183 184 184 189 187 191 191 192 187 187 188 187 182 180 179 176 176 173 169 165 162 158 149 137 137 126 123 114 113 108 97 114 113 122
217 217 218 217 217 217 217 217 217 219 217 216 218 220 206 154 144 157 166 171 175 179 183 183 182 179 182 183 185 184 180 178 179 174 166 161 155 153 151 153 161 166 169 165 165 159 156 147 145 146 153 155 163 170 171 180 183 184 184 189 190 192 190 189 191 186 188 184 181 183 180 177 175 171 167 162 159 157 150 140 132 123 123 114 114 106 100 117 117 126
216 217 217 217 217 217 217 218 218 217 218 221 219 215 223 154 148 161 168 172 177 180 184 183 179 180 185 178 179 181 181 176 172 168 165 162 153 145 150 162 166 170 170 166 166 162 160 150 146 147 151 154 160 171 169 179 186 185 184 187 191 192 190 189 190 187 188 188 187 186 183 174 177 174 168 161 156 155 149 140 129 125 121 117 110 104 96 115 121 107
217 217 217 218 218 217 217 217 218 217 219 217 217 218 220 152 153 161 168 172 179 184 180 181 183 184 181 181 180 179 180 178 174 172 168 159 153 146 156 160 163 170 169 169 169 162 155 150 143 145 143 154 158 165 173 177 181 184 186 187 189 188 187 188 188 187 187 189 188 185 182 181 182 172 166 165 154 153 147 137 134 125 119 118 108 99 104 113 124 114
217 217 217 218 218 218 217 218 219 216 217 219 220 218 216 161 155 159 166 172 175 178 176 177 177 180 179 181 180 179 179 177 174 171 167 162 150 150 159 165 160 172 173 168 164 161 157 151 141 147 143 150 157 168 176 181 179 181 183 186 187 186 186 189 186 188 187 188 186 187 183 180 176 169 164 163 152 150 145 138 130 122 118 118 111 105 107 109 119 133
217 217 217 218 218 218 218 218 219 217 218 220 218 216 218 193 160 160 166 173 177 178 178 177 179 182 183 185 184 182 183 181 175 172 169 158 148 155 164 167 168 174 173 170 166 159 155 152 143 146 138 140 152 168 177 181 184 185 186 189 190 188 187 191 186 190 188 186 184 188 184 179 176 167 163 163 155 152 144 135 129 122 119 114 106 105 110 110 122 138
217 217 217 218 218 218 218 219 219 219 218 218 217 218 221 219 157 157 164 168 174 175 175 179 182 184 183 184 183 181 182 180 175 173 169 147 151 158 168 168 177 176 172 171 168 161 156 151 146 143 136 134 141 159 176 184 183 185 186 188 190 191 191 192 188 190 188 183 185 187 185 178 178 169 165 165 159 151 141 131 131 122 118 111 102 104 110 111 125 131
218 217 218 218 219 218 218 219 219 219 218 218 219 221 218 220 161 156 165 164 170 170 170 181 182 184 183 184 183 182 181 178 177 174 161 144 157 163 170 176 180 181 176 171 168 166 162 151 148 142 143 139 133 144 171 188 187 190 190 189 191 192 190 188 191 188 187 180 186 184 184 177 177 171 169 165 156 146 138 131 131 118 115 113 108 108 108 110 128 138
218 218 218 218 219 218 218 219 217 219 219 218 219 219 217 218 185 158 163 161 170 174 170 179 182 184 185 187 187 184 183 180 179 173 151 152 161 166 171 187 189 190 187 182 173 167 164 157 150 142 147 144 133 135 160 181 190 196 196 192 193 194 191 187 192 186 185 181 186 183 183 178 179 172 168 161 155 147 140 132 127 115 115 114 110 107 107 117 132 141
218 218 218 219 219 218 218 219 218 219 220 219 218 217 220 221 209 153 158 158 164 173 170 176 179 183 184 186 185 182 182 180 178 171 148 159 160 165 174 189 197 196 194 191 178 167 165 163 157 148 149 145 140 134 147 170 183 190 194 193 193 195 194 192 188 187 184 183 182 182 179 176 177 170 164 156 157 150 141 129 123 115 116 113 107 102 105 126 138 140
219 218 218 219 219 218 218 219 221 218 219 220 221 220 222 217 221 149 159 160 158 168 172 181 180 185 185 185 182 180 182 181 176 170 152 160 157 160 178 185 195 197 195 189 177 170 168 161 162 157 155 147 145 133 140 166 183 191 196 196 194 193 192 192 184 187 182 184 177 181 174 173 169 166 163 155 155 148 139 126 121 115 115 111 107 101 103 126 128 131
218 219 219 219 218 218 219 219 220 220 220 220 220 219 219 219 219 147 155 157 151 168 173 182 184 181 182 180 182 181 182 178 173 166 155 156 157 153 167 179 183 189 183 174 169 163 161 161 160 161 163 156 144 132 139 161 182 191 195 195 195 193 190 191 185 181 179 183 181 175 173 169 168 165 164 158 150 146 137 130 118 117 114 113 107 104 108 101 113 113
218 219 219 219 218 218 219 220 220 220 220 220 220 220 219 219 218 152 150 157 161 161 173 178 185 182 184 175 180 179 185 181 171 168 165 142 115 117 153 169 175 175 174 171 162 154 157 159 162 155 156 158 146 134 142 171 179 188 195 196 196 195 192 189 183 183 183 180 177 177 175 171 166 162 158 151 145 142 134 128 119 118 113 114 103 108 102 150 216 216
218 218 219 219 219 219 220 220 220 220 220 220 220 220 220 220 221 146 152 153 157 167 173 170 179 179 183 172 178 176 183 178 174 172 169 162 137 151 156 151 158 163 164 157 141 127 107 80 92 158 153 154 148 133 154 174 182 187 193 194 193 192 189 183 188 185 183 179 175 175 172 168 168 161 156 149 143 140 132 126 116 122 116 112 103 118 100 163 216 216
218 218 218 219 219 220 220 220 220 220 220 220 220 220 220 220 222 153 149 154 155 169 170 178 175 178 183 178 182 179 180 176 173 176 163 165 156 151 130 150 161 154 145 148 154 162 159 147 148 148 157 148 132 158 173 182 186 186 190 194 193 194 193 188 187 182 177 179 178 173 172 167 165 159 154 146 139 134 124 117 119 120 117 113 103 110 112 179 216 216
218 218 218 219 219 220 220 220 220 220 221 221 221 221 221 220 218 201 149 154 154 164 172 175 174 177 178 180 182 179 175 174 172 166 175 170 166 171 163 151 169 173 168 174 180 182 169 157 148 139 147 169 168 174 177 184 187 183 186 191 191 191 191 189 184 185 177 182 179 171 174 165 163 157 152 144 135 128 119 113 122 119 114 109 101 106 118 186 216 216
218 218 218 219 219 220 220 220 220 220 221 221 221 221 221 221 221 227 146 152 152 162 172 167 174 175 172 176 177 176 171 174 178 169 172 170 170 169 165 169 177 187 178 176 179 186 176 166 172 172 168 180 181 181 180 179 184 181 182 186 187 185 184 184 181 189 183 182 175 168 172 163 162 155 150 141 132 126 120 118 123 121 115 107 104 112 110 186 216 216
219 218 219 219 220 220 220 219 220 220 221 221 221 221 221 221 225 216 143 153 155 160 166 174 174 176 173 173 176 176 173 177 176 172 170 174 171 179 172 174 188 188 180 185 183 186 180 177 173 177 177 179 177 176 180 182 181 181 181 183 186 187 186 187 178 182 181 176 170 168 168 163 159 151 144 135 128 125 122 121 125 118 113 111 108 108 109 204 216 216
219 219 219 219 220 220 220 219 220 220 221 221 221 221 221 221 219 224 156 148 154 158 160 172 170 174 174 170 176 175 173 174 174 173 172 171 177 177 175 181 188 192 189 193 185 191 188 179 178 179 173 175 180 179 181 179 181 185 182 179 182 185 184 184 183 176 176 170 165 166 159 158 157 148 142 134 128 126 124 124 121 115 108 103 107 110 115 193 216 216
219 219 219 219 219 220 220 220 221 221 221 221 221 221 221 221 221 221 199 148 157 154 163 170 169 171 172 175 174 177 172 174 171 171 172 176 177 176 179 183 187 184 183 192 182 188 188 183 182 180 182 179 177 176 182 179 181 183 181 188 171 179 182 182 181 177 171 167 166 165 161 156 152 151 141 136 128 133 133 123 118 114 111 108 105 111 112 205 216 216
219 219 219 219 220 220 220 220 220 221 221 221 221 221 221 221 219 223 224 148 154 157 168 169 167 168 171 175 175 177 171 172 173 175 171 177 173 179 175 175 182 174 172 169 175 176 182 179 181 180 179 183 180 181 184 182 182 183 180 181 180 175 176 181 177 178 176 171 167 165 161 156 147 149 137 132 133 131 129 128 112 114 108 103 106 110 106 209 216 216
219 219 219 219 220 220 220 220 220 220 221 221 221 221 221 221 223 219 221 142 154 162 171 165 171 170 171 172 171 175 173 176 171 170 171 169 172 170 168 163 173 175 175 170 177 177 177 174 172 175 178 187 182 181 178 175 179 184 183 179 180 172 173 175 171 175 175 171 168 165 159 152 147 146 138 134 135 128 126 126 113 111 106 102 106 112 108 214 216 216
219 219 219 220 220 220 221 221 220 220 221 221 221 221 221 221 221 222 218 170 156 160 166 170 168 169 170 168 167 172 171 171 173 166 168 159 162 153 153 151 147 154 161 170 161 157 156 171 178 177 176 181 179 181 183 179 178 180 180 182 172 170 170 168 172 173 172 170 168 165 158 151 150 142 141 139 135 127 126 119 116 110 107 107 98 109 108 213 216 215
219 219 220 220 220 221 221 221 220 220 221 221 221 221 221 221 218 224 224 210 153 158 157 168 168 168 170 166 168 173 167 156 160 150 144 145 149 153 147 146 152 142 145 144 148 146 145 144 149 156 168 176 179 179 181 174 177 174 175 181 173 172 174 173 174 171 168 166 163 160 155 151 147 140 143 139 136 129 125 115 111 109 107 110 98 110 109 216 216 216
219 219 220 220 220 221 221 221 220 221 221 221 221 221 221 221 222 220 222 220 148 157 155 163 164 166 174 174 176 171 150 125 118 116 121 121 122 127 131 140 132 136 139 147 138 152 147 151 152 145 143 146 159 168 177 171 170 175 177 173 173 170 173 171 174 173 169 164 158 154 152 152 146 146 144 137 137 131 119 115 111 113 103 104 106 112 106 210 216 216
219 219 219 220 220 220 220 221 221 221 221 221 221 221 221 221 223 221 222 221 176 151 155 165 165 161 168 169 176 181 177 163 138 113 102 97 102 99 98 105 118 114 127 133 145 141 136 139 141 140 139 137 130 133 150 161 154 157 163 173 175 176 177 172 175 177 173 163 157 156 154 152 149 149 144 138 134 128 115 115 117 115 102 96 108 107 107 201 216 216
219 219 219 219 220 220 220 220 221 221 221 221 222 221 221 221 220 223 219 225 223 151 149 155 160 158 169 171 176 180 182 176 171 139 120 126 125 133 144 177 179 184 164 157 145 156 120 110 99 100 105 119 116 113 113 113 109 93 107 158 167 176 175 172 170 173 168 158 154 156 152 144 151 144 143 140 127 125 117 115 117 111 108 99 110 108 127 216 216 216
220 220 220 220 220 220 220 220 221 221 220 220 221 222 222 222 219 226 220 220 224 160 151 151 157 157 167 176 173 183 181 176 172 163 136 122 133 133 158 166 175 174 172 170 165 166 177 158 154 170 127 126 115 101 110 119 142 166 168 168 173 175 181 177 175 164 159 155 154 155 148 146 150 140 138 137 127 121 113 125 114 106 104 102 112 112 150 213 216 214
220 220 220 220 220 220 220 220 221 221 220 221 221 222 222 222 227 218 223 221 219 225 146 157 154 160 162 172 177 174 182 183 174 166 153 146 147 145 156 150 160 161 174 173 173 173 166 158 157 150 139 139 133 132 127 149 164 172 175 179 179 176 179 175 171 165 159 157 149 149 147 150 151 141 139 133 118 121 120 119 111 97 97 106 114 107 189 218 214 217
220 220 220 220 220 220 220 220 221 221 221 221 221 222 222 222 219 224 222 221 224 220 183 157 150 160 167 170 174 176 178 172 177 170 165 164 160 155 157 153 142 149 156 156 158 151 150 155 151 141 140 142 141 149 153 166 171 173 181 187 182 179 182 181 170 166 155 154 144 147 147 149 147 138 133 131 122 124 124 119 104 98 105 111 113 108 111 33 132 217
219 219 220 220 220 220 220 220 221 221 221 221 221 221 222 222 222 223 222 223 220 220 220 147 153 158 162 167 168 175 177 176 176 174 168 170 171 167 165 178 178 168 150 139 144 142 146 152 154 156 155 162 164 164 172 169 172 174 183 183 178 180 178 176 170 166 151 147 142 145 150 146 140 137 125 123 127 125 119 115 101 94 111 118 120 109 154 23 31 33
219 219 219 220 220 220 220 220 221 221 221 221 221 221 222 222 225 222 220 221 224 222 224 221 156 156 163 169 174 176 176 170 174 175 171 174 174 172 165 176 174 166 173 166 169 173 171 181 180 176 174 172 174 171 171 176 176 177 181 178 181 186 177 172 167 163 152 142 142 144 152 145 133 137 130 125 130 127 112 98 95 108 118 117 116 104 167 60 22 26
219 219 219 220 220 220 220 220 221 221 221 221 221 221 221 222 219 223 222 222 221 219 223 219 194 150 162 163 169 176 176 170 174 174 175 178 174 178 172 167 177 171 173 171 172 172 170 169 165 171 175 173 179 180 174 176 170 170 173 174 178 180 172 170 165 156 148 139 144 146 150 141 139 133 131 125 122 117 109 99 104 120 119 126 113 143 160 158 18 20
219 219 220 220 220 221 221 221 221 221 222 221 221 221 221 222 222 225 219 224 221 224 219 224 221 162 155 166 173 175 170 173 174 174 176 181 182 187 188 185 173 178 176 180 179 168 177 176 173 182 177 175 176 177 178 173 175 174 180 180 177 176 173 169 162 149 143 139 146 145 142 136 128 122 130 130 123 108 100 101 122 127 127 123 106 167 158 159 73 20
219 220 220 220 221 221 221 221 221 221 222 222 221 221 221 222 221 219 222 221 222 221 223 220 222 218 156 155 167 170 173 172 174 178 175 180 186 183 187 197 191 187 182 179 183 175 175 181 180 179 179 183 180 179 174 174 176 173 178 179 172 174 175 162 157 144 142 143 143 140 134 134 131 130 130 115 112 103 103 122 129 130 135 122 116 179 159 159 143 25
220 220 220 220 220 221 221 221 221 221 221 221 222 222 222 222 221 221 222 221 221 222 222 222 223 215 213 159 163 167 176 170 173 177 180 185 184 186 186 188 191 189 188 187 185 185 188 188 188 186 186 185 181 178 177 175 171 176 173 176 177 174 173 159 149 141 139 142 139 137 132 127 124 127 123 114 101 107 127 135 135 141 133 116 163 173 162 160 152 20
219 219 220 220 220 220 220 220 221 221 221 221 221 221 222 222 221 221 221 221 221 222 222 221 218 225 219 157 159 165 167 170 171 176 177 182 183 186 186 190 186 187 190 191 190 188 187 184 189 186 185 184 181 180 180 178 177 174 173 179 173 175 164 162 152 136 132 134 138 133 131 127 128 119 106 104 119 130 139 144 150 149 129 118 192 168 163 166 153 26
219 219 219 219 220 220 220 220 221 221 221 221 221 221 221 221 221 221 221 221 221 221 221 220 219 221 220 220 153 156 162 169 169 176 176 179 183 186 184 189 191 189 189 189 188 189 190 188 182 182 184 184 183 182 179 174 176 177 175 176 169 172 161 154 137 134 131 137 130 127 121 121 119 105 111 129 138 147 153 152 152 143 126 193 186 167 164 157 146 28
219 219 219 219 220 220 220 220 221 221 221 221 221 221 221 221 221 221 221 221 220 221 221 220 222 217 223 218 150 155 157 167 167 175 175 179 184 185 182 188 189 189 191 193 193 192 189 183 187 185 183 181 180 181 181 178 173 177 175 173 172 163 158 140 134 131 131 121 123 120 123 117 107 123 138 140 152 150 159 162 150 144 175 198 176 168 163 159 131 30
219 219 219 220 220 220 220 220 221 221 221 221 221 221 221 221 221 222 222 221 221 221 221 220 221 219 216 218 171 147 154 164 165 173 173 178 183 185 183 189 189 190 193 195 195 193 188 181 187 185 184 181 178 178 178 177 175 174 171 173 171 153 148 134 123 128 122 119 110 115 113 114 133 145 141 162 156 167 164 161 160 153 203 192 180 168 174 150 112 33
219 219 219 220 220 220 220 220 221 221 221 221 221 221 221 221 221 222 222 221 221 221 221 220 219 221 220 222 176 157 139 159 161 169 170 176 180 185 186 193 196 193 192 190 190 192 192 188 184 183 184 184 180 175 173 170 175 171 169 165 155 148 134 127 120 120 119 109 112 114 132 146 156 155 159 159 163 157 169 166 134 202 196 183 176 177 169 157 93 40
219 219 219 220 220 220 220 220 220 220 221 221 221 221 221 221 221 222 222 221 221 221 221 220 223 221 218 187 147 154 165 141 153 161 166 173 176 182 184 190 191 190 189 188 189 192 191 186 189 184 182 181 177 173 173 173 168 166 163 150 138 132 123 116 101 105 107 118 128 141 147 157 157 154 170 168 170 173 170 152 205 214 197 181 176 185 177 153 75 45
219 219 219 219 220 220 220 220 220 220 220 220 221 221 221 221 221 222 221 221 220 221 221 220 219 217 215 173 158 147 156 162 146 154 161 170 172 176 178 182 183 183 183 183 184 187 187 182 186 180 177 178 175 170 168 167 163 159 153 141 131 110 114 108 105 115 126 134 147 154 156 158 169 175 175 170 172 168 158 200 211 203 185 179 181 189 178 153 58 41
219 219 220 220 218 219 220 219 220 220 220 220 221 221 221 220 221 220 220 220 220 219 219 220 220 218 190 143 97 153 159 162 159 146 150 154 171 172 175 178 180 180 182 180 180 181 181 182 183 180 178 172 167 166 161 160 158 147 135 119 112 110 108 114 125 138 146 148 153 154 166 174 173 169 178 174 173 162 171 217 211 193 183 179 188 190 185 140 47 43
219 219 220 220 218 219 220 219 220 220 220 220 221 221 221 220 221 220 220 220 220 219 219 220 219 202 175 98 71 126 156 160 165 162 140 150 158 164 163 173 175 175 177 176 176 179 178 180 176 173 171 165 160 157 153 153 145 132 120 107 109 120 128 139 145 150 151 154 165 168 173 173 177 178 177 179 161 157 214 219 205 190 185 184 194 194 183 133 47 43
