35 37 36 45 53 52 48 46 60 65 54 46 48 49 53 58 63 75 73 69 65 77 74 70 67 64 62 64 80 77 60 75 67 85 109 130 140 146 153 153 166 174 178 184 206 223 226 230 223 233 224 227 225 229 227 229 230 231 229 229 232 231 229 231 233 233 233 234 233 233 232 231 231 232 232 233 234 234 235 235 235 236 235 234 233 235 236 236 235 235
45 46 43 46 48 45 47 51 53 50 39 42 52 45 40 49 66 70 68 66 62 65 68 74 66 66 62 58 54 54 58 61 58 58 67 92 116 132 145 153 157 170 180 180 180 183 196 214 220 224 228 236 227 230 227 226 228 228 234 230 226 232 236 234 233 232 232 232 232 232 232 231 232 232 233 233 234 235 235 235 235 235 235 234 234 235 235 235 235 235
43 47 43 41 41 41 47 51 44 37 37 43 38 38 53 65 70 70 66 58 62 69 73 70 68 54 53 63 58 50 50 45 46 57 68 91 123 152 173 184 194 196 198 197 192 186 182 183 182 196 208 211 226 231 231 234 231 228 232 231 230 232 231 233 232 232 232 232 231 232 233 232 232 232 233 234 234 235 235 235 234 235 235 235 236 236 235 234 236 235
39 44 41 39 40 43 47 45 42 37 40 43 37 45 61 61 66 60 59 58 72 75 79 76 60 51 54 53 48 46 45 52 45 54 59 82 124 158 175 179 186 186 187 188 189 193 197 192 179 186 186 187 192 207 223 230 229 231 231 231 230 230 234 235 233 232 232 233 233 233 234 233 233 233 234 234 235 235 235 236 235 235 236 236 237 237 235 234 235 235
43 44 43 43 44 42 42 39 39 40 37 38 43 47 53 56 62 63 68 67 77 76 79 75 65 59 56 52 52 54 51 52 50 50 53 82 124 147 155 160 184 190 193 190 180 180 189 187 195 192 170 187 194 190 191 214 233 230 225 234 233 227 236 234 233 232 233 234 234 235 235 234 233 234 234 235 235 235 235 235 236 236 237 238 238 237 237 236 236 236
41 38 38 44 42 35 35 37 35 34 35 41 41 41 56 71 66 72 75 69 72 73 70 60 57 59 55 61 63 62 67 62 52 55 52 66 96 127 160 184 201 195 183 172 157 153 163 162 172 204 190 171 199 193 181 180 209 229 230 234 236 229 230 231 232 232 234 235 235 235 235 234 234 234 234 235 235 235 235 235 236 237 238 238 238 238 238 238 237 237
33 32 33 39 37 31 34 38 38 31 36 46 44 48 64 70 66 63 62 67 65 63 60 64 62 67 54 50 55 61 67 58 57 58 49 47 65 99 141 170 188 187 175 162 148 148 163 166 152 180 207 184 195 192 189 170 167 208 235 233 230 233 233 234 233 233 234 235 235 235 235 233 234 235 235 235 235 235 235 235 236 237 238 239 239 238 238 239 238 237
31 33 35 37 35 35 39 37 35 36 36 38 46 59 68 66 61 66 65 66 57 59 63 75 71 64 55 60 75 71 58 58 70 66 58 56 58 65 89 114 121 142 152 150 143 151 173 178 179 167 187 197 194 198 184 186 171 167 212 240 232 232 233 234 233 233 235 236 236 235 235 234 235 235 235 235 235 235 235 234 235 236 238 240 239 237 238 239 238 237
34 37 33 34 36 39 35 37 44 39 36 40 52 60 59 64 70 67 58 66 72 67 65 55 55 55 59 64 67 62 56 62 63 68 70 71 71 67 67 74 67 71 82 89 119 146 178 206 216 200 188 202 200 205 192 196 193 176 167 220 241 235 234 231 233 234 235 235 235 235 235 234 236 237 233 232 235 234 235 235 236 239 239 237 236 238 239 238 238 238
39 39 37 39 37 42 45 50 41 39 44 47 49 56 67 79 70 59 57 63 56 41 40 49 45 55 56 44 39 43 46 51 51 57 62 62 56 51 55 63 56 48 58 53 64 117 190 224 215 215 176 214 216 208 203 199 196 194 170 176 235 238 228 236 232 235 236 234 233 234 235 234 236 236 234 236 237 235 236 238 234 237 239 238 238 239 239 238 238 238
38 37 40 46 39 42 46 50 30 33 46 53 59 74 76 68 63 59 55 42 34 40 48 56 45 37 35 40 47 50 54 67 76 76 81 89 93 94 94 93 99 101 104 97 100 110 135 159 185 209 207 179 210 211 203 204 206 198 183 146 216 235 236 234 231 234 236 235 234 234 235 235 236 235 233 235 236 236 237 235 236 237 239 239 239 239 239 239 239 239
38 37 42 52 48 49 50 51 48 40 47 57 60 65 67 67 63 56 50 51 56 53 44 39 55 65 85 106 126 138 145 152 154 154 158 160 156 157 162 164 161 155 155 156 152 146 145 149 154 157 174 162 186 198 197 201 206 198 179 133 219 240 236 233 235 234 235 236 236 234 234 235 234 236 236 234 231 234 240 240 240 239 239 239 239 238 239 240 239 239
48 44 43 52 50 49 46 47 45 43 50 58 64 68 68 72 63 59 50 57 61 56 74 98 120 140 159 160 162 170 170 166 172 167 167 169 168 169 169 164 169 169 171 170 165 168 171 165 158 157 155 157 151 158 166 175 184 185 173 151 223 233 230 237 238 237 235 235 235 236 235 233 236 234 233 236 237 237 237 232 240 239 239 239 239 238 238 240 239 239
56 49 47 56 55 56 52 51 45 51 52 52 65 79 75 70 77 81 71 77 91 105 135 156 165 165 167 164 163 166 167 168 176 172 170 172 176 181 184 183 180 190 184 184 186 184 176 180 177 173 173 165 167 156 148 156 155 154 157 160 179 177 185 191 203 211 219 225 233 240 241 237 235 234 232 236 239 235 237 240 237 238 238 239 239 239 239 238 238 238
59 52 53 60 53 54 52 48 53 56 59 62 74 83 87 95 104 97 91 104 126 145 160 164 163 162 164 161 161 165 167 169 177 180 182 183 187 188 189 189 190 191 184 191 188 186 183 184 187 184 183 183 180 176 174 163 166 165 157 166 161 156 156 158 154 158 164 173 186 203 222 233 239 243 237 234 236 234 237 243 237 239 239 239 239 240 239 238 238 238
62 54 58 64 52 54 59 55 60 66 71 72 81 98 113 128 123 116 120 129 142 159 167 165 161 160 163 164 164 168 170 172 173 179 181 184 190 193 192 194 190 197 193 194 187 193 194 189 188 188 190 182 185 182 179 176 175 175 166 175 165 168 169 170 171 162 154 151 146 145 159 177 202 230 242 240 239 238 238 240 240 241 240 238 238 240 240 239 239 239
53 60 59 61 65 66 60 66 71 67 78 91 104 128 143 143 133 140 142 148 163 169 166 168 169 169 169 167 164 167 175 177 176 181 180 180 192 193 195 197 194 197 198 196 195 196 197 198 196 195 194 191 186 185 185 184 181 179 173 173 171 174 170 168 166 165 168 166 158 152 147 139 138 156 197 240 244 239 242 235 240 238 242 239 239 241 238 240 239 240
62 54 53 60 65 73 70 73 75 77 92 117 140 153 154 153 151 156 158 164 175 175 172 175 175 175 174 162 158 168 173 177 180 178 182 183 190 194 192 201 192 198 199 198 200 203 200 197 194 197 198 195 192 193 193 189 184 182 176 175 170 171 169 170 172 166 161 159 161 163 159 152 134 128 127 157 215 242 241 236 239 239 238 240 242 242 240 237 241 241
67 54 59 66 61 68 72 82 89 94 112 142 165 170 166 165 168 162 171 179 175 176 181 176 177 171 162 146 159 186 184 177 173 175 177 176 182 197 196 198 199 205 203 195 198 207 208 205 202 204 201 196 195 199 198 193 188 188 184 183 176 173 171 173 169 170 166 163 164 165 164 162 153 143 129 121 134 199 243 245 235 240 241 240 242 241 240 240 240 239
64 54 60 63 63 80 81 80 99 118 148 171 175 172 175 176 177 180 180 180 181 180 178 180 179 154 141 153 180 191 183 182 180 176 168 165 171 191 195 199 197 193 197 204 204 201 204 210 203 203 201 198 201 204 203 198 193 192 188 187 178 175 173 176 174 176 174 166 160 160 162 163 162 157 147 136 117 107 175 240 250 237 241 244 239 242 244 242 240 239
55 56 71 80 78 86 91 107 117 143 167 181 183 182 184 179 183 187 187 185 188 190 186 182 162 146 143 173 195 188 183 186 177 180 167 132 138 179 189 195 189 188 197 206 205 206 209 209 204 206 207 208 208 205 201 199 197 194 187 185 177 176 175 178 179 177 176 171 165 164 161 152 164 158 156 141 133 120 97 157 239 252 243 237 244 241 237 243 242 242
57 70 81 88 88 91 100 123 135 165 176 181 190 190 189 187 184 180 188 190 183 188 185 165 149 153 159 183 195 190 192 186 186 184 170 114 124 167 176 193 197 191 196 204 205 207 212 212 212 215 216 214 210 203 200 201 198 197 192 190 184 183 178 177 173 173 177 176 172 170 164 150 151 149 155 141 140 133 115 104 148 228 247 240 246 240 238 238 240 240
63 87 85 77 84 103 115 122 152 176 180 185 196 193 189 188 185 189 188 186 187 182 165 150 157 156 167 191 198 191 192 190 191 193 162 93 120 164 176 180 188 194 197 198 203 210 211 206 214 218 216 212 211 208 205 207 199 200 196 194 188 187 180 176 170 173 175 173 170 172 170 162 156 151 151 150 138 140 135 124 96 156 219 245 240 244 252 241 239 240
76 88 76 80 94 111 128 143 162 179 181 184 183 177 185 192 190 192 192 193 195 187 169 154 151 152 173 195 200 199 199 196 194 194 140 80 128 170 194 188 179 190 194 197 207 212 211 214 215 218 215 211 213 212 206 202 200 199 192 188 182 182 178 175 167 171 172 170 174 176 171 163 159 158 152 144 143 142 137 130 128 104 145 195 217 224 224 243 243 243
85 77 77 90 102 121 137 157 169 174 174 165 166 169 187 193 195 193 195 199 199 190 184 168 158 154 179 197 202 204 207 199 201 188 117 96 161 181 197 202 178 183 195 197 207 209 208 212 215 212 214 212 207 207 206 205 201 199 187 189 174 181 175 172 164 161 161 165 170 172 174 171 171 162 157 151 144 142 140 139 135 127 116 124 145 156 167 187 200 218
70 72 85 98 110 132 162 166 156 136 139 157 169 192 194 197 198 200 200 201 207 201 194 176 160 150 174 202 210 212 212 204 200 186 101 135 193 198 194 213 182 177 191 200 206 206 207 209 207 208 213 214 209 206 203 201 200 192 182 184 172 172 166 170 164 164 172 173 177 176 180 173 174 169 165 156 150 148 143 141 140 140 129 116 120 134 145 150 149 159
71 70 83 104 128 146 160 134 117 136 149 178 187 187 192 199 205 210 208 206 214 211 202 181 159 144 164 199 207 214 213 206 207 165 67 93 147 193 195 212 183 172 186 198 205 205 206 207 207 207 210 209 204 201 200 197 194 189 179 163 158 168 169 171 178 180 183 177 181 178 180 174 178 172 165 159 159 156 149 148 154 144 141 137 123 117 130 148 153 154
54 77 88 111 137 145 133 114 133 159 178 176 188 188 189 200 206 210 210 209 215 213 206 184 155 140 160 198 205 211 208 199 211 165 86 59 59 123 199 213 179 172 182 192 203 205 205 207 207 206 205 205 202 199 197 191 191 176 165 148 156 168 178 188 189 190 178 165 163 155 161 170 169 169 170 170 170 164 157 162 163 150 147 147 134 119 116 117 140 148
66 87 96 131 140 132 108 129 160 163 182 187 189 184 192 199 206 207 211 215 218 216 213 192 149 127 146 185 199 208 210 205 201 153 123 80 34 66 170 216 178 167 179 189 198 201 202 204 200 204 207 211 207 200 195 185 180 161 155 153 175 184 192 199 191 176 140 126 110 94 110 131 162 166 171 174 179 175 163 161 168 165 159 150 142 135 122 109 109 121
79 77 117 127 127 104 128 150 170 184 184 184 166 170 194 206 209 208 214 219 219 216 216 197 155 126 141 177 198 199 200 195 198 136 45 38 40 48 141 196 177 158 174 190 191 192 200 201 204 205 203 201 194 187 186 179 163 151 152 165 191 196 196 191 179 154 116 108 76 44 88 131 158 168 176 175 178 183 178 175 165 170 172 167 158 144 126 113 102 105
71 85 108 118 110 140 168 166 171 178 163 146 163 195 193 200 205 207 211 214 216 215 215 198 167 138 148 167 192 192 196 189 184 130 30 28 40 59 133 196 166 149 170 187 186 189 201 203 207 209 206 205 197 186 182 170 155 155 166 193 207 196 189 177 174 166 152 153 115 48 118 189 185 185 185 181 182 187 184 178 170 173 172 171 170 165 147 127 112 101
75 91 82 93 133 163 169 157 155 154 147 159 186 171 169 193 200 206 208 210 217 220 221 206 170 149 157 159 183 184 191 177 179 122 49 64 63 97 160 173 153 146 168 181 185 192 203 207 206 205 198 198 194 186 181 166 174 189 195 202 201 202 205 187 179 179 176 183 155 50 109 182 192 185 186 187 186 186 183 182 177 174 174 177 180 177 165 150 132 108
71 73 95 122 155 159 152 145 153 150 155 167 156 152 181 198 201 203 205 210 215 223 223 210 177 158 150 167 172 182 184 177 168 131 77 121 133 146 156 167 147 146 174 178 185 196 204 207 207 207 204 202 197 187 183 182 191 197 201 205 197 200 195 192 185 181 183 183 164 77 49 160 185 189 186 188 186 192 185 184 179 176 180 178 177 178 175 172 152 133
62 87 110 135 141 130 136 155 151 160 154 136 144 173 192 198 197 197 199 208 216 222 222 212 181 160 154 160 164 169 175 174 160 146 87 121 152 153 161 149 140 155 169 177 193 201 204 205 208 207 203 203 200 193 193 194 203 205 205 203 201 196 194 188 190 190 184 183 171 100 63 125 172 180 176 182 182 189 187 180 180 175 178 180 181 181 177 177 167 156
70 104 114 129 122 130 150 149 149 154 137 149 174 181 192 193 190 192 197 205 212 218 218 208 184 160 155 152 163 165 169 171 156 146 102 87 117 138 148 139 140 164 167 184 203 209 211 211 213 210 206 208 206 197 192 189 192 204 212 201 206 202 200 194 193 192 188 189 166 101 79 127 162 176 169 173 175 175 177 176 184 180 182 184 186 187 184 182 175 169
89 99 104 108 122 143 142 147 143 143 149 170 186 184 180 184 185 191 197 204 209 215 216 208 186 165 160 155 161 161 156 159 157 141 125 81 92 136 149 147 149 168 176 201 211 214 215 214 214 212 209 209 204 192 186 183 177 182 206 208 203 198 196 195 196 197 195 188 158 105 94 137 145 173 170 160 164 169 172 174 178 182 184 183 185 191 191 187 187 178
89 79 95 118 125 115 119 128 143 156 167 173 174 174 180 185 180 185 191 200 207 209 210 205 186 174 168 164 159 159 149 155 155 140 132 108 109 149 168 162 163 179 194 214 213 213 207 207 202 205 203 200 192 185 188 193 183 165 178 211 202 192 196 199 199 193 194 181 153 111 103 157 159 166 173 168 164 158 155 165 167 176 181 181 184 190 194 193 189 179
89 76 102 115 101 97 129 138 140 165 163 164 169 173 185 179 183 182 186 198 205 202 201 200 190 178 167 164 158 163 152 153 146 133 130 130 132 156 168 172 185 198 209 210 207 206 199 201 200 199 194 194 195 195 199 201 193 167 138 179 206 200 200 203 202 195 199 182 157 119 112 179 183 164 174 171 161 156 155 154 162 171 179 186 189 189 194 198 192 186
80 84 99 75 85 126 126 122 155 154 157 167 179 178 173 181 183 185 188 197 202 200 200 199 193 181 168 160 156 160 158 153 148 132 129 129 138 160 169 186 201 205 209 202 201 199 197 199 188 194 194 192 188 188 195 199 187 139 90 133 196 204 198 201 198 199 201 176 155 123 106 160 164 136 153 173 171 157 149 138 150 163 174 186 192 192 195 197 196 194
63 67 65 94 108 112 125 139 152 158 152 154 158 161 169 166 170 182 188 190 193 199 202 199 189 184 179 165 159 158 172 171 160 148 144 147 168 188 195 199 202 197 202 199 201 193 197 196 195 196 191 188 190 193 195 192 173 82 52 110 184 202 201 205 205 200 196 176 156 118 102 159 164 144 154 173 180 164 152 130 129 148 162 178 190 194 197 194 194 194
51 64 94 109 102 111 126 145 145 140 146 148 150 157 162 167 174 179 186 189 194 201 200 195 191 190 186 178 172 172 174 175 178 176 178 174 179 191 192 193 196 196 200 200 198 196 192 195 193 195 185 186 185 193 191 182 167 77 65 127 179 192 202 200 199 199 198 170 165 120 107 175 196 175 150 167 192 177 162 124 117 134 150 171 187 193 198 197 195 191
58 79 83 86 100 124 133 134 134 132 139 139 138 146 154 161 170 178 186 189 194 202 205 203 197 194 188 183 178 177 182 188 191 191 192 189 192 200 201 199 191 193 193 193 196 194 192 192 190 191 185 190 192 197 192 183 167 109 82 135 174 187 198 200 204 205 196 164 157 110 98 168 189 166 149 168 199 182 153 124 112 121 135 159 179 191 198 197 192 188
69 92 89 94 107 118 121 122 118 120 133 140 136 136 146 161 171 181 189 191 192 197 201 200 200 195 191 188 186 185 191 198 199 203 203 201 202 203 203 199 192 196 192 192 194 194 195 191 184 187 188 200 204 207 200 192 172 139 102 131 148 171 186 196 197 200 194 170 156 102 92 155 184 178 168 166 192 188 151 122 104 112 128 156 179 192 199 197 191 186
75 84 83 92 104 115 117 114 123 119 120 124 131 144 155 161 164 175 184 190 194 199 203 202 197 194 192 191 191 191 194 198 204 212 212 212 211 208 207 201 198 201 195 195 193 193 199 190 183 185 193 211 222 220 205 191 171 146 117 123 127 156 173 187 184 183 183 171 147 98 102 162 182 182 172 162 181 182 146 120 98 108 123 145 170 188 196 198 195 189
67 65 77 96 104 109 105 108 116 110 115 132 147 154 161 167 171 179 184 190 193 196 199 195 193 193 192 191 191 192 192 191 204 215 215 216 215 210 208 203 200 198 193 195 191 193 200 187 168 178 197 214 220 211 196 185 172 148 120 112 114 131 157 173 179 176 178 172 144 99 110 173 199 193 170 161 178 181 146 110 92 105 119 137 165 185 193 196 194 188
64 66 82 98 97 92 89 105 112 123 135 148 157 163 171 172 177 183 183 189 192 194 198 193 193 193 191 187 186 186 186 183 194 204 206 205 204 201 198 196 196 189 185 190 189 192 196 183 170 176 192 198 201 194 185 177 167 148 116 106 111 108 146 165 168 174 179 174 148 103 106 169 193 185 159 154 167 173 147 114 92 102 117 136 165 188 193 194 190 183
64 77 83 79 73 86 105 123 137 142 148 159 165 164 168 169 177 182 182 188 191 193 198 193 192 190 187 183 179 176 176 176 183 189 192 188 188 187 184 186 185 179 178 181 182 183 182 177 175 180 191 185 183 179 178 175 153 138 120 118 115 100 141 163 166 177 185 177 151 114 112 169 189 169 144 155 170 169 139 115 103 101 113 132 156 181 191 194 187 181
73 70 66 78 89 110 126 125 142 150 152 156 159 161 168 169 174 181 182 188 191 191 196 192 189 187 184 180 173 167 167 171 175 179 181 175 174 176 173 178 176 173 173 173 175 171 167 171 163 166 177 171 177 179 177 172 154 132 128 126 106 91 130 157 166 176 189 176 143 111 105 150 163 164 157 164 171 170 139 121 109 101 116 137 154 176 188 191 183 176
59 57 73 98 112 120 130 138 137 147 153 152 154 160 165 168 173 178 183 186 194 193 195 190 188 186 182 174 164 156 157 164 167 173 166 165 164 160 162 166 166 165 162 160 160 161 161 160 159 159 169 171 170 169 173 166 147 137 138 105 79 79 118 154 169 186 187 162 130 98 117 147 170 176 170 157 166 165 134 119 99 96 116 139 153 170 183 189 182 177
63 75 91 102 111 125 133 132 134 145 153 154 155 159 163 166 173 177 181 184 191 190 192 188 183 178 175 173 165 154 155 162 160 154 149 136 141 137 144 145 146 151 155 156 155 154 153 153 149 150 163 166 167 175 181 167 147 130 120 120 108 96 116 149 165 179 170 145 135 97 125 156 184 151 139 153 172 161 129 121 99 104 126 136 144 170 189 188 187 182
74 84 97 110 120 127 132 134 138 146 151 151 153 158 163 168 168 171 176 180 188 188 193 190 187 177 167 163 157 147 143 148 152 146 144 135 127 135 138 139 135 140 145 147 147 147 149 151 149 143 146 149 161 173 173 155 136 106 117 125 119 109 117 141 158 166 156 149 128 101 135 156 173 151 146 151 161 157 131 115 99 110 124 133 148 172 185 185 185 180
80 88 101 114 122 124 131 144 139 143 144 144 148 153 158 163 165 167 173 179 187 188 193 190 183 175 160 151 149 144 137 137 133 132 127 130 126 135 131 137 142 142 143 145 147 149 152 154 148 146 143 142 157 162 162 160 127 81 128 128 119 109 116 137 154 166 158 148 116 111 152 164 173 146 144 154 158 146 127 125 129 113 121 143 158 173 185 185 187 182
91 100 106 110 120 129 134 137 135 140 143 146 149 150 153 156 164 167 175 181 187 188 192 186 179 171 156 146 144 138 133 135 143 136 134 148 172 172 161 160 158 155 154 154 155 154 153 153 152 152 147 142 151 154 159 165 145 84 104 114 119 112 124 143 152 161 154 137 121 104 142 169 154 122 126 146 152 145 126 116 114 125 134 145 160 175 184 186 187 182
83 98 112 119 125 131 134 133 135 141 146 149 150 149 152 157 160 166 176 182 189 190 193 183 176 162 148 139 131 128 135 145 160 151 162 176 170 176 171 168 167 164 162 162 163 162 162 163 161 156 150 140 141 148 161 164 155 124 94 112 120 114 130 144 152 160 151 141 119 100 118 133 114 106 138 160 149 141 138 136 130 127 135 151 161 172 184 184 182 175
94 95 102 111 116 121 128 131 137 139 142 146 148 148 151 158 159 167 178 183 190 192 192 178 157 138 131 129 123 134 157 167 163 172 165 123 104 174 185 178 185 179 173 169 166 163 162 163 162 160 159 149 143 143 156 163 160 141 101 116 118 120 136 143 150 166 151 136 108 135 169 149 106 117 150 157 141 137 136 138 128 132 135 149 164 171 179 182 180 172
79 83 94 103 108 118 129 132 140 139 140 145 151 152 153 157 164 171 181 185 189 189 187 170 137 117 120 127 126 151 181 182 176 165 125 66 109 199 186 175 188 181 175 174 172 169 166 165 166 163 162 159 156 142 139 143 138 106 101 119 119 125 137 149 154 165 153 137 113 135 176 134 97 123 152 150 143 140 132 138 138 143 145 153 162 172 183 183 174 165
70 83 90 102 114 122 131 131 140 138 142 142 147 151 150 159 164 178 182 186 189 187 190 163 124 104 108 119 139 175 193 189 178 144 74 95 150 198 181 167 181 183 191 182 175 177 171 170 171 168 165 166 165 153 138 129 114 101 113 121 126 130 140 150 154 156 163 136 120 114 117 72 92 139 151 143 144 143 143 143 145 144 151 158 161 169 176 175 168 159
64 79 98 101 101 116 130 131 139 141 145 151 152 151 157 163 164 175 181 185 187 186 182 152 108 92 99 124 158 190 195 187 174 106 108 175 187 188 184 164 174 175 181 181 181 182 178 181 181 180 178 177 173 162 150 143 136 124 129 130 136 141 147 151 156 163 164 139 119 146 127 70 106 137 144 145 153 152 152 155 155 151 152 159 167 173 174 172 164 155
56 60 83 99 105 116 124 133 129 139 141 147 149 146 154 160 162 167 177 180 184 186 175 142 105 95 106 137 175 196 193 190 164 95 167 217 199 191 178 163 169 172 174 179 186 187 185 187 183 184 184 180 174 167 162 160 153 145 147 142 147 151 151 152 151 157 158 145 104 134 105 75 111 133 143 151 158 152 147 146 149 153 153 153 163 172 168 161 163 153
57 58 69 87 103 105 106 121 125 139 140 142 148 149 152 159 167 167 179 180 184 185 167 133 99 95 112 148 185 200 196 198 138 63 88 157 192 184 178 165 161 170 169 172 182 187 187 185 185 185 185 186 185 180 171 162 156 154 157 154 157 153 150 153 153 149 156 136 75 48 43 80 115 135 145 149 154 156 157 157 151 154 157 162 165 162 159 161 159 152
61 72 67 73 96 110 115 119 130 135 142 146 154 158 156 162 159 159 172 174 179 177 156 124 98 106 136 169 189 194 192 201 140 114 53 46 120 171 180 162 161 171 171 174 184 190 192 192 191 192 193 191 186 181 176 170 161 158 161 163 165 153 148 153 151 145 150 143 45 41 64 104 134 148 154 154 157 160 161 160 156 152 150 153 158 160 155 147 152 158
56 75 76 75 82 96 113 118 127 120 132 144 149 153 152 156 161 163 173 175 179 169 144 114 98 109 143 172 187 190 189 196 120 58 41 34 79 159 165 159 159 165 170 175 181 184 186 191 192 191 194 195 191 186 180 173 171 164 162 164 166 156 151 152 149 141 140 105 41 33 83 126 145 151 155 158 162 162 159 158 158 150 149 155 154 151 155 160 148 151
58 67 77 83 86 93 104 112 127 124 131 141 150 154 155 156 157 161 166 170 176 162 137 111 100 119 154 176 184 185 186 195 107 28 34 40 71 154 176 161 159 162 173 176 179 183 183 188 191 191 195 196 190 186 185 184 176 170 164 161 164 162 161 155 146 132 116 74 39 60 110 133 147 154 160 163 165 160 153 155 155 156 155 155 155 155 157 160 156 141
55 60 74 81 88 95 98 107 120 132 127 131 145 150 152 152 158 162 162 165 172 156 133 110 102 126 160 178 184 183 179 187 107 44 56 69 93 155 181 158 153 159 174 174 176 186 185 187 191 189 192 195 191 186 183 179 176 173 168 159 163 169 172 162 150 136 123 95 78 114 143 141 154 162 163 155 152 150 152 164 160 162 159 158 162 157 150 151 132 111
56 62 65 73 86 91 97 111 121 131 128 137 139 141 148 150 153 158 162 167 162 143 122 109 116 137 161 173 178 183 176 176 111 65 111 122 135 168 175 156 158 162 175 177 182 179 185 186 189 192 190 186 186 187 185 183 176 171 164 161 164 163 170 169 163 156 157 153 146 160 168 154 156 158 157 150 149 153 156 163 156 156 155 158 159 157 149 131 106 101
57 63 66 73 77 80 95 111 122 125 133 146 138 139 148 146 148 151 152 152 151 139 123 119 118 140 164 172 175 180 174 172 126 103 157 162 155 162 173 160 156 164 174 172 180 183 188 184 188 189 189 189 189 186 182 181 177 172 164 161 164 158 164 169 171 167 169 169 167 174 177 168 163 158 153 150 156 160 156 155 155 160 160 157 153 148 134 111 107 103
66 70 65 68 74 77 86 95 118 121 127 137 136 141 144 147 148 151 151 149 149 134 116 124 119 141 163 169 170 173 172 173 140 114 170 158 140 169 178 155 158 167 172 170 180 186 188 184 190 187 186 187 187 183 180 182 176 172 163 158 163 157 161 167 169 166 164 165 168 170 171 171 164 157 151 149 154 158 154 154 160 156 153 153 147 135 125 115 111 109
69 70 62 58 69 77 80 88 103 112 122 131 133 139 138 142 147 142 146 147 141 125 112 120 132 144 159 165 172 173 172 170 159 93 107 123 134 172 169 152 164 167 170 174 183 184 184 186 189 186 183 183 182 179 178 179 171 167 160 153 157 159 162 161 167 167 167 169 171 169 165 164 157 152 149 147 149 151 151 154 152 152 152 151 136 119 117 119 112 111
60 60 67 63 64 71 71 83 94 100 118 130 123 128 135 142 140 147 144 140 147 128 102 110 133 149 164 163 167 166 168 165 163 105 71 115 146 165 159 161 165 168 170 178 183 183 181 186 184 184 183 181 180 179 176 172 170 162 161 155 155 159 165 161 168 169 169 169 168 165 161 156 153 150 150 151 153 154 150 151 150 152 145 135 127 125 125 119 120 119
61 51 61 63 57 61 66 75 87 91 99 116 121 125 132 143 143 140 143 144 141 140 132 116 127 146 163 161 168 168 170 159 158 133 94 117 136 160 158 165 163 169 173 180 180 183 182 182 183 184 183 179 177 179 177 171 167 155 159 157 152 152 160 162 166 165 164 161 158 158 156 152 150 150 152 150 148 148 147 149 151 150 140 132 128 127 126 122 121 120
56 49 52 58 58 60 64 61 71 82 82 100 119 123 122 130 134 139 142 147 145 143 139 119 119 140 160 163 172 167 172 166 163 142 119 122 133 158 155 161 164 171 177 182 176 183 182 178 182 183 182 178 177 179 178 172 163 152 157 155 150 147 154 160 163 163 164 164 163 161 159 156 157 157 159 154 149 151 152 154 147 138 126 126 129 128 130 131 122 123
55 63 51 51 55 55 59 51 61 78 79 89 99 108 116 116 122 138 137 144 149 137 132 127 119 130 149 159 173 162 166 163 162 161 144 140 151 154 158 166 167 173 178 184 176 182 181 176 178 179 181 182 180 180 177 170 166 158 162 158 156 156 160 164 159 158 156 156 158 158 158 161 160 155 153 151 153 156 151 145 135 138 135 132 131 129 130 129 128 130
62 56 48 44 49 51 63 52 52 66 63 72 80 87 97 105 113 129 130 136 145 146 135 133 124 121 137 161 162 170 163 157 161 163 153 146 153 159 160 165 167 176 178 179 181 178 177 179 175 172 181 179 174 177 174 173 165 164 161 157 155 158 162 164 162 166 164 161 164 159 165 163 161 157 154 152 152 153 146 136 134 137 137 138 136 129 128 129 133 136
69 47 49 47 46 48 51 45 48 58 55 61 62 66 75 83 94 108 116 127 133 139 138 141 134 127 135 153 157 168 167 165 163 162 155 153 159 161 164 172 168 174 174 177 182 180 179 180 176 172 181 177 167 169 171 171 167 166 163 159 158 159 161 160 162 157 159 165 163 161 158 155 154 156 158 156 151 149 147 142 144 142 136 137 138 134 133 130 140 134
67 42 47 47 45 47 44 40 42 49 48 55 53 53 58 62 74 83 99 116 120 128 133 137 143 137 140 152 157 165 163 163 163 163 162 163 164 163 163 166 170 173 172 175 179 177 176 177 171 160 167 172 168 170 171 171 163 162 160 159 159 162 163 162 165 163 160 159 159 164 157 162 158 159 159 156 150 146 145 144 140 142 140 138 137 137 142 143 138 132
58 47 46 44 44 46 44 40 43 43 40 48 48 49 51 53 55 61 77 96 105 121 129 134 138 139 142 151 158 162 160 161 161 162 163 162 160 163 165 165 167 170 169 173 175 171 172 174 166 151 157 170 173 170 167 169 164 163 162 160 160 162 163 162 157 163 164 158 158 165 162 161 158 158 157 152 145 142 144 148 143 148 146 143 139 139 143 144 137 143
54 48 47 44 40 46 45 42 42 41 41 50 49 49 47 46 49 53 62 74 85 106 117 127 133 137 140 145 152 155 157 160 160 162 166 166 163 161 161 158 161 163 164 169 172 170 172 174 168 162 164 170 172 166 163 168 163 164 165 164 162 162 163 163 163 161 165 164 162 163 163 157 154 151 147 144 142 140 137 136 140 139 135 136 139 141 138 129 136 144
53 38 45 45 36 46 46 48 40 41 41 48 48 48 45 48 44 48 54 60 70 90 101 115 126 134 140 142 149 149 155 157 160 158 159 163 163 161 163 167 161 161 160 165 169 169 170 170 171 170 164 163 168 170 168 169 165 167 169 169 167 166 167 167 166 162 160 163 164 163 150 156 160 169 179 187 194 200 205 209 217 212 204 201 197 192 184 170 160 130
53 38 40 45 36 45 46 46 41 42 37 38 41 45 44 51 46 46 51 56 61 76 82 97 111 122 134 139 148 147 155 154 156 155 156 161 163 159 158 162 161 162 160 163 165 166 168 166 170 166 158 157 164 167 166 165 167 168 169 168 164 163 164 165 162 162 158 153 144 175 164 189 215 222 228 232 238 241 241 241 240 241 241 243 241 241 243 239 233 133
56 49 36 44 39 40 42 37 43 45 41 44 49 50 42 44 45 39 44 51 57 71 80 96 102 114 128 133 142 141 149 146 150 152 152 153 157 157 157 159 157 160 160 161 162 164 169 169 169 162 158 160 157 152 153 155 155 154 154 153 151 152 156 159 158 163 177 168 136 209 214 236 234 240 241 239 241 243 243 242 245 244 244 246 243 243 248 247 255 98
48 53 36 42 47 35 40 37 37 42 44 38 44 43 42 47 52 40 39 40 45 51 66 77 78 86 102 112 122 129 130 140 141 141 147 147 150 152 157 154 160 157 162 160 161 165 160 157 156 150 154 149 149 157 155 157 159 156 158 175 188 205 217 221 215 213 231 223 205 228 247 238 243 241 242 244 244 242 243 246 245 242 246 246 244 244 245 253 203 40
45 49 41 44 48 41 41 44 45 46 48 41 44 45 45 46 47 53 50 45 51 52 59 58 57 56 55 51 52 54 55 59 71 82 95 99 113 120 126 136 141 147 147 150 148 142 140 134 131 141 150 151 151 143 135 147 198 225 231 239 244 244 239 239 232 238 239 233 242 245 234 237 241 240 240 242 243 242 243 244 246 243 246 246 245 246 245 250 226 65
44 47 49 46 47 45 39 46 41 40 45 41 44 46 47 44 38 52 54 53 55 47 54 52 57 58 54 52 49 48 47 42 46 46 51 48 57 64 72 81 91 92 104 118 113 120 146 153 153 156 162 157 144 143 137 117 171 227 239 237 240 239 239 241 243 239 244 243 238 239 238 241 239 240 240 241 242 243 243 243 245 244 246 245 246 247 245 246 252 125
43 47 52 50 51 50 44 48 45 44 47 42 45 48 52 52 47 38 39 50 52 43 52 57 53 57 54 55 53 52 54 47 55 52 55 49 52 54 56 58 76 69 105 145 159 160 145 124 112 126 138 141 138 146 149 135 147 220 242 240 239 238 239 235 240 236 238 238 239 244 242 237 240 241 242 242 243 245 244 243 244 245 246 245 245 247 246 244 254 184
52 57 57 57 56 52 49 44 43 45 49 44 46 42 40 41 38 39 48 42 42 47 49 46 48 50 46 47 46 44 46 39 37 42 52 52 59 64 68 66 65 67 86 110 128 118 88 73 81 116 140 138 130 137 149 147 156 225 242 238 238 239 242 238 234 242 243 239 240 241 238 241 240 242 242 242 243 244 244 241 242 245 245 244 244 246 247 245 252 213
51 59 55 58 59 56 58 48 51 50 51 46 48 42 39 41 38 36 43 41 50 50 39 38 44 45 43 45 47 43 39 36 41 40 55 69 76 91 103 78 76 82 72 66 67 67 84 104 120 132 132 120 123 141 151 148 188 238 242 237 239 238 236 237 241 238 239 239 236 237 240 241 240 241 242 241 242 242 242 240 241 245 244 244 244 245 247 246 250 222
52 60 57 58 57 57 62 52 54 47 48 47 51 46 43 43 39 37 40 36 42 42 39 42 41 40 38 38 40 37 35 45 61 57 61 74 87 118 148 119 100 99 85 73 63 62 98 140 148 146 138 135 145 146 152 182 221 241 238 237 238 238 237 240 239 239 236 239 243 240 239 242 240 241 241 242 242 241 241 241 241 244 243 245 245 244 247 245 248 241
50 58 58 58 56 60 67 62 59 42 40 41 45 44 45 43 38 35 38 38 39 37 40 36 38 39 42 40 42 40 41 61 89 102 85 80 97 120 149 138 116 98 74 63 65 57 76 132 160 148 158 165 162 166 188 224 241 239 236 241 236 237 240 240 238 239 239 240 238 237 240 242 241 241 242 243 243 242 242 244 241 244 242 245 246 244 247 245 243 248
62 61 63 62 61 62 62 64 63 58 43 43 42 44 47 49 49 45 44 38 37 41 40 44 43 41 44 42 46 40 66 72 91 119 130 124 129 135 142 133 112 86 69 58 66 72 108 149 145 120 145 150 165 199 235 242 234 239 238 238 238 237 239 239 238 238 237 239 240 240 240 242 242 241 240 241 242 243 244 243 242 243 243 243 244 245 246 247 244 249
63 62 63 62 61 60 58 58 58 59 46 44 42 45 47 46 44 41 41 38 40 46 45 49 50 47 48 44 46 38 63 68 93 119 129 128 142 154 159 148 105 78 71 65 74 97 138 160 122 120 147 163 210 236 239 239 238 241 240 239 239 238 239 238 238 238 237 239 240 240 240 242 242 240 240 241 242 243 243 243 242 243 243 243 244 245 246 247 244 249
