60 36 44 54 40 35 29 46 66 44 28 38 41 38 57 69 72 83 83 99 118 125 120 127 129 137 134 139 138 128 152 125 47 145 173 155 151 158 160 152 144 140 139 147 150 162 147 139 131 131 145 161 145 142 135 141 140 141 139 144 143 138 143 143 142 144 142 140 140 140 139 141 140 140 137 139 138 134 138 139 138 141 137 134 137 140 139 138 137 137
37 40 30 38 27 29 39 52 37 25 29 41 31 25 41 48 41 40 36 40 41 42 75 89 110 127 98 113 135 131 149 146 112 149 169 163 171 175 177 183 177 176 162 151 164 162 161 170 175 167 144 134 153 161 142 142 147 143 139 139 141 144 144 136 143 143 141 140 141 141 140 141 140 140 138 142 141 136 140 142 139 140 140 139 139 138 137 138 140 140
29 34 27 30 33 29 42 23 9 30 36 21 15 26 29 18 29 22 22 28 26 21 43 40 48 52 46 71 80 115 131 165 148 143 168 176 185 187 186 186 178 169 159 145 138 131 135 125 131 152 180 136 118 162 176 159 142 140 145 145 141 142 143 143 142 142 140 140 141 141 140 141 143 142 140 143 140 135 136 138 137 136 139 141 139 138 140 143 140 139
24 24 26 26 30 23 23 6 20 34 29 11 14 25 18 9 9 12 15 21 18 22 17 17 15 14 20 38 20 33 121 143 148 141 147 160 175 179 178 181 178 167 145 142 136 125 121 121 116 118 150 171 138 133 171 169 161 142 140 146 145 141 139 145 140 140 139 140 140 140 140 141 140 139 139 140 139 138 138 138 139 138 140 141 137 136 140 141 138 137
27 30 19 30 25 22 5 16 32 19 13 9 7 9 7 7 7 15 15 16 17 21 12 17 33 25 18 8 15 10 40 58 114 158 133 125 156 194 193 177 174 159 142 139 142 140 135 137 131 126 128 167 156 148 164 150 148 152 155 142 137 146 145 140 140 140 141 141 140 140 141 142 140 141 140 137 138 141 141 138 137 137 139 139 137 140 143 142 141 141
32 28 15 26 13 11 14 35 16 13 10 8 5 2 2 4 24 18 12 13 25 25 35 34 29 14 7 6 7 16 5 10 18 100 122 148 156 169 187 204 172 114 124 137 148 148 152 139 133 131 133 155 150 154 154 158 166 168 165 152 143 142 141 143 142 141 143 144 142 141 142 143 141 141 141 136 137 141 139 137 141 142 142 141 139 140 139 136 139 139
29 17 21 28 21 22 36 31 20 19 6 2 3 2 11 19 15 8 7 7 11 11 22 18 13 5 12 10 11 14 11 11 10 39 56 94 96 98 130 177 131 77 106 119 129 129 126 123 139 157 146 162 177 171 161 161 157 160 156 156 154 143 140 147 143 141 143 144 142 141 142 143 140 138 140 137 138 141 140 141 140 141 140 141 141 140 139 139 142 141
18 19 30 28 16 25 31 21 21 15 4 4 3 8 19 10 8 6 12 14 7 17 10 6 5 3 9 13 14 19 12 15 20 26 21 31 55 78 101 142 112 50 70 89 105 119 112 129 161 164 149 145 174 186 178 168 167 168 161 164 159 136 133 145 143 140 141 143 141 140 141 141 144 140 143 142 141 140 138 143 141 140 138 139 141 138 136 141 140 139
16 26 29 11 16 36 28 22 24 10 12 3 11 24 9 4 8 18 15 8 11 33 14 14 12 11 13 19 16 13 9 17 20 20 26 30 21 40 92 126 141 120 115 117 124 119 126 128 126 125 120 122 123 141 149 152 158 167 165 156 152 144 128 140 141 142 142 142 144 144 142 141 140 142 143 144 138 140 141 141 139 141 140 144 144 139 141 142 142 141
14 27 18 13 22 29 20 36 19 2 8 26 27 19 18 21 27 21 14 22 29 12 8 19 20 22 17 25 19 13 21 27 34 43 48 55 70 97 121 120 127 129 132 125 127 131 128 121 125 126 125 122 121 119 118 119 123 119 118 127 140 140 126 137 142 147 147 142 138 139 141 142 142 139 143 139 144 141 143 140 142 143 138 140 141 139 142 144 140 140
8 32 18 21 30 36 25 36 16 19 39 35 27 33 32 35 30 35 24 27 16 19 31 17 32 29 22 35 35 38 59 78 90 102 109 120 127 128 132 130 129 126 130 136 136 135 131 139 129 127 127 120 124 115 118 123 120 124 123 118 113 115 114 130 128 130 136 146 150 146 139 138 143 145 140 146 141 141 137 143 140 142 140 141 142 141 141 141 142 142
18 27 15 25 31 32 37 40 28 52 60 57 55 59 62 52 53 37 38 35 21 35 32 31 32 48 64 83 103 125 131 140 142 146 142 140 134 127 132 135 134 133 129 140 137 137 133 135 131 130 130 126 129 121 122 125 127 125 124 127 127 126 117 119 112 114 114 117 126 137 144 146 139 138 137 138 145 142 140 140 137 141 142 142 143 142 140 138 142 143
22 20 17 22 27 29 54 54 57 74 79 80 78 74 78 74 56 53 49 44 47 34 45 58 56 89 116 131 140 141 130 134 140 142 142 146 143 137 142 141 138 137 128 139 133 136 139 130 133 135 135 139 137 139 136 134 126 132 133 130 126 132 127 124 121 120 120 118 114 111 118 130 144 147 145 139 142 139 140 144 139 142 142 139 139 140 140 141 141 142
13 15 23 20 31 42 74 79 94 95 106 107 103 101 88 79 77 81 60 56 67 66 81 74 92 131 138 134 131 132 132 131 144 143 142 146 140 138 145 141 151 139 133 147 140 133 140 138 141 142 138 140 134 142 139 137 138 135 133 137 133 129 123 125 116 118 118 118 121 120 111 102 106 130 143 146 137 141 139 142 141 141 141 138 138 140 139 142 140 142
14 12 26 32 54 75 99 112 116 116 115 122 117 107 106 100 103 91 99 94 87 99 107 125 125 136 126 126 127 129 132 131 142 143 141 142 142 148 155 145 149 140 146 152 150 145 146 144 143 145 144 141 138 140 140 140 135 142 140 138 130 127 123 124 122 122 120 119 119 120 122 125 115 104 112 127 145 139 141 142 140 140 141 139 141 142 138 139 137 140
14 22 43 53 83 124 130 125 130 129 130 123 125 125 116 119 116 115 120 106 114 119 131 127 125 127 129 131 128 133 133 136 131 126 132 151 153 144 148 151 158 146 155 146 149 149 145 146 144 147 147 137 140 136 141 145 136 142 138 136 134 136 132 131 125 132 133 127 122 120 119 118 117 121 116 105 104 126 142 143 142 139 140 138 141 142 137 139 140 141
22 29 60 85 128 123 122 125 140 132 132 129 132 134 125 128 124 129 128 130 133 131 130 130 130 125 134 131 130 131 131 126 121 127 139 148 160 127 140 140 153 146 152 149 157 155 147 157 148 145 143 143 140 144 136 146 141 139 138 135 133 134 130 128 128 135 126 134 124 127 118 114 115 111 108 107 103 100 112 130 144 142 139 142 143 138 136 142 141 141
35 49 86 118 119 119 120 128 132 133 140 136 133 136 133 130 140 138 139 142 137 133 135 133 128 135 133 129 129 112 111 109 120 138 139 142 137 104 139 136 148 153 157 164 163 152 159 154 148 142 146 142 147 143 142 146 146 142 140 136 131 133 136 132 130 133 128 126 124 126 127 119 114 116 115 112 111 110 106 104 118 135 144 141 139 140 140 140 141 141
40 62 92 113 109 123 123 130 133 142 143 138 139 140 138 139 140 140 141 141 135 133 136 133 134 138 130 127 114 91 86 96 110 129 151 146 105 104 147 131 139 153 162 162 172 167 157 156 151 147 150 146 146 141 145 147 144 151 142 139 140 133 129 129 130 129 135 131 136 130 134 122 119 120 120 117 112 107 106 109 103 107 118 135 145 143 140 142 140 142
46 62 92 103 122 135 138 138 147 143 142 145 142 144 148 141 142 151 147 142 142 144 145 142 144 133 137 140 104 76 57 93 115 138 150 128 112 124 139 122 139 159 157 157 171 169 170 165 149 147 143 151 145 146 142 138 136 150 141 141 145 134 130 130 131 123 130 130 137 130 136 130 127 124 118 111 107 108 108 105 108 109 106 105 115 125 125 119 132 132
43 54 99 113 131 133 140 139 141 150 151 151 149 145 148 153 151 157 152 146 147 149 148 144 143 144 144 119 85 61 48 94 131 148 131 134 108 102 98 117 147 144 156 162 159 163 173 162 155 154 149 153 147 150 152 152 148 149 144 143 136 131 137 129 134 127 129 131 132 131 134 134 131 124 121 123 120 113 108 105 108 106 107 109 109 110 119 131 129 129
40 68 108 115 129 140 141 146 151 148 153 155 153 160 164 157 162 156 153 155 153 151 152 147 143 149 121 81 77 58 63 107 146 147 134 115 52 63 97 140 163 136 151 163 165 177 181 170 162 156 156 153 159 156 157 153 152 149 143 140 133 133 140 135 128 126 122 120 117 128 131 135 135 132 124 114 112 119 118 108 107 104 107 113 113 109 110 114 127 131
38 74 107 110 128 147 143 153 156 152 155 156 160 167 165 166 164 155 152 158 157 152 152 150 151 139 93 74 61 44 84 150 148 146 131 54 30 66 133 151 172 157 137 146 165 171 182 167 161 158 162 155 159 156 154 155 153 151 144 136 133 131 128 128 117 121 121 120 121 132 133 139 136 136 136 130 121 117 118 115 110 104 100 103 109 113 111 107 114 120
40 61 105 122 135 143 143 153 155 147 159 164 162 164 161 165 165 163 156 158 161 156 152 152 151 127 75 75 40 52 100 151 154 141 83 29 34 76 144 150 156 157 140 138 162 173 179 169 164 167 172 173 172 176 162 166 152 143 142 135 126 126 124 119 123 124 123 118 121 126 128 139 135 131 132 133 129 126 122 117 113 109 107 105 103 104 109 112 109 110
36 66 104 121 137 147 150 156 158 158 162 159 158 160 160 168 164 157 163 163 159 154 149 156 146 124 93 76 53 52 100 150 152 125 50 32 43 95 137 168 151 144 132 122 163 170 164 172 190 182 182 189 182 179 169 158 146 136 136 119 120 125 116 122 119 120 118 117 119 120 127 136 132 141 142 133 130 132 129 124 118 122 120 117 108 105 105 112 116 117
38 78 98 123 131 151 147 162 163 164 162 164 167 164 164 167 161 153 163 161 158 153 152 154 142 130 99 70 56 63 115 155 137 109 34 32 133 132 102 155 144 142 134 111 160 158 153 165 178 181 183 189 179 169 160 150 141 130 127 117 123 115 115 107 111 120 117 124 115 118 120 118 129 135 138 135 130 126 124 125 119 122 122 125 121 118 113 114 107 108
35 74 98 135 134 157 160 163 160 173 172 169 165 161 166 166 170 159 162 164 155 154 154 158 155 121 71 62 40 81 127 148 140 72 23 105 161 159 131 158 149 137 141 110 155 153 158 161 167 176 177 178 165 153 145 138 135 124 117 107 103 111 104 111 124 125 124 121 122 114 115 114 121 119 119 125 130 129 128 132 125 126 124 125 124 126 121 118 116 114
33 77 102 129 150 160 168 172 173 170 166 169 172 171 174 172 171 164 163 172 158 158 153 162 169 131 77 38 27 69 141 140 137 47 28 32 31 52 127 150 154 135 142 111 148 151 158 155 157 164 165 159 146 138 125 121 125 113 103 103 91 92 89 132 137 130 130 121 129 109 100 106 110 111 116 126 135 135 132 132 131 133 127 125 124 133 131 127 123 121
34 82 111 132 163 163 172 172 170 173 181 176 171 176 173 167 165 164 165 165 161 158 159 167 157 127 96 19 30 66 120 140 121 44 23 130 91 44 117 134 142 132 132 112 148 152 150 155 161 162 160 146 134 134 121 123 109 93 89 92 82 91 124 143 128 125 123 126 119 115 105 101 101 109 112 112 116 124 131 136 131 130 126 128 128 134 132 128 126 127
39 86 121 146 164 169 179 175 175 171 179 176 169 172 173 178 165 167 170 155 162 156 166 168 155 144 73 26 26 58 110 132 105 39 19 144 79 16 82 124 126 120 124 123 151 152 146 149 150 154 157 146 134 129 110 107 97 88 76 71 86 123 137 125 121 126 129 132 110 110 109 88 94 107 115 116 122 130 134 134 140 131 126 132 131 130 125 124 127 128
31 91 131 157 172 174 175 178 180 182 180 174 173 175 175 176 164 166 171 165 167 160 165 164 159 147 80 35 22 64 117 128 101 30 12 0 4 19 53 120 112 105 116 131 156 150 143 139 151 155 150 143 128 117 100 87 71 73 69 83 122 141 118 123 124 126 129 129 120 109 80 67 108 119 129 138 149 156 156 153 153 143 135 137 131 130 127 126 138 138
35 86 138 160 163 166 178 176 177 182 173 172 177 173 173 177 163 164 161 175 164 166 162 168 172 138 83 36 18 61 105 125 87 39 17 25 64 46 80 113 94 94 104 129 170 158 147 147 157 157 139 134 118 102 90 70 62 56 91 126 139 127 139 133 132 144 143 134 114 92 33 75 146 148 148 148 148 149 152 158 152 149 143 138 129 132 132 131 131 131
39 89 135 156 166 165 172 174 174 175 174 167 175 178 176 180 158 163 164 172 168 170 171 167 172 155 81 36 25 59 96 114 91 48 25 24 67 47 59 110 83 95 97 127 171 160 164 161 170 162 151 130 119 92 62 56 63 102 139 138 140 146 145 144 152 157 135 137 127 91 9 57 148 152 145 148 150 145 153 156 156 150 154 136 126 135 129 132 127 136
35 82 129 152 163 164 173 174 178 178 179 174 183 181 173 172 163 167 163 155 171 168 170 175 157 165 99 30 31 49 89 99 90 39 53 54 80 84 116 98 81 95 103 145 170 163 163 159 155 155 147 130 109 74 66 82 107 129 155 161 156 154 153 151 148 155 135 137 145 102 18 27 105 144 139 140 147 147 144 150 146 137 144 138 135 135 122 125 131 139
30 71 118 144 158 165 175 174 177 180 182 176 178 173 171 176 168 161 160 160 164 169 169 175 168 156 116 55 36 52 83 96 91 44 52 44 93 111 101 94 75 95 109 157 166 164 161 161 161 154 150 126 86 78 109 112 133 152 155 157 166 159 148 150 141 154 146 142 137 97 21 78 117 106 136 145 132 148 148 148 145 136 139 138 140 139 127 130 130 137
29 63 109 136 153 165 177 173 176 177 179 176 179 173 169 170 173 153 159 168 159 168 166 169 169 151 136 91 43 56 82 89 94 66 42 66 52 70 90 83 83 101 124 167 158 161 163 157 158 160 148 116 96 106 131 130 142 148 151 153 159 147 148 147 148 144 151 153 135 88 74 142 142 124 123 145 141 143 147 149 148 143 140 133 135 139 132 135 129 134
28 61 109 134 148 160 171 169 174 176 177 175 178 170 168 168 174 155 161 158 165 167 165 168 160 153 129 105 77 63 82 82 86 81 50 57 63 78 129 101 104 130 144 163 162 158 154 155 156 155 146 133 140 137 132 141 139 130 128 130 154 144 151 147 138 140 147 151 138 81 89 204 204 160 112 132 148 154 145 141 138 137 132 124 128 135 133 133 136 138
18 55 107 132 145 157 169 172 164 169 171 169 169 163 167 169 164 153 153 149 157 167 160 161 168 157 118 100 91 80 76 87 74 83 86 67 62 95 114 107 128 149 152 150 157 152 149 154 154 128 127 135 149 151 144 141 136 139 118 91 125 138 144 136 141 139 145 149 128 85 57 138 169 166 137 117 142 156 158 141 139 133 125 122 126 130 130 130 134 134
21 57 106 128 140 151 161 166 165 168 169 169 175 171 172 167 161 153 153 157 153 166 162 164 167 164 139 103 83 91 79 94 83 70 86 78 72 107 133 132 143 141 148 147 138 146 155 146 147 137 136 133 135 135 139 138 138 139 96 49 79 136 148 132 142 137 146 160 139 85 66 111 125 132 145 107 123 161 165 157 150 139 126 121 120 121 123 120 135 134
19 52 99 120 138 152 162 167 163 166 163 159 160 157 163 161 159 150 153 152 153 151 158 170 158 159 155 120 110 96 96 107 105 85 84 97 102 124 141 136 140 142 141 141 140 145 142 139 140 143 143 141 140 135 137 128 125 128 62 9 44 116 129 140 141 144 146 152 129 92 66 136 192 209 186 151 112 151 166 157 144 135 122 117 113 114 119 114 134 132
13 43 94 118 136 148 160 165 160 164 163 165 161 156 159 160 162 158 145 154 148 153 157 159 161 157 153 144 118 101 107 110 109 106 100 114 118 133 125 132 142 135 137 143 133 135 141 143 141 138 145 142 147 150 135 129 119 118 40 21 50 112 125 134 137 148 141 156 130 103 85 131 165 171 181 164 101 138 171 167 149 137 119 115 121 110 108 107 127 129
12 34 82 110 133 148 160 161 162 160 155 158 162 162 162 157 162 157 139 147 148 154 151 148 145 159 152 135 124 119 117 111 116 107 113 129 138 140 138 146 142 131 128 137 139 139 137 138 141 139 151 152 161 151 147 132 117 117 73 41 59 108 126 128 135 133 145 160 122 107 91 118 125 140 162 170 120 134 168 172 150 133 113 106 109 102 103 103 115 119
9 31 76 106 130 145 157 165 160 164 162 160 158 156 160 161 160 161 144 146 146 150 149 151 152 160 149 135 129 122 114 109 110 107 131 143 154 152 155 145 119 130 137 141 148 152 148 145 144 154 148 159 165 163 155 134 117 117 104 76 81 104 115 129 130 127 148 159 128 113 85 105 191 204 193 191 147 114 145 168 153 132 113 102 101 94 95 93 104 112
10 28 64 97 129 147 153 164 157 160 158 157 160 162 163 163 152 158 149 147 144 147 148 152 152 146 140 137 129 121 119 118 118 111 139 149 150 152 162 142 128 141 144 138 144 147 144 138 136 152 154 151 158 165 177 151 133 122 115 104 98 111 113 125 125 120 130 139 125 109 83 108 223 199 187 183 142 108 140 151 148 126 109 99 97 93 95 90 99 111
7 19 51 89 121 143 151 162 165 162 155 153 159 163 158 154 150 153 148 147 147 150 148 144 139 139 146 146 134 125 117 107 116 133 150 166 179 165 152 154 133 133 135 133 136 130 129 129 132 141 149 142 144 162 182 155 131 120 114 102 85 93 106 107 107 104 118 134 124 104 82 85 178 193 171 170 143 90 133 149 145 123 106 94 91 90 91 86 98 112
7 12 44 83 109 137 151 161 159 160 157 153 157 159 158 162 154 153 148 143 144 148 147 143 141 141 143 140 132 123 116 116 119 138 153 169 168 161 151 147 135 128 127 122 127 123 125 121 130 137 132 130 135 150 152 138 131 123 112 97 94 81 91 95 91 99 112 129 127 108 92 79 133 167 154 158 130 82 138 143 132 115 104 94 93 93 92 87 94 107
14 12 30 68 101 133 142 151 153 155 155 153 157 160 158 164 155 155 149 139 141 142 142 144 149 140 137 136 132 122 116 125 130 145 149 154 150 152 145 134 128 122 120 113 127 128 125 111 119 128 126 118 132 125 132 132 126 123 111 101 97 77 78 92 94 107 116 127 131 109 92 79 98 125 140 143 117 95 139 143 126 115 109 97 95 93 90 86 99 111
10 13 22 53 89 119 124 141 150 153 155 154 156 155 149 156 157 158 151 142 149 147 141 142 147 138 136 133 131 128 123 125 132 135 136 145 150 147 141 132 123 116 114 106 116 111 115 115 119 119 117 123 121 121 134 128 122 113 102 99 79 83 81 79 95 103 119 131 133 107 89 75 163 210 190 181 143 92 135 132 123 114 109 95 93 91 90 91 99 111
21 10 27 45 81 104 127 144 148 156 152 152 158 155 150 151 156 155 147 147 151 150 150 147 147 141 144 143 137 129 121 125 122 127 133 137 131 139 131 123 119 116 114 111 109 107 105 105 110 115 118 119 117 118 124 122 116 103 108 72 61 81 82 85 94 98 131 144 137 101 79 90 173 183 179 173 140 109 131 122 122 113 107 97 89 89 88 89 107 118
24 13 32 49 76 105 124 137 145 149 152 154 153 153 155 152 154 154 149 149 149 148 149 146 140 150 145 142 140 132 127 121 129 128 123 130 124 121 119 119 107 111 114 99 101 110 98 101 100 109 115 114 109 109 114 112 108 103 89 45 58 78 80 81 91 105 129 128 117 93 86 93 169 191 175 161 134 119 127 130 114 113 102 89 90 88 82 91 111 121
38 16 26 51 68 93 111 134 140 147 144 144 149 149 148 147 151 146 144 148 151 155 159 154 161 158 143 136 132 122 116 109 116 121 111 119 121 110 104 102 103 105 96 98 104 102 104 107 100 104 103 101 101 107 113 111 101 102 74 15 47 75 73 77 90 96 117 124 115 89 78 86 120 135 155 163 128 121 128 117 122 110 103 92 83 85 89 89 106 113
46 27 20 47 62 82 98 125 130 144 144 142 145 141 139 143 148 141 140 143 143 149 155 152 152 146 152 149 136 124 109 100 103 108 110 112 100 101 107 95 99 95 97 97 100 106 103 100 109 105 96 91 92 99 108 110 108 108 81 12 35 75 72 84 89 91 109 115 111 94 77 83 91 107 123 127 102 114 120 121 126 116 105 94 87 88 92 93 107 113
26 30 15 39 63 88 103 122 130 136 143 146 144 144 144 136 144 140 145 146 140 143 149 149 148 144 145 135 123 119 106 93 94 101 102 95 95 97 97 97 93 93 97 95 98 108 111 108 99 104 105 106 102 98 101 104 103 108 99 52 48 77 70 82 85 92 104 115 112 93 79 86 143 190 172 119 94 122 117 117 119 115 104 96 95 95 97 99 110 115
19 27 13 35 59 81 97 117 131 142 146 144 141 140 143 141 137 133 140 145 144 147 147 144 143 148 139 131 120 102 96 96 94 90 93 84 78 69 70 77 91 103 98 102 105 105 114 113 112 114 111 110 105 97 97 98 100 109 108 93 71 76 76 82 88 96 95 113 113 87 75 82 100 123 112 81 108 120 124 120 118 114 103 97 98 100 103 103 109 114
19 18 16 34 51 71 90 117 130 142 141 138 141 141 141 141 142 134 139 143 147 150 146 142 141 141 130 127 116 86 73 78 90 91 80 58 48 35 48 69 81 95 108 109 114 121 115 111 115 115 108 104 104 102 101 100 101 108 110 105 88 83 83 82 85 96 98 109 112 94 70 80 113 123 115 97 128 107 115 120 116 119 103 96 105 103 101 105 109 112
19 16 28 34 42 69 89 110 119 130 140 144 142 144 146 140 138 134 139 138 136 139 140 144 145 139 131 115 97 77 64 71 86 77 55 34 32 40 67 71 95 94 100 120 124 118 123 118 115 120 114 105 103 104 108 107 104 104 101 84 81 83 83 83 92 88 100 106 106 93 69 111 153 146 107 99 106 111 120 115 112 107 105 108 104 105 108 96 103 105
18 17 19 40 49 62 84 100 115 126 130 147 142 146 141 140 137 134 135 137 139 142 144 142 138 147 122 116 89 61 56 77 83 62 50 39 40 56 43 82 85 101 109 115 129 131 120 119 121 120 114 107 103 90 96 90 74 73 81 84 83 88 88 82 93 89 103 106 114 93 68 94 109 77 79 107 100 116 113 115 112 110 109 110 110 107 104 102 98 108
7 12 13 29 50 63 74 100 110 123 125 142 138 135 140 140 138 133 133 138 137 136 139 142 138 138 126 108 69 38 47 82 70 60 51 35 39 45 63 94 92 104 114 120 128 129 125 126 132 124 120 105 89 88 100 83 71 78 87 82 77 81 88 95 91 94 94 101 111 100 72 62 45 22 91 118 109 107 107 109 102 108 112 109 106 105 101 96 104 113
20 11 13 22 34 59 73 88 102 121 123 132 131 128 138 131 134 132 135 137 132 129 133 138 142 130 121 85 56 45 58 74 66 58 31 40 40 51 59 93 95 104 118 129 134 133 131 131 134 129 126 115 105 95 92 83 82 88 91 86 86 89 88 91 89 102 102 106 109 105 67 37 42 63 97 109 113 112 104 110 108 107 110 113 108 99 97 101 101 109
12 11 13 19 30 56 73 85 97 109 117 129 136 131 138 134 126 127 130 132 132 135 135 131 135 126 113 60 35 40 68 75 67 38 36 42 51 107 76 103 105 109 117 130 135 134 136 138 133 134 128 121 121 106 85 83 84 88 91 87 88 93 92 93 95 93 98 104 110 112 48 8 32 92 101 112 102 106 107 109 110 113 113 106 98 95 99 104 106 111
7 14 16 23 25 41 63 79 91 106 118 121 130 134 134 126 121 126 131 132 129 130 133 130 131 119 91 47 32 39 66 66 54 29 44 57 117 126 102 127 108 110 114 127 132 129 132 137 137 139 137 129 124 120 98 80 88 90 95 95 95 97 95 92 97 90 96 94 94 97 37 12 72 98 104 102 95 98 107 111 113 111 106 101 99 101 103 104 110 112
9 8 4 21 29 38 57 73 86 96 110 118 125 129 126 130 121 121 125 128 127 128 130 129 127 117 70 35 29 49 73 66 35 41 38 50 72 96 112 126 108 109 114 130 136 133 139 143 144 142 139 138 132 130 115 97 82 84 93 96 96 98 96 95 92 92 95 95 92 89 51 28 75 85 88 90 104 108 113 116 110 106 104 105 105 103 104 107 105 107
0 8 5 16 31 35 42 71 83 99 106 115 117 126 124 125 112 114 120 123 123 126 129 130 115 109 56 35 30 61 74 67 52 41 11 70 62 41 108 119 109 102 103 121 129 133 145 146 148 147 137 141 138 134 127 121 107 98 92 92 98 102 99 99 94 94 94 94 91 89 79 60 65 81 83 104 112 116 116 100 97 108 113 105 99 101 105 105 103 104
9 1 0 6 19 38 44 58 76 93 94 112 113 120 119 121 113 115 118 118 120 125 123 115 116 103 49 44 32 60 69 78 55 24 16 147 68 21 87 113 115 102 102 124 134 139 149 141 146 155 149 152 143 143 138 123 116 109 100 95 99 99 97 105 100 96 100 98 92 93 101 91 88 101 99 110 112 111 111 112 111 110 107 105 106 108 104 99 100 100
7 0 3 6 11 25 40 54 65 86 95 103 111 113 118 119 116 115 116 119 121 117 115 116 114 90 37 30 32 61 81 93 62 23 9 27 9 15 62 106 109 104 96 120 135 140 137 145 140 145 151 151 142 137 138 133 124 118 113 108 99 94 99 107 102 99 93 98 101 95 95 103 102 106 111 114 115 118 118 115 115 104 102 107 104 102 102 99 103 105
13 6 1 1 12 20 30 53 62 79 89 97 107 111 113 116 107 114 116 113 113 120 121 115 98 77 32 24 31 66 83 90 74 20 13 26 43 48 73 107 108 105 90 117 136 138 144 143 143 147 147 148 147 144 139 132 133 121 114 112 105 93 90 94 97 104 100 104 99 100 98 104 108 107 109 114 119 119 113 107 101 102 102 101 97 91 94 103 102 106
5 7 6 3 12 18 21 38 56 74 86 91 104 112 110 114 108 110 114 113 109 113 117 113 101 71 30 24 40 85 97 99 93 27 11 55 105 83 91 102 113 104 98 127 135 128 143 143 143 148 145 142 141 137 131 126 122 122 120 113 105 99 95 92 94 104 98 103 96 102 101 107 100 106 110 114 116 111 107 110 106 101 94 93 96 97 99 103 108 110
3 0 7 12 14 15 14 20 37 59 77 81 95 108 108 113 110 106 111 114 108 108 112 110 97 59 27 23 43 90 100 105 108 43 25 57 79 75 92 103 118 109 100 117 136 138 142 139 144 146 141 137 135 133 129 122 121 120 117 111 108 106 99 89 94 96 92 98 98 100 99 102 104 112 116 118 118 109 99 98 95 93 98 103 101 103 108 107 103 105
5 6 13 9 10 22 21 12 16 37 59 68 81 93 97 107 106 104 110 111 106 109 112 104 82 51 33 30 47 93 104 109 114 65 21 91 140 132 103 109 127 118 94 113 146 142 131 135 133 137 139 137 130 128 131 127 125 115 111 114 112 103 98 98 94 90 88 89 101 102 110 110 113 119 117 114 113 108 99 97 99 94 97 101 100 101 100 95 95 99
3 10 20 15 11 19 24 31 25 37 56 71 80 85 93 106 107 102 107 111 106 105 106 102 74 46 32 26 46 97 111 109 108 91 28 32 99 88 102 119 122 116 92 127 149 150 145 127 129 130 132 135 132 130 131 123 119 113 112 114 110 103 103 107 98 96 96 88 99 98 107 101 105 107 104 100 103 105 102 99 98 99 99 98 97 94 93 96 106 107
7 12 15 10 16 28 27 27 35 38 48 64 72 77 89 95 107 100 103 109 105 100 101 102 77 47 30 21 41 94 115 112 106 100 62 29 36 73 101 120 123 109 99 150 142 137 143 129 127 131 135 138 132 126 127 125 120 117 114 111 109 107 104 101 100 102 107 105 111 107 109 101 103 107 110 108 105 104 104 105 106 102 96 93 92 92 96 104 105 104
14 12 16 13 12 18 20 22 34 36 40 53 63 77 91 89 98 100 103 101 99 104 106 101 75 46 32 22 34 80 110 116 115 110 86 40 27 45 90 113 126 107 96 143 134 135 134 133 123 129 131 132 129 122 122 125 120 117 117 117 110 101 100 104 104 103 102 107 109 107 109 109 113 105 99 98 99 101 102 102 101 88 85 92 97 102 105 102 99 99
10 12 8 9 11 17 17 29 30 31 36 49 53 62 81 85 90 105 100 102 104 99 101 92 92 58 37 23 39 63 101 111 112 109 107 77 33 39 72 100 128 92 109 131 128 131 134 138 130 127 126 127 127 122 117 117 119 114 114 114 113 108 102 101 106 104 104 104 106 109 108 103 109 100 100 104 103 97 93 97 94 98 95 99 100 105 104 102 104 104
10 8 19 9 8 12 25 30 34 37 40 40 46 57 69 77 89 99 100 96 101 103 93 88 104 70 41 25 41 56 86 103 106 105 108 113 81 48 52 81 121 90 116 141 134 132 128 131 129 126 124 126 125 120 116 116 116 108 109 116 107 102 108 101 104 105 105 108 110 103 99 105 100 104 107 98 90 91 92 93 97 101 98 98 93 95 96 97 97 97
8 7 18 14 2 9 16 22 32 37 42 38 43 50 55 72 79 89 98 95 99 103 96 98 98 87 61 29 33 48 74 90 103 102 98 102 104 96 75 71 88 82 109 123 121 128 125 126 127 124 120 121 121 117 114 114 111 112 108 115 111 102 108 106 102 101 101 103 104 97 97 107 101 94 92 93 95 96 93 93 98 93 95 113 116 114 112 112 106 106
16 15 11 14 6 6 6 16 37 47 55 54 55 53 50 60 73 82 91 103 104 94 93 95 92 95 79 43 36 51 74 82 107 103 104 87 85 101 83 76 89 99 111 117 121 118 117 127 127 122 116 113 113 113 114 116 106 110 108 110 109 103 104 104 103 100 103 105 102 101 101 97 93 90 92 94 97 101 99 99 96 113 128 138 132 133 133 128 134 134
11 13 11 13 18 4 4 1 12 43 65 71 69 66 65 61 52 71 84 90 88 93 103 97 93 93 96 83 63 57 71 79 102 101 112 101 90 97 83 85 90 109 107 111 118 113 116 120 117 116 115 116 116 114 111 110 107 104 110 106 101 105 105 100 104 102 103 101 98 100 99 90 96 97 103 103 101 100 97 96 130 138 138 136 129 135 139 133 135 134
13 18 17 18 18 14 16 8 2 10 23 51 71 80 89 86 77 65 69 85 95 97 95 90 100 89 91 93 83 79 86 88 95 102 107 106 96 91 88 96 95 112 106 105 110 113 120 113 114 113 111 109 110 109 109 111 108 105 109 101 100 107 103 102 101 101 99 96 96 96 96 97 96 96 100 99 97 103 118 135 137 136 131 136 134 132 133 136 135 135
19 22 25 27 19 28 25 23 18 20 13 5 14 33 42 34 36 49 62 77 82 81 92 99 96 95 95 94 88 90 92 91 94 98 102 112 109 99 96 103 99 105 103 105 108 107 112 117 110 111 109 108 108 108 108 109 107 108 106 100 104 105 99 104 99 101 103 103 102 99 99 102 103 97 94 99 117 137 139 134 129 135 131 133 133 134 134 136 134 134
18 10 18 7 9 17 16 25 30 33 35 22 12 12 9 13 37 69 64 61 56 53 75 75 84 92 92 93 95 99 98 103 102 101 103 102 97 103 101 103 90 103 109 101 102 104 101 111 110 112 112 111 111 110 109 109 113 110 109 111 108 105 105 103 106 104 107 105 97 98 103 100 96 100 118 134 139 134 130 133 132 135 130 135 137 133 130 137 132 132
15 15 10 16 6 5 4 19 20 21 28 29 34 34 36 42 49 47 37 41 35 34 34 42 48 70 87 97 104 106 107 110 109 110 103 108 99 97 98 100 91 101 102 101 100 96 99 103 106 106 115 105 111 106 102 111 105 107 106 109 103 107 102 105 105 105 102 101 103 100 99 105 116 128 135 134 132 132 133 136 134 136 132 133 132 131 134 133 132 132
20 23 15 8 19 9 0 3 2 9 8 12 23 18 21 25 21 29 31 39 38 29 21 22 19 22 31 47 63 77 88 90 94 96 95 93 102 100 100 103 97 101 104 104 103 99 96 98 100 103 101 107 111 109 111 105 110 110 103 102 102 107 108 110 105 102 96 93 96 105 121 137 133 134 133 131 134 135 132 129 132 134 132 132 132 131 133 131 130 130
13 19 23 11 19 8 6 2 8 0 12 3 20 31 9 12 14 16 19 17 19 26 34 24 23 22 21 17 16 21 29 33 37 45 51 65 70 87 86 100 96 91 96 100 100 98 97 105 102 99 105 97 105 101 103 103 105 105 103 104 106 98 99 97 98 98 104 116 128 134 135 134 133 133 131 129 129 130 129 129 131 134 132 132 133 133 134 131 132 132
10 24 23 21 8 12 5 3 5 9 3 4 8 16 33 13 10 14 20 21 27 19 24 28 20 24 22 18 20 20 19 27 24 26 36 33 29 36 51 86 87 88 101 101 101 106 102 104 109 108 100 103 102 101 96 106 102 98 98 100 101 94 113 117 128 130 136 139 135 132 132 131 130 132 134 133 131 130 131 134 130 132 132 131 132 134 134 131 129 129
21 18 19 18 29 11 3 6 8 10 10 10 15 3 11 40 22 7 7 9 14 15 31 33 42 35 26 20 20 13 11 26 25 24 29 29 35 29 27 65 94 67 61 69 82 89 82 82 81 68 82 88 101 93 80 95 96 92 96 100 103 107 136 139 131 130 131 133 132 133 135 134 135 133 132 134 135 134 133 132 129 130 131 129 130 132 132 131 133 133
14 23 18 22 19 32 18 6 15 3 11 10 12 12 10 16 19 25 19 12 19 20 22 23 27 26 24 14 14 19 12 7 26 17 34 62 61 70 68 86 115 88 70 64 64 59 44 39 36 25 44 103 108 107 108 101 100 100 103 105 107 119 137 131 134 134 134 133 132 132 131 130 132 130 130 131 132 133 133 131 131 131 132 130 130 132 131 133 132 131
20 20 24 24 13 25 27 14 13 7 13 9 9 10 14 16 21 22 16 19 21 25 31 37 26 20 24 23 21 16 9 18 23 35 57 79 106 106 98 110 114 101 89 84 78 62 46 42 35 32 57 98 109 91 81 91 97 95 93 99 107 126 135 133 132 134 133 131 131 130 130 131 130 131 133 132 130 130 133 134 132 131 134 132 131 132 131 134 131 131
29 17 21 19 19 11 23 29 12 13 14 11 13 8 11 12 11 26 21 18 12 12 11 21 37 37 31 19 25 28 16 20 39 64 98 118 110 108 97 96 97 105 98 87 78 67 55 46 38 35 88 120 68 51 70 92 103 104 106 121 131 141 132 131 133 134 129 127 132 133 132 134 134 133 133 132 130 131 131 127 131 129 132 131 130 130 128 133 134 133
19 28 31 24 21 16 16 28 18 12 15 14 15 21 17 12 10 20 34 29 34 16 22 15 15 24 42 36 22 30 36 56 77 96 121 122 117 112 109 104 110 113 108 99 86 76 70 60 58 90 101 63 52 81 86 98 117 127 134 136 132 129 132 131 130 130 131 131 130 131 131 130 129 130 130 129 130 130 131 133 132 129 128 130 131 131 131 132 133 133
52 28 17 17 19 25 27 25 21 13 13 14 17 27 27 22 17 16 24 22 32 26 59 79 61 83 100 131 90 32 53 87 110 98 98 100 109 112 113 109 108 114 116 116 113 110 107 98 99 86 68 67 84 103 111 131 129 131 130 130 128 128 133 132 130 131 131 131 130 131 131 130 129 130 130 129 130 130 131 133 131 129 129 130 132 131 131 131 132 132
