237 238 238 239 239 239 239 239 241 237 238 242 236 237 151 63 76 70 39 74 38 24 39 43 32 37 37 60 39 52 60 66 63 69 84 91 90 109 118 113 118 120 130 137 130 139 129 125 127 132 136 141 146 148 149 152 159 154 156 156 160 156 156 155 158 152 149 144 145 141 140 136 141 137 138 136 129 127 125 116 117 104 82 74 59 55 56 46 45 44
238 238 238 239 239 239 239 239 239 239 237 241 240 240 133 75 78 63 76 53 36 39 35 15 24 42 44 37 44 25 40 41 46 55 65 69 76 86 87 118 138 134 138 132 127 134 137 141 140 147 154 158 159 157 156 157 164 163 160 162 160 163 160 161 159 156 151 148 146 145 142 140 141 142 138 135 136 130 125 127 133 117 95 81 66 56 51 50 45 44
238 238 239 239 239 239 239 239 236 244 239 235 242 232 89 65 62 77 69 71 42 44 32 40 40 43 42 28 33 35 32 43 62 60 75 97 104 123 123 125 141 134 142 140 147 152 157 156 165 167 167 167 169 168 167 168 163 166 164 165 163 167 166 167 160 161 156 155 150 152 147 145 145 141 139 140 137 132 131 133 132 127 113 88 73 63 56 56 50 48
238 239 239 239 239 239 240 240 238 239 240 240 237 238 88 87 81 71 89 103 92 60 29 37 40 40 28 60 49 64 67 72 91 98 97 121 130 138 147 152 154 154 167 165 168 167 174 178 172 172 171 171 173 172 168 167 172 172 175 171 172 168 169 168 158 160 157 155 151 153 149 145 148 144 142 142 139 135 134 134 134 127 115 97 90 79 66 53 55 52
239 239 239 239 239 239 240 240 242 238 240 238 241 179 102 73 79 82 106 116 113 113 123 60 49 50 57 67 61 73 87 71 104 139 140 146 150 156 159 161 171 168 170 171 174 174 173 172 173 175 175 174 174 172 170 171 172 171 174 172 171 165 167 167 165 164 162 156 157 156 156 151 146 150 144 139 143 140 133 136 136 130 125 119 103 78 71 59 55 52
239 239 239 239 239 239 240 240 239 238 241 242 237 144 84 73 77 101 111 130 125 131 126 98 83 85 62 59 72 107 124 136 144 147 157 166 165 169 172 173 169 174 177 178 175 175 176 180 179 179 177 176 177 176 175 175 176 176 174 178 174 173 172 177 167 163 160 153 155 154 156 152 146 149 146 141 141 141 138 135 138 132 126 127 112 91 82 64 57 54
239 239 239 239 239 239 240 240 240 243 239 236 240 118 83 78 87 96 125 132 135 130 132 113 87 65 107 121 136 146 153 151 160 162 170 170 174 177 177 176 177 179 175 176 177 182 183 184 178 178 177 178 182 180 176 173 180 180 177 179 173 173 171 174 169 166 163 159 158 157 157 156 152 149 151 146 138 140 143 135 132 135 133 128 115 102 91 77 63 58
239 239 239 239 239 239 240 240 240 239 240 240 240 106 89 65 77 113 126 130 139 141 132 115 94 124 140 149 150 153 163 158 164 164 170 176 181 176 182 177 177 182 182 181 182 184 185 185 184 184 182 180 180 181 182 184 180 180 182 177 178 174 174 172 166 166 163 164 160 159 154 154 156 158 155 148 141 141 141 141 140 138 131 129 124 114 92 83 68 59
239 239 239 239 239 240 240 240 240 237 242 240 231 131 71 78 83 113 126 137 137 138 128 126 143 145 145 145 153 155 160 165 170 174 173 173 180 177 184 184 183 184 186 182 181 185 187 189 185 185 186 186 185 185 184 181 178 181 183 178 178 178 173 171 173 173 169 158 160 159 160 160 156 159 153 147 141 141 147 143 138 139 133 130 127 108 107 88 87 56
239 239 239 239 239 240 240 240 239 246 235 238 239 141 60 65 81 124 135 146 140 135 140 139 144 147 150 148 156 163 169 170 173 177 177 177 181 180 182 183 184 185 188 185 184 186 186 187 186 185 185 183 182 183 183 181 180 183 183 182 176 177 171 174 174 177 174 168 162 158 154 153 162 156 154 150 144 145 148 148 142 138 133 130 128 111 104 94 78 64
239 239 239 239 240 240 240 240 240 241 239 241 235 127 62 72 101 130 134 138 139 142 142 139 146 148 153 154 160 165 170 168 172 175 177 178 180 183 181 183 185 186 190 188 186 187 185 185 185 184 184 184 184 186 188 186 186 186 183 186 181 182 173 175 173 171 166 168 165 167 162 158 163 160 155 148 149 148 141 148 146 141 136 131 127 117 105 97 81 80
239 239 239 239 240 240 240 240 238 245 239 234 242 121 81 88 111 141 137 141 139 137 147 145 156 151 157 162 166 166 172 173 174 176 179 181 181 188 185 189 188 189 192 191 190 190 186 185 185 186 187 186 184 185 185 182 188 188 185 188 186 188 177 175 173 172 172 171 164 164 166 166 159 162 156 147 150 150 141 144 142 140 137 131 122 118 109 94 81 78
239 239 239 239 240 240 240 240 241 237 239 247 237 177 84 85 117 133 144 142 144 149 144 152 158 152 155 159 162 164 173 175 176 177 181 184 183 190 187 191 191 191 193 192 192 192 189 188 187 187 189 188 186 187 186 183 185 188 189 187 187 187 180 178 182 175 174 172 172 168 166 159 161 157 156 155 147 148 153 143 140 136 136 135 122 118 116 96 85 79
239 239 239 239 240 240 240 240 242 241 239 239 236 218 80 111 119 138 144 144 145 144 147 155 157 158 162 161 165 169 175 174 174 177 183 187 186 190 191 192 191 189 190 189 190 191 189 189 187 188 189 189 188 189 191 189 188 188 188 183 186 188 183 180 176 177 180 174 171 165 167 165 165 159 154 157 150 147 153 148 145 135 136 140 126 117 117 98 91 86
239 239 239 240 240 240 240 240 237 240 244 239 241 199 81 88 134 142 144 141 149 154 149 152 154 160 164 161 166 168 171 170 177 180 186 189 189 189 195 194 191 188 187 186 187 189 188 189 189 189 190 189 187 188 189 187 192 189 186 184 187 191 183 181 181 181 178 172 170 169 167 165 165 164 156 154 155 150 147 151 146 135 136 133 127 117 112 99 86 76
239 239 239 240 240 240 240 240 241 240 238 241 239 232 101 107 123 145 148 147 148 146 153 156 160 162 163 161 167 168 173 178 178 181 184 185 184 182 191 188 194 189 188 186 188 191 190 192 190 191 193 193 191 192 193 191 191 190 187 189 186 189 181 183 178 185 181 176 171 171 167 169 163 161 160 155 155 156 149 149 146 137 139 128 130 124 113 104 89 68
239 239 239 240 240 240 240 240 241 239 242 239 240 232 116 98 125 145 147 149 147 144 149 155 158 159 156 160 171 175 166 176 177 179 180 182 182 190 187 188 193 192 192 190 193 189 189 190 189 191 188 188 189 187 187 186 184 184 182 182 187 185 180 185 183 179 180 180 178 173 166 165 165 157 162 152 152 151 153 148 147 139 137 134 122 125 112 98 91 70
239 239 239 240 240 240 240 240 238 240 243 242 241 236 123 91 124 144 148 150 147 152 152 150 156 161 159 162 165 171 172 172 177 179 184 181 178 187 183 188 189 190 190 192 192 190 189 192 191 192 189 189 189 186 187 187 183 183 184 184 187 185 179 181 180 176 180 174 178 181 172 168 168 161 163 157 158 147 145 147 144 142 137 130 126 124 116 100 86 68
239 239 239 240 240 240 240 240 240 239 239 237 239 235 180 96 120 146 146 146 147 151 150 154 155 160 152 159 168 170 170 173 173 178 177 180 181 186 189 187 192 193 190 192 187 186 184 189 189 190 187 187 186 183 182 182 186 184 185 184 184 184 181 181 186 184 177 170 174 173 176 169 166 162 162 158 160 148 144 151 141 136 134 129 124 120 120 94 89 66
239 239 239 240 240 240 240 240 242 242 242 241 241 234 225 104 120 147 140 144 151 149 149 152 155 155 155 163 159 161 168 171 171 169 175 176 180 188 183 187 183 187 188 189 187 188 188 191 187 190 188 188 187 182 181 180 181 180 181 179 178 180 178 177 179 174 181 174 175 173 168 169 165 164 162 154 155 149 147 148 141 141 135 127 130 122 113 97 90 72
239 239 239 240 240 240 240 240 237 239 239 241 238 236 226 108 112 146 147 152 149 143 156 150 149 154 156 155 155 165 165 168 172 176 175 182 183 177 184 183 180 187 191 189 190 189 188 186 186 188 185 185 184 180 179 179 178 178 183 183 181 182 178 175 171 175 174 176 177 167 170 164 164 161 159 153 150 149 150 144 147 135 136 132 126 123 114 98 63 63
239 239 239 240 240 240 240 241 241 243 241 240 242 242 234 109 94 154 146 140 149 143 146 151 150 152 159 160 158 167 168 173 176 174 180 182 186 184 182 185 181 186 189 185 190 191 193 191 185 186 182 182 181 179 179 180 176 175 177 177 177 176 172 171 178 175 174 170 170 172 166 163 162 157 155 155 151 150 151 144 144 137 133 126 128 122 106 102 65 61
239 239 239 240 240 240 241 241 239 240 241 239 242 238 238 126 107 149 147 148 145 153 147 129 137 137 152 162 150 158 171 175 175 178 176 182 189 185 190 184 192 191 188 185 188 189 189 189 188 189 185 185 186 184 185 185 184 182 180 177 178 176 172 174 167 170 161 169 166 166 165 159 162 159 153 154 152 147 146 141 145 136 136 130 129 120 112 99 75 60
239 239 239 240 240 241 241 241 242 239 241 240 238 242 237 187 92 147 144 144 137 138 108 104 93 118 110 119 152 162 158 171 182 186 189 187 191 189 193 188 188 187 184 189 191 192 189 190 187 189 186 188 189 187 187 186 189 187 184 182 184 179 171 174 162 159 150 159 153 154 153 159 154 157 148 147 149 147 145 144 141 140 138 130 135 118 112 95 79 70
238 239 239 240 240 241 240 240 242 240 241 242 237 241 241 212 83 152 144 130 143 99 119 98 97 102 95 115 140 141 170 168 176 175 183 190 189 197 197 194 192 188 190 196 190 194 195 193 192 193 199 193 191 199 191 193 192 188 186 177 177 181 174 155 155 161 130 129 137 142 159 158 153 147 145 148 142 144 142 146 137 140 135 131 131 124 108 99 71 72
239 239 239 240 240 240 241 241 240 237 240 241 244 238 207 228 88 153 127 110 88 110 85 60 54 51 78 73 44 96 103 121 148 161 177 182 184 190 198 196 197 197 195 192 197 192 191 193 197 201 189 189 198 193 198 192 180 186 169 148 128 150 136 117 103 98 114 127 118 99 128 151 154 150 144 143 138 145 145 144 145 138 127 130 128 117 100 100 68 69
239 239 239 240 240 240 241 241 239 246 240 238 240 134 124 106 92 144 121 74 66 69 60 75 50 56 37 61 44 47 45 79 83 112 114 161 172 188 198 202 212 202 204 201 197 199 208 203 201 188 200 193 192 181 159 159 133 152 133 109 105 105 132 134 122 99 88 118 66 82 90 120 126 139 143 136 135 142 139 139 139 136 127 130 127 119 98 91 74 73
240 240 239 239 240 240 241 241 242 237 243 238 241 140 142 124 98 150 97 71 75 91 97 74 62 76 87 63 45 58 83 62 73 92 83 94 128 160 181 201 201 205 203 203 199 199 193 194 199 192 185 177 172 145 121 124 81 67 58 62 64 57 61 48 64 80 79 83 87 97 105 99 102 104 122 121 134 137 134 137 131 136 132 130 128 122 98 79 76 71
240 240 239 239 240 240 241 241 240 242 239 241 239 166 143 129 101 148 98 95 78 122 110 113 116 130 107 97 90 88 73 76 66 76 80 103 107 136 177 187 190 197 196 196 195 199 198 203 197 195 194 177 155 108 109 87 91 73 66 62 77 65 72 58 60 60 70 88 79 111 86 98 81 81 84 62 120 136 132 138 136 133 132 130 130 114 92 73 81 74
240 240 240 240 240 240 241 241 241 238 241 240 241 195 144 137 115 147 120 132 132 122 131 152 155 162 173 166 159 155 119 109 86 81 88 104 110 124 143 174 182 186 197 196 194 193 196 190 198 192 184 167 133 134 128 114 100 66 86 64 61 77 71 65 65 72 91 107 110 125 121 94 110 97 75 64 73 128 135 133 137 132 133 130 132 112 91 69 79 75
240 240 240 240 240 240 240 240 244 239 239 243 236 215 148 140 136 144 142 137 141 135 155 154 163 162 167 164 162 169 149 146 138 135 114 131 127 148 159 174 174 186 188 184 195 194 193 197 188 192 182 153 161 141 113 95 93 80 108 96 124 140 161 166 167 171 145 131 122 125 127 128 125 114 111 112 114 121 138 135 135 133 133 130 131 118 93 65 82 86
239 240 240 241 241 241 240 240 241 240 243 240 241 222 150 138 141 147 145 146 148 146 145 148 153 147 151 152 151 148 150 143 140 131 129 134 148 149 164 169 171 180 185 189 189 193 189 186 184 185 181 163 148 149 134 140 144 137 139 140 149 163 169 165 173 174 173 174 153 143 141 135 144 148 121 122 116 119 133 134 139 134 130 129 129 119 93 65 69 80
240 240 240 240 240 241 241 241 241 241 243 239 241 227 149 140 151 147 147 149 146 146 135 134 104 100 128 135 128 85 69 74 81 96 104 117 127 140 147 163 166 175 179 186 191 189 186 184 179 181 172 169 159 141 139 136 131 131 125 128 126 136 143 153 156 160 161 161 160 160 147 146 146 147 141 137 127 125 136 136 136 135 133 131 127 115 96 68 78 102
240 240 240 240 240 241 241 241 240 241 240 241 241 237 145 144 147 147 149 145 141 134 118 102 109 102 64 73 97 60 51 22 28 68 60 99 108 124 132 149 159 171 178 184 188 187 187 186 175 171 160 155 143 137 126 123 106 115 141 129 82 65 65 63 98 127 127 113 137 149 153 154 152 152 146 143 139 137 140 136 136 136 133 128 123 113 90 65 82 114
240 240 240 240 240 241 241 241 241 242 239 242 240 242 147 143 151 149 149 142 136 127 122 105 79 54 71 118 175 74 83 160 99 101 84 155 112 108 119 135 146 162 175 184 189 188 187 184 178 165 164 147 130 124 122 104 167 118 113 162 67 57 23 44 57 49 61 99 108 92 110 136 149 151 148 143 141 141 140 139 137 138 136 129 126 117 90 72 82 123
240 240 240 240 241 241 241 241 241 241 241 243 240 240 159 143 150 151 156 153 133 110 101 88 78 113 109 155 197 111 71 26 32 108 114 194 185 123 116 119 140 156 172 184 192 193 190 182 169 158 149 135 131 125 138 151 124 180 204 212 100 163 27 165 81 62 127 76 69 90 112 109 134 140 142 139 141 144 141 143 141 139 138 131 129 118 86 76 94 135
240 240 240 240 241 241 241 241 241 239 242 243 241 240 165 155 154 154 155 157 134 117 117 116 110 106 136 143 191 207 103 82 81 115 194 188 182 140 140 134 134 148 163 174 180 183 182 174 164 157 146 138 133 161 150 141 157 198 220 216 132 88 44 69 76 147 172 131 91 88 91 108 124 133 140 142 150 154 148 144 143 139 138 135 131 120 86 84 102 133
240 240 240 241 241 241 241 241 243 239 242 241 242 242 168 166 154 157 159 161 146 139 137 135 126 131 140 150 150 135 140 143 137 136 135 131 115 111 133 147 134 148 164 174 176 175 174 167 160 147 143 144 156 171 129 128 133 139 156 199 214 128 90 91 135 188 156 138 119 112 114 132 133 141 146 150 156 160 155 146 145 140 137 137 132 121 92 92 119 138
240 240 241 241 241 241 241 241 243 241 243 241 241 242 192 166 155 157 161 160 154 152 148 146 144 136 146 148 152 156 150 168 166 149 156 157 153 143 143 134 132 145 161 172 172 169 166 158 151 141 151 146 150 169 165 171 171 169 170 156 146 147 130 148 145 129 117 135 125 128 146 148 147 152 152 155 160 163 161 147 148 143 137 135 129 122 98 98 124 134
240 240 241 241 241 241 241 241 240 240 244 242 241 241 225 163 153 152 161 158 159 157 154 155 153 152 148 155 152 150 144 146 142 145 148 152 149 136 138 128 136 144 157 169 171 169 166 158 148 148 143 146 142 158 166 167 167 157 155 157 159 142 157 159 140 148 133 145 146 149 149 153 154 155 151 159 168 172 167 144 144 141 135 136 132 131 114 114 127 135
241 241 241 241 241 241 241 241 242 241 241 241 241 241 240 162 158 153 155 158 159 160 159 160 160 161 161 160 155 154 151 157 159 150 154 147 141 135 133 131 137 148 162 173 169 169 162 154 148 146 145 141 140 151 163 167 163 158 160 156 150 152 153 154 149 153 156 153 159 159 160 158 160 161 164 160 163 167 166 152 149 143 139 133 132 130 131 121 123 131
241 241 241 241 241 241 241 241 242 241 240 242 241 240 242 169 156 155 159 162 162 163 163 165 167 168 170 171 166 166 161 162 159 157 154 148 140 134 130 133 141 148 158 170 172 174 163 150 147 144 143 142 142 147 158 167 173 167 168 167 166 168 167 168 169 171 169 164 165 165 167 167 164 164 164 164 163 167 165 158 147 143 140 132 133 133 132 125 121 139
241 241 241 241 241 241 241 241 241 242 241 242 241 241 242 170 156 156 160 162 162 165 166 168 168 168 172 174 169 171 165 160 159 164 155 150 141 134 131 137 139 150 162 172 172 173 161 147 144 148 147 142 143 151 161 168 175 174 175 174 173 172 170 175 177 180 179 176 174 174 171 172 167 166 164 168 163 165 162 160 150 142 139 135 137 133 130 137 132 140
241 241 241 241 241 241 241 241 240 244 241 242 241 242 240 171 160 157 159 160 163 168 169 169 173 172 176 177 172 177 172 166 162 165 156 151 143 136 135 138 136 154 171 176 174 170 159 147 143 151 150 143 145 154 164 172 172 177 178 177 177 177 176 180 177 181 179 181 178 178 172 172 169 167 165 166 162 160 157 156 150 141 137 133 135 131 127 143 141 146
241 241 241 241 241 241 242 242 241 243 241 242 241 241 241 193 162 158 161 162 165 170 171 171 173 172 176 176 171 176 173 167 165 162 157 151 144 136 139 135 139 156 172 175 176 172 161 149 146 149 148 147 148 152 163 177 178 183 180 179 183 184 181 179 184 184 178 180 178 179 174 174 173 170 166 161 160 156 154 152 149 146 140 129 130 132 130 145 153 154
241 241 241 241 242 242 242 242 243 241 241 243 242 239 244 226 158 158 163 165 166 170 172 174 177 177 179 179 175 179 175 170 168 161 159 151 143 136 139 132 141 156 169 170 173 169 161 152 146 148 149 148 148 153 165 178 184 188 186 185 185 185 184 181 189 186 181 181 182 181 177 177 178 174 168 158 159 154 153 151 144 142 134 126 124 126 128 145 153 170
241 241 241 242 242 242 242 242 243 240 242 242 242 240 243 243 160 158 163 166 167 170 173 177 179 178 177 176 174 177 171 169 167 163 160 150 141 136 133 133 142 157 168 166 167 161 156 150 141 144 148 148 147 154 167 177 182 186 189 191 189 187 192 193 190 188 186 187 190 185 181 180 179 177 170 162 160 155 151 151 148 143 134 135 132 129 134 154 144 123
241 241 242 242 242 242 242 243 242 242 244 239 242 243 239 241 167 160 162 166 169 174 176 180 180 178 173 171 170 173 167 167 164 165 159 148 138 135 127 134 145 158 167 163 165 157 151 145 137 135 142 149 148 150 164 177 185 184 186 193 191 188 194 195 196 192 192 190 194 187 185 184 177 177 170 167 161 155 148 150 143 142 134 134 130 131 138 154 89 98
241 241 242 242 242 242 242 242 242 242 242 242 242 242 242 242 180 160 161 168 171 174 177 173 171 168 174 173 171 172 169 171 166 168 159 151 139 135 133 144 154 164 165 163 165 164 157 147 135 132 138 142 146 151 167 176 184 188 188 190 191 195 193 195 197 193 193 200 193 191 187 186 177 177 171 163 160 156 150 144 138 137 132 132 133 131 154 85 72 109
241 241 242 242 242 242 242 242 242 242 242 242 242 242 242 242 199 161 165 166 172 177 170 175 173 172 171 173 174 175 174 167 171 172 163 151 133 134 138 151 164 163 164 169 170 164 154 140 135 133 134 138 141 151 169 178 184 188 191 189 189 190 193 195 190 189 188 193 186 183 180 183 180 177 171 161 155 153 148 143 139 137 134 136 133 132 160 82 120 143
241 241 242 242 242 242 242 243 242 242 242 242 242 242 242 242 203 155 165 165 173 177 169 179 171 173 169 170 171 172 175 167 172 170 163 150 126 129 139 155 168 167 171 174 168 164 162 153 141 134 129 135 136 144 168 183 185 186 191 189 190 190 197 197 195 192 188 191 190 187 182 182 182 177 171 163 154 153 150 143 137 138 133 137 129 142 158 140 160 170
241 242 242 242 242 242 242 243 242 243 243 243 242 242 242 242 218 162 168 169 174 175 174 175 173 174 172 172 172 175 178 174 172 166 163 152 127 129 141 160 170 175 177 176 174 170 161 145 144 135 131 132 133 135 166 184 185 184 188 188 190 193 196 194 192 188 183 184 188 185 177 175 180 175 171 165 157 156 152 142 138 137 128 134 133 143 138 155 157 163
241 242 242 242 242 242 242 243 243 243 243 243 243 243 242 242 240 166 164 170 172 173 175 171 177 172 174 174 176 180 177 175 169 163 161 146 127 133 146 163 170 185 184 178 177 172 158 144 142 137 139 133 132 130 160 178 182 184 186 189 188 192 191 190 190 189 185 183 186 183 179 178 178 172 168 163 157 157 152 140 132 134 139 138 133 134 145 147 157 162
241 242 242 242 242 242 243 243 243 243 243 243 243 243 243 242 242 163 161 170 172 172 172 175 174 170 176 176 176 178 173 173 165 162 159 135 128 137 148 161 176 191 190 184 183 173 162 158 145 135 144 143 137 124 147 170 178 186 187 190 189 191 190 193 188 185 182 179 182 181 180 178 179 173 168 162 157 156 150 140 137 129 137 134 133 148 162 160 164 165
242 242 242 242 242 242 243 243 243 243 243 243 243 243 243 243 241 178 166 173 174 171 171 175 174 175 178 178 176 176 175 174 165 162 159 133 136 137 142 154 179 186 184 184 185 173 157 147 145 133 144 148 139 129 142 168 178 187 188 188 191 191 189 194 189 184 183 179 183 182 182 177 176 173 167 161 158 156 149 140 134 132 140 136 136 150 154 167 168 166
242 242 242 242 242 242 243 243 243 243 243 243 243 243 243 243 242 196 164 168 173 169 174 170 176 177 173 174 175 177 180 172 163 157 156 133 142 131 129 144 167 172 172 170 165 156 147 137 137 135 144 144 134 143 151 170 182 189 187 182 191 188 185 188 186 184 187 183 182 179 181 176 170 170 165 159 157 154 146 139 134 137 137 138 154 157 166 164 166 164
242 242 242 242 243 243 243 243 243 243 243 243 243 243 243 243 241 232 162 169 173 167 172 170 176 177 174 175 174 179 176 173 166 169 155 144 141 122 112 131 152 159 161 156 146 146 134 122 117 114 141 140 133 135 154 177 185 187 190 191 191 190 189 188 186 183 182 184 182 178 175 176 171 167 161 157 154 154 148 138 142 141 142 139 159 159 158 155 154 150
242 242 242 242 243 243 243 243 243 243 243 243 243 243 243 243 242 236 164 169 168 167 169 171 171 171 172 173 176 177 176 175 172 164 159 150 130 121 127 135 137 144 147 153 146 137 126 131 136 132 121 132 144 150 177 183 182 183 186 188 188 187 185 184 182 182 182 179 179 178 176 172 168 166 164 161 158 154 147 138 142 139 138 144 146 134 131 144 212 234
242 242 242 242 243 243 243 243 243 243 243 243 243 243 243 243 243 239 164 168 170 170 169 171 169 168 173 174 178 174 175 174 162 163 156 154 158 144 124 120 140 131 140 130 135 126 140 138 121 120 143 158 157 176 175 181 182 183 185 188 189 187 185 185 180 179 180 175 178 175 174 169 170 168 166 162 157 151 146 140 139 136 141 135 116 242 241 236 238 239
242 242 242 242 243 243 243 243 243 243 243 243 243 243 243 243 243 240 165 166 175 169 171 169 170 170 173 175 177 175 174 172 170 155 156 161 153 150 146 130 142 153 147 132 138 149 154 151 153 147 166 159 169 172 183 179 176 180 183 185 186 186 184 183 182 177 178 174 178 171 171 169 172 168 166 162 155 149 143 139 137 143 146 147 153 236 237 241 242 240
242 242 242 242 243 243 243 243 243 243 243 243 244 244 244 243 243 242 167 167 173 166 170 168 168 170 171 173 173 176 173 171 163 162 160 160 161 155 152 157 155 160 158 162 152 163 170 167 162 172 160 160 172 173 172 170 172 179 183 183 182 184 183 180 182 178 179 175 179 171 172 169 169 166 164 162 156 150 143 137 136 143 144 143 229 237 243 239 236 241
242 242 242 242 243 243 243 243 243 243 243 244 244 244 244 243 244 242 172 165 169 170 170 166 168 171 169 171 170 175 172 169 166 166 162 161 163 159 158 166 160 173 166 160 163 170 174 171 163 167 173 162 173 177 172 179 174 180 183 182 181 182 181 178 180 180 181 174 176 174 175 169 167 163 161 159 156 152 147 141 136 131 151 145 239 239 241 238 243 241
242 242 242 242 243 243 243 243 243 243 244 244 244 244 243 243 243 241 195 165 169 171 170 167 169 170 170 170 170 172 170 169 166 167 170 170 164 160 161 162 174 168 161 179 171 167 169 175 173 171 172 175 170 177 176 172 176 177 179 180 180 179 178 177 178 180 179 174 173 173 173 168 166 163 160 156 153 153 150 144 132 134 145 175 238 236 242 241 235 241
242 242 242 242 243 243 243 243 243 243 244 244 244 244 243 243 242 244 226 169 171 163 169 169 167 166 169 169 172 168 170 170 174 172 169 168 167 168 167 163 170 175 175 166 170 164 177 174 172 167 174 171 179 177 180 174 179 177 177 180 181 179 178 179 178 177 176 174 171 169 168 167 163 162 161 158 155 153 148 140 137 140 141 233 239 242 239 240 242 241
242 242 242 242 243 244 244 244 243 243 244 244 244 244 244 244 242 246 242 168 167 165 167 168 169 164 168 170 170 165 168 168 172 174 171 170 171 167 163 166 171 185 168 177 173 162 179 183 174 180 173 172 172 180 182 170 183 176 173 180 173 180 173 171 174 177 174 173 174 169 167 167 164 163 158 157 156 154 151 139 138 144 140 239 242 238 242 239 240 240
242 242 242 242 243 243 243 243 243 243 243 244 244 244 244 244 245 238 243 168 170 167 166 171 164 166 167 165 171 167 168 176 176 177 173 176 173 166 163 169 171 170 174 175 170 167 172 172 176 170 175 172 182 181 181 181 184 180 181 183 178 179 175 174 173 175 171 171 172 169 168 168 166 165 160 158 155 152 148 138 137 149 146 240 240 239 243 239 240 240
242 242 242 242 242 242 243 243 243 243 243 243 244 244 243 243 242 243 243 169 167 169 165 170 166 165 168 165 165 165 171 175 170 172 165 167 167 169 169 165 172 164 176 178 181 181 177 175 168 175 169 174 172 173 172 173 170 176 178 185 173 177 169 174 175 175 171 171 172 168 166 165 165 164 160 158 155 151 146 138 132 144 186 239 241 240 240 241 240 240
242 242 242 242 243 243 243 243 243 243 243 243 243 243 243 243 245 240 244 213 170 166 167 165 165 162 166 165 165 168 177 176 172 168 159 158 163 161 158 143 145 143 145 152 162 152 143 142 141 155 161 160 165 163 169 172 179 176 177 175 179 176 173 171 175 176 173 171 170 167 165 161 164 163 159 157 155 149 142 137 135 140 227 240 241 241 238 242 241 241
242 242 242 243 243 243 243 243 243 243 243 244 244 244 243 243 242 247 243 237 168 166 162 166 164 167 165 163 172 174 176 178 159 138 122 118 124 117 119 112 124 140 139 139 139 139 139 137 134 123 127 127 134 147 133 150 166 173 175 183 176 180 170 173 171 175 172 168 166 167 168 162 165 163 160 157 155 147 137 135 145 143 237 242 238 241 241 239 241 241
243 243 243 243 243 243 243 243 244 244 244 244 244 244 244 244 243 242 244 241 165 167 169 164 168 167 167 166 173 175 175 173 174 165 154 130 112 100 113 129 128 113 105 111 107 110 110 113 112 113 143 123 125 109 118 140 154 163 179 179 179 173 174 174 172 174 171 166 162 165 168 163 163 161 158 155 153 145 135 137 146 138 238 239 241 240 239 240 241 241
243 243 243 243 243 243 243 243 244 244 244 244 244 244 244 244 243 242 243 246 212 169 164 166 166 161 165 168 170 172 177 172 178 174 165 148 138 137 134 141 158 161 160 146 139 154 162 159 146 143 140 136 153 164 176 171 177 174 174 176 174 180 177 175 174 172 169 166 162 162 165 160 159 158 156 153 150 142 134 140 142 150 242 238 242 240 239 241 241 241
242 242 243 243 243 244 244 244 244 244 244 243 243 243 243 244 243 243 242 244 244 167 170 160 165 165 166 165 171 169 169 172 174 170 163 156 148 154 145 158 166 169 164 161 171 170 168 162 145 150 153 149 155 171 179 176 178 175 180 177 174 174 175 171 172 168 166 167 163 161 162 158 158 157 156 151 147 138 131 140 145 181 237 244 237 240 244 238 241 241
242 242 243 243 243 243 243 243 243 243 244 244 244 244 243 243 242 244 243 243 242 178 159 165 161 166 165 163 167 172 168 170 175 170 164 161 159 158 157 156 154 156 158 153 155 156 157 153 152 160 164 163 171 176 172 180 178 170 179 181 173 174 175 172 166 162 169 161 163 161 162 160 159 154 152 152 140 134 137 138 143 207 242 239 240 240 239 242 241 241
242 242 242 243 243 243 243 243 243 243 244 244 244 244 243 243 243 244 240 241 241 231 162 156 169 158 164 174 169 172 170 170 174 173 169 165 163 162 161 158 158 153 137 145 141 148 150 155 163 170 172 169 173 175 173 174 177 176 179 178 175 176 175 174 168 163 164 161 162 156 157 154 151 151 151 140 137 133 140 146 137 216 240 238 243 241 242 239 241 241
242 242 242 243 243 243 243 243 243 243 244 244 244 244 243 243 245 240 245 244 241 241 181 160 160 164 168 166 169 173 170 174 169 171 171 168 167 169 166 162 159 156 147 151 147 141 154 163 170 173 174 176 177 175 174 173 173 180 177 174 177 175 173 172 165 162 157 160 160 154 157 152 153 147 146 141 126 134 140 147 146 223 243 240 238 244 240 241 241 241
242 242 242 243 243 243 243 243 243 243 243 244 244 243 243 243 240 244 243 244 244 242 238 153 157 152 161 166 171 170 172 169 165 168 170 170 172 173 171 167 163 161 148 153 152 161 168 174 171 171 173 181 180 174 177 177 171 179 175 174 176 172 170 168 166 163 157 157 154 152 151 146 150 142 140 134 126 141 143 146 142 204 236 241 242 240 241 240 241 241
242 242 242 243 243 243 243 243 243 243 243 243 243 243 243 243 244 244 242 239 244 239 238 225 154 153 158 164 165 165 168 170 170 169 170 173 176 177 175 173 176 168 160 157 159 169 166 167 173 175 178 185 181 176 180 177 174 177 175 177 173 169 170 166 165 157 156 154 150 148 145 146 142 139 135 116 140 146 143 144 145 98 242 241 239 240 244 240 241 241
242 242 242 243 243 243 243 243 243 243 243 243 243 243 243 243 240 244 241 247 243 243 242 241 157 150 154 159 167 173 164 169 173 171 171 175 180 181 179 178 170 165 174 164 168 167 170 176 176 181 185 185 181 182 184 177 179 176 176 176 170 168 170 165 161 149 151 151 148 143 141 148 138 131 129 123 147 146 143 146 144 74 135 241 239 239 237 242 241 241
242 242 242 242 242 243 243 243 243 243 243 243 243 243 243 243 242 245 244 239 240 244 240 241 238 154 152 151 163 170 171 171 173 173 174 176 180 183 181 179 175 173 168 167 160 170 169 179 180 183 188 186 184 187 184 179 181 176 176 173 169 169 166 159 158 149 148 145 144 135 136 137 128 123 130 141 147 147 147 147 142 51 100 237 241 243 244 238 241 241
242 242 242 242 242 242 243 243 243 243 243 243 243 243 243 243 243 241 242 244 243 241 243 241 243 136 148 129 162 163 171 174 174 176 177 177 179 182 180 176 170 173 170 169 165 172 175 178 186 183 187 188 188 187 181 181 181 178 178 171 170 171 161 152 149 148 145 138 138 131 136 127 117 130 145 144 149 145 148 138 141 47 80 132 240 238 238 241 241 241
242 242 242 242 242 243 243 243 243 243 243 243 243 243 243 243 243 242 241 242 242 242 239 241 214 100 140 145 154 157 170 168 175 175 172 176 182 176 185 179 180 179 176 176 178 182 181 179 179 184 186 189 184 186 185 185 178 179 173 170 169 166 160 152 144 139 139 139 132 132 122 118 124 144 144 152 148 148 144 144 138 39 86 103 238 240 239 242 241 241
242 242 242 242 242 242 242 242 243 243 243 243 243 243 243 243 241 245 242 241 241 241 242 241 121 90 108 144 139 155 165 165 171 171 169 178 180 181 177 172 184 187 189 187 188 187 188 186 187 188 187 185 186 184 184 187 175 179 174 170 164 157 153 144 141 137 132 130 127 117 111 123 138 148 149 151 146 143 150 140 129 40 97 105 188 241 240 241 241 241
242 242 242 242 242 242 242 242 242 242 242 242 242 242 242 242 243 240 244 241 243 239 239 196 111 80 108 146 135 155 159 156 164 165 168 176 178 182 178 184 193 193 195 190 191 188 191 190 196 186 188 187 185 183 188 184 174 178 176 175 165 151 144 131 132 130 127 121 113 110 127 142 146 149 152 150 151 152 149 137 127 66 97 103 117 237 235 241 240 240
242 242 242 242 242 242 242 242 242 242 242 242 242 242 242 242 240 244 241 242 240 242 239 119 102 76 115 148 154 142 151 158 162 162 166 168 173 175 184 197 200 195 194 187 193 191 194 192 190 189 185 183 188 186 182 180 176 174 166 163 155 146 142 123 129 121 115 113 117 125 145 146 149 153 149 152 152 150 137 138 110 92 96 98 110 222 241 241 240 240
242 242 242 242 242 242 242 242 242 242 242 242 242 242 242 242 246 239 240 243 242 240 146 113 98 73 110 146 147 140 145 148 159 162 161 162 164 171 183 191 194 189 189 184 192 190 194 191 193 184 181 180 174 182 185 173 172 166 160 160 145 129 127 120 112 112 109 117 135 138 145 148 147 162 151 154 150 143 147 140 51 91 103 108 99 112 238 239 240 240
242 242 242 242 242 242 242 242 242 242 242 242 242 242 242 242 241 242 240 242 236 228 116 114 94 73 81 145 157 162 144 133 144 157 158 163 156 170 178 181 186 183 183 178 182 181 187 188 180 183 180 180 179 183 173 162 160 155 150 144 134 124 117 107 104 114 124 132 140 144 150 152 157 147 159 155 152 149 142 126 56 109 104 104 104 105 221 240 240 240
241 241 242 242 242 242 242 242 242 242 242 242 242 242 242 242 240 244 239 241 244 110 119 108 106 81 45 146 149 151 162 136 133 140 148 158 147 161 166 173 176 175 175 173 174 174 179 182 183 174 172 169 163 171 174 162 164 146 139 136 118 97 98 120 125 129 138 142 143 154 156 150 151 166 157 149 149 147 141 64 92 109 107 101 105 104 117 237 239 239
241 241 241 241 241 242 242 242 241 242 242 242 242 242 242 242 242 239 243 242 185 119 118 107 104 90 34 143 153 161 164 164 136 124 136 145 140 145 149 161 161 162 165 168 170 171 171 172 170 164 164 161 161 163 164 154 145 130 118 110 120 135 134 136 135 138 142 148 152 156 153 162 162 164 153 153 155 148 114 46 115 101 108 109 104 98 110 228 239 239
241 241 241 241 241 241 241 241 241 241 241 241 241 241 241 241 243 236 244 240 120 111 115 105 103 94 30 107 151 162 165 164 168 159 131 117 132 124 127 141 147 151 155 156 152 157 156 156 155 155 146 152 158 154 143 137 118 111 121 142 141 144 142 145 146 146 147 152 152 159 162 164 164 161 158 159 152 139 65 93 115 111 110 105 109 100 106 115 239 236
241 241 241 241 241 241 241 241 241 241 241 241 241 241 241 241 241 241 240 170 122 112 110 115 108 112 44 65 150 157 164 169 161 169 171 172 161 132 107 106 115 118 122 122 120 128 131 135 130 131 132 133 129 123 120 142 151 148 150 156 151 156 150 148 151 149 150 154 155 162 163 165 161 162 158 160 146 96 57 104 116 111 110 105 109 101 105 111 163 236
