214 215 209 165 51 47 41 45 34 46 39 35 44 49 55 59 69 72 73 76 81 82 74 83 85 79 78 86 92 98 99 96 94 96 105 96 99 91 98 92 103 107 119 130 133 125 153 161 171 171 174 169 168 167 169 166 164 162 148 162 150 159 149 156 149 145 147 145 142 141 147 138 142 133 117 100 80 74 59 40 38 34 25 29 25 35 25 38 32 41
216 215 216 123 53 39 32 32 31 31 37 42 34 41 53 62 79 76 89 86 88 92 105 109 112 106 106 104 115 116 117 108 113 116 121 110 118 119 115 123 134 124 150 131 148 153 170 173 169 165 170 177 178 173 171 171 161 160 163 159 163 159 161 159 155 151 151 150 147 143 147 141 144 140 133 118 92 76 61 48 43 34 25 33 25 33 29 28 39 41
216 213 209 97 66 43 43 47 41 32 44 54 38 47 60 76 81 99 103 107 123 128 125 140 138 135 140 141 146 134 129 126 125 125 129 128 128 138 134 139 152 160 149 175 165 175 176 175 167 177 181 177 173 179 179 173 169 166 170 168 169 157 158 159 158 155 154 153 152 147 149 148 144 144 144 130 106 84 67 50 46 44 30 30 29 30 38 19 40 45
216 214 219 74 57 38 43 53 45 56 59 56 58 81 93 102 112 114 121 131 129 140 143 143 149 149 151 157 159 154 151 158 151 153 150 157 153 161 166 165 169 173 171 180 177 179 181 177 182 180 176 178 176 179 176 173 161 168 168 166 163 170 167 164 162 162 157 154 152 146 146 147 146 144 144 130 115 97 77 51 44 34 39 36 46 29 33 35 26 37
212 215 189 84 55 54 50 46 55 70 65 60 77 97 111 118 134 136 135 132 141 137 141 148 148 155 158 160 165 165 159 155 161 169 161 163 168 169 174 179 181 180 183 182 177 184 178 183 176 180 181 181 174 177 177 177 176 170 169 169 171 164 163 162 155 160 155 152 153 152 152 153 150 144 142 130 120 105 86 62 47 42 39 44 46 22 37 42 34 44
215 217 192 84 56 51 42 55 51 64 63 69 93 114 133 140 138 139 135 139 147 146 148 152 157 158 163 160 169 169 174 173 169 173 176 176 178 180 179 183 180 185 180 187 186 180 183 178 183 176 175 182 183 181 179 180 177 176 176 169 174 173 170 160 162 166 159 156 154 153 149 148 151 143 142 137 123 105 91 77 52 47 38 43 32 30 40 28 38 41
215 212 205 108 52 60 67 39 41 63 66 67 92 124 134 131 136 136 129 139 141 150 153 155 157 155 166 168 171 163 168 171 172 172 179 183 180 182 182 180 181 188 184 181 180 185 185 180 179 184 186 179 178 183 185 179 181 176 174 177 178 175 168 165 162 164 158 160 158 157 153 151 151 144 145 145 129 111 95 85 64 44 59 55 45 59 41 39 45 46
217 215 207 81 48 44 57 51 48 64 66 77 105 131 126 134 127 135 136 137 148 149 158 161 157 158 164 170 171 173 176 177 175 184 175 182 183 181 184 185 188 186 185 186 187 180 183 189 183 181 184 183 185 182 182 178 179 176 176 175 178 175 172 167 161 161 156 162 160 159 155 153 152 147 147 149 136 122 101 85 61 63 67 49 43 48 47 41 46 57
215 216 201 82 50 51 52 47 45 69 69 81 106 128 135 130 138 136 136 139 148 147 153 161 162 165 169 171 175 172 179 180 180 183 183 184 184 184 187 186 187 188 187 187 187 186 185 186 188 184 184 183 185 183 185 182 180 182 179 175 177 177 172 168 163 168 160 167 165 163 155 154 150 140 140 146 141 131 108 80 62 65 60 52 47 39 55 43 44 48
217 215 211 91 58 54 57 51 44 61 67 91 113 132 128 130 136 135 136 139 149 150 156 163 163 166 168 173 174 177 182 184 184 185 184 186 186 185 186 186 188 190 190 188 189 188 186 185 183 178 179 179 183 183 185 183 179 179 176 176 178 178 172 166 157 165 164 162 160 164 157 155 145 141 143 144 145 139 109 82 80 79 61 67 49 52 54 49 44 50
213 215 199 83 55 60 53 55 49 59 74 90 117 128 128 133 134 137 139 141 151 154 158 163 165 169 167 174 174 181 184 186 184 183 182 187 188 186 187 188 186 190 189 187 188 189 186 183 185 184 186 182 180 177 181 182 180 179 179 177 173 172 171 170 166 164 164 161 162 163 152 151 148 144 146 141 147 144 114 94 79 69 64 58 59 47 51 48 46 51
221 211 206 83 58 61 65 54 46 65 86 97 119 127 128 127 134 141 144 146 153 157 159 161 166 169 167 172 174 179 182 182 182 183 182 185 186 185 187 188 183 186 187 186 188 188 185 183 185 184 187 184 181 177 182 183 181 178 179 178 172 170 172 172 171 163 162 163 166 162 153 152 144 140 141 139 143 139 120 101 81 74 71 61 68 55 52 59 62 64
213 217 212 98 64 57 51 53 51 76 81 100 109 128 129 129 131 141 147 150 155 160 160 161 164 166 167 169 174 175 180 178 182 185 184 184 183 183 186 186 184 185 186 188 190 187 184 185 184 180 181 180 182 181 182 180 180 175 177 179 177 174 172 169 167 165 163 165 164 157 154 150 140 139 141 143 147 143 132 103 88 84 82 63 73 54 42 47 56 59
215 218 212 130 63 62 51 55 50 70 78 106 119 129 128 123 127 140 146 150 154 160 161 163 163 163 166 168 175 174 179 178 181 185 185 184 183 183 187 186 185 185 186 189 190 186 184 186 185 181 183 181 182 179 180 178 181 178 177 177 175 172 170 167 168 164 159 166 163 154 152 148 141 139 138 138 142 141 136 101 90 88 74 66 66 70 56 64 57 63
215 217 210 127 73 63 56 57 57 64 77 101 123 126 128 127 130 141 144 148 152 159 160 162 162 163 164 170 173 172 177 179 178 181 182 184 184 183 186 186 184 186 186 188 188 186 185 187 182 182 186 183 181 178 182 182 182 181 178 175 172 169 167 169 168 160 157 167 164 160 155 154 147 143 139 134 139 137 137 117 94 85 89 78 78 71 66 57 50 55
215 217 210 128 71 67 65 55 57 62 79 105 122 128 124 129 135 143 144 146 150 158 157 160 161 162 161 170 170 170 172 177 178 178 179 183 184 180 182 183 182 185 186 186 186 186 186 187 184 182 184 181 180 176 179 179 179 180 176 174 175 173 168 167 168 166 168 168 159 165 157 156 145 138 137 132 138 131 133 133 106 90 89 82 63 68 72 66 61 61
218 215 212 140 92 63 62 56 59 69 82 95 125 132 128 130 133 138 146 147 149 155 155 151 153 162 163 164 168 174 171 175 180 176 178 176 182 181 181 184 184 185 182 183 187 187 186 184 184 180 183 177 177 179 181 178 178 172 170 175 168 171 170 165 165 163 168 165 161 159 161 155 145 141 135 132 135 129 129 126 121 99 91 88 78 58 50 70 62 54
211 216 217 197 83 69 68 61 61 69 75 104 119 127 125 130 133 139 144 146 148 154 157 156 152 165 159 166 170 172 176 175 174 175 180 177 181 181 180 182 178 184 184 184 185 184 185 185 179 172 172 174 174 178 177 176 173 167 174 169 168 168 167 162 164 163 166 163 160 157 156 151 150 144 134 132 135 128 129 132 122 100 95 80 73 61 65 63 56 55
219 217 213 194 89 71 68 70 63 66 71 105 114 125 124 129 130 137 140 146 149 151 158 157 154 162 157 163 166 165 168 167 172 173 174 168 171 175 177 179 177 179 175 175 179 178 176 172 177 175 175 176 171 175 172 172 166 164 173 166 168 171 167 165 167 167 165 163 158 157 155 153 150 146 132 129 132 132 133 139 130 120 95 77 72 63 62 66 61 53
212 218 213 209 102 66 74 53 57 61 78 102 119 125 125 127 127 136 138 147 152 150 156 154 154 155 159 160 164 167 164 168 169 170 174 170 174 175 174 173 174 178 176 176 175 172 175 178 174 175 175 172 168 172 168 167 177 174 170 165 161 168 166 170 162 166 165 166 162 160 152 151 154 154 137 128 128 133 132 135 126 129 111 92 70 67 63 48 58 53
218 214 219 211 113 66 68 49 50 64 82 107 127 124 125 126 129 137 138 148 155 151 154 151 155 153 160 161 165 167 164 169 172 171 173 168 171 172 175 179 178 180 179 180 177 171 174 180 178 173 171 168 175 178 176 174 174 176 172 177 172 168 165 162 161 163 160 161 158 157 152 152 153 156 140 131 129 133 132 132 131 129 119 104 83 60 62 56 67 52
215 219 213 206 155 64 63 47 55 71 76 110 127 122 126 125 130 138 139 147 153 151 152 151 155 156 158 161 165 163 167 166 164 169 178 177 178 174 173 176 178 177 175 179 179 173 173 175 181 172 170 167 175 175 175 179 179 178 175 177 176 166 173 169 164 161 157 158 157 157 154 153 149 148 139 135 132 131 132 132 119 134 126 114 96 73 60 53 64 62
216 216 217 213 170 72 59 56 60 73 84 113 121 123 124 123 128 136 140 143 150 151 150 152 154 155 159 161 166 168 174 174 173 175 178 174 178 179 179 179 171 176 177 179 179 175 177 181 182 181 179 175 177 178 176 180 180 180 184 185 179 169 173 167 164 158 159 162 163 160 154 144 148 144 141 137 131 126 128 124 128 126 119 124 97 81 64 53 54 49
215 217 215 213 182 73 57 50 54 70 107 120 117 126 120 121 125 134 141 142 148 151 148 153 156 152 163 159 163 170 171 174 177 176 175 170 178 183 179 173 181 182 177 176 178 178 176 172 174 182 180 175 177 186 179 174 178 180 185 188 175 175 174 172 170 157 154 154 157 156 154 143 144 143 143 136 130 126 130 121 128 130 125 122 115 96 71 52 54 51
217 215 217 215 205 85 60 50 55 81 116 121 122 124 121 122 126 133 135 138 147 144 146 149 153 154 153 168 165 174 176 179 179 177 169 182 180 182 176 180 177 181 181 178 180 182 180 178 177 185 185 185 183 184 185 187 187 191 191 184 178 172 183 173 180 164 165 157 153 144 152 149 142 140 139 137 139 125 128 121 129 123 123 127 119 93 73 53 56 56
216 215 217 214 193 87 49 56 61 89 121 121 120 125 121 123 122 127 135 137 138 142 145 150 157 166 163 163 175 173 177 178 172 175 174 180 180 179 181 181 181 180 179 182 186 186 183 182 190 175 189 187 169 191 194 180 183 195 187 184 182 173 182 161 158 142 141 133 118 142 147 151 143 138 136 131 129 126 126 124 127 127 126 122 117 98 80 59 67 62
218 214 216 217 197 115 49 53 60 97 121 121 120 124 124 123 124 134 128 140 138 139 151 155 159 168 168 173 176 179 176 176 186 179 183 179 179 178 184 186 183 183 185 187 187 186 185 187 188 190 196 191 189 184 193 185 172 179 177 157 136 126 128 135 120 128 111 102 99 110 126 141 145 135 130 133 125 119 121 125 122 127 126 120 118 100 79 60 63 55
215 217 216 213 208 115 58 52 56 101 119 124 122 121 126 123 125 126 134 134 117 138 149 155 165 165 179 176 181 174 177 187 182 177 183 179 176 181 186 189 183 186 188 186 184 186 188 188 194 188 198 191 176 185 169 136 126 119 92 89 79 75 81 93 109 105 115 103 114 100 100 100 128 132 128 130 125 123 129 120 121 123 122 120 120 99 77 65 65 62
218 214 219 217 209 146 53 54 59 100 123 125 122 119 122 124 121 134 126 114 109 126 128 128 141 164 171 160 173 172 170 166 172 175 167 176 172 183 191 185 185 184 184 184 185 189 191 188 195 196 189 174 141 121 92 78 64 79 69 76 70 78 73 77 81 95 98 104 97 100 90 96 110 99 103 121 129 120 121 123 122 121 119 118 119 98 79 75 61 67
214 218 218 212 220 199 67 58 63 93 128 122 120 121 118 126 124 131 101 94 100 101 116 116 118 142 122 108 95 103 116 116 122 137 129 159 155 159 181 186 188 182 183 186 185 185 188 188 185 191 183 142 108 72 82 62 64 67 70 78 73 84 72 90 117 151 142 153 143 137 105 87 102 87 90 103 120 123 117 119 121 120 120 118 118 97 77 73 64 76
216 212 217 215 214 200 121 54 62 88 126 120 121 121 119 123 122 76 67 69 83 100 108 96 96 86 69 74 69 69 78 77 79 79 82 118 143 159 173 181 186 181 183 187 183 181 183 183 189 175 129 126 85 96 80 80 71 92 92 89 103 141 169 179 172 172 189 168 165 156 158 142 123 110 94 106 119 120 120 125 120 118 121 119 116 94 71 66 61 74
216 218 215 217 216 208 113 60 61 91 123 121 125 117 124 115 87 74 95 92 107 108 98 92 57 76 77 75 57 74 60 66 68 63 80 78 101 135 152 175 182 178 179 182 182 184 183 175 173 169 119 105 115 112 123 126 137 147 166 165 175 184 184 188 180 181 176 175 168 157 162 161 135 144 107 111 114 117 130 122 122 116 119 119 115 91 70 68 64 76
219 213 217 216 214 212 110 63 70 81 121 123 123 120 111 77 75 102 129 153 161 162 162 173 131 114 99 91 68 85 110 98 89 77 81 89 108 129 153 172 176 178 176 180 180 177 179 179 168 163 150 150 148 163 167 168 167 164 170 164 161 160 162 166 166 172 167 171 170 166 170 162 160 161 152 134 119 122 128 124 121 121 120 117 117 94 78 64 58 67
216 216 217 219 216 212 165 62 75 79 120 120 123 125 105 81 97 129 152 145 154 147 171 173 179 181 187 178 176 169 161 149 161 156 158 145 146 138 143 160 166 172 174 181 185 182 176 169 169 153 157 161 164 171 173 173 152 144 169 151 132 107 117 142 167 169 145 128 160 166 162 166 164 158 156 148 135 131 126 125 126 127 122 118 120 83 73 61 57 76
219 216 220 217 216 215 199 69 80 73 112 119 123 124 107 113 134 150 141 153 162 171 168 173 167 179 168 162 157 147 146 142 147 157 163 164 158 155 149 152 159 168 170 174 180 181 179 176 164 157 160 159 175 172 161 121 158 107 96 92 99 27 33 83 57 64 128 156 137 109 165 168 167 164 156 162 152 141 134 128 125 126 119 118 118 79 67 59 52 87
215 218 216 217 220 218 211 91 66 73 109 118 122 128 116 123 136 143 147 159 161 163 165 151 140 172 177 139 84 80 62 81 120 156 116 158 162 157 153 147 155 166 172 176 181 179 173 169 166 162 159 167 168 164 141 158 114 194 175 150 166 38 166 94 114 122 88 74 128 138 144 157 167 161 160 159 152 151 134 130 125 122 117 119 115 85 64 57 70 108
216 223 216 217 215 215 211 88 69 74 98 123 128 122 119 127 138 147 154 160 161 138 130 151 146 68 64 58 23 25 91 126 163 119 136 154 142 155 156 150 151 158 167 177 184 180 167 159 157 147 161 164 166 140 162 127 178 209 198 157 112 25 33 96 127 155 169 115 54 118 144 157 163 167 158 160 157 151 143 131 125 121 115 116 112 83 62 50 101 124
217 213 213 219 215 218 214 86 63 73 94 117 121 123 131 131 139 149 155 159 123 123 141 82 67 133 125 95 187 31 192 162 169 207 157 137 161 147 160 149 146 151 163 172 178 177 167 159 154 157 157 163 166 166 177 174 193 217 210 131 147 98 107 133 120 165 174 123 103 91 141 157 163 162 167 163 163 158 141 134 125 124 116 113 115 81 66 62 128 140
214 133 134 122 111 113 96 85 63 56 88 121 125 121 127 137 140 146 157 147 133 125 60 104 159 155 149 119 25 23 113 153 202 206 180 155 151 166 150 154 144 149 164 171 172 172 163 153 150 152 156 171 181 136 201 143 182 196 204 209 130 153 134 139 168 150 151 131 136 129 143 151 157 163 164 162 166 154 144 131 127 127 121 118 119 92 70 102 139 151
137 141 142 145 142 138 131 128 84 60 93 120 125 127 127 138 138 147 148 148 123 66 116 130 165 181 116 142 139 121 136 146 214 214 184 139 176 161 157 152 146 146 159 164 166 172 165 151 147 153 155 161 179 165 172 163 162 157 164 163 157 150 155 152 175 141 162 151 147 146 162 159 157 163 168 159 166 158 147 133 124 123 122 119 114 102 63 133 150 159
143 135 121 134 150 149 141 148 114 63 94 121 121 128 130 138 141 144 158 150 123 119 136 152 142 172 189 143 134 128 165 187 172 155 157 166 163 160 150 151 142 141 150 168 166 164 158 148 140 150 148 154 170 176 186 188 180 181 164 155 161 146 157 170 161 176 170 159 157 164 159 165 167 162 163 162 164 163 149 140 132 127 123 121 118 112 76 130 149 145
134 89 104 131 137 137 156 149 141 83 105 124 124 123 132 143 148 152 147 141 141 136 131 143 141 147 164 153 163 150 184 187 180 168 179 186 179 149 145 144 133 145 153 154 151 157 155 141 137 145 153 153 163 162 174 167 163 177 185 175 176 173 179 179 180 177 175 157 161 156 161 162 161 160 163 159 160 163 153 147 133 128 128 123 118 115 80 129 143 165
119 108 126 122 138 150 166 147 155 131 109 126 126 123 133 144 146 146 148 150 154 152 141 138 135 143 164 167 165 145 166 167 166 168 165 156 156 143 149 131 135 138 155 153 155 159 148 146 137 141 146 154 151 158 172 171 172 155 161 162 171 176 177 177 173 174 170 162 169 167 161 164 160 160 162 159 161 163 150 141 138 133 129 118 123 119 81 135 91 134
114 116 130 129 141 155 175 174 143 147 116 119 134 125 140 146 146 142 152 156 151 155 158 153 156 165 176 178 178 178 169 167 155 160 158 165 154 137 138 133 129 142 149 155 165 160 154 140 137 133 135 152 149 151 161 170 177 167 173 164 162 167 172 174 173 169 179 173 173 171 169 155 162 159 160 157 159 159 146 138 136 123 130 125 125 117 92 140 110 90
111 119 132 127 135 149 163 158 140 140 117 123 118 133 134 150 145 148 151 152 156 160 158 162 156 168 179 177 170 172 160 158 159 168 160 154 138 139 136 131 133 142 150 154 165 162 151 141 144 133 136 141 155 146 158 169 181 179 181 180 182 181 181 180 180 186 182 180 173 175 161 160 161 157 158 155 154 153 146 147 141 134 133 121 127 121 114 167 127 97
114 111 133 124 142 141 141 138 124 124 121 122 127 131 132 138 144 150 151 153 164 164 157 163 168 162 165 164 164 163 175 172 171 165 154 147 144 145 135 128 135 151 146 156 163 154 160 148 141 137 134 131 147 144 153 164 162 181 185 178 176 182 189 185 187 179 187 178 175 166 169 162 163 157 158 156 154 151 144 146 134 125 129 124 124 121 129 148 135 106
127 103 144 123 129 137 143 137 153 138 125 126 126 129 137 144 151 151 154 156 162 163 161 166 167 162 171 172 177 167 173 169 169 162 153 146 142 138 133 132 130 150 156 153 153 161 160 149 137 145 142 140 144 149 148 155 164 171 176 181 177 171 176 181 179 182 178 175 170 170 161 164 163 158 160 158 155 151 141 140 136 130 124 119 125 121 139 143 133 116
120 96 153 127 126 146 152 158 153 105 118 125 128 124 139 146 152 153 156 161 166 164 158 162 170 170 176 168 178 177 166 172 157 158 150 149 141 136 133 134 131 148 156 163 160 160 155 148 135 142 144 135 139 143 149 157 165 164 169 175 174 177 178 176 173 178 173 172 163 174 166 165 158 157 161 157 152 149 143 145 139 130 126 128 124 118 151 149 147 115
116 90 147 127 128 146 168 158 131 105 117 127 125 135 137 138 151 157 154 160 158 166 162 165 166 171 166 173 171 173 173 164 158 152 146 150 141 136 135 134 134 136 148 151 158 149 148 144 129 138 141 137 140 146 151 160 162 167 168 173 176 176 172 174 182 174 173 171 164 167 169 160 162 157 153 164 154 150 144 141 141 133 122 127 124 119 155 154 151 118
130 90 123 129 127 157 170 152 133 107 121 128 127 134 137 144 150 155 159 157 159 159 162 165 166 168 168 171 173 171 171 161 159 156 150 143 144 139 138 129 125 135 143 154 148 146 137 136 131 135 138 139 142 147 151 161 161 164 167 165 173 171 173 174 175 173 175 175 169 169 170 162 162 162 164 155 143 155 149 145 141 133 127 125 120 118 158 150 145 117
153 105 108 124 135 165 161 152 130 111 126 126 125 131 134 143 149 153 159 156 161 158 163 166 167 168 173 170 168 162 163 159 155 152 151 144 138 133 137 130 120 125 131 142 148 150 140 131 127 129 134 142 141 146 151 161 164 167 167 168 170 172 172 173 172 170 167 171 174 174 173 163 164 164 157 165 157 152 150 142 145 133 126 122 118 121 163 144 126 111
155 135 100 121 141 171 153 141 126 118 134 125 124 133 135 140 150 151 153 156 161 163 164 167 172 172 176 171 165 160 161 163 159 151 146 148 137 141 140 125 112 125 139 141 142 139 137 133 123 120 127 140 139 147 151 158 164 161 170 165 177 167 171 166 171 175 170 169 167 165 169 168 168 162 159 158 155 158 149 143 140 130 121 134 125 118 154 112 110 107
217 146 117 131 130 160 154 137 124 121 135 127 124 132 135 140 149 150 151 155 162 165 166 168 170 168 167 167 163 165 163 163 156 152 145 146 138 138 130 116 123 132 140 147 150 152 140 128 135 123 122 129 132 146 157 166 169 166 169 175 178 175 173 172 175 174 166 166 170 169 170 168 165 162 158 151 149 156 151 146 139 134 130 122 127 118 103 105 134 136
223 180 135 126 137 177 150 132 125 123 132 132 125 128 134 141 148 151 156 155 163 163 167 167 163 164 163 167 163 166 163 161 158 158 154 151 147 125 119 125 130 140 151 152 155 153 149 141 129 120 124 127 126 133 147 159 171 163 169 167 176 168 174 171 170 173 174 171 170 168 168 172 161 159 150 157 159 152 152 146 138 135 126 128 126 124 140 151 153 150
217 216 131 135 129 163 142 124 118 121 129 140 128 129 137 143 145 152 157 156 160 161 163 162 163 167 167 170 168 167 168 162 160 155 152 148 138 116 118 129 139 149 161 154 154 148 152 149 144 131 130 124 121 122 145 166 169 168 170 174 171 175 176 175 179 174 175 172 171 172 164 163 161 156 157 151 156 161 151 149 139 134 127 128 126 130 157 167 163 156
220 217 164 139 135 159 146 128 100 111 122 139 126 130 139 140 142 152 152 157 155 163 158 157 163 166 164 166 171 168 171 160 154 158 161 149 115 113 131 136 147 158 161 165 157 160 155 154 145 129 131 127 129 121 135 151 161 165 173 175 175 178 181 177 179 172 176 171 170 173 167 169 155 161 158 154 156 155 155 148 143 132 127 125 126 133 159 158 161 153
217 220 215 141 142 146 163 162 143 131 120 113 126 130 135 139 147 149 149 154 155 156 164 155 165 170 164 174 173 165 167 167 164 160 157 134 120 122 127 142 151 166 171 165 160 160 163 161 155 132 133 135 131 126 117 138 149 163 164 168 180 177 174 180 174 174 176 176 173 170 170 169 163 161 161 157 153 154 154 152 142 134 130 127 129 141 137 144 152 151
220 222 220 138 152 152 154 164 153 151 146 139 126 133 138 140 147 145 152 152 158 153 164 157 165 167 163 170 169 171 165 165 163 152 149 116 119 123 136 142 157 171 181 175 170 171 173 164 157 147 140 139 137 133 129 134 136 160 171 172 176 180 178 171 176 171 171 173 168 163 164 168 167 161 160 156 157 156 153 143 141 139 129 132 130 139 151 144 147 147
218 217 214 212 146 150 155 153 163 160 165 153 127 127 142 142 145 144 149 154 154 155 161 162 167 164 171 163 172 172 167 165 159 154 132 117 131 129 135 133 156 168 178 174 167 168 173 159 155 151 149 144 142 139 135 121 136 150 167 177 175 174 176 172 177 173 173 174 170 165 165 167 166 158 157 155 155 154 150 137 140 143 130 138 132 163 163 155 152 152
219 222 219 218 154 151 154 152 160 159 157 160 123 128 136 143 144 144 149 155 153 159 161 166 166 168 174 170 168 174 166 169 164 151 134 121 131 144 136 139 138 161 166 170 168 164 163 153 154 153 163 163 163 140 136 127 142 155 169 178 177 178 180 175 172 172 173 173 170 168 165 160 164 159 157 160 154 153 151 143 143 139 135 127 131 157 155 155 145 146
218 218 218 217 218 148 145 150 151 151 154 153 136 127 135 139 145 144 151 150 155 157 162 164 165 167 177 169 176 169 172 170 160 143 136 132 139 157 153 123 78 155 170 161 158 168 169 156 87 64 145 165 170 157 134 135 144 161 172 180 183 180 178 177 175 175 174 173 172 171 168 162 161 160 157 164 154 152 150 148 141 141 140 136 130 161 177 188 212 213
218 219 222 219 219 213 143 146 140 151 149 152 138 133 135 141 144 146 147 149 150 154 157 159 163 170 168 174 174 177 174 171 166 155 145 132 132 146 115 107 108 132 149 163 153 159 156 124 130 118 133 132 158 145 134 138 150 166 173 178 182 177 175 180 178 172 169 168 166 165 164 162 158 159 155 163 156 151 148 147 149 140 134 137 142 214 218 215 215 215
220 219 213 221 220 219 211 142 138 146 153 148 149 129 138 141 143 148 141 151 146 152 152 157 163 168 168 168 176 177 177 169 163 150 143 148 124 137 141 142 147 148 138 128 141 150 146 151 156 167 162 142 142 129 134 149 161 176 176 172 176 180 180 176 178 174 172 170 166 165 165 164 156 161 158 160 160 152 152 149 146 138 147 131 161 216 219 216 217 217
220 219 221 219 217 219 217 207 141 145 154 158 158 130 133 136 144 147 142 149 151 147 154 158 161 170 168 168 168 178 173 167 167 163 153 149 147 136 114 105 130 139 159 142 149 157 153 161 154 138 123 126 138 148 154 166 173 171 168 172 178 175 173 171 171 174 174 170 165 166 164 159 152 160 159 153 159 150 155 152 148 142 137 139 195 216 214 216 217 217
220 220 219 219 219 219 219 219 214 152 146 148 150 135 133 139 143 145 146 145 143 152 154 154 158 158 165 170 171 173 172 165 158 158 157 153 153 148 142 138 136 152 166 160 166 155 169 176 161 144 147 140 154 159 164 167 170 170 172 171 171 177 178 172 174 173 173 171 171 164 162 153 157 155 156 158 155 151 152 153 147 145 143 137 205 216 218 217 217 217
220 220 219 219 219 219 219 219 217 219 221 216 219 130 138 140 145 146 146 145 143 150 151 155 158 160 162 166 170 170 165 162 160 156 160 161 154 153 152 144 143 163 175 173 171 167 182 174 159 159 162 157 159 158 164 164 170 169 169 171 173 171 170 171 172 173 169 169 168 166 162 158 155 153 153 154 152 153 155 155 148 146 143 136 219 217 214 216 217 217
220 220 220 219 219 219 219 219 222 221 218 220 218 140 138 140 147 147 145 144 143 147 146 154 156 159 159 161 167 164 158 158 155 156 151 154 151 154 147 146 157 169 169 174 180 176 178 180 164 157 157 151 162 164 166 166 169 168 166 168 171 169 169 173 171 173 165 166 164 163 158 157 154 153 153 152 152 156 157 155 146 146 140 135 218 217 216 217 217 217
220 220 220 219 219 219 219 219 218 219 220 222 222 191 132 138 145 146 143 143 144 145 144 154 154 156 157 159 161 158 155 157 156 158 157 150 157 153 154 156 154 171 174 168 173 176 171 177 175 172 160 160 156 158 158 165 163 164 166 167 166 168 171 170 171 171 163 165 165 159 154 156 155 153 154 155 156 158 157 154 148 144 139 148 212 216 218 219 217 217
220 220 220 220 219 219 219 219 218 220 223 216 216 215 135 138 143 144 142 143 144 145 143 153 152 152 156 159 155 154 156 156 153 157 157 160 151 157 159 164 166 175 181 178 176 177 178 174 168 170 166 162 164 155 167 166 163 162 169 173 168 169 172 167 169 168 164 166 171 160 156 158 154 152 153 156 158 157 156 153 152 146 141 163 217 216 216 218 217 217
220 220 220 220 219 219 219 220 223 215 221 222 219 223 138 140 143 145 144 143 141 143 139 145 150 149 154 156 150 150 154 154 151 158 152 159 152 160 154 160 170 172 167 168 163 158 168 171 171 162 169 153 161 162 168 165 166 161 168 173 167 167 171 169 168 166 165 166 170 159 157 156 152 150 151 155 157 157 156 155 147 150 141 162 219 218 218 216 218 217
220 220 220 220 220 220 220 220 220 220 219 220 220 217 141 139 143 145 145 143 139 142 139 140 146 148 151 150 148 149 152 153 158 164 162 155 167 162 160 165 169 179 178 171 161 167 168 179 172 167 169 169 152 167 164 175 166 165 167 169 167 166 167 168 167 167 165 164 164 160 157 152 151 151 154 156 157 158 158 155 145 150 141 169 215 219 219 216 218 218
220 220 220 220 220 220 220 220 220 221 219 219 220 222 189 140 140 143 145 144 140 146 144 143 145 150 149 147 150 151 151 154 157 166 162 169 157 166 165 176 167 153 170 179 170 185 158 160 175 175 171 184 171 152 168 163 168 178 178 175 176 174 167 165 167 169 165 164 160 163 160 152 151 154 158 158 158 160 159 154 152 148 143 194 217 216 216 219 218 218
219 220 220 220 220 220 220 220 219 219 219 222 220 219 222 140 143 145 144 141 148 141 143 146 140 148 146 147 147 153 155 160 159 161 167 164 169 167 143 169 169 152 151 150 141 150 157 152 158 163 168 167 166 170 172 168 173 173 173 172 180 177 170 163 170 173 165 161 161 160 159 153 150 155 156 159 161 166 160 156 154 146 137 176 212 216 217 218 218 218
221 221 220 220 220 220 219 219 219 223 220 219 219 221 217 139 141 143 145 144 144 140 146 142 142 147 146 147 151 157 161 167 171 167 159 155 147 151 153 153 144 156 137 122 134 140 147 153 153 148 149 153 152 152 155 168 170 165 167 171 174 170 173 177 173 174 168 162 160 157 155 151 152 158 156 162 165 164 162 157 148 148 135 195 218 217 219 217 218 218
221 221 221 221 220 220 220 220 220 220 218 222 221 221 222 183 137 145 139 148 146 145 137 149 146 148 149 148 153 157 161 165 165 159 154 141 137 140 140 141 146 128 131 137 141 139 142 141 148 139 142 143 139 137 137 139 136 140 150 157 168 175 179 174 170 170 167 161 159 158 155 157 155 155 158 160 166 163 159 158 153 144 134 193 214 220 216 218 217 217
221 221 221 221 221 221 221 221 222 219 217 223 219 216 222 219 141 142 148 141 146 147 151 142 144 148 152 150 157 159 162 160 145 121 117 124 104 96 81 90 95 114 142 139 136 138 137 111 82 94 98 107 94 118 115 99 129 122 123 137 165 178 181 178 175 171 169 162 158 156 153 159 157 154 162 158 164 165 157 158 152 140 136 181 213 218 216 218 217 217
221 221 221 221 221 221 221 221 222 223 220 220 219 220 219 220 166 150 139 143 148 150 151 142 140 145 152 152 160 166 169 163 154 146 137 118 126 123 128 124 129 126 110 117 119 95 116 122 131 143 137 136 130 136 137 123 127 142 155 164 181 182 182 187 179 174 170 162 158 157 154 160 157 160 165 162 167 165 159 154 139 146 137 178 218 214 221 217 218 218
221 221 221 221 221 220 220 220 219 222 222 220 222 225 221 220 217 141 152 147 148 153 148 146 141 146 152 154 159 166 168 162 161 151 146 144 117 139 142 145 142 152 142 144 147 133 145 141 160 177 156 133 142 144 139 128 145 159 164 164 180 185 183 181 177 173 167 161 160 160 160 164 156 167 164 168 169 160 158 146 141 149 136 172 212 217 218 218 218 218
221 221 221 221 221 221 221 221 221 220 221 220 221 219 218 221 223 193 148 151 149 151 155 142 145 147 152 157 158 163 162 157 145 151 157 150 131 140 130 136 155 158 149 151 171 169 154 155 155 157 136 139 140 144 132 150 160 159 163 169 177 175 179 185 178 174 164 160 162 163 164 164 160 168 166 169 165 156 149 141 149 146 136 171 208 219 215 218 218 218
220 220 221 221 221 221 222 222 222 219 221 221 222 220 221 221 220 220 156 150 150 150 152 144 145 146 151 161 160 164 161 158 148 153 149 148 153 139 145 149 153 155 146 152 162 157 150 149 145 148 155 136 139 147 154 163 163 161 170 175 175 175 181 178 176 173 161 160 164 165 167 164 168 166 171 167 160 157 140 142 143 144 138 183 218 214 220 216 218 218
221 221 222 222 222 221 221 221 221 221 221 221 221 221 221 221 220 223 219 150 139 148 149 149 146 146 149 153 158 159 154 157 152 145 152 157 153 159 163 153 166 157 149 152 153 155 160 152 156 154 152 152 154 159 164 167 164 171 173 170 169 173 175 174 170 168 162 161 166 167 165 166 168 168 167 162 157 146 138 151 149 145 138 151 211 217 217 217 218 218
221 221 221 221 221 221 221 221 221 221 221 221 221 221 221 221 221 225 219 220 156 154 145 147 149 147 146 149 150 154 154 154 155 150 151 155 156 159 161 158 167 162 156 156 150 144 147 147 152 156 163 168 172 173 171 169 172 175 174 171 170 173 172 169 168 166 164 165 168 168 166 166 166 169 165 154 149 148 148 156 149 141 138 111 183 220 216 218 217 216
221 221 221 221 221 221 221 221 221 221 221 221 221 221 221 221 221 219 220 222 220 159 147 150 148 144 142 151 150 154 153 148 153 155 154 155 159 158 162 172 171 169 158 150 147 148 150 148 152 161 171 175 174 171 170 170 173 174 173 171 170 171 171 169 167 164 165 167 168 169 168 166 165 167 159 150 146 147 151 150 155 140 138 106 112 157 215 216 218 216
221 221 221 221 222 221 221 221 221 221 221 222 222 222 222 222 223 224 221 222 222 220 187 143 150 144 139 149 150 154 155 154 150 154 151 149 150 148 151 162 160 169 166 157 155 155 156 158 159 166 172 171 167 165 168 171 169 171 172 172 170 170 172 173 168 164 166 168 168 169 169 166 165 161 153 154 154 155 159 153 156 141 139 101 79 140 174 216 219 217
220 221 221 221 221 221 221 221 221 221 221 222 222 222 222 222 220 220 223 219 218 224 220 211 146 146 144 150 152 156 156 157 157 156 154 152 153 154 154 155 155 160 160 160 161 154 152 161 163 164 164 164 166 167 168 168 171 172 173 173 173 172 173 174 169 165 167 170 170 170 169 165 160 154 150 155 156 155 159 155 153 152 137 110 45 126 176 209 216 215
221 221 221 221 221 221 221 221 221 221 222 222 222 222 222 222 222 221 221 224 224 219 221 218 147 145 151 152 153 156 157 158 157 156 156 155 155 157 159 156 163 163 161 160 164 163 158 163 166 165 164 164 166 169 170 170 175 173 172 174 176 177 175 171 167 166 168 171 171 169 165 161 157 158 161 164 162 161 162 158 157 149 141 121 36 143 184 182 217 217
221 221 222 222 222 222 222 222 221 222 222 222 222 222 222 222 222 225 218 225 220 220 220 222 179 149 149 148 147 149 156 160 162 164 164 162 160 159 160 163 165 174 178 172 172 174 172 173 173 174 173 172 172 174 176 177 177 175 174 175 178 179 175 170 167 168 169 170 169 165 159 157 155 157 164 167 166 166 163 161 165 148 142 126 33 170 196 185 212 220
221 221 221 221 222 222 222 222 222 222 222 222 222 222 222 222 223 220 224 220 221 220 224 221 213 152 148 150 148 143 149 152 167 168 165 165 168 166 166 173 175 174 174 169 171 176 175 178 177 177 177 177 179 180 178 176 178 179 178 177 178 178 174 169 169 172 170 168 167 161 155 156 169 164 167 168 169 169 163 165 158 154 140 129 38 189 199 188 191 212
221 221 222 222 222 222 221 221 221 223 222 221 223 223 222 222 220 221 222 221 221 221 222 221 218 151 146 152 147 146 145 154 164 170 170 168 167 163 163 171 169 174 177 180 175 176 176 180 178 179 177 183 178 182 181 176 178 180 176 179 177 173 170 170 167 169 163 160 157 160 162 169 170 171 173 171 171 172 169 167 161 150 145 131 95 208 205 193 184 211
221 221 222 222 222 222 221 221 221 223 222 221 223 223 222 222 221 222 222 222 221 222 222 222 223 158 151 154 147 146 145 150 161 168 169 168 168 164 164 171 170 173 175 178 176 177 178 181 176 178 175 181 176 180 179 175 178 180 176 179 177 173 170 169 164 165 159 158 158 163 166 174 173 174 176 174 174 175 171 170 160 158 153 113 194 214 207 195 183 188
