218 219 219 216 219 215 220 205 66 67 35 33 40 22 29 29 17 29 35 34 59 74 95 109 118 123 124 131 126 133 137 137 142 147 149 150 145 147 143 142 140 132 136 133 135 131 130 135 118 122 121 104 79 126 120 45 86 106 115 83 46 100 90 52 47 52 56 46 39 29 19 15 11 19 6 12 15 6 11 7 14 12 11 8 13 7 5 3 7 6
220 216 221 220 215 220 212 156 125 48 21 54 48 40 23 29 37 45 41 53 78 105 110 119 119 132 129 137 137 144 142 148 149 153 153 153 149 152 150 149 151 150 154 153 149 143 143 148 137 124 146 113 106 138 113 121 101 136 120 73 60 113 92 67 72 81 65 48 44 51 33 22 21 17 11 10 18 14 7 10 12 10 10 8 11 7 5 3 4 4
219 219 218 218 219 220 209 167 192 25 38 32 37 31 34 25 27 44 37 78 100 109 112 120 125 130 137 138 142 141 147 144 151 153 152 152 151 156 156 156 153 155 155 159 156 152 153 154 149 156 142 130 142 143 147 127 138 141 141 83 81 114 109 51 94 100 111 86 37 68 55 20 24 25 23 6 13 14 7 9 11 8 8 7 9 6 5 1 4 5
218 222 216 215 222 216 211 213 113 17 43 30 33 45 29 19 32 28 61 98 100 111 119 127 125 130 134 145 141 149 153 151 155 156 155 156 158 162 164 164 162 164 159 163 159 158 159 159 152 158 155 153 163 154 153 119 151 137 136 134 111 138 137 113 99 116 92 81 66 91 67 31 31 40 33 14 20 14 12 10 12 7 7 7 6 6 6 1 2 4
219 218 220 218 219 214 214 214 45 38 49 40 24 37 25 24 33 42 73 97 107 115 118 125 132 138 142 139 151 147 152 153 157 157 157 157 160 161 162 161 164 167 161 163 158 158 161 162 161 164 160 153 159 155 158 154 155 142 145 143 133 141 136 101 101 143 137 111 93 113 77 30 46 45 32 23 36 23 13 14 13 9 8 7 5 7 8 4 2 4
222 215 220 220 218 216 217 187 43 24 28 21 25 35 24 20 40 59 72 106 114 114 126 123 129 136 135 144 145 154 155 158 160 161 164 163 166 165 165 164 169 169 166 167 165 165 166 166 161 165 165 162 163 164 158 159 158 146 151 149 134 137 147 119 117 145 136 137 123 123 112 70 66 51 40 25 42 39 17 26 13 12 8 7 4 8 7 6 3 5
221 217 218 219 219 217 217 143 40 25 16 24 17 39 12 43 49 64 77 99 114 118 118 136 138 139 143 148 147 152 159 154 157 159 164 164 167 164 166 165 175 170 169 167 168 166 164 163 167 165 164 172 161 157 159 159 153 158 154 147 146 148 150 125 152 151 142 144 137 140 127 95 89 72 65 41 55 60 26 42 15 16 11 8 5 8 6 7 2 3
218 220 220 220 216 217 213 91 39 24 15 25 17 31 24 39 53 66 88 106 117 122 128 130 137 146 142 151 151 158 155 158 160 162 167 167 169 166 168 167 171 166 171 167 168 165 165 170 169 163 168 165 158 169 163 164 162 160 159 164 158 149 158 150 150 156 146 150 146 141 133 123 104 86 81 63 74 71 28 47 18 21 14 11 7 9 5 8 4 5
221 218 219 219 218 218 197 44 28 16 16 18 13 28 28 50 53 70 80 110 119 120 131 133 139 140 148 146 152 155 158 160 159 162 162 162 164 164 163 164 164 165 170 167 167 170 165 163 163 166 167 166 166 166 164 162 162 161 166 160 167 160 166 159 159 158 157 154 149 146 143 139 122 110 82 91 90 72 59 70 28 16 17 24 1 9 3 6 5 5
215 221 219 216 219 217 179 34 29 18 17 13 20 40 33 47 51 77 105 113 118 125 128 131 142 144 152 151 154 157 158 161 157 160 166 163 162 164 162 167 166 164 172 168 173 168 168 165 165 168 168 168 169 167 164 163 169 168 162 163 161 161 162 158 158 158 159 155 150 148 149 149 127 115 90 111 88 78 79 71 38 31 14 42 11 7 3 5 6 6
219 218 221 212 222 208 140 44 13 24 9 12 32 23 52 43 62 83 110 111 120 126 127 137 140 148 153 151 150 157 157 156 152 153 161 159 160 164 157 161 165 166 167 169 167 170 166 168 168 167 164 163 165 165 166 169 167 163 156 161 159 163 163 162 156 156 158 157 154 150 145 140 133 128 116 111 97 75 76 70 61 36 42 30 16 13 4 12 7 6
219 220 215 220 217 218 136 36 18 24 10 22 26 31 45 48 70 91 105 118 129 126 131 137 145 141 144 154 150 146 146 157 159 158 160 158 162 166 164 168 159 165 164 171 164 170 163 163 163 163 163 163 162 156 153 155 163 156 154 154 158 152 156 152 158 156 156 156 156 155 151 146 139 141 127 127 105 89 95 78 77 48 44 26 28 14 11 7 13 12
218 217 223 218 217 209 43 38 39 18 18 18 21 45 35 49 74 104 111 122 127 128 136 137 141 145 144 146 142 145 147 150 149 155 155 157 158 156 160 160 161 160 161 161 162 160 162 163 164 162 159 158 156 152 152 158 159 153 156 156 163 155 161 158 155 156 158 159 157 156 154 151 144 140 139 130 123 121 104 94 63 67 47 46 27 12 11 4 7 8
220 219 218 216 219 202 48 39 37 14 20 10 23 35 41 54 81 105 114 120 122 131 135 139 142 141 139 143 141 139 144 151 145 152 149 154 155 150 154 151 160 156 152 157 156 153 157 163 155 156 158 161 162 158 156 159 158 154 153 155 157 152 155 153 154 155 158 159 156 153 149 144 145 140 141 133 132 122 113 94 73 60 46 42 40 23 12 11 12 14
218 221 218 222 215 196 85 46 28 16 19 18 28 37 39 67 88 101 114 121 126 130 130 134 135 140 140 137 139 142 150 149 150 152 146 147 150 150 153 152 153 154 152 161 159 157 156 157 158 156 153 153 155 153 153 155 153 151 150 154 155 155 157 155 157 155 154 154 153 153 152 149 140 146 140 135 131 131 108 111 85 59 48 43 58 18 21 29 12 15
220 216 219 218 220 216 63 47 30 20 14 22 45 34 37 62 99 108 117 118 122 123 132 133 136 136 137 141 146 142 153 156 147 152 155 156 157 155 153 153 158 160 159 153 159 159 167 161 159 157 153 153 156 155 153 152 155 152 153 154 156 152 154 149 151 154 157 157 153 152 151 150 147 141 139 139 130 126 126 115 82 75 60 50 55 39 26 24 23 27
223 215 221 220 219 221 58 40 33 19 17 28 31 37 34 82 103 108 118 116 126 131 128 130 136 133 143 143 145 151 148 153 154 152 155 156 154 158 161 157 163 155 161 159 163 160 164 162 164 160 158 160 158 154 154 158 159 153 151 156 155 156 160 156 151 154 152 149 146 146 150 144 144 141 140 133 130 128 117 110 101 68 59 50 53 25 15 45 34 24
217 221 219 217 218 154 83 41 32 23 19 31 33 32 49 79 101 109 116 118 123 126 130 135 132 135 144 142 147 152 150 151 157 154 156 160 159 159 163 165 164 162 166 161 164 166 167 164 163 163 162 160 160 163 163 161 159 157 157 160 160 160 162 157 153 151 147 155 152 149 147 146 141 141 136 133 130 127 122 115 96 78 64 48 40 41 14 51 60 28
220 222 221 221 217 210 99 45 30 18 24 24 27 32 63 84 103 113 114 121 123 123 130 134 142 140 136 145 149 154 151 156 159 159 161 163 162 159 160 163 168 165 167 167 169 166 166 170 166 168 166 162 164 168 166 161 160 159 159 164 163 159 159 159 155 154 153 147 149 146 149 144 138 139 133 133 131 125 124 117 107 80 62 56 49 39 20 19 44 29
219 219 218 219 209 217 72 49 42 32 33 23 24 39 78 95 104 113 114 122 124 128 136 140 137 147 149 149 147 152 159 155 150 156 159 161 164 167 169 172 170 168 168 170 171 167 164 173 169 167 166 166 167 166 163 162 162 166 163 163 163 160 160 159 162 159 152 156 147 145 143 152 138 137 132 132 130 124 121 115 107 94 54 45 38 39 31 14 61 31
221 220 219 221 219 191 58 54 27 30 19 16 22 46 93 105 105 110 117 121 124 131 138 142 141 143 150 147 151 149 164 156 164 166 166 165 166 168 169 172 171 173 173 170 170 171 168 172 171 169 170 174 174 171 170 171 164 173 171 164 163 166 167 161 161 158 161 156 158 145 144 148 142 136 134 129 127 125 118 115 109 88 66 52 39 54 39 24 41 32
219 217 220 219 221 207 60 45 29 31 21 19 26 64 95 104 108 110 121 127 134 135 139 138 140 138 139 154 156 154 158 163 167 165 168 173 174 172 172 175 174 174 175 172 174 174 172 173 170 171 173 174 174 174 173 173 167 171 169 169 168 167 167 162 161 167 163 160 155 157 146 145 143 136 133 125 123 124 117 117 118 104 73 44 42 50 28 46 23 50
221 221 224 219 215 189 50 43 34 24 22 20 31 86 100 108 110 113 125 131 134 122 134 135 117 139 139 149 152 158 152 163 167 164 170 178 177 174 175 175 179 172 176 175 178 176 176 176 179 181 181 180 179 180 180 179 173 170 169 171 169 166 166 161 165 162 161 154 158 152 146 150 142 139 134 126 121 120 118 116 107 115 88 61 27 36 28 40 28 24
220 219 218 220 219 178 38 45 40 26 17 21 33 90 108 106 112 118 126 123 110 85 112 124 121 132 125 119 151 153 152 163 170 168 172 175 173 175 180 179 179 175 180 174 179 182 183 175 180 179 179 179 178 178 178 178 176 179 177 170 166 172 172 156 147 154 153 144 143 148 143 145 141 143 136 129 123 118 119 114 111 112 107 80 49 33 28 26 34 30
221 220 220 217 221 157 75 32 38 27 16 23 39 93 112 110 113 117 113 88 93 87 100 82 61 90 80 100 110 114 147 135 151 148 161 170 171 175 174 178 182 175 171 179 176 179 177 177 183 175 181 175 181 179 173 178 181 171 169 174 168 171 161 165 130 138 154 117 136 134 143 136 140 134 137 125 120 113 116 111 112 112 109 92 57 33 36 42 40 31
220 217 221 221 218 154 76 42 35 28 17 24 43 100 110 114 111 117 100 83 47 52 31 51 43 43 60 37 62 86 104 112 93 141 153 157 154 163 160 176 176 185 175 179 186 177 184 177 186 178 183 179 173 174 171 171 170 158 135 157 161 123 104 110 131 132 105 131 128 120 130 134 142 142 131 126 123 116 109 111 111 116 103 105 61 39 22 32 28 26
226 216 223 218 218 189 49 36 50 22 14 27 62 106 109 112 101 105 53 63 67 107 111 101 69 70 78 44 61 52 56 43 59 87 123 121 137 129 162 163 176 180 172 184 186 181 179 180 181 182 175 163 156 158 162 163 145 160 106 86 65 65 76 90 83 105 95 73 86 102 99 117 136 132 131 119 120 117 113 112 110 108 110 104 95 48 35 38 24 29
215 222 221 218 215 196 39 28 50 22 24 24 77 109 116 100 49 84 92 108 109 85 68 80 79 73 67 62 74 57 62 63 55 66 107 124 135 128 131 162 166 176 184 180 176 174 182 174 154 163 156 150 116 135 156 140 132 110 79 87 79 59 56 64 57 49 54 67 67 85 65 65 96 107 114 120 124 124 102 109 108 106 108 103 108 59 37 37 30 36
223 221 221 216 212 176 42 29 53 28 21 20 97 115 104 69 62 108 137 124 130 160 141 127 115 120 96 82 77 70 67 56 61 81 82 95 119 124 126 137 164 171 158 181 175 173 171 162 173 141 122 130 109 83 117 130 70 85 71 68 40 55 50 42 50 73 89 77 88 67 61 61 53 56 91 102 118 117 115 104 107 109 102 104 104 71 29 27 29 31
218 224 217 221 206 129 38 39 45 35 23 32 110 110 81 64 105 133 135 137 147 160 151 157 169 164 165 150 139 126 96 94 75 84 73 79 96 95 127 121 145 168 169 167 175 169 167 168 142 139 128 113 116 91 113 126 110 92 63 67 63 61 73 86 90 101 138 140 135 129 134 121 98 78 53 78 105 105 115 109 107 108 104 103 106 85 33 24 30 30
223 220 219 221 216 123 43 45 42 33 22 42 115 121 87 81 105 116 138 149 154 156 159 169 166 174 175 176 172 164 157 149 142 117 94 104 96 113 107 142 144 159 167 165 176 172 162 182 168 152 136 117 104 119 116 101 97 104 88 102 109 129 145 157 161 166 157 162 170 160 155 153 156 133 119 80 80 100 109 112 108 109 106 106 103 98 36 23 31 33
220 222 221 218 217 101 60 31 55 26 27 57 115 115 92 106 117 129 144 147 151 151 157 161 159 166 168 174 170 168 165 165 160 159 151 133 120 124 122 130 139 153 164 155 168 157 166 177 174 128 138 126 118 107 115 132 143 147 148 159 163 169 170 169 171 176 176 172 173 170 171 173 150 157 129 121 111 97 110 114 110 106 110 104 105 103 43 25 21 25
224 217 222 221 207 93 55 39 62 27 42 69 114 119 121 100 122 136 145 146 146 146 148 139 132 126 144 159 154 135 124 135 151 154 155 152 135 122 125 122 141 148 163 167 163 176 169 154 145 164 144 129 127 126 144 156 160 168 163 171 175 181 183 179 174 179 174 174 175 177 168 174 166 159 154 135 110 77 99 118 112 108 109 105 100 105 54 28 25 26
217 223 220 218 221 92 53 43 56 33 42 93 115 120 128 133 134 135 135 138 143 109 117 120 99 81 50 49 50 50 66 135 155 100 136 152 152 130 119 121 138 155 166 156 143 161 177 179 169 139 129 133 128 139 151 159 164 167 171 174 175 171 176 179 180 185 182 175 169 171 160 167 167 160 153 141 127 98 105 118 110 109 111 114 103 103 71 24 31 29
222 224 216 223 186 104 30 40 51 50 53 112 115 122 122 124 134 133 129 138 91 109 64 49 76 148 84 60 46 34 108 105 115 115 153 116 142 142 130 122 136 151 162 169 170 177 176 167 160 156 147 136 134 148 156 167 162 158 141 115 130 139 154 154 157 148 137 161 164 164 162 158 163 158 152 147 143 120 112 119 113 111 110 113 108 105 77 23 34 30
222 216 221 219 125 126 47 65 42 45 47 115 121 125 130 132 135 129 125 108 91 57 72 137 177 189 99 56 176 40 125 116 193 184 118 140 122 144 131 122 130 148 157 164 162 163 169 172 161 152 135 128 142 155 155 148 133 118 130 130 101 82 48 56 62 77 114 123 126 128 155 156 159 156 152 150 145 130 117 120 116 113 111 107 111 109 72 37 40 33
220 221 217 215 129 89 85 79 47 48 57 119 124 125 131 133 128 131 116 88 71 79 111 151 197 191 102 98 41 40 112 119 210 203 170 117 142 134 141 123 127 148 156 162 163 167 170 167 156 143 135 133 155 154 139 130 130 112 97 142 172 101 69 36 51 48 71 50 89 122 107 142 152 150 151 149 142 138 130 127 116 115 114 109 111 108 71 56 46 37
221 218 221 151 124 78 120 99 49 47 68 120 123 130 132 134 134 122 110 103 105 92 116 118 140 169 185 115 106 120 116 185 171 157 188 117 136 135 131 127 129 145 154 163 165 167 164 161 144 138 129 148 161 151 154 124 91 162 193 213 209 124 109 91 117 61 96 151 104 68 115 108 144 148 150 148 142 143 140 130 121 116 112 116 111 105 78 53 53 45
223 218 219 125 121 89 132 99 61 43 78 119 124 129 133 146 137 126 129 135 126 119 107 118 134 114 124 134 130 126 144 127 135 145 136 126 96 140 125 128 136 142 153 164 168 170 161 157 152 135 139 140 152 147 117 135 110 174 189 220 214 130 102 32 30 75 108 176 165 78 131 99 127 144 149 145 143 143 141 127 127 119 114 117 113 106 83 42 45 39
218 223 220 133 110 100 140 86 61 49 102 121 128 135 140 144 138 142 145 142 145 132 141 142 137 145 145 158 151 155 153 160 150 152 155 135 134 134 122 124 127 141 159 165 164 169 161 157 145 130 136 147 155 151 116 133 132 121 128 140 175 202 114 126 115 109 169 178 141 123 95 102 99 130 141 140 146 145 146 135 129 122 121 115 116 111 86 41 40 35
218 223 216 129 105 94 147 112 54 43 114 126 134 139 142 146 143 148 147 150 150 146 149 152 157 152 157 161 159 164 165 155 153 156 146 150 142 117 121 123 136 154 156 166 164 168 164 153 136 131 133 143 143 149 156 148 144 152 152 162 169 139 132 129 128 123 124 116 107 128 107 111 120 123 125 136 141 146 141 137 128 127 118 119 117 109 93 38 34 32
220 223 216 130 102 90 148 97 48 45 127 128 134 139 143 147 151 153 150 152 155 154 157 159 165 166 173 174 165 163 165 161 153 159 153 150 135 121 118 124 142 158 165 165 162 165 161 153 146 134 130 140 149 154 161 154 151 149 156 171 150 154 152 114 137 129 133 137 154 128 145 142 144 140 133 134 142 150 147 139 130 125 123 120 117 108 88 35 47 25
220 221 219 126 111 88 150 82 46 42 130 128 136 139 143 151 155 156 154 157 160 161 164 166 172 172 174 174 169 167 168 167 162 157 155 138 132 123 124 131 139 151 163 162 165 172 167 159 150 137 132 137 147 149 160 162 161 161 156 162 160 166 167 148 156 165 156 168 160 159 159 156 155 154 149 142 146 152 151 143 132 124 127 120 116 108 87 38 50 28
224 219 220 138 125 90 143 91 44 48 130 131 138 141 145 152 154 158 160 162 163 164 167 171 174 174 173 172 175 175 173 170 166 156 147 139 126 128 126 142 147 157 165 167 168 170 162 152 151 142 139 135 143 143 156 165 165 161 161 168 173 166 170 171 171 172 174 168 164 164 160 159 155 158 159 151 151 150 149 142 135 126 128 121 117 109 93 48 40 30
220 223 224 197 129 103 123 119 46 68 131 134 135 145 150 151 156 160 164 165 166 167 169 172 171 176 177 175 175 174 168 164 158 148 146 135 129 120 130 141 145 159 164 174 171 169 165 159 155 148 144 136 145 147 157 164 166 169 174 181 176 176 177 178 174 175 170 172 168 166 166 166 163 160 158 152 154 151 148 140 138 132 128 123 120 110 97 57 42 29
225 220 222 219 139 120 117 124 93 107 135 137 138 145 149 151 160 162 164 163 166 170 169 172 171 176 175 171 169 166 162 159 157 154 144 141 131 137 141 145 148 160 159 173 169 166 162 157 154 150 148 139 146 151 158 162 164 172 176 171 177 179 180 182 179 182 181 175 177 174 176 168 167 162 158 155 157 154 149 143 140 136 127 124 120 110 94 58 41 32
218 226 217 225 143 128 108 136 150 144 139 140 143 144 144 154 160 161 163 162 165 169 167 170 175 172 169 167 165 163 162 161 157 150 144 133 136 141 145 137 146 153 155 165 165 164 159 153 151 151 152 145 144 150 156 163 170 168 181 177 180 181 184 180 183 179 183 181 180 178 172 173 167 166 163 161 157 154 150 147 141 138 127 123 119 111 86 57 43 44
224 219 224 220 206 144 115 129 155 146 134 131 140 146 146 160 157 160 165 163 163 166 165 170 170 165 164 165 162 158 159 162 160 153 150 143 140 147 141 132 143 150 159 161 161 159 153 148 155 154 156 150 145 152 157 164 164 168 172 177 174 184 179 183 181 183 182 182 179 179 174 172 170 171 166 163 155 154 149 147 144 140 129 123 119 115 82 60 44 44
221 225 222 218 221 139 123 132 155 135 136 140 141 148 149 156 162 162 164 161 167 161 165 161 167 165 161 161 163 161 159 162 159 164 144 139 149 139 137 127 131 149 153 161 157 155 147 147 149 150 154 149 155 152 160 165 167 168 173 176 174 176 181 181 183 183 180 179 179 176 173 174 172 168 159 159 160 150 152 144 143 133 135 123 114 115 107 57 51 37
223 221 221 223 222 131 133 127 154 131 133 137 141 144 150 152 164 161 153 167 166 172 165 163 164 165 162 161 163 161 158 158 158 155 147 148 144 136 133 125 133 146 150 156 155 154 146 142 143 148 150 152 153 157 160 164 172 166 168 175 175 174 176 179 180 179 177 176 177 177 176 177 174 170 168 162 161 157 151 147 142 137 131 123 120 119 95 79 58 41
223 223 222 223 221 157 128 123 158 129 138 136 145 151 151 156 154 161 165 164 164 163 168 165 164 167 165 164 166 166 163 162 159 162 154 150 142 130 118 128 133 142 146 151 151 148 142 133 133 138 141 151 153 160 161 165 170 169 172 174 173 173 176 176 177 177 176 176 177 176 174 176 173 173 171 165 160 159 151 147 142 135 131 128 117 117 104 101 75 75
221 225 223 220 221 200 127 121 152 140 132 134 145 145 155 153 155 162 164 162 163 163 165 161 167 167 165 163 164 165 164 164 161 157 158 146 126 122 120 131 141 145 151 155 154 148 143 134 130 129 133 143 152 159 164 167 167 171 174 173 172 174 175 175 175 177 178 179 180 177 174 174 171 174 166 167 160 156 152 146 145 134 127 125 116 116 120 102 91 119
223 222 222 223 223 219 133 123 148 148 139 134 144 150 151 157 160 159 160 165 168 163 164 165 170 167 165 166 165 164 164 165 162 155 153 133 123 128 135 143 149 151 156 161 158 150 147 143 136 131 128 132 143 158 168 168 172 169 169 173 175 174 173 176 174 177 179 181 182 179 176 177 173 173 165 168 162 157 152 148 139 141 128 121 117 114 115 102 103 133
225 221 222 225 219 220 123 130 134 150 134 134 144 146 155 156 155 159 163 166 167 162 168 173 169 166 168 171 170 167 166 166 163 159 142 122 131 139 145 151 155 158 158 163 160 154 150 149 141 135 124 124 128 154 168 171 174 174 172 172 175 175 176 178 176 178 179 179 179 177 176 178 177 170 170 167 163 161 149 150 136 138 128 124 119 119 108 106 116 128
224 224 222 224 219 222 128 129 130 139 144 137 145 153 155 160 153 161 157 165 161 171 170 171 168 167 171 174 171 168 166 163 158 147 129 126 133 143 154 149 164 169 164 168 166 162 153 150 147 134 124 122 122 139 158 170 172 179 179 175 176 179 179 180 180 181 179 178 176 174 174 177 176 170 173 166 163 161 151 151 144 130 120 123 122 123 115 103 114 125
221 225 222 222 227 220 161 120 127 131 145 138 143 147 151 152 156 157 161 160 166 163 171 171 175 175 179 179 173 170 166 160 144 144 121 129 144 150 156 159 168 176 169 172 170 168 152 144 153 132 128 125 126 122 147 165 175 177 177 179 184 182 178 179 180 182 180 178 177 174 174 177 172 172 171 165 165 158 156 149 141 133 125 122 121 109 120 107 116 145
223 223 224 222 223 222 200 126 128 135 140 139 142 149 156 153 153 159 159 163 167 172 172 175 172 173 181 177 172 171 159 151 143 134 127 139 145 158 164 172 175 174 174 177 173 171 160 158 151 141 136 133 129 119 135 152 168 174 181 183 181 178 177 178 184 180 181 183 180 175 175 175 167 167 166 162 161 159 152 151 136 131 125 118 120 118 116 109 126 139
225 221 224 225 220 224 214 130 131 139 147 145 138 149 153 160 154 158 160 165 167 173 174 177 177 178 183 175 170 169 157 149 135 134 132 140 148 154 163 181 176 196 187 188 191 169 171 163 155 151 138 139 137 125 118 144 165 173 178 180 183 183 180 179 180 179 180 181 179 177 177 177 172 171 171 167 162 157 150 146 142 130 122 122 120 122 125 112 78 93
225 222 222 226 220 224 224 155 133 145 147 158 145 151 151 157 156 157 160 167 167 172 175 178 180 180 184 177 171 168 154 143 136 140 141 145 152 150 158 180 186 196 189 179 183 172 164 165 156 151 152 138 135 130 133 141 161 176 183 181 182 182 179 180 182 183 184 182 180 179 178 176 169 166 168 166 160 157 151 147 139 133 122 124 126 126 114 83 83 102
223 225 222 224 225 222 224 194 138 141 153 146 148 154 153 158 159 157 160 169 167 171 175 178 179 178 182 180 175 168 151 138 139 142 149 153 145 143 154 168 174 175 179 182 165 162 163 156 166 151 156 148 145 135 137 126 150 172 183 180 183 185 184 187 184 186 187 185 183 180 176 174 172 166 168 165 156 153 150 146 139 132 122 125 127 121 120 125 128 139
222 226 223 222 226 222 221 220 146 135 140 152 148 155 158 156 159 158 161 169 168 171 175 178 180 176 179 181 179 170 155 143 129 139 156 150 114 124 151 159 168 172 168 171 166 160 157 159 157 167 158 154 147 137 134 135 155 175 183 181 184 184 181 182 181 184 185 185 184 179 173 173 173 167 169 166 157 153 150 146 138 127 123 128 129 123 123 134 141 149
224 223 225 223 223 224 223 223 151 146 152 156 145 156 156 159 157 157 160 168 168 171 173 178 182 178 178 180 178 172 163 155 145 138 151 146 89 84 126 159 161 161 169 161 154 151 118 47 111 154 163 162 154 137 135 142 154 171 181 181 183 184 183 185 180 183 183 183 183 176 170 171 166 163 166 164 157 153 149 147 136 127 132 130 124 126 136 131 154 156
225 223 224 224 222 224 224 221 218 142 155 159 153 156 162 159 155 159 161 167 168 171 172 177 181 181 180 179 176 173 170 163 148 140 144 144 126 135 144 136 146 148 148 155 143 129 136 102 119 139 150 155 147 133 141 150 163 175 182 182 181 179 179 180 182 186 184 181 181 176 171 171 166 164 165 162 156 150 144 145 143 126 126 133 133 126 140 123 146 152
224 225 221 224 225 222 224 223 222 205 155 161 157 157 162 160 157 162 163 168 170 172 172 177 175 181 183 180 176 174 171 163 160 153 148 139 126 127 140 149 146 137 137 139 137 151 156 156 147 157 153 153 133 142 152 163 170 173 177 180 182 181 179 177 182 188 184 178 179 178 174 174 170 168 167 162 157 151 146 149 132 135 131 132 134 124 151 139 123 133
225 224 224 224 224 224 224 223 223 222 221 163 159 156 158 160 158 164 164 168 171 173 179 177 180 182 180 179 177 173 170 168 154 162 156 147 148 145 145 156 168 155 153 152 160 169 157 152 143 143 139 142 153 159 170 173 178 177 179 181 181 181 181 179 178 180 181 180 175 177 173 173 167 164 163 165 158 150 147 142 136 135 133 136 138 129 147 145 141 138
225 224 224 224 224 224 224 223 224 222 223 221 159 163 155 161 160 163 164 170 172 171 176 178 179 180 180 176 176 171 169 167 160 158 159 156 138 148 153 160 160 165 156 166 167 164 161 149 153 155 158 160 158 167 169 177 175 177 180 182 181 181 180 177 180 180 179 177 174 175 171 171 168 166 162 160 154 150 147 139 127 137 141 135 131 123 145 163 153 150
225 224 224 224 224 224 224 223 224 222 224 225 173 156 161 161 160 163 164 168 170 171 174 175 179 179 179 175 175 170 168 167 165 153 161 151 151 157 151 154 158 167 159 165 160 161 163 158 164 156 164 162 161 172 165 170 170 174 179 180 179 179 178 174 181 178 179 175 175 174 170 168 167 166 161 157 153 151 147 136 141 145 131 134 132 132 129 150 160 158
224 224 224 224 224 224 224 224 221 226 223 218 194 158 164 159 157 164 166 165 166 172 174 171 177 176 174 173 172 170 164 165 162 158 157 155 152 140 162 159 158 165 164 164 161 164 164 163 157 146 161 156 160 165 168 175 172 175 179 180 179 180 179 175 181 178 180 176 178 174 170 167 166 166 161 158 155 152 146 136 142 139 143 132 135 209 117 145 157 155
224 224 224 224 224 224 224 224 225 225 223 228 207 158 164 160 157 163 166 164 166 172 173 170 174 172 169 171 168 171 161 164 159 159 158 155 147 141 147 165 161 165 161 161 163 160 165 158 162 146 155 156 167 170 173 172 174 175 177 178 179 181 180 176 181 178 181 177 179 175 172 170 166 165 161 159 156 150 144 138 142 142 131 131 145 220 219 198 152 151
224 225 225 225 224 224 224 224 227 223 222 224 215 157 163 162 160 161 166 167 169 171 170 173 174 172 170 172 170 173 163 166 154 139 145 156 147 149 165 161 165 159 163 157 165 164 161 157 158 155 161 165 166 167 172 175 175 173 174 175 176 179 179 176 182 179 180 178 177 175 172 172 166 165 160 158 155 147 142 141 143 140 131 130 155 221 222 224 223 223
224 225 225 225 224 224 224 225 221 226 222 225 222 168 159 162 162 161 167 168 170 171 169 173 175 171 175 172 172 170 163 167 160 148 152 147 146 151 161 166 165 155 167 163 171 174 160 159 157 154 155 155 164 171 175 173 177 174 175 177 178 179 180 179 181 178 178 178 176 174 168 168 165 165 159 157 155 146 142 142 142 132 139 131 183 227 222 222 222 223
224 225 225 225 224 224 225 225 224 224 226 221 225 163 158 164 161 163 168 167 168 172 170 171 172 168 175 167 169 162 159 162 154 160 147 154 152 159 169 168 166 161 159 162 167 166 164 161 162 156 158 143 159 168 174 171 176 173 174 178 178 177 178 179 178 177 177 180 176 174 164 163 162 164 159 158 156 148 143 142 145 132 129 137 206 220 224 225 222 223
226 225 225 225 225 225 225 225 223 225 225 226 222 180 159 160 163 163 162 168 170 172 169 171 171 167 172 173 172 165 154 160 154 156 151 149 161 157 175 173 172 159 161 168 174 174 163 158 160 166 147 162 159 139 165 164 176 178 172 178 175 175 171 179 178 177 177 176 174 171 168 166 161 162 160 158 153 146 146 146 141 135 132 138 209 222 224 223 223 223
225 225 225 225 225 225 225 225 224 225 223 222 225 201 157 163 161 163 162 168 169 169 167 171 173 170 173 174 172 167 176 162 157 155 151 153 148 137 147 152 168 178 164 163 168 163 167 163 172 158 168 163 146 160 162 167 180 174 175 174 172 176 176 180 176 179 179 175 172 171 169 166 160 159 155 153 149 144 144 143 143 136 137 142 215 225 225 224 224 224
225 225 225 225 225 225 225 225 224 225 225 223 226 216 152 160 157 165 165 169 165 171 167 170 168 171 175 166 165 164 157 155 151 145 150 130 124 132 134 137 140 154 148 135 136 140 146 156 163 162 162 161 166 160 164 167 169 160 176 174 172 171 174 173 172 176 177 172 168 168 167 164 163 161 155 153 151 148 149 147 143 137 141 145 220 226 225 224 224 224
225 225 225 225 225 225 225 225 225 224 228 225 224 219 165 160 159 162 168 165 172 168 172 170 172 170 166 172 168 164 138 127 131 127 111 110 113 116 118 128 120 130 127 129 128 125 134 132 137 148 159 157 155 153 163 159 165 160 176 179 178 172 173 171 173 176 176 172 168 167 166 165 161 159 153 152 151 149 150 148 144 137 142 149 222 225 224 224 224 224
226 226 226 226 226 226 225 225 227 223 227 224 224 222 197 160 161 160 161 168 172 171 169 172 170 173 174 169 163 146 93 90 87 81 100 106 146 110 93 101 107 106 103 107 109 109 109 106 107 111 121 140 132 134 130 148 161 167 170 175 178 173 175 171 177 175 173 171 169 165 163 162 156 156 152 151 149 147 149 147 145 140 144 157 222 223 223 225 225 225
226 226 226 226 226 226 226 225 227 224 226 224 226 225 217 154 157 162 159 163 166 175 170 167 169 174 173 170 154 140 147 133 111 112 120 139 121 110 130 132 135 134 136 124 126 129 119 126 133 129 113 111 87 86 90 94 133 159 164 171 173 172 174 171 178 173 169 168 166 162 158 157 155 156 154 153 151 149 150 148 146 145 147 170 222 223 224 225 225 225
226 226 226 226 226 226 226 225 225 226 225 226 226 224 222 171 156 159 167 153 170 169 177 165 171 175 174 166 162 154 157 143 118 121 116 128 132 137 136 147 137 147 142 143 140 132 132 125 121 127 126 119 117 113 117 141 126 153 165 172 173 173 173 173 179 174 170 167 166 162 158 155 153 154 152 151 150 148 147 144 143 148 148 184 222 224 226 225 224 224
226 226 226 226 226 226 226 225 225 227 224 227 224 223 227 208 157 159 158 163 167 171 171 174 173 176 170 168 166 163 161 153 137 137 128 129 133 144 148 143 144 135 135 145 146 150 154 142 138 136 124 122 118 136 150 157 152 158 164 169 172 172 171 174 175 172 168 164 162 161 157 152 152 153 151 150 149 146 145 141 139 148 148 192 223 225 226 224 225 225
227 226 226 226 226 226 226 225 226 225 225 226 226 225 222 219 162 156 159 161 166 169 174 174 173 176 169 170 170 165 164 154 156 152 136 145 152 161 157 155 158 155 152 153 156 157 156 156 140 144 141 151 151 150 161 162 161 162 162 169 177 174 170 174 173 172 169 165 159 155 154 155 152 153 150 147 148 144 139 139 145 151 148 197 225 223 225 224 225 225
226 226 226 226 226 227 227 226 227 226 225 225 225 225 224 223 201 156 164 160 164 171 170 178 175 175 172 169 167 165 162 157 156 158 154 158 159 160 160 161 160 158 158 160 162 163 164 166 161 162 163 160 160 153 164 162 163 167 168 168 170 170 171 175 171 170 168 164 160 155 153 152 151 151 149 148 148 143 139 142 147 153 150 200 225 224 226 226 225 225
225 225 226 226 226 226 226 226 226 226 226 225 225 225 225 226 215 156 159 163 164 170 172 169 172 171 172 168 166 166 161 160 159 160 162 164 164 161 163 161 150 148 148 151 156 159 162 164 163 164 169 163 164 160 166 164 166 169 170 169 170 172 172 170 169 167 165 162 159 155 152 151 152 151 149 148 144 138 136 141 148 153 152 205 226 224 226 226 225 225
225 225 226 225 225 225 225 226 225 226 226 226 226 226 225 225 228 201 152 158 162 164 166 169 168 168 169 168 167 166 163 161 161 158 160 163 163 162 164 160 155 152 151 154 158 162 165 167 163 162 166 166 164 167 164 163 166 167 168 169 170 173 172 167 168 165 161 158 156 154 153 152 148 148 147 144 141 138 141 146 147 152 152 210 226 225 225 224 225 225
225 226 226 226 225 225 225 226 227 226 226 226 227 226 225 224 227 219 156 155 162 167 166 161 166 168 164 167 168 165 166 161 162 161 164 166 162 163 165 166 160 159 159 159 160 160 162 165 166 163 168 168 165 168 164 166 168 167 168 167 167 168 170 169 166 162 158 155 154 153 152 151 145 145 144 140 137 140 146 150 149 151 151 213 226 226 225 224 226 226
225 226 226 226 226 226 227 227 228 227 226 225 226 226 226 225 222 227 209 156 160 158 166 159 163 165 159 163 166 164 168 163 164 165 169 170 166 167 167 170 161 164 168 168 165 163 165 169 170 165 173 166 167 163 166 169 169 167 166 167 169 168 166 165 164 161 157 156 155 152 149 147 144 143 141 137 135 141 147 149 151 150 148 214 223 226 225 225 226 226
225 225 225 226 226 227 227 227 227 227 226 226 226 226 226 226 225 228 217 156 157 162 164 164 162 161 158 161 164 164 166 164 166 165 170 168 172 170 168 170 164 165 168 170 170 169 170 173 175 172 176 167 167 163 166 165 165 164 162 164 169 167 162 161 161 159 156 155 154 151 147 144 140 137 136 137 138 144 151 151 149 149 148 216 222 225 225 226 226 226
225 225 225 225 225 226 225 225 224 225 227 227 226 225 224 224 225 224 225 223 151 160 162 157 164 162 163 163 164 165 162 162 164 163 170 164 173 168 168 170 169 165 163 166 170 172 172 171 171 171 169 166 164 167 165 159 158 161 159 158 161 161 160 163 158 155 153 152 151 148 144 142 143 137 137 140 141 146 150 149 148 148 150 220 223 226 225 226 225 225
225 226 226 225 227 226 226 227 225 226 225 225 226 225 224 227 223 227 223 226 171 151 161 157 158 157 159 161 159 158 160 161 161 161 165 164 170 170 169 170 169 171 168 170 170 172 170 172 170 172 172 168 160 164 163 165 159 157 156 154 155 159 158 154 154 153 151 146 147 148 141 138 137 133 140 141 143 145 148 149 150 149 145 220 225 225 226 225 226 225
225 226 225 225 227 226 225 226 225 226 225 225 226 225 224 226 226 225 226 225 220 154 151 157 159 159 160 161 158 158 159 158 162 162 167 165 169 168 167 169 172 173 171 173 172 173 170 171 167 169 170 166 159 162 161 162 160 158 156 155 155 158 157 151 155 151 148 146 146 143 136 136 138 134 142 143 145 146 150 150 150 149 144 220 225 225 226 225 225 224
