232 232 232 233 233 233 232 230 229 208 113 42 20 48 33 34 34 36 39 41 38 39 44 42 41 41 44 36 40 30 32 30 24 32 28 42 57 40 64 61 42 40 29 27 41 45 60 58 56 68 77 74 75 74 70 61 54 54 73 61 76 98 109 91 94 100 96 113 102 94 116 96 81 59 62 54 54 59 63 47 45 35 44 49 41 34 36 48 41 35
232 233 233 233 234 234 233 231 218 172 66 40 43 42 38 36 39 43 46 49 43 47 43 44 45 47 40 50 48 51 44 29 38 47 57 43 52 53 35 37 29 17 32 41 42 36 68 75 64 66 64 73 72 74 69 73 73 79 79 97 93 87 97 109 93 102 99 106 108 105 101 104 100 93 79 61 37 31 36 53 42 46 53 43 45 45 30 40 43 40
232 233 233 233 234 235 234 232 213 152 67 60 44 36 35 30 47 51 55 56 60 65 55 54 44 39 46 44 41 44 46 57 57 41 46 45 55 32 29 32 67 67 45 50 57 67 49 47 72 86 94 87 99 104 108 104 109 117 109 118 130 133 139 126 127 128 118 107 105 117 102 91 101 77 85 76 41 42 38 42 44 24 48 40 40 48 22 32 40 42
232 233 233 233 234 234 233 232 212 158 80 57 35 35 34 39 45 54 66 65 80 74 66 60 66 42 41 47 38 53 51 52 61 52 57 46 55 44 44 31 35 46 50 46 52 59 65 81 96 112 119 125 130 133 129 134 138 133 137 147 145 148 151 149 143 140 138 134 118 120 127 120 107 80 71 49 70 57 51 39 41 31 37 45 41 38 36 32 36 42
233 233 233 233 233 234 233 232 232 211 96 56 41 45 33 36 43 69 90 101 117 107 108 104 95 96 78 62 67 65 72 58 50 56 43 38 36 36 44 52 57 50 57 61 82 98 111 119 131 136 138 150 157 153 148 157 163 154 168 155 165 162 166 154 154 162 162 157 145 129 136 138 123 91 87 63 60 63 50 48 25 54 48 48 56 49 46 39 31 38
234 234 234 234 234 234 234 233 233 155 123 35 32 31 32 37 70 98 109 128 137 133 136 136 140 132 102 111 110 101 93 108 90 82 74 62 62 72 70 73 95 104 114 95 123 126 135 140 146 152 159 158 168 165 168 171 169 177 175 177 175 173 169 172 169 172 172 163 166 155 150 143 126 112 87 82 59 62 45 48 36 33 46 48 41 45 42 32 38 43
234 234 234 234 234 234 234 234 225 167 55 53 40 40 44 55 98 114 117 135 142 145 149 154 155 139 147 147 138 141 143 140 137 136 133 127 121 115 142 141 132 144 147 150 149 154 153 160 163 170 171 177 173 175 174 182 176 184 181 180 184 175 176 176 178 169 172 173 171 164 162 153 147 119 94 64 69 66 52 49 60 47 38 42 45 37 36 49 41 42
233 234 234 233 233 234 234 234 216 163 91 49 43 37 48 64 118 127 133 141 148 148 152 159 161 158 163 161 165 158 161 162 155 159 161 162 165 163 163 161 158 163 165 165 165 163 164 168 173 176 178 176 178 179 183 183 180 178 179 181 180 175 179 177 174 175 174 173 169 172 172 150 145 137 120 87 78 70 68 62 51 39 49 45 43 47 40 55 45 43
234 234 234 234 234 234 234 234 230 190 111 51 54 55 49 78 124 136 139 145 148 149 158 158 161 164 166 169 173 168 172 168 167 174 171 174 179 183 176 174 171 178 180 176 179 175 179 181 183 182 181 181 181 182 183 183 180 185 182 183 183 181 183 176 181 178 177 170 171 174 167 163 159 145 127 104 87 80 68 52 59 39 40 46 47 49 47 53 52 56
234 234 234 234 234 234 234 235 232 182 64 57 49 53 72 92 125 135 143 148 153 156 158 159 160 164 166 172 176 180 184 184 176 181 180 179 184 182 175 172 174 182 185 184 186 182 184 186 185 184 183 183 183 184 185 185 184 187 183 185 185 183 186 181 184 179 175 175 174 168 166 166 162 148 141 115 85 75 68 64 57 58 46 42 45 39 46 47 47 47
234 234 234 234 234 235 235 235 233 207 75 56 55 47 85 105 133 139 147 149 152 157 156 159 163 167 169 173 174 183 182 184 182 182 181 178 185 183 183 183 185 186 184 189 192 191 188 186 186 185 184 184 184 184 183 183 184 186 182 185 185 183 185 182 184 182 176 180 177 168 169 169 163 162 144 111 101 90 65 70 68 69 51 51 61 41 51 48 59 50
233 234 234 234 235 235 235 236 236 209 134 52 59 47 84 117 138 144 149 150 151 154 156 159 165 168 174 175 177 185 183 184 189 187 184 181 184 181 183 185 187 191 188 192 187 186 186 190 189 188 187 187 186 185 185 184 184 184 182 185 186 183 184 182 181 184 181 180 177 174 175 171 170 154 149 124 92 86 80 68 62 69 71 57 68 56 55 60 66 53
233 233 234 234 235 235 236 236 232 227 144 60 50 60 78 129 137 147 150 154 155 153 159 161 165 168 176 175 179 184 184 184 184 183 181 185 186 187 185 188 189 191 189 192 186 185 187 190 189 188 187 186 186 185 184 183 186 184 183 185 186 184 185 185 180 182 183 178 176 179 175 171 168 162 154 141 115 87 77 77 72 64 63 73 73 62 85 59 69 60
234 234 234 235 235 235 235 235 240 234 152 60 64 52 80 138 141 152 151 156 156 153 162 164 167 168 174 172 177 179 182 181 186 185 182 186 184 186 183 184 192 189 186 191 191 192 191 187 186 185 184 183 183 183 182 182 184 182 181 182 182 183 184 186 184 181 182 178 177 179 172 171 167 170 159 154 139 106 86 85 89 81 78 75 77 67 66 77 76 76
234 234 235 235 235 235 235 235 235 229 201 79 50 69 90 131 147 153 154 155 155 154 161 166 167 170 172 174 177 179 184 185 184 181 180 182 185 188 190 189 189 191 193 193 190 188 193 191 187 186 185 184 184 183 183 182 182 180 180 180 180 180 181 183 185 182 179 177 176 175 172 170 165 167 161 154 141 117 99 94 91 91 79 74 76 81 78 86 73 83
234 235 235 235 235 236 235 235 236 235 223 126 68 64 83 139 145 150 155 155 156 157 158 163 167 172 171 178 177 179 182 182 186 182 185 185 189 189 189 184 191 192 194 191 189 186 193 189 187 186 184 183 182 181 181 180 182 182 184 183 182 182 180 181 182 183 176 174 173 172 174 169 166 158 160 162 154 129 101 91 110 110 92 93 76 72 75 79 64 82
234 235 236 236 235 235 235 236 236 237 230 188 78 58 88 137 146 151 154 156 156 156 158 163 167 169 171 173 177 181 184 184 180 182 183 185 188 190 190 187 187 191 191 190 188 187 187 186 188 188 187 186 182 185 180 181 182 183 180 183 182 181 178 180 180 178 173 172 172 169 166 168 165 164 155 160 164 150 128 123 112 102 111 103 92 84 78 95 86 71
235 235 236 236 235 235 236 236 235 234 239 200 76 65 93 136 148 153 156 157 157 155 157 163 164 167 171 174 178 181 181 181 184 184 186 186 188 188 189 187 186 189 190 189 188 187 187 186 188 188 187 187 183 185 180 181 182 185 183 181 179 180 180 181 179 183 176 177 167 175 166 160 162 160 157 163 170 162 150 146 140 121 121 118 93 75 92 86 96 88
236 236 235 235 235 236 236 237 238 236 237 225 88 74 86 143 146 151 155 156 154 152 154 161 164 166 171 175 179 182 182 181 186 186 188 187 188 186 189 190 187 187 189 190 189 187 186 186 185 183 182 183 181 183 180 181 182 182 182 179 179 179 180 179 176 175 177 177 170 168 167 164 160 154 155 158 163 159 159 156 153 147 121 121 103 94 90 91 93 93
236 236 235 235 236 236 236 236 235 236 235 237 125 83 88 134 147 153 155 155 155 155 157 161 164 166 170 175 179 182 184 184 186 187 187 189 185 185 185 189 189 187 189 190 189 188 186 187 188 184 183 182 182 184 182 185 184 179 178 180 182 179 178 176 179 175 175 169 170 164 163 158 156 152 159 162 161 159 159 154 156 151 141 127 105 90 88 82 91 97
236 235 235 236 237 237 237 236 238 239 238 232 209 78 85 143 148 154 155 153 155 158 160 160 163 165 169 174 179 182 183 184 185 187 185 189 182 184 182 187 189 187 189 189 190 190 188 190 192 188 187 184 184 184 182 183 180 177 177 180 182 184 185 182 175 175 170 174 170 165 156 160 153 150 154 156 152 158 159 159 159 158 150 145 120 89 92 69 85 92
236 235 236 236 237 237 237 236 234 238 235 239 214 76 86 138 150 154 153 150 154 159 159 158 163 165 170 176 180 182 182 182 185 187 184 188 184 188 186 189 190 187 191 190 191 194 191 194 188 186 188 184 185 183 181 180 178 179 178 178 173 180 179 175 175 174 172 171 174 168 156 149 152 149 149 147 145 155 155 160 160 157 152 151 141 115 83 76 96 104
236 236 236 236 237 237 237 237 239 234 239 237 226 78 84 145 154 155 153 152 156 159 160 161 165 166 170 176 180 182 183 184 188 187 187 187 190 192 193 192 191 189 194 191 191 194 191 193 186 186 188 182 183 183 181 178 177 172 165 167 154 155 147 141 148 153 165 156 158 157 162 149 149 151 153 149 153 159 153 156 153 158 151 154 151 111 95 75 87 99
236 236 236 236 236 237 237 238 235 239 237 238 232 108 84 146 154 152 150 151 155 157 158 161 166 166 169 175 179 182 185 187 193 189 190 184 192 191 195 190 192 191 195 190 189 192 187 189 186 185 186 176 176 176 176 173 163 150 140 152 139 135 120 115 94 63 68 106 132 145 150 142 146 147 146 137 149 155 152 158 156 153 156 150 145 136 90 83 95 111
236 236 236 236 236 236 237 238 237 236 239 237 238 116 85 145 148 154 151 151 147 152 156 158 163 165 171 175 178 184 186 191 193 191 188 190 194 192 190 193 193 191 195 191 194 191 184 185 182 184 175 169 168 159 155 130 101 77 90 95 94 64 70 56 58 69 78 56 46 59 87 89 101 100 109 127 127 142 157 157 161 158 152 157 148 128 113 95 83 102
236 236 236 236 236 237 237 238 240 239 237 236 237 191 100 146 148 146 149 148 155 150 156 156 160 170 164 177 180 185 185 187 184 186 186 195 192 190 197 185 191 192 194 191 195 192 185 178 174 154 153 155 132 121 91 66 39 50 40 45 49 52 48 64 73 79 87 116 80 76 57 53 63 73 85 96 128 129 145 160 159 160 159 159 149 147 126 97 71 74
237 237 236 237 237 237 237 237 236 234 240 239 237 231 138 146 140 146 146 148 151 146 152 153 159 165 165 174 179 181 184 181 185 187 187 187 196 195 187 190 185 187 187 185 187 183 177 162 166 156 140 111 79 57 45 49 37 34 47 41 35 38 47 50 51 63 51 47 67 67 91 112 90 88 94 91 131 151 151 161 160 166 161 157 149 144 113 95 90 71
237 237 236 237 237 238 237 237 240 238 236 237 235 239 217 140 140 143 143 131 126 146 135 140 148 147 159 168 166 177 175 177 186 180 189 185 185 193 188 190 188 188 187 185 186 182 179 163 141 88 72 73 45 37 29 39 52 42 47 54 78 73 44 87 87 79 99 113 104 86 70 81 121 110 99 98 146 145 156 161 161 164 161 161 158 149 126 113 94 72
237 237 237 237 238 238 238 237 239 237 240 236 239 237 220 152 134 133 125 98 107 115 115 103 118 120 139 143 160 164 165 172 172 181 185 183 179 183 189 185 185 183 182 181 181 177 178 168 122 90 58 45 57 36 47 41 51 66 72 90 73 73 91 108 112 115 107 105 108 103 121 131 139 131 126 130 134 151 158 166 168 163 164 163 155 151 143 108 99 89
237 237 237 237 238 238 238 237 237 237 237 237 234 238 233 130 113 101 80 73 90 99 81 60 57 72 84 99 132 136 141 157 164 173 177 178 183 180 179 186 185 182 181 179 178 172 172 168 141 85 60 62 61 53 67 86 85 89 104 109 116 111 117 129 133 134 132 142 144 142 140 137 124 153 147 146 159 163 168 164 170 166 168 166 161 155 153 118 83 97
236 237 237 237 237 237 238 238 240 237 241 239 237 235 237 130 80 57 78 38 55 38 22 25 20 36 40 67 82 98 101 128 142 145 167 177 174 177 179 182 182 181 182 177 174 166 160 159 150 110 90 79 89 103 97 80 70 74 86 95 99 102 93 85 76 97 122 138 145 146 156 152 157 159 153 155 156 170 167 172 173 170 168 166 165 155 148 131 85 95
236 237 237 238 237 237 238 238 236 239 237 239 238 239 233 96 54 47 47 32 36 23 22 31 27 18 40 34 41 37 52 72 93 133 156 167 168 169 179 177 179 180 184 177 174 165 154 153 152 134 124 116 109 94 50 96 103 122 139 146 133 127 126 132 147 134 127 96 116 149 151 158 159 158 164 161 167 174 178 178 179 167 167 166 163 162 153 139 107 101
236 237 238 238 238 238 238 238 238 235 239 238 238 238 238 80 44 36 30 33 26 31 31 28 34 39 35 31 43 29 30 35 56 116 148 153 160 164 166 177 176 176 180 180 173 168 158 142 143 135 119 116 98 91 108 108 126 93 64 72 51 39 43 43 61 89 130 130 136 122 136 153 159 167 166 170 175 176 178 174 181 172 169 169 163 161 153 148 111 102
237 237 236 237 238 238 238 238 239 236 240 237 235 243 232 85 62 50 33 55 63 80 90 93 99 95 73 57 47 46 36 41 37 49 112 139 147 154 164 168 174 177 181 180 177 174 163 149 133 126 125 113 108 108 115 106 78 172 196 112 105 30 47 98 75 83 65 92 109 134 149 145 155 164 170 176 180 178 178 177 182 177 173 169 161 162 154 148 134 101
238 237 236 236 238 239 238 238 239 239 240 240 236 236 236 162 103 74 85 94 113 122 107 92 70 87 84 61 58 60 67 91 67 78 77 105 134 147 157 171 175 183 186 183 181 176 163 150 139 134 120 107 129 127 100 112 196 211 213 107 104 14 8 97 81 178 153 63 93 104 120 137 155 161 172 180 184 183 180 182 180 178 175 168 160 164 158 151 139 96
239 238 237 237 238 239 239 238 237 240 236 237 243 240 229 166 141 126 124 122 115 103 61 101 78 57 61 105 56 67 88 58 61 89 107 89 97 121 148 164 177 188 193 189 184 172 157 150 146 138 133 160 146 125 93 177 207 206 212 97 126 37 50 120 68 163 128 117 125 134 153 169 168 167 176 183 188 188 182 186 179 177 175 169 161 165 159 152 147 118
238 238 238 238 238 239 239 239 237 240 240 237 236 238 240 168 139 150 143 123 117 77 97 38 48 160 182 95 107 67 19 98 73 126 98 140 131 118 133 161 176 188 194 192 184 168 155 155 155 158 169 176 131 148 205 176 205 215 216 209 85 120 114 85 132 138 138 136 144 158 160 174 182 179 183 186 189 188 182 187 182 178 175 171 164 165 157 150 148 136
237 238 238 238 238 238 238 239 241 239 238 239 241 235 235 163 156 153 147 138 116 90 41 50 126 188 189 59 97 197 11 163 90 167 158 145 134 134 135 155 175 185 190 189 180 164 156 161 159 170 184 176 117 116 136 104 134 162 177 172 164 122 129 148 147 135 148 154 159 165 171 176 182 183 186 187 187 184 183 187 184 178 175 173 166 165 156 150 148 140
238 238 237 238 238 239 239 239 237 242 240 235 241 240 237 171 161 158 149 135 104 69 53 53 162 189 193 93 105 84 51 110 73 174 147 146 106 148 141 151 174 181 185 183 175 163 157 161 167 167 170 171 170 160 145 132 135 152 136 135 144 127 143 143 159 167 151 167 167 171 175 181 179 183 184 184 184 183 184 185 183 177 174 172 165 166 158 152 150 135
239 238 237 237 239 240 240 240 240 238 240 239 237 240 236 169 161 166 157 141 115 83 92 93 103 177 195 195 70 98 77 71 96 107 112 128 141 151 138 149 170 176 180 179 173 164 158 159 165 163 170 162 166 162 145 147 151 146 153 152 151 154 147 160 166 170 168 165 173 174 178 180 183 188 183 183 185 184 186 182 183 178 175 171 163 165 158 151 146 126
238 238 238 238 238 238 239 239 238 239 240 237 239 239 237 171 164 167 164 148 140 128 122 116 111 96 109 104 125 116 156 142 127 121 145 141 140 147 137 156 175 182 179 178 171 160 155 161 164 169 168 167 162 162 154 146 158 161 166 169 168 167 166 166 172 173 175 177 179 180 181 182 182 183 181 185 186 183 184 181 180 175 176 168 163 161 156 154 146 139
238 238 238 238 238 239 239 239 239 239 239 238 238 238 237 171 164 167 166 156 150 139 135 133 131 136 141 138 146 145 153 142 139 138 146 144 147 144 134 155 173 183 179 177 173 166 158 156 163 163 165 168 168 171 167 169 164 164 166 167 168 168 170 173 176 178 181 182 181 180 180 182 183 186 183 183 183 182 184 181 179 175 174 168 162 157 152 149 143 136
238 238 238 238 239 239 239 239 240 239 237 240 239 237 237 171 169 167 165 160 154 142 137 137 141 148 155 155 150 158 155 143 149 150 153 152 146 139 142 156 175 183 176 172 169 165 159 158 163 163 167 171 171 175 172 175 171 170 170 170 171 173 177 180 179 183 187 187 185 183 183 184 183 187 185 182 180 181 183 180 178 175 171 168 161 155 152 149 144 138
238 238 238 238 239 239 239 239 240 239 237 240 239 239 238 173 170 165 162 162 159 148 143 145 143 144 151 151 151 154 159 152 153 157 158 152 142 141 150 157 174 183 180 182 177 168 161 163 159 165 166 170 171 176 177 175 176 176 176 177 178 180 181 183 182 185 189 188 186 184 185 186 183 187 187 185 183 183 182 179 178 176 168 168 160 153 153 151 143 138
238 238 238 238 239 239 239 239 239 240 238 240 239 241 238 179 168 165 163 164 160 152 150 155 153 157 157 153 164 156 163 163 160 164 157 146 147 146 146 157 173 183 182 184 180 172 165 167 163 169 163 169 172 177 184 181 179 180 182 184 184 183 183 183 185 187 189 187 185 185 185 186 188 187 188 188 187 185 181 180 178 175 167 168 158 152 150 148 140 138
238 238 238 239 239 239 239 239 239 240 240 239 238 240 237 193 165 167 165 164 157 153 153 160 162 166 163 160 164 161 169 165 165 161 157 151 149 146 146 159 172 183 180 178 176 174 169 167 169 171 164 174 176 177 183 183 184 185 187 188 187 186 185 186 187 189 189 188 187 188 189 189 192 188 188 187 187 185 180 180 174 172 165 166 156 153 148 146 139 138
238 238 239 239 239 240 240 240 240 238 241 240 237 240 238 213 162 167 165 164 159 161 161 165 166 163 164 164 158 164 169 164 164 159 159 157 149 145 150 158 167 181 181 180 178 176 170 168 169 168 169 175 177 181 182 186 187 188 190 190 189 188 188 189 188 191 192 191 191 192 192 192 191 188 189 186 185 185 180 178 172 169 163 163 153 155 147 146 138 137
238 239 239 239 240 240 240 240 241 237 241 240 238 240 240 229 164 167 162 161 160 166 163 160 169 166 169 167 166 169 164 168 162 166 158 154 155 149 149 154 167 178 177 177 172 168 168 175 175 172 176 172 172 183 180 187 187 188 190 191 190 188 189 190 189 193 196 194 192 191 191 190 188 188 190 186 184 186 180 177 175 169 162 158 148 153 144 144 142 139
238 238 238 238 239 240 240 239 240 240 240 240 240 239 239 238 159 170 168 163 163 166 167 166 165 168 174 164 165 168 166 164 168 162 158 157 145 155 146 156 166 172 174 172 170 168 169 173 173 177 176 173 174 175 184 182 185 190 191 192 190 193 188 193 193 192 195 192 195 193 194 192 190 191 184 187 181 182 183 180 175 169 163 154 153 149 142 148 139 141
239 239 239 238 239 240 240 239 240 240 240 240 240 240 239 239 167 165 172 166 163 163 168 166 171 172 169 167 166 166 165 162 167 165 160 152 152 155 147 148 164 173 177 173 167 165 167 171 171 175 185 177 175 181 182 186 186 188 189 190 190 192 190 193 196 194 193 191 192 192 192 191 190 191 185 190 186 185 183 176 172 168 157 157 157 149 145 142 140 138
239 240 239 239 240 240 240 240 240 240 240 240 240 240 239 239 172 162 170 169 165 163 168 164 167 167 161 169 170 170 170 167 167 165 157 156 155 149 145 156 175 178 173 164 163 166 166 164 162 168 171 180 183 183 186 185 190 187 191 190 190 191 193 195 191 192 191 194 195 197 195 193 192 193 187 187 180 179 182 179 168 163 156 158 153 144 143 141 138 133
240 240 240 239 240 240 240 240 240 240 240 240 240 240 239 239 192 171 168 169 166 166 164 163 167 167 165 172 173 172 170 168 163 169 166 157 152 143 151 158 166 175 175 166 162 164 163 160 148 145 153 171 182 183 179 182 193 188 194 192 192 191 195 195 192 194 191 196 196 199 197 194 187 190 187 187 181 178 181 177 173 162 162 158 150 147 144 146 141 139
239 240 240 239 239 240 240 240 240 240 240 240 240 240 240 239 228 173 172 168 166 167 162 164 169 168 173 172 174 173 171 171 173 164 168 164 155 131 149 160 169 177 176 166 161 161 159 155 144 147 148 163 172 178 189 184 191 189 196 193 192 191 195 194 195 195 188 192 192 197 199 198 189 189 184 184 184 182 184 176 175 159 157 153 147 146 143 142 136 139
239 240 240 239 239 240 240 240 240 240 240 240 240 240 240 240 242 163 173 168 168 169 163 166 167 167 175 170 172 174 175 177 174 173 169 163 139 134 153 165 183 184 177 165 160 159 156 153 151 144 153 136 140 169 183 187 187 189 196 193 193 194 194 193 196 197 190 191 191 192 195 194 194 193 186 181 181 179 182 175 172 164 156 156 149 144 148 143 136 141
238 239 240 239 239 240 240 240 240 240 240 240 240 240 240 240 238 176 169 170 170 170 168 167 168 170 173 171 172 173 175 177 177 174 165 161 136 138 154 177 175 183 184 176 166 160 159 162 159 155 154 139 130 141 179 184 185 191 194 193 194 199 194 193 198 200 195 193 192 187 190 186 189 191 189 185 182 176 178 168 165 162 155 153 146 142 147 144 140 141
238 239 240 239 239 240 240 241 240 240 240 240 240 241 241 241 240 211 168 173 170 170 172 169 168 172 169 176 174 175 178 178 176 173 171 150 149 144 161 170 178 182 182 177 171 166 164 167 161 160 163 161 137 115 165 177 184 192 193 193 195 201 194 191 194 197 193 191 193 188 197 194 187 187 184 180 181 178 180 170 167 159 156 149 146 149 147 147 143 140
240 240 239 239 239 240 240 241 240 240 240 240 240 240 240 240 238 238 165 173 168 167 174 166 170 168 169 172 174 174 175 177 172 169 168 143 146 147 159 172 182 185 182 175 167 164 160 151 127 124 148 158 140 124 149 180 185 191 190 193 201 196 189 195 195 193 194 188 193 191 195 191 189 185 186 182 180 179 178 168 167 157 154 145 147 150 151 149 147 140
240 239 239 239 239 240 240 240 240 240 240 241 241 240 240 240 243 238 166 166 172 164 167 169 167 169 170 172 173 173 175 176 172 172 164 154 126 136 159 163 175 181 174 173 158 151 142 43 19 32 110 141 138 122 142 186 183 186 190 195 197 194 192 194 193 192 195 190 195 191 193 188 185 183 177 178 181 177 171 174 166 157 156 150 151 151 150 150 147 142
239 239 239 239 239 240 240 241 240 241 241 241 241 241 241 240 239 242 209 166 168 176 168 165 167 170 172 172 172 174 175 175 176 173 161 163 122 93 133 148 159 158 170 158 149 126 110 111 106 100 120 142 138 123 164 193 187 182 186 189 187 190 194 191 189 189 193 190 194 190 189 184 187 177 176 182 174 176 176 173 168 157 154 153 156 153 148 143 148 140
239 239 239 239 240 240 241 241 241 241 241 241 241 241 241 241 242 240 238 166 170 173 171 170 168 170 172 172 172 173 174 175 176 167 166 161 158 110 101 129 131 130 122 123 116 107 116 121 130 126 135 123 123 163 182 190 198 189 188 190 189 194 198 192 190 191 194 192 195 191 191 187 186 186 181 178 176 178 174 173 168 157 154 153 158 154 148 140 141 135
240 240 240 240 240 241 241 241 241 241 241 241 241 241 241 241 236 243 239 178 168 167 176 164 170 169 169 171 172 171 172 174 170 173 169 166 162 145 128 107 128 132 119 111 119 133 142 142 145 139 141 158 160 174 186 190 193 189 188 189 190 192 192 188 190 190 192 191 192 190 191 190 186 188 186 178 177 176 175 170 164 160 158 155 156 152 150 143 128 130
240 240 240 240 240 241 241 241 241 241 241 241 241 241 241 241 243 242 238 230 162 167 168 172 170 168 168 171 172 171 171 173 173 169 165 167 164 147 127 134 139 146 153 139 148 162 168 155 165 157 154 161 166 172 184 191 189 188 188 188 188 188 190 192 188 189 189 188 188 187 188 189 187 180 185 184 178 174 177 170 166 163 159 156 156 151 149 140 127 126
240 240 240 240 240 241 241 241 241 241 241 241 241 241 241 241 238 240 239 243 158 164 157 166 167 167 168 170 171 171 171 173 167 165 164 164 165 150 147 139 154 151 167 165 171 172 173 178 163 168 169 167 166 174 177 186 187 183 182 183 181 182 187 190 189 190 191 191 189 187 186 187 184 183 180 182 185 177 171 174 169 163 158 157 157 150 145 134 131 123
240 240 240 240 240 240 240 240 241 241 241 241 241 241 241 241 241 242 238 239 209 162 155 162 163 166 168 168 168 170 171 172 170 160 166 161 158 151 143 145 151 157 167 173 176 175 170 176 174 176 162 174 173 179 176 187 191 182 183 187 184 186 189 187 186 188 190 191 188 184 182 181 186 179 179 186 181 180 175 171 165 161 159 160 158 147 144 135 130 121
239 240 240 240 240 241 241 240 240 240 240 240 241 242 242 241 241 241 238 239 243 154 154 157 162 165 167 165 165 168 171 172 163 169 165 161 162 151 145 153 159 166 170 182 176 181 179 186 184 178 175 173 176 178 181 188 183 188 178 188 182 184 188 184 184 189 188 188 187 186 180 186 186 182 184 185 176 177 177 171 164 164 156 160 153 146 139 134 119 126
239 240 240 240 240 241 241 240 241 241 241 241 241 242 241 240 240 242 243 239 240 191 155 153 161 164 167 168 169 168 169 169 163 160 163 158 153 147 147 163 163 171 178 180 176 176 183 193 194 187 181 173 179 178 187 176 177 183 191 172 184 182 188 185 183 185 186 183 186 185 181 185 185 183 184 186 179 178 173 167 171 162 165 152 154 142 135 127 116 123
240 240 241 240 240 241 241 241 241 242 242 241 241 241 241 240 242 240 240 239 242 238 152 159 163 165 168 171 171 169 168 167 164 160 157 161 152 161 157 162 168 174 182 177 182 181 186 182 191 189 185 185 179 167 187 186 183 177 186 181 181 181 182 183 185 186 188 183 188 186 183 183 178 182 183 182 174 172 171 173 166 163 155 155 142 146 128 126 121 127
240 240 241 240 241 241 241 241 242 242 242 241 241 241 241 240 241 241 243 240 239 240 170 154 167 169 171 171 171 171 169 166 163 164 157 159 153 159 162 160 163 171 184 180 183 179 185 183 189 192 182 188 184 183 189 182 184 184 184 181 185 176 179 189 185 187 189 185 189 188 184 183 188 188 181 179 178 178 171 170 166 161 157 147 147 130 128 118 124 129
240 241 241 241 241 241 241 241 241 242 242 241 241 242 242 241 240 239 243 241 245 240 231 154 170 173 174 171 171 172 169 164 165 165 167 154 153 152 159 160 149 143 150 164 181 175 163 149 153 163 170 185 180 173 175 186 178 173 173 181 185 182 180 183 183 185 186 185 184 187 184 185 184 188 185 182 178 175 170 172 165 163 153 153 140 127 121 119 125 130
240 241 241 241 241 241 241 240 240 241 242 241 241 242 242 242 244 239 241 239 239 243 243 166 170 175 176 172 171 173 169 161 161 161 163 149 148 159 142 129 113 109 106 106 113 118 124 124 122 124 127 124 135 151 160 165 160 164 163 159 166 182 178 181 185 185 185 185 181 184 182 185 183 182 174 174 177 179 172 169 162 154 153 147 136 126 119 126 130 136
240 241 241 240 241 241 241 240 241 242 242 242 241 241 242 242 239 241 244 245 237 245 236 218 170 175 176 172 171 172 168 161 163 167 164 154 135 134 117 94 82 71 65 71 94 109 115 109 100 82 81 86 89 94 95 94 98 101 86 65 117 156 178 186 187 185 187 188 185 185 183 185 184 184 178 176 173 174 171 171 163 154 151 139 128 118 117 126 132 139
240 241 241 240 240 241 241 240 241 242 242 242 241 241 241 241 243 243 239 241 243 240 242 241 172 175 175 172 171 172 169 164 160 165 167 145 104 57 82 74 75 73 84 89 88 71 78 90 86 69 75 97 92 106 116 122 127 126 143 167 156 150 174 178 185 182 189 191 193 188 188 188 180 179 175 176 176 177 171 168 162 158 145 136 122 112 119 125 132 139
240 241 241 241 240 240 241 242 241 242 242 242 242 242 241 241 242 242 242 242 242 241 241 241 198 179 173 166 173 174 171 164 160 168 168 140 95 113 127 110 101 111 112 107 103 107 109 121 111 117 109 126 132 141 140 149 151 164 176 176 173 169 168 176 178 185 190 190 189 189 186 181 178 179 176 180 169 171 168 170 160 153 137 130 122 120 121 133 140 151
241 241 241 241 240 240 240 241 241 241 242 242 242 242 242 241 242 242 242 242 242 242 241 241 244 172 178 169 174 168 170 165 162 165 163 144 125 144 145 129 122 127 129 128 127 133 132 133 134 139 141 151 153 165 163 166 173 180 185 183 183 183 178 178 179 184 186 184 183 183 181 176 172 176 177 181 171 169 162 160 156 150 136 122 118 120 125 131 143 152
241 241 241 241 241 241 241 240 241 241 241 242 242 242 242 242 241 241 242 242 242 242 242 242 240 202 176 172 166 170 173 163 165 161 161 152 149 154 147 149 130 136 146 150 148 158 159 157 169 160 157 155 157 174 178 181 184 185 183 179 183 189 185 182 182 184 185 185 184 183 181 179 176 177 173 172 163 165 162 161 154 143 123 121 116 125 127 138 149 156
241 240 240 240 241 242 241 241 241 241 241 242 242 242 242 242 241 242 242 242 242 242 242 242 243 242 172 165 171 173 173 165 164 162 163 157 156 147 146 158 145 141 139 141 143 153 152 151 152 149 155 164 172 179 181 184 186 185 184 180 180 184 182 181 179 181 184 185 184 181 179 178 177 177 172 170 163 164 159 154 148 132 120 115 122 126 138 148 153 157
240 240 240 240 241 242 241 241 241 241 242 242 242 242 242 242 242 242 242 242 242 242 242 242 241 243 210 176 171 172 167 164 160 164 163 157 158 152 158 157 152 156 155 151 145 140 136 145 149 158 163 169 177 175 180 187 183 182 185 184 182 182 180 181 178 180 183 184 181 177 175 174 174 173 171 170 165 162 152 142 130 126 113 117 115 134 143 154 158 160
241 240 240 241 241 241 241 241 241 242 242 242 242 242 242 242 242 242 242 242 242 242 242 242 244 239 240 175 174 170 169 170 161 163 160 159 161 156 162 152 151 154 153 155 155 147 136 142 139 155 159 163 172 172 178 181 184 180 182 182 181 181 181 183 180 182 183 183 179 176 175 175 172 169 166 165 162 159 150 140 128 118 116 120 133 144 155 159 163 163
240 240 241 241 241 241 241 241 242 242 242 242 242 242 242 242 242 242 242 242 242 242 242 242 243 240 243 241 169 171 171 168 165 163 160 162 162 155 156 151 155 155 155 157 153 150 146 155 154 161 162 165 171 178 182 184 190 183 183 180 179 182 183 184 180 182 182 180 178 175 173 172 167 164 163 163 159 151 141 131 120 112 110 130 139 153 156 160 164 162
239 240 241 241 241 241 242 242 242 242 242 242 242 242 242 242 242 242 242 242 243 243 243 243 240 246 239 243 202 173 172 166 167 166 164 161 163 161 157 154 159 155 157 162 159 159 153 152 168 165 171 174 172 180 182 187 182 179 182 181 180 185 186 184 183 185 184 181 178 175 171 166 169 164 160 156 149 139 129 121 113 115 125 139 148 159 166 167 168 164
241 241 241 240 240 241 241 241 241 242 242 242 242 242 242 242 242 242 242 243 243 243 243 243 241 242 244 240 242 170 169 169 165 167 160 163 164 161 158 157 160 158 161 162 169 164 160 156 164 160 179 172 182 185 184 184 182 182 182 182 185 189 186 182 182 179 179 174 173 174 169 169 166 160 152 145 137 128 123 110 113 119 126 138 152 163 171 171 169 168
241 241 241 241 241 241 241 241 241 242 242 242 242 242 242 242 242 242 242 242 242 242 242 242 245 237 242 242 248 242 165 167 170 165 164 166 160 166 157 160 158 165 169 171 175 171 175 170 175 169 180 191 188 188 185 188 182 184 184 181 182 186 186 184 182 179 180 174 172 169 164 162 159 155 146 135 131 120 122 106 114 124 136 151 162 165 169 171 168 170
241 241 241 241 241 241 242 242 241 242 242 242 242 242 242 242 242 242 242 242 242 243 243 243 243 242 246 240 240 245 237 165 170 160 163 166 168 161 160 161 159 167 170 174 173 169 179 176 182 179 183 190 181 187 192 191 184 185 185 185 187 190 187 181 186 180 179 171 170 165 161 157 151 139 143 135 123 120 105 111 120 138 150 160 169 171 173 172 169 178
241 241 241 241 241 242 242 242 241 241 242 242 242 243 243 243 243 243 243 243 243 243 243 243 243 243 240 246 240 242 244 229 155 164 164 165 168 166 167 165 166 167 169 172 169 166 175 178 175 179 188 184 182 184 191 186 187 187 186 188 190 190 187 181 185 178 177 170 168 162 158 150 143 131 131 118 114 101 110 120 130 148 158 163 169 171 171 170 184 182
240 241 241 241 241 241 242 242 241 241 242 242 242 242 243 243 242 242 242 242 242 242 242 242 242 242 247 241 244 245 244 244 205 157 159 166 171 163 169 162 165 166 171 169 165 169 173 180 177 177 190 183 187 179 183 190 187 187 184 186 185 182 185 187 180 176 175 169 162 153 149 140 130 129 115 108 100 108 121 131 148 158 166 175 176 172 175 181 180 172
240 240 241 241 241 241 241 241 241 241 242 242 242 242 242 243 243 243 242 242 242 242 243 243 244 243 243 241 245 246 236 242 243 222 150 160 168 169 156 169 160 167 175 169 165 173 171 181 180 182 188 182 184 178 178 191 182 183 180 183 182 177 182 183 178 173 167 160 145 138 138 131 122 112 112 99 111 120 133 144 156 164 169 173 173 174 183 186 182 144
240 240 241 241 241 241 241 241 241 242 242 242 242 243 243 243 244 243 243 243 243 243 243 243 242 244 242 243 244 241 248 246 243 241 234 153 162 167 169 167 162 169 172 170 170 174 170 181 170 180 185 181 180 180 179 179 174 179 176 179 177 173 176 173 172 163 149 144 129 128 126 118 113 107 98 106 118 129 144 157 165 171 174 173 175 184 189 178 149 136
240 241 241 241 241 241 241 241 242 242 242 242 243 243 243 243 243 243 242 242 242 242 242 243 243 240 245 245 242 243 244 241 244 242 244 238 148 164 157 161 163 164 159 168 173 169 166 180 167 176 178 175 175 176 185 176 167 177 176 174 168 165 172 170 162 149 131 133 123 125 117 103 106 101 115 114 131 147 149 164 171 171 173 179 183 187 179 156 138 96
241 241 241 241 241 242 242 242 242 242 242 242 242 242 242 243 243 243 242 242 242 242 242 243 244 243 243 242 246 243 244 245 243 242 243 241 248 154 152 154 162 163 162 164 152 161 165 168 171 169 171 168 173 170 167 171 171 176 165 167 161 166 159 155 142 129 117 115 117 113 100 105 99 112 123 135 148 155 160 168 171 170 178 182 187 188 158 144 132 54
240 241 241 241 241 242 242 241 242 242 242 242 242 242 242 243 243 243 242 242 242 242 242 243 243 242 243 242 246 243 244 245 243 242 243 243 239 240 157 152 148 150 153 157 149 158 160 160 164 158 156 154 163 164 160 162 160 166 159 166 161 163 150 142 125 117 111 112 111 107 96 104 111 125 138 148 158 161 163 171 170 179 184 184 181 163 149 184 146 67
