208 190 69 31 32 32 42 43 62 48 32 51 48 48 49 54 54 55 62 68 77 84 84 84 103 63 101 110 116 127 111 126 119 127 142 146 145 138 147 158 141 142 148 150 153 158 155 157 156 157 158 157 157 157 155 152 151 150 146 143 134 132 124 117 117 100 94 90 75 58 53 40 32 38 28 25 29 22 25 27 29 27 21 31 53 185 208 205 209 210
199 197 52 34 21 31 17 35 63 49 33 68 75 60 73 59 66 73 80 96 93 105 110 126 115 128 128 129 143 139 141 148 132 145 150 151 152 164 168 167 169 167 170 169 168 167 162 162 160 164 168 168 165 162 160 158 154 152 153 145 142 138 141 138 125 120 104 96 75 62 51 50 50 36 28 33 36 30 27 34 22 24 24 36 57 145 205 207 210 211
196 179 43 39 24 35 24 56 53 86 62 77 55 70 78 71 76 86 107 96 116 125 144 141 139 158 147 146 155 148 156 157 155 160 160 163 165 176 176 174 176 173 175 175 175 173 170 170 167 169 171 170 167 165 164 163 165 159 157 153 154 147 141 131 125 119 109 101 95 85 77 68 62 52 42 41 35 41 39 38 35 32 29 28 50 78 201 207 209 211
206 183 44 41 19 28 38 49 53 65 86 65 83 80 75 87 96 103 111 127 135 152 151 153 158 157 158 163 165 165 169 169 170 168 171 172 175 170 173 174 177 176 175 174 174 174 173 173 172 170 168 167 167 167 165 164 159 157 154 157 151 150 145 143 135 121 118 113 107 97 92 72 79 76 60 54 38 41 38 36 30 37 26 40 44 95 201 206 209 210
205 127 42 24 36 28 40 59 60 72 61 74 72 84 80 102 103 107 124 140 150 150 152 159 158 165 163 168 171 170 174 174 172 174 179 176 176 171 174 175 178 180 179 176 175 177 176 173 174 172 171 171 172 170 166 163 163 161 158 159 152 150 146 144 137 130 126 129 111 106 100 89 71 73 62 53 40 48 35 37 44 45 30 36 49 93 205 207 209 210
205 91 35 28 30 35 33 39 58 43 71 74 76 87 101 99 104 122 139 147 149 160 162 164 165 172 170 173 174 174 173 174 174 178 177 179 175 178 177 178 175 179 178 178 179 180 180 175 176 175 174 173 171 169 167 167 166 161 160 157 158 154 152 146 142 139 133 133 126 115 104 94 83 83 82 67 54 66 42 46 47 51 39 50 58 123 203 209 209 210
202 46 30 28 30 39 35 47 65 52 60 67 106 94 91 105 117 129 142 148 151 161 164 167 169 167 168 173 172 177 175 177 177 177 176 181 179 180 177 180 177 179 178 181 181 179 180 177 176 175 174 173 172 170 169 169 170 167 165 156 152 149 154 152 141 136 133 130 135 124 114 97 85 71 68 68 59 61 45 50 53 60 62 54 62 186 203 206 209 210
196 50 26 29 29 44 46 60 54 64 77 65 81 88 103 106 130 135 147 147 155 160 165 166 169 177 169 173 173 176 182 179 175 176 181 179 182 179 180 178 179 177 174 179 179 175 177 178 176 174 174 177 179 176 172 168 170 168 162 160 155 158 153 149 144 140 139 139 126 126 123 108 95 81 62 67 62 66 63 44 38 58 59 57 69 188 207 207 209 211
174 50 24 23 31 57 56 73 59 93 86 70 80 84 101 133 143 143 150 150 157 158 159 164 168 171 175 175 177 180 177 175 176 184 184 177 175 175 176 178 179 180 181 181 180 179 179 179 179 177 177 177 176 177 177 174 172 167 164 159 158 154 153 147 143 141 137 138 130 127 119 113 109 95 83 75 56 49 47 56 50 55 62 68 74 191 204 208 209 210
149 41 28 38 35 57 70 65 62 90 78 72 84 95 122 138 137 140 148 153 158 162 160 165 168 170 174 174 177 181 179 179 185 182 182 178 180 182 179 187 182 182 181 181 181 182 181 180 181 178 176 175 174 175 174 170 166 165 165 164 159 158 155 152 145 142 138 138 132 130 122 116 109 101 81 75 60 67 44 38 58 65 77 65 78 187 205 206 209 210
125 55 42 46 61 69 70 74 70 64 68 78 78 100 135 138 138 143 148 156 158 163 160 165 165 167 172 174 177 179 178 179 179 177 183 182 183 183 177 185 185 183 180 179 181 182 180 178 182 179 177 176 176 177 176 172 169 167 162 162 157 160 155 152 146 142 137 137 133 131 123 117 108 105 94 73 67 45 49 41 63 71 51 84 77 205 207 207 210 211
107 59 64 52 56 69 69 63 65 76 81 105 114 117 133 133 144 148 151 155 157 161 161 165 169 169 174 177 179 180 179 182 185 185 188 185 183 185 184 187 184 182 179 178 179 180 178 176 180 178 178 178 177 178 178 175 174 169 164 162 157 158 155 152 149 144 139 137 132 129 124 118 116 109 84 88 59 66 42 42 56 64 64 55 78 197 206 209 210 211
96 68 63 50 69 65 49 56 60 80 85 96 118 132 130 142 146 149 151 152 158 159 164 166 173 172 175 176 178 179 180 185 183 184 180 180 180 178 180 176 181 181 180 180 180 181 180 178 178 178 179 179 177 177 176 173 170 169 170 165 161 156 157 154 155 149 144 139 134 129 125 120 117 112 102 78 66 49 64 45 46 67 68 76 82 200 210 205 211 212
98 72 64 63 75 60 49 55 49 73 81 103 127 138 134 140 146 150 153 153 160 160 166 166 169 170 175 177 177 178 178 181 180 182 179 185 181 173 177 174 178 179 181 182 182 182 182 181 176 177 179 179 177 176 176 174 169 167 168 162 160 155 157 154 155 149 144 138 133 128 125 120 122 115 106 83 56 59 59 56 57 59 57 71 90 207 205 212 211 212
122 81 77 71 58 56 57 46 51 85 77 114 135 126 135 136 147 153 153 155 160 161 165 165 167 169 175 176 176 177 176 179 181 182 181 182 176 172 179 180 178 180 182 183 182 182 180 179 175 175 177 177 176 176 177 175 172 167 163 159 157 157 156 153 151 145 142 136 135 129 126 120 117 116 107 97 72 58 54 59 54 75 59 59 136 203 204 211 211 212
186 90 73 76 64 68 56 38 67 72 93 113 112 131 138 142 146 153 151 156 157 161 165 166 168 168 170 169 168 171 174 178 178 181 184 181 177 179 181 177 180 182 184 183 182 180 178 176 175 174 174 173 172 174 174 173 168 167 164 164 158 160 157 155 151 145 143 139 139 134 131 124 120 115 112 96 84 62 52 63 62 63 51 67 159 206 207 208 211 212
195 70 75 73 69 59 54 58 64 69 86 113 125 133 139 143 143 147 155 156 156 160 160 165 163 168 175 172 173 173 170 178 177 180 182 177 179 177 180 180 179 182 182 180 176 176 178 174 172 171 170 176 172 173 175 173 168 171 163 161 163 156 160 152 151 146 144 141 136 137 129 127 123 114 116 103 87 63 60 63 59 58 56 64 178 205 210 210 212 213
194 88 79 78 66 67 60 62 63 73 79 116 125 133 141 141 144 146 153 154 158 162 162 165 166 167 167 168 172 174 171 173 173 173 178 180 183 176 175 177 176 175 175 178 176 173 175 174 176 175 170 175 173 174 171 167 167 165 168 161 162 160 157 155 150 146 141 140 136 128 135 125 123 122 107 109 82 57 59 63 68 60 49 64 197 206 208 209 212 213
208 85 81 75 83 62 53 59 63 67 86 116 124 138 134 141 144 145 150 152 155 160 161 163 166 167 165 167 171 171 173 174 178 176 177 178 180 173 171 173 175 174 174 179 180 178 180 178 176 180 176 177 175 174 170 167 169 169 166 164 161 156 157 151 148 142 139 134 127 126 124 124 120 114 113 108 92 60 57 56 61 59 39 57 187 204 211 209 212 213
211 136 70 79 69 61 47 67 60 71 93 120 131 131 138 139 143 145 149 150 151 155 159 162 162 164 161 165 166 165 171 172 179 180 179 178 180 179 179 181 180 182 182 182 182 183 184 178 176 182 178 177 177 175 172 170 167 166 160 162 161 157 162 156 156 149 146 137 136 132 120 122 120 116 113 111 92 67 59 63 53 71 47 57 194 208 207 209 211 213
212 191 51 71 75 59 57 60 66 77 101 123 132 132 138 139 143 145 146 148 152 156 161 162 167 167 165 169 170 169 174 173 174 178 179 181 181 181 181 182 178 181 182 182 182 184 186 181 178 180 176 173 176 174 171 167 168 163 166 163 161 164 161 166 152 147 143 140 139 129 132 119 117 119 109 112 99 63 62 64 60 60 52 65 202 207 213 208 211 213
213 186 72 64 73 58 55 67 76 82 107 123 127 138 133 139 141 142 141 146 153 158 163 162 166 166 167 169 167 165 170 172 176 178 179 182 179 176 175 180 177 177 178 182 182 180 183 183 179 180 177 173 173 169 169 165 170 170 171 169 164 162 157 163 149 139 137 135 109 117 128 121 118 114 112 111 114 76 61 63 59 60 47 71 203 207 207 213 212 213
214 204 64 69 56 67 64 67 80 94 108 126 127 132 136 134 136 140 141 147 154 158 163 162 169 167 172 173 168 168 171 175 179 181 179 180 177 179 180 186 182 181 181 183 180 178 180 178 179 179 180 176 173 166 170 168 167 173 166 169 166 154 142 141 135 120 111 97 68 86 93 96 109 115 111 113 112 104 64 69 65 66 54 102 202 209 209 209 212 213
212 212 77 61 62 62 54 65 83 93 122 125 129 132 133 134 133 142 146 152 154 156 163 165 172 165 169 171 170 173 172 174 174 181 179 176 174 181 181 182 179 182 181 180 180 182 184 179 180 177 178 177 175 169 173 169 171 168 165 162 160 147 115 112 113 100 80 56 63 63 76 69 75 109 112 112 113 106 69 62 72 69 52 109 206 204 210 213 213 214
216 212 184 61 64 64 62 63 82 109 123 121 127 127 129 129 140 141 127 130 141 151 151 172 169 169 166 170 166 170 168 174 175 180 182 178 178 178 184 179 184 180 180 181 181 185 178 179 182 178 177 180 171 171 174 169 171 157 160 145 115 99 89 83 63 69 65 87 97 83 68 81 62 93 108 110 112 107 87 58 71 60 63 134 202 208 209 210 213 214
215 213 209 59 49 75 56 66 105 123 128 120 125 123 120 135 136 90 80 97 120 124 149 139 147 141 160 162 171 172 166 166 171 172 173 170 167 170 172 179 179 179 180 182 179 179 176 179 183 180 177 175 173 170 168 163 153 139 99 90 82 71 70 60 82 93 119 118 135 117 103 95 83 67 117 112 108 112 98 65 74 71 56 156 207 204 206 213 213 214
217 211 214 115 62 74 62 61 117 120 124 124 124 117 104 68 74 98 100 102 92 101 94 106 119 137 145 125 142 144 140 155 139 122 162 166 168 163 166 173 175 179 179 183 178 176 173 172 177 171 172 164 156 147 132 108 96 87 81 65 65 68 64 140 143 166 164 155 133 135 132 124 124 99 99 114 110 113 116 66 81 75 57 188 205 207 211 208 212 213
218 210 209 176 68 82 66 61 117 126 124 121 119 108 74 69 76 72 63 70 74 66 68 73 76 75 69 87 77 87 79 75 85 122 105 130 133 149 151 170 168 178 177 178 172 169 167 161 165 156 160 141 100 87 89 79 59 63 61 66 100 151 164 172 176 168 152 153 154 139 136 116 118 117 93 114 108 115 113 77 89 79 64 197 204 206 206 212 211 212
216 215 217 203 74 64 58 60 121 123 122 120 122 61 64 107 107 93 121 154 134 125 85 73 75 85 75 54 61 56 64 71 118 113 129 123 129 136 133 157 165 180 181 179 171 168 161 149 144 135 137 135 98 81 71 63 66 82 121 158 171 176 180 180 173 164 151 156 146 149 133 132 118 119 111 117 114 116 113 90 85 84 91 204 204 205 209 207 212 213
219 214 209 210 91 76 73 67 116 122 125 123 85 82 87 118 133 149 157 157 161 171 171 171 159 131 116 97 74 72 79 84 89 119 111 132 132 133 129 137 157 171 174 174 169 163 141 116 111 126 119 113 95 94 96 108 144 163 171 173 180 179 175 169 166 160 152 142 133 135 132 128 128 124 109 112 115 110 112 93 93 77 67 107 89 138 207 208 211 212
216 217 215 211 104 76 75 72 121 127 120 125 95 110 129 148 138 146 155 153 167 172 176 184 184 185 177 163 164 155 138 135 127 135 132 123 136 119 115 136 159 168 173 174 171 165 136 110 104 131 114 105 112 130 148 167 167 169 171 173 170 171 167 161 154 146 147 147 136 131 133 123 118 118 114 115 113 115 109 107 90 82 66 91 107 106 136 207 210 211
219 214 213 212 191 74 105 80 120 124 126 127 113 129 133 129 131 152 153 159 157 166 180 176 176 185 179 182 183 176 173 171 163 158 151 142 126 138 138 155 163 170 176 174 168 165 145 132 113 129 114 124 147 158 164 167 164 150 126 140 164 177 165 157 156 140 131 113 92 129 130 120 118 117 117 118 110 110 114 104 96 81 100 112 107 109 115 167 211 212
218 216 212 212 201 71 97 90 120 128 129 127 128 129 133 133 139 140 148 158 156 160 165 162 163 163 163 161 163 161 162 166 163 165 160 147 150 148 140 136 164 169 174 170 172 162 152 130 137 127 131 146 161 164 162 145 114 150 160 106 79 61 51 50 62 76 112 124 106 92 107 118 117 120 121 118 118 111 112 111 100 94 120 120 117 115 117 116 214 213
219 214 217 210 207 83 94 97 114 129 132 126 124 125 128 128 130 144 140 118 123 134 161 168 173 175 162 162 159 150 131 151 157 169 163 153 147 145 139 145 155 169 179 172 167 156 152 142 125 129 132 152 157 154 138 126 153 115 141 78 94 24 25 72 52 63 49 45 95 96 94 112 111 118 122 119 120 116 117 113 94 103 129 126 118 72 113 116 136 208
218 214 213 211 210 83 111 98 124 134 131 127 131 131 126 121 128 109 109 124 127 107 63 53 55 60 53 72 108 159 157 145 134 149 154 156 154 146 144 143 154 171 178 173 166 155 148 142 134 123 132 144 155 142 137 142 133 203 206 99 230 20 176 88 89 135 112 69 53 72 90 90 107 122 129 125 123 118 117 111 111 109 132 118 105 69 78 112 113 216
215 221 216 210 206 110 103 113 128 135 132 131 133 128 124 124 110 98 117 52 51 98 88 75 68 29 33 103 88 151 116 147 155 147 155 157 147 147 142 136 155 169 171 170 167 156 142 133 124 121 135 144 151 147 128 163 208 198 207 96 95 26 31 113 92 154 151 111 90 53 79 90 99 120 133 132 126 120 119 116 95 120 125 129 118 88 57 100 124 208
218 212 211 120 113 187 98 106 131 133 128 131 139 136 127 119 114 104 49 58 88 156 121 105 129 132 82 162 100 202 188 160 136 166 155 162 161 148 143 145 151 163 165 164 163 155 140 128 117 124 141 163 161 140 109 170 224 204 213 158 103 93 102 98 126 153 126 120 95 89 89 96 102 120 131 134 128 120 118 118 106 128 125 119 98 93 92 75 123 195
217 217 127 122 120 119 89 102 125 136 139 137 136 134 127 116 105 74 84 118 154 180 165 115 108 40 72 129 133 209 199 222 163 128 170 190 168 151 149 143 151 161 162 160 161 154 141 126 119 125 134 156 169 100 128 139 140 149 146 134 135 126 127 129 128 130 119 116 107 109 99 113 118 128 132 135 129 121 116 115 111 127 128 120 117 117 109 71 119 188
217 171 132 134 135 135 122 110 130 135 137 137 139 140 129 107 87 89 103 125 142 186 189 129 112 109 103 111 209 195 163 136 109 119 163 171 168 146 139 141 152 161 165 160 163 156 146 127 114 121 133 159 154 164 160 159 158 154 152 154 150 161 159 152 143 139 145 128 121 115 115 121 125 133 134 137 131 125 118 116 113 122 121 140 140 135 134 121 116 173
219 139 133 143 139 147 149 115 136 135 137 142 145 146 137 115 113 106 101 123 134 142 152 161 158 147 136 140 143 137 148 148 153 162 156 181 170 151 141 141 148 159 169 163 164 157 150 130 119 120 132 138 157 170 157 163 155 155 153 167 157 165 162 163 162 149 139 134 121 120 124 122 125 136 138 140 131 124 118 117 113 118 95 82 88 118 124 136 125 166
214 144 124 101 147 150 156 111 140 136 138 143 147 147 140 128 123 123 123 126 132 136 133 151 153 175 169 168 160 165 158 165 163 165 167 167 153 147 142 141 153 160 165 163 161 157 148 137 123 116 125 140 152 153 156 155 159 162 160 163 158 160 159 156 152 149 141 137 135 133 132 127 131 135 136 134 131 124 117 116 108 117 115 107 100 109 115 138 122 157
215 137 93 102 130 150 154 124 138 137 140 145 149 148 141 134 133 130 129 132 140 148 149 165 167 178 174 168 159 158 160 165 161 162 163 163 149 143 141 143 151 158 165 161 161 154 147 135 123 121 126 135 142 151 156 157 164 166 165 165 167 167 166 161 159 157 150 145 141 136 135 133 134 137 137 135 132 126 120 119 111 149 128 108 113 97 113 130 140 156
208 147 101 125 124 150 161 146 135 138 141 146 150 148 143 140 138 134 134 138 143 151 149 157 166 163 163 163 165 162 164 159 159 159 160 159 147 141 140 144 155 161 170 164 166 158 152 140 127 125 124 131 138 153 160 162 168 172 171 167 171 167 166 161 163 160 154 150 145 139 138 137 138 139 136 133 130 125 120 119 100 122 155 133 125 119 111 128 145 137
216 146 105 129 124 136 157 158 131 138 143 145 150 149 145 143 140 138 140 146 150 157 156 158 163 164 168 169 172 165 166 162 158 159 159 156 148 143 142 143 150 157 164 161 160 155 148 138 132 125 121 130 141 153 160 164 169 177 177 171 172 165 165 163 162 159 152 151 148 143 143 142 142 140 136 132 129 125 121 118 97 128 128 126 123 115 112 119 144 121
215 148 114 120 123 129 154 159 131 140 143 144 149 151 148 145 140 137 138 144 145 154 158 161 164 170 170 168 171 165 164 164 159 159 156 151 149 147 145 143 152 161 164 163 158 157 148 140 134 128 125 128 140 148 156 159 170 179 179 176 176 170 169 170 164 159 152 152 152 149 148 146 144 141 136 133 130 127 124 121 79 133 124 121 116 109 109 125 142 116
213 156 113 120 142 161 165 155 134 140 143 143 147 151 149 145 146 143 142 146 146 153 158 162 167 174 171 170 173 171 168 165 161 159 154 147 149 148 148 147 152 162 163 165 156 155 144 136 131 132 132 128 138 145 156 161 170 176 176 176 177 171 170 169 165 161 154 154 154 152 150 147 147 142 138 134 129 127 124 119 107 139 125 121 114 105 115 122 140 119
202 153 103 143 165 158 117 99 139 140 142 144 146 149 150 148 146 146 144 150 151 155 159 163 164 171 175 173 169 165 167 166 164 160 155 148 150 145 145 148 153 163 166 167 158 155 142 132 129 133 134 133 140 148 159 168 170 171 176 176 179 169 171 169 166 165 160 158 156 153 152 149 148 142 138 134 128 125 121 116 110 137 120 114 112 98 103 125 131 115
174 164 128 165 151 126 103 124 145 141 143 146 146 147 151 151 152 151 147 152 154 156 159 165 171 168 172 174 173 172 179 173 167 162 158 152 151 141 141 147 151 161 168 167 161 154 141 129 129 131 130 138 144 150 156 169 171 171 181 180 183 169 177 176 168 169 167 164 160 157 157 154 146 140 137 134 129 126 123 117 104 132 108 102 100 94 99 118 130 118
173 157 151 158 149 126 112 141 145 133 140 142 142 146 150 153 153 152 153 157 159 159 162 167 171 171 174 176 176 171 177 173 165 162 157 150 152 141 144 149 155 162 175 170 162 153 144 133 130 130 133 138 143 153 160 162 172 176 178 181 179 175 175 174 176 169 170 162 163 159 155 154 151 142 136 134 128 123 120 116 108 105 95 83 75 116 134 136 123 126
198 163 157 154 138 133 139 157 154 125 136 145 141 142 151 158 153 151 150 154 160 164 167 168 171 169 168 172 176 175 177 171 171 160 154 151 150 139 146 146 160 165 172 169 164 156 144 132 125 125 127 135 140 150 157 162 173 173 172 178 182 180 175 167 175 171 175 166 166 159 157 156 151 143 137 133 128 125 120 112 106 71 77 100 110 136 142 127 125 147
219 154 159 153 140 143 155 160 152 135 139 144 147 148 151 157 154 155 156 157 160 165 167 166 172 175 174 177 177 177 177 177 174 163 155 154 141 137 147 150 163 171 174 173 166 156 138 126 126 123 124 134 142 151 157 162 173 174 173 179 183 182 178 171 173 170 173 166 166 159 156 154 150 143 136 132 129 128 121 109 93 70 88 112 115 130 134 116 124 192
218 151 161 156 151 152 160 158 155 156 139 136 142 149 149 153 156 159 161 162 162 163 164 164 173 180 179 181 178 179 178 184 173 167 160 149 132 139 146 157 160 172 174 175 167 156 140 132 130 123 122 131 145 152 157 161 168 172 173 176 178 177 178 176 175 172 169 167 166 165 158 154 150 143 136 132 130 129 121 108 108 108 121 139 132 121 122 126 125 216
215 182 160 158 148 148 154 152 158 160 133 140 142 149 154 156 158 158 160 163 166 166 166 166 174 178 175 177 179 183 179 182 174 169 163 134 131 140 144 156 163 175 174 175 167 157 143 136 131 121 118 122 143 150 157 160 168 171 171 174 176 177 179 176 176 175 166 168 163 166 159 156 152 144 138 134 130 126 118 107 123 143 146 142 138 122 124 130 129 206
222 217 151 166 153 146 151 152 149 156 127 139 145 147 149 154 158 158 161 164 166 167 170 173 177 176 175 175 178 182 177 176 174 170 165 126 136 139 143 155 164 174 174 175 170 159 145 128 131 123 117 117 138 149 159 163 170 173 174 177 179 179 180 177 174 176 167 169 160 163 158 157 150 143 139 135 131 127 119 108 139 146 147 141 147 128 123 129 203 219
215 217 141 163 157 144 140 141 150 152 130 135 145 149 152 158 157 160 163 164 164 167 172 175 178 177 181 178 179 180 176 173 174 169 156 131 142 143 145 156 164 174 178 181 180 170 158 135 130 131 123 121 134 150 158 163 167 173 176 178 177 177 179 177 175 178 171 170 165 162 160 156 147 144 141 136 131 129 121 109 131 139 141 134 143 143 127 142 211 211
219 220 160 163 161 145 132 127 133 119 120 134 141 147 157 156 156 159 160 161 165 170 172 170 176 174 182 179 180 180 179 174 175 167 140 140 146 152 148 156 176 184 188 187 186 178 172 150 128 136 128 127 131 148 151 158 168 174 176 177 177 177 180 179 175 175 171 167 167 161 159 149 148 147 144 137 131 130 121 105 126 135 137 138 130 139 133 207 213 218
221 217 213 150 159 154 164 145 140 130 119 132 139 149 150 153 156 162 162 164 164 171 172 177 175 180 182 180 181 183 180 175 175 168 145 152 150 150 143 172 187 193 184 187 186 187 180 159 134 136 143 132 130 135 155 155 172 176 176 178 180 178 180 181 180 173 172 170 167 162 154 149 144 144 148 138 130 128 124 105 138 136 135 134 133 123 175 212 213 215
221 220 215 147 146 157 181 146 143 148 146 132 141 145 154 158 156 160 161 164 168 173 176 181 179 184 186 183 180 180 178 174 168 170 149 156 157 146 145 166 184 182 176 185 185 179 177 155 138 136 143 133 130 143 147 163 171 177 178 180 182 182 182 179 181 175 174 171 166 160 153 148 150 146 146 138 131 128 121 104 143 139 135 134 122 122 214 213 215 216
219 220 220 187 156 142 160 159 164 175 172 135 139 144 152 154 159 160 162 164 171 173 177 181 179 182 183 182 183 183 179 173 168 173 149 152 155 158 146 159 174 177 181 173 177 174 163 154 144 140 148 135 123 137 152 166 173 181 181 179 180 181 183 181 178 174 175 172 167 163 157 155 149 146 144 140 129 125 118 106 141 135 138 135 128 210 211 214 216 217
223 220 219 221 145 155 148 148 158 170 168 138 133 148 152 154 161 160 163 164 172 172 176 179 181 182 183 184 185 184 179 172 170 166 146 156 149 68 80 146 169 173 175 175 173 169 165 141 75 95 144 135 134 150 158 170 177 181 179 178 180 181 182 180 179 176 176 173 167 163 157 155 152 150 147 144 133 130 120 110 129 146 139 133 183 216 212 216 216 217
222 218 219 223 204 144 153 139 157 166 172 157 134 146 148 153 159 160 164 165 173 172 177 181 181 185 187 187 185 184 182 181 176 171 166 145 141 125 138 153 151 160 167 164 162 157 137 135 111 130 134 127 151 163 169 170 178 178 176 181 186 184 181 178 179 176 176 172 167 164 157 153 153 150 142 139 132 131 116 101 110 124 138 209 214 211 218 214 216 217
221 228 219 222 218 168 149 149 151 155 167 162 134 141 151 156 159 162 165 168 173 174 178 182 184 185 186 186 185 186 187 188 183 176 168 162 130 137 154 151 144 156 153 153 141 136 132 117 100 116 128 136 155 168 166 174 176 178 178 183 185 182 182 184 179 175 174 170 166 164 158 154 153 152 146 140 134 131 119 106 108 127 209 214 209 214 215 216 216 217
220 224 220 220 219 218 150 154 152 156 166 165 136 143 155 158 159 164 166 170 172 176 177 180 189 187 185 185 187 187 186 184 184 172 172 161 154 138 121 145 162 170 158 148 154 156 138 116 126 133 142 158 162 163 171 170 174 179 179 181 181 179 182 186 181 177 175 169 164 162 156 152 148 148 147 138 131 124 119 115 118 122 209 212 211 216 217 216 217 218
226 222 223 223 220 218 220 151 142 157 164 169 134 144 152 154 157 164 165 170 172 179 178 180 184 184 186 188 189 188 187 186 178 176 177 166 155 149 133 162 171 181 173 171 176 165 155 127 138 140 157 161 167 162 167 171 173 177 176 179 184 183 181 176 177 174 173 167 162 161 158 155 151 148 146 138 132 122 121 119 118 110 208 211 216 214 213 217 216 218
225 224 223 222 221 220 217 214 148 149 156 171 134 141 150 157 161 162 168 170 175 177 176 184 182 186 188 188 185 183 185 184 174 175 173 170 159 158 157 170 181 182 182 182 181 173 166 156 145 148 151 162 167 171 168 167 171 172 177 177 180 177 177 175 176 177 169 165 165 163 159 155 151 149 146 138 132 129 124 122 119 115 192 212 214 213 217 214 217 217
224 224 224 223 222 221 220 218 203 146 152 165 139 147 147 157 158 164 168 171 176 179 177 181 179 184 185 185 181 180 182 179 174 173 168 167 157 168 162 175 191 186 181 176 187 189 177 145 158 157 161 158 162 169 171 173 172 172 174 175 175 175 172 174 174 173 174 172 163 159 161 155 151 149 146 139 131 126 118 122 119 118 185 211 215 212 215 216 217 217
224 225 225 223 222 222 221 221 217 222 156 147 140 141 154 156 158 166 168 171 176 178 179 179 181 184 185 184 181 180 181 176 172 170 171 171 171 159 168 178 190 191 182 179 196 194 180 164 164 147 166 168 168 173 170 167 176 173 173 175 173 177 172 175 172 174 171 170 166 159 156 154 152 149 146 141 132 124 112 123 120 120 164 210 216 214 215 217 217 217
225 226 225 224 222 222 222 221 217 221 218 219 201 139 148 161 160 168 166 169 174 175 178 179 182 185 184 183 181 181 180 173 172 170 172 160 157 164 168 181 190 190 174 181 192 194 183 184 167 161 162 169 160 156 176 174 172 171 172 171 172 178 172 173 173 175 169 167 167 158 154 155 153 149 145 140 132 125 111 123 121 119 133 210 214 215 214 216 216 216
227 227 226 224 224 223 223 221 223 216 216 217 218 139 151 160 163 167 165 169 173 171 175 178 181 182 180 180 181 181 180 172 173 169 162 170 176 169 179 184 187 186 176 192 183 198 189 180 170 172 165 160 166 171 160 160 166 170 178 172 172 174 173 172 174 171 172 173 163 157 159 156 151 148 142 136 132 127 114 124 123 120 113 213 212 214 214 214 216 216
226 226 225 224 224 224 223 222 221 221 221 222 216 141 146 160 162 166 166 170 173 170 171 175 180 179 178 180 181 182 181 175 173 172 177 162 167 167 177 181 189 189 177 190 182 198 187 177 183 175 172 171 163 171 170 163 164 174 183 176 173 170 175 174 172 171 169 170 166 159 158 156 150 147 141 135 133 127 121 126 127 125 113 208 213 214 214 214 215 215
225 226 226 225 224 224 224 223 223 220 220 216 219 147 139 152 161 165 169 169 171 171 169 173 178 177 176 179 179 178 179 176 156 169 170 179 174 172 179 185 199 196 180 183 190 192 184 183 179 175 172 168 181 182 165 179 167 176 178 177 172 167 173 172 170 172 165 164 166 159 154 154 148 146 142 136 135 123 126 129 130 129 121 185 213 214 215 214 214 214
225 227 228 227 225 224 224 224 221 223 221 222 219 177 143 151 160 165 170 167 169 172 169 174 174 173 173 175 173 171 173 173 169 174 174 171 176 173 170 161 166 175 184 179 178 161 160 158 157 161 168 172 171 168 175 173 175 180 173 180 176 172 175 173 170 169 167 165 157 153 156 154 146 144 143 138 135 119 128 130 130 127 124 159 210 213 215 213 216 215
227 227 227 226 226 225 225 224 223 222 222 221 218 208 142 148 160 165 163 169 172 174 171 173 169 172 171 174 177 182 174 177 175 173 170 173 168 155 153 152 150 151 155 160 149 151 143 148 144 150 155 154 162 177 172 163 169 170 171 178 180 175 171 168 171 167 164 158 159 154 154 152 153 149 144 136 135 119 126 130 131 127 125 121 213 213 211 215 213 216
227 227 227 227 226 226 225 225 224 223 220 223 225 221 148 145 159 164 166 169 167 173 174 173 170 168 174 173 176 173 170 165 166 168 163 162 158 152 148 140 137 142 145 154 146 133 135 143 145 137 140 133 133 138 146 147 142 145 160 178 179 177 178 170 168 166 165 158 157 152 153 153 151 148 139 136 123 123 127 131 130 135 131 114 215 208 211 214 214 213
227 227 227 227 227 226 226 225 223 226 223 220 217 217 175 153 159 163 168 170 166 170 171 169 168 168 180 180 178 173 170 161 158 156 145 136 133 134 136 132 127 127 145 146 137 135 123 114 113 97 94 103 95 99 90 77 90 121 150 169 178 179 175 168 169 165 161 156 156 154 153 150 153 148 139 133 116 126 128 131 128 131 125 120 99 88 100 111 144 206
227 227 227 227 227 227 226 226 224 225 223 222 224 222 212 152 157 159 164 168 169 170 170 172 178 177 181 185 177 167 142 123 117 109 99 93 88 85 85 85 94 116 115 98 108 116 76 79 90 100 107 107 123 117 112 113 140 165 175 176 180 180 179 180 171 166 160 156 156 155 153 150 151 147 141 126 119 127 130 131 134 131 129 126 109 64 70 91 128 150
227 227 227 227 227 227 227 226 226 224 221 222 223 218 218 156 157 161 164 163 166 167 167 175 168 178 183 182 172 163 146 142 116 114 117 125 130 129 124 123 124 125 108 98 77 108 116 124 128 137 137 137 126 129 130 134 167 169 174 182 182 177 177 176 171 168 163 158 153 152 153 154 147 145 137 120 123 129 129 134 132 129 131 130 108 56 55 81 123 155
227 227 228 228 227 227 227 226 223 224 223 224 221 223 224 206 157 160 167 162 164 164 165 172 179 181 182 176 182 178 169 165 138 134 134 136 143 149 146 143 148 147 139 134 98 129 142 151 142 148 149 140 137 132 149 163 170 169 169 176 179 176 178 178 171 167 160 156 152 153 152 152 147 144 128 122 126 132 127 136 136 134 132 123 114 75 50 59 129 153
228 228 228 228 227 227 227 226 227 226 225 225 223 223 216 217 168 157 164 165 165 165 167 170 174 178 186 181 183 178 172 166 163 156 150 140 141 149 151 153 152 158 160 152 137 161 158 165 156 147 139 146 148 159 169 170 163 170 169 169 174 175 176 176 170 164 154 153 152 155 151 149 146 139 121 129 130 134 129 138 136 135 130 128 124 104 48 43 145 160
228 228 228 228 227 227 227 226 225 225 225 224 222 221 223 219 197 162 163 167 164 161 164 167 174 177 181 182 173 177 172 167 167 166 168 160 154 155 155 160 171 174 170 167 161 167 172 163 148 156 153 158 173 173 171 172 166 163 165 170 169 173 178 172 168 163 155 154 152 155 151 150 142 130 116 133 137 136 135 140 135 139 137 132 125 110 54 65 159 171
228 228 228 227 227 227 227 227 225 225 224 224 223 222 221 220 220 186 161 162 165 165 163 166 171 174 178 177 176 175 170 168 166 172 174 176 173 174 167 161 162 158 164 164 161 166 168 163 160 167 174 178 178 177 174 171 169 166 167 168 167 169 172 169 164 163 153 154 155 148 148 146 142 119 126 138 136 140 145 142 138 140 138 137 127 113 67 138 175 174
228 228 228 227 227 227 227 227 226 226 225 225 224 223 222 221 221 210 161 164 165 162 169 162 170 172 176 175 175 173 167 167 170 171 175 177 180 180 178 174 170 174 170 162 167 175 171 169 171 174 177 179 179 176 172 168 166 165 167 167 165 167 169 167 165 156 156 154 152 153 146 142 127 125 137 142 139 142 145 145 146 141 138 137 128 117 58 172 185 183
228 228 228 227 227 227 227 227 226 226 226 225 225 224 223 222 220 219 215 160 166 165 167 165 166 169 172 172 173 170 165 168 170 169 173 173 178 176 179 179 176 174 175 173 168 165 168 177 178 177 177 178 178 175 171 168 163 166 168 166 163 165 166 164 162 156 152 155 151 149 147 133 126 134 142 142 144 146 145 145 146 144 144 136 134 100 169 189 191 186
228 228 227 227 227 227 227 226 226 226 225 225 225 224 223 222 221 221 219 195 161 165 163 166 162 167 170 168 171 170 167 170 170 172 175 174 174 172 176 179 183 181 183 180 176 177 177 177 179 176 173 174 174 172 170 169 164 167 168 165 164 165 165 162 159 156 149 154 150 142 141 127 138 139 140 142 147 148 147 149 146 144 142 147 127 101 191 195 193 189
227 227 227 227 227 227 227 226 226 226 225 225 225 224 223 222 219 222 219 218 171 162 169 162 161 166 169 166 168 170 169 171 170 174 175 175 173 176 177 178 178 178 175 176 180 173 166 177 179 176 173 172 171 168 167 168 167 169 168 165 165 167 165 162 159 153 153 151 148 142 132 132 143 140 142 147 148 149 154 155 146 153 147 137 96 194 206 202 194 190
227 227 227 227 227 227 226 226 226 226 225 225 225 224 223 223 222 221 220 222 216 163 159 164 162 164 167 165 165 169 170 170 171 173 172 175 174 180 177 174 169 178 179 167 165 172 172 170 178 177 176 174 172 169 169 170 169 171 168 165 166 167 163 160 157 156 151 150 147 137 134 140 143 143 147 151 150 153 158 153 152 151 151 115 195 208 205 201 194 191
227 227 227 227 227 227 226 226 227 226 225 225 225 224 223 223 222 220 220 216 219 214 157 158 161 157 163 166 165 168 170 171 175 174 174 177 178 179 177 175 176 168 169 167 163 170 173 169 176 177 178 177 175 174 173 173 170 171 168 166 167 165 160 158 155 157 148 149 142 132 142 143 146 148 150 154 156 158 159 152 157 153 130 174 205 210 207 201 198 195
227 227 227 227 227 227 226 226 226 226 225 225 224 224 223 222 223 220 222 217 220 220 201 158 159 151 159 167 165 167 171 172 174 173 176 177 179 174 176 178 174 172 171 167 166 169 172 178 175 178 180 178 177 176 175 173 171 172 169 167 168 164 158 156 156 150 151 145 134 134 141 145 148 153 152 157 160 159 161 159 162 143 117 206 214 210 207 203 200 196
226 227 228 228 227 227 227 227 226 226 226 225 224 223 223 223 220 222 220 220 218 220 216 162 158 157 158 162 165 166 168 172 174 177 180 180 181 183 183 180 180 178 176 177 175 177 174 180 182 182 184 182 179 179 176 174 173 174 170 168 165 160 158 156 150 153 146 132 135 140 147 151 152 157 160 160 163 161 163 160 151 107 209 219 214 214 211 202 201 200
226 227 227 227 227 226 226 226 225 225 225 225 224 223 223 223 223 220 220 219 220 215 200 163 158 156 157 162 165 166 168 171 173 176 179 180 182 184 185 182 181 180 178 179 178 179 176 180 182 181 184 182 180 180 178 175 172 172 169 167 163 157 156 154 152 151 142 132 137 141 148 154 156 159 161 161 165 163 164 159 113 206 214 217 216 214 204 207 203 202
