164 164 163 162 161 161 162 163 163 164 164 163 162 163 162 160 161 164 163 161 161 162 161 161 162 162 160 163 163 160 163 163 160 161 157 160 162 160 163 162 164 161 160 161 161 161 161 160 156 161 161 159 161 160 159 160 159 159 162 161 158 160 162 159 159 160 160 160 160 160 160 160 160 160 159 159 160 161 161 159 158 158 158 158 158 159 159 159 160 160
163 163 162 162 162 161 161 161 162 163 163 162 161 161 160 159 161 162 162 162 162 162 162 162 160 165 161 157 160 163 161 158 159 162 160 163 163 160 161 160 163 161 159 160 160 161 162 161 163 161 160 160 160 161 161 159 161 158 159 160 160 161 161 159 160 160 160 160 160 160 160 160 159 159 159 159 160 161 160 159 160 159 159 158 159 159 159 159 159 159
162 162 162 162 162 162 162 161 162 161 161 161 161 160 159 160 161 161 161 162 162 161 161 162 158 160 162 161 162 161 158 161 160 162 160 162 161 158 160 161 163 161 160 160 159 159 159 159 162 158 158 160 159 160 161 159 161 159 158 160 161 160 159 160 160 160 160 160 160 160 160 159 159 159 160 160 160 160 160 159 161 160 159 159 159 159 158 158 158 158
161 161 162 162 163 163 163 162 163 161 160 161 161 160 160 161 161 160 161 162 161 160 160 160 163 157 160 160 158 160 160 163 161 162 162 161 160 159 160 161 158 158 159 160 160 159 159 159 161 158 159 160 159 159 161 161 158 161 161 160 160 159 159 161 160 160 159 159 160 160 159 158 159 160 160 160 159 159 159 159 160 160 159 159 158 159 158 158 158 158
160 160 161 161 162 163 163 163 163 161 160 161 161 160 160 162 161 160 161 162 161 160 160 159 161 159 159 157 159 162 160 158 154 156 156 155 156 159 159 160 159 160 159 158 157 155 153 155 155 158 158 158 159 158 159 162 158 163 162 158 159 160 160 160 159 159 158 159 159 160 159 158 160 160 160 159 158 158 158 159 159 159 159 158 158 158 158 158 157 157
158 159 160 161 161 161 162 162 161 160 160 160 160 160 160 161 160 159 161 161 160 161 161 159 156 159 158 161 163 158 160 166 171 178 186 187 191 195 191 187 183 184 182 180 178 176 175 178 170 170 163 158 160 160 158 158 159 161 160 157 159 161 160 157 158 158 158 158 159 159 159 158 160 160 159 159 158 157 157 159 158 158 158 157 157 159 159 158 157 157
159 161 163 163 162 161 162 162 160 160 160 159 159 160 160 160 158 158 160 160 159 161 161 157 159 161 156 161 159 158 166 161 170 170 165 152 152 167 174 178 168 170 170 168 169 167 167 171 172 181 186 182 175 169 163 159 161 157 157 159 158 158 158 157 157 157 158 158 158 158 158 159 160 159 158 158 158 157 157 158 158 158 158 157 157 159 159 158 157 157
162 164 166 166 164 163 163 163 159 161 160 159 159 160 161 159 158 158 160 159 157 160 160 154 159 163 159 159 158 171 171 121 134 143 151 147 154 171 176 177 179 182 182 179 177 171 168 171 176 171 170 174 184 193 187 172 160 155 157 161 157 154 156 158 156 157 157 158 158 158 158 159 159 158 158 158 158 157 157 158 158 159 158 157 158 159 159 158 158 158
115 140 145 141 152 159 149 161 166 165 171 165 170 167 163 161 168 155 162 163 162 164 158 162 165 158 159 161 158 165 187 164 171 181 187 191 204 217 214 202 196 189 192 201 201 194 196 202 210 210 205 190 180 190 204 206 189 172 164 160 156 159 159 155 160 160 159 157 157 159 159 159 161 158 157 158 159 158 158 158 158 157 157 158 159 159 159 159 158 158
46 50 57 53 61 74 72 92 84 73 95 112 129 143 151 149 152 158 159 156 164 166 157 164 161 161 166 161 159 160 176 194 189 188 187 188 195 198 189 179 195 201 198 194 197 194 191 200 194 197 205 209 201 191 195 208 206 197 191 184 172 161 156 159 161 158 156 158 158 158 158 160 156 158 160 160 158 156 157 160 158 158 158 158 158 158 158 158 157 157
48 44 46 45 49 51 45 55 53 55 71 82 92 101 110 109 112 123 123 120 125 128 131 140 129 137 134 147 152 145 152 171 183 191 202 199 192 190 195 209 201 191 162 147 162 174 176 182 191 188 186 193 202 204 204 208 204 208 210 204 192 172 154 155 157 158 158 157 158 161 160 158 159 157 156 156 158 160 159 157 157 158 159 159 158 157 157 158 157 157
49 52 49 49 52 46 49 49 52 59 63 81 95 98 110 114 126 124 116 117 117 109 107 106 106 95 92 110 98 105 122 111 133 153 181 183 170 153 138 138 133 126 120 126 146 164 177 183 188 188 183 179 183 190 190 186 196 202 202 194 190 180 164 160 162 158 157 160 160 157 157 161 156 158 159 158 159 160 159 156 157 158 158 158 158 158 159 159 158 158
56 56 58 55 50 43 53 52 57 61 64 78 100 124 131 121 133 140 135 134 128 113 116 127 114 108 112 110 94 104 104 102 118 126 130 117 108 114 121 131 144 148 160 171 173 174 179 182 181 181 185 186 182 180 181 180 177 178 177 173 175 180 176 174 171 172 169 163 160 160 159 157 158 159 159 157 156 157 159 159 159 159 158 157 158 159 159 159 158 158
75 58 68 60 56 57 61 57 60 68 78 84 99 121 122 134 143 136 127 127 124 121 122 114 111 110 99 96 104 114 114 122 142 148 151 156 169 181 181 175 178 180 182 182 182 184 187 191 193 189 191 193 191 190 189 185 184 180 182 181 177 177 176 177 181 180 179 179 175 168 161 159 159 159 157 156 156 157 158 158 160 159 158 157 157 158 158 157 157 157
68 61 80 74 82 88 85 79 66 84 87 91 105 123 124 135 134 128 132 134 127 132 135 122 127 129 140 153 154 156 172 168 163 173 175 179 178 176 181 180 184 188 186 184 186 189 192 197 196 199 201 199 198 199 198 193 195 189 189 186 180 176 174 176 174 179 182 181 182 182 174 164 154 156 158 159 158 155 155 156 157 158 158 157 157 158 157 156 157 157
60 77 89 71 80 81 83 85 85 103 102 116 112 117 135 136 128 132 136 134 134 140 144 146 161 159 174 173 178 174 172 173 170 177 176 186 186 177 184 186 187 185 185 188 191 193 197 199 203 203 203 206 206 203 201 204 199 195 192 187 183 182 174 169 166 168 169 172 180 185 183 177 166 156 148 148 154 158 158 157 154 156 158 157 156 157 157 156 158 158
56 73 77 71 78 81 86 92 109 114 117 125 128 138 142 139 138 140 142 145 145 152 168 175 178 177 174 185 181 163 166 180 176 182 187 192 189 190 179 192 186 183 186 190 189 193 202 204 206 206 206 207 208 207 205 205 203 199 195 189 186 183 177 179 175 169 167 167 166 180 182 183 177 173 161 142 141 151 153 160 158 158 160 160 156 157 160 156 158 158
60 75 74 73 85 94 98 104 122 140 148 155 156 158 159 163 165 163 159 160 163 169 179 182 180 185 188 183 163 146 162 171 165 185 197 197 194 187 186 183 183 185 189 190 195 199 207 204 205 207 208 210 211 210 206 204 199 194 191 189 189 188 182 181 180 177 175 169 160 162 163 177 173 174 174 162 145 133 138 154 157 161 154 157 159 152 155 159 157 154
61 77 76 83 88 102 118 141 160 174 177 182 182 182 180 181 182 180 175 175 178 180 183 183 186 190 188 165 140 127 145 147 159 177 188 199 196 191 166 177 182 188 191 191 204 205 210 208 209 213 214 215 216 214 209 204 204 197 193 188 186 185 180 177 171 173 172 176 170 164 159 164 171 174 174 173 163 147 135 127 146 157 163 157 155 157 154 153 156 159
70 80 82 106 118 136 152 173 184 186 184 188 185 188 188 183 186 188 184 183 184 183 185 185 188 182 164 137 132 128 139 138 170 178 183 191 193 187 141 188 184 192 191 192 212 208 211 213 217 220 221 219 219 218 212 205 199 197 197 191 186 186 179 171 170 173 166 172 162 151 152 155 160 167 170 174 169 161 153 138 125 131 150 159 159 162 160 158 155 161
80 97 106 131 136 154 171 186 184 188 187 191 186 188 190 189 188 190 185 182 182 184 190 192 184 174 153 130 128 129 146 159 179 184 185 186 189 157 132 185 183 195 191 194 217 213 214 217 220 225 225 222 221 219 212 205 204 203 200 190 183 182 174 165 171 166 162 166 156 133 124 149 164 165 166 174 174 166 163 153 137 124 125 147 159 155 155 157 161 154
96 121 131 146 150 167 182 183 181 187 182 184 184 185 185 189 187 186 183 183 185 189 194 192 190 167 143 129 123 136 160 176 186 192 181 187 150 100 135 190 181 192 187 198 216 219 219 219 221 226 228 226 223 220 212 205 203 201 195 184 177 171 160 154 150 144 156 161 153 115 81 132 164 169 172 174 174 173 170 164 150 144 126 111 142 166 154 161 154 156
99 129 142 154 165 175 183 177 186 188 181 183 185 187 185 187 186 184 185 188 190 197 201 193 189 164 141 130 113 139 171 192 188 195 188 174 96 67 150 201 184 182 175 201 210 217 220 220 222 226 227 225 222 216 209 203 197 194 187 177 164 145 129 130 122 137 169 175 164 127 91 140 174 179 179 173 174 177 172 168 168 153 150 123 113 148 163 156 167 169
113 142 152 160 174 174 182 182 179 181 181 186 182 183 185 185 185 182 183 188 189 198 205 196 194 174 148 132 108 138 172 198 202 192 190 128 58 74 173 197 190 171 163 203 204 210 217 221 221 224 224 220 216 210 204 200 193 185 173 159 142 119 110 127 139 160 178 175 164 148 130 156 175 175 180 183 187 182 171 175 174 172 154 153 124 103 141 162 159 109
124 138 158 164 172 179 178 181 181 182 183 182 183 185 183 185 185 183 188 190 196 198 201 199 195 176 138 125 110 143 187 197 208 196 181 88 50 94 184 206 195 162 160 197 207 208 212 214 219 220 216 215 212 203 195 189 185 174 160 138 118 93 114 144 172 188 180 170 168 159 152 166 175 181 181 185 189 188 184 179 172 176 169 160 154 130 118 138 117 63
125 151 164 166 183 180 185 185 186 185 185 183 183 184 181 182 185 183 188 190 196 198 202 201 199 175 130 115 119 147 199 213 210 204 158 53 47 108 191 214 200 158 155 197 204 204 209 211 218 215 209 209 208 199 191 187 175 162 148 118 93 111 139 164 183 185 175 132 148 159 172 177 181 185 184 186 191 192 190 187 182 182 181 173 168 159 137 119 119 125
134 161 182 174 178 187 188 187 186 184 185 183 185 186 184 185 186 185 190 192 196 198 203 203 205 170 126 106 128 149 195 214 209 198 129 38 81 135 169 206 200 149 145 194 198 197 204 207 209 207 203 203 201 192 184 179 163 150 128 96 113 153 175 181 184 187 176 101 121 168 183 189 189 196 196 194 191 188 190 191 191 180 181 179 173 171 158 139 121 120
143 165 184 179 172 180 192 190 188 187 188 187 187 186 184 186 190 190 195 195 199 200 205 205 204 160 123 106 137 164 189 212 208 193 103 38 144 180 169 214 202 138 129 189 200 201 202 202 202 203 199 198 193 185 178 171 152 128 106 113 162 185 196 192 201 206 203 124 98 182 194 202 197 198 195 195 195 195 197 194 188 185 186 180 173 174 166 154 140 112
159 185 183 161 170 192 193 193 190 190 193 192 191 189 187 191 194 194 200 200 203 204 209 208 206 162 114 107 140 172 184 203 212 186 82 40 81 113 168 208 195 133 126 191 202 200 199 203 199 200 195 190 185 180 173 161 138 109 117 166 189 196 203 205 194 199 212 164 77 169 203 199 208 206 199 196 195 197 200 199 192 189 189 186 185 183 172 161 150 135
170 192 176 153 196 194 198 197 195 195 198 199 198 196 194 199 198 199 204 204 209 210 215 213 217 184 111 109 135 164 177 188 200 172 64 103 54 64 166 211 184 124 121 192 203 202 197 198 193 193 189 185 182 176 163 145 124 121 164 195 199 203 207 205 203 205 208 177 62 123 198 203 202 206 208 208 202 198 200 199 206 199 200 200 195 190 180 171 158 152
191 175 154 193 204 203 201 208 211 208 208 206 204 201 199 203 204 204 208 209 214 216 220 217 221 207 125 115 135 155 172 182 187 161 59 97 37 58 161 192 167 113 119 196 201 202 199 197 191 190 187 187 182 172 158 141 131 159 201 199 206 208 208 200 204 207 202 178 62 75 165 197 206 206 204 203 200 199 201 197 196 202 208 204 201 203 196 185 173 161
147 96 191 212 195 208 205 218 221 215 213 211 210 208 206 210 210 209 212 212 218 220 224 220 218 217 141 120 134 147 161 178 181 151 56 29 37 53 140 191 159 104 116 198 204 210 206 197 199 194 190 189 181 169 160 150 160 192 211 212 209 208 210 211 203 199 200 178 53 37 122 172 189 194 199 205 204 202 203 199 199 200 200 201 205 202 195 198 186 170
111 184 205 198 206 211 223 223 224 220 218 219 216 210 211 216 214 215 216 217 220 223 225 226 222 213 166 108 143 143 158 174 171 157 60 40 67 70 145 176 144 101 128 202 208 210 210 207 203 202 199 189 181 175 166 170 182 200 210 206 210 209 209 205 205 205 200 161 53 37 49 152 189 183 197 202 197 200 203 199 198 200 201 199 200 202 203 203 201 191
178 202 200 199 207 229 227 229 224 223 221 221 219 218 218 221 219 219 219 220 222 224 224 224 217 209 179 122 138 145 154 166 163 150 80 48 90 94 147 165 138 94 145 206 207 220 215 212 204 205 202 192 186 181 174 176 192 208 202 207 210 211 204 203 202 209 201 155 58 31 32 78 182 186 181 183 195 188 196 196 199 202 204 204 203 202 200 199 200 194
196 194 201 205 204 233 229 223 222 222 221 220 220 221 222 221 222 221 221 221 223 224 223 221 215 205 190 138 130 145 152 162 155 154 105 62 65 109 153 161 131 92 170 204 207 219 219 217 215 214 207 197 193 193 189 188 192 210 211 204 208 208 207 210 204 209 193 158 66 71 84 68 130 183 178 179 189 192 195 193 193 197 201 203 203 201 200 200 196 193
192 198 206 198 203 221 228 225 225 224 222 221 222 223 223 222 222 220 219 219 221 222 220 218 212 203 200 166 143 153 155 162 157 152 132 90 83 98 147 161 120 109 196 207 218 216 222 221 217 214 206 197 198 202 198 193 184 185 208 210 207 205 210 209 210 211 192 164 78 102 151 137 91 160 180 182 181 186 187 191 192 195 199 202 203 203 204 206 201 196
191 210 200 200 220 221 224 226 228 224 221 222 222 222 221 222 221 220 217 217 218 220 218 216 211 203 199 186 160 159 158 165 151 147 152 130 96 85 150 168 107 141 206 209 219 211 213 210 207 206 201 197 200 205 204 196 187 163 168 207 210 208 208 202 205 208 196 159 95 98 168 192 168 159 169 173 185 185 185 185 195 197 200 202 202 202 203 204 206 202
198 204 186 211 222 220 224 228 227 223 221 222 222 221 220 221 221 220 218 216 217 217 216 215 211 204 193 191 171 164 163 167 160 149 144 137 142 122 161 166 128 185 210 211 209 209 203 200 198 199 194 192 196 203 208 203 189 158 118 158 205 204 205 205 205 209 196 162 116 116 165 178 164 151 174 183 170 183 185 183 190 196 201 203 203 202 202 202 206 206
202 193 194 220 214 217 223 226 227 226 224 223 224 224 222 221 218 217 216 215 214 214 213 212 209 205 197 196 183 177 172 169 159 158 143 141 135 163 178 170 168 206 206 204 197 201 197 196 194 194 188 188 192 200 206 201 177 127 77 118 194 200 202 205 206 214 198 164 115 120 174 192 194 161 159 200 172 186 179 178 184 195 204 206 205 206 207 208 206 208
194 190 207 213 215 220 221 225 224 225 224 221 221 223 221 216 213 214 213 212 211 211 211 210 209 205 199 191 182 184 180 174 171 161 152 141 137 171 187 192 197 205 204 200 200 198 200 201 197 196 190 193 199 204 205 194 171 79 55 131 194 212 204 200 208 212 198 164 128 104 164 201 199 171 161 209 178 182 178 171 178 192 204 205 204 206 209 211 205 207
179 196 206 203 210 214 219 221 216 218 219 221 223 222 218 216 211 210 207 205 205 207 208 210 210 206 196 194 192 186 183 178 173 171 161 149 155 180 198 200 200 200 200 202 203 202 201 201 202 198 198 196 201 201 204 186 169 65 75 134 192 206 205 206 212 217 197 170 131 150 203 212 221 184 160 207 193 167 182 169 166 191 198 205 206 208 212 211 206 207
172 193 203 202 201 204 207 211 212 216 216 215 216 217 215 212 212 210 206 203 204 207 209 211 211 205 196 195 196 191 187 181 176 173 171 172 177 188 197 199 201 199 199 201 202 202 201 200 202 200 199 201 204 208 200 191 168 81 73 163 195 211 215 212 216 216 191 165 135 126 176 213 206 179 167 194 212 176 175 164 153 185 194 201 204 208 210 207 207 207
170 189 195 197 194 202 204 209 212 215 215 214 214 215 214 211 211 211 210 209 210 211 210 209 206 201 193 193 193 189 185 180 179 175 177 184 189 193 197 199 203 201 200 201 203 204 202 201 200 200 199 207 212 216 194 190 173 118 85 166 197 212 210 210 205 200 188 154 141 117 176 216 216 193 174 180 205 179 177 158 139 180 193 199 203 207 207 202 198 198
161 182 188 193 185 195 195 202 206 205 207 212 214 211 209 211 211 210 208 207 209 209 207 206 204 201 197 195 191 186 184 182 183 181 183 189 196 204 208 206 208 206 204 204 206 207 206 204 202 201 203 216 225 220 195 185 174 149 115 146 188 202 199 199 194 189 176 152 136 148 203 220 227 207 171 184 196 179 178 158 133 180 193 195 198 203 203 198 194 191
161 173 174 182 181 197 199 204 213 212 212 216 217 213 210 210 206 207 208 209 211 210 206 202 204 201 199 195 189 185 181 182 182 183 186 194 205 216 218 213 215 212 207 205 206 208 208 206 205 205 211 222 231 217 201 185 169 151 136 133 169 185 196 190 187 188 180 150 132 145 202 217 217 209 171 177 183 179 173 152 130 177 190 190 191 197 198 195 196 191
155 167 172 179 179 190 192 195 211 212 211 210 210 210 207 204 208 207 205 205 208 210 211 210 203 197 194 189 186 183 177 176 179 177 181 192 204 213 215 212 214 211 205 200 199 202 203 202 202 204 210 215 219 204 200 184 169 146 126 125 150 173 190 185 185 186 184 143 144 125 179 209 216 195 176 176 179 177 174 156 131 173 185 187 189 194 198 196 197 192
155 164 171 176 183 192 195 196 196 201 203 202 204 207 207 204 203 203 202 203 206 209 210 209 206 198 193 189 187 185 177 175 177 173 176 184 193 199 202 202 201 200 197 192 191 193 194 193 192 194 197 198 196 191 187 179 165 144 121 121 133 167 184 188 188 195 179 144 132 113 154 200 216 179 171 179 182 167 168 158 132 168 180 187 191 196 199 196 197 194
149 160 173 177 183 187 191 191 193 197 201 203 203 202 200 200 204 204 202 203 206 209 210 211 208 200 195 189 187 184 176 174 172 170 172 176 180 185 187 185 186 188 189 187 186 187 186 184 184 185 185 184 179 185 175 173 152 141 138 129 120 164 185 195 200 200 176 141 130 133 178 216 221 209 181 174 179 172 171 152 133 163 176 188 192 197 199 195 195 195
136 160 177 179 180 182 186 190 194 196 196 196 198 200 202 203 205 201 200 206 210 211 210 210 208 197 194 187 181 180 175 173 172 168 169 172 179 177 174 178 179 181 183 182 178 179 180 178 177 182 182 179 181 180 173 168 147 139 154 132 118 152 175 194 203 196 175 134 124 137 191 207 220 212 176 181 175 172 166 151 136 162 178 182 189 195 195 191 194 193
152 169 167 155 165 182 184 184 193 194 194 195 198 199 198 197 201 204 206 207 211 216 216 211 201 191 192 188 180 177 171 166 165 159 166 170 170 168 168 168 167 170 173 171 168 171 173 168 167 168 170 178 179 181 184 168 154 138 154 119 117 136 157 182 194 185 153 134 137 146 197 217 220 195 161 165 181 163 165 151 140 162 182 184 188 194 188 187 188 187
146 139 141 154 177 187 185 192 190 191 192 194 196 196 194 193 197 202 204 203 207 214 213 208 202 191 189 186 178 174 169 165 165 162 162 167 158 160 154 155 157 159 163 165 163 164 165 162 162 161 159 171 173 179 190 170 149 128 130 117 121 135 156 171 184 181 151 137 127 125 167 200 198 172 161 172 173 160 164 150 135 152 176 180 186 192 186 190 185 183
123 129 156 173 176 179 180 187 186 189 192 192 192 191 192 194 198 199 200 201 204 206 207 206 200 191 184 180 174 168 164 161 156 156 154 151 152 149 143 145 150 154 157 161 164 161 160 162 162 158 152 160 164 174 187 177 152 100 114 133 132 134 150 166 174 171 149 132 124 145 176 202 198 150 155 177 163 164 165 145 138 152 171 178 182 184 183 188 186 183
141 149 165 167 166 177 183 183 187 189 189 189 188 188 190 193 195 194 195 199 202 201 201 202 197 193 185 179 175 167 159 156 152 148 151 138 146 139 141 141 141 150 151 152 158 159 157 161 158 152 149 153 157 169 181 182 153 71 123 144 137 139 150 167 177 170 148 133 135 178 207 217 207 151 153 176 164 157 163 149 144 159 170 179 181 178 183 185 186 183
141 152 162 168 168 167 173 183 187 186 185 185 186 186 187 189 189 191 194 197 200 201 199 196 191 189 179 170 164 156 152 147 146 141 134 128 121 134 141 146 144 157 157 152 158 164 164 165 160 151 152 156 159 169 178 181 157 69 109 149 137 139 150 164 175 176 149 130 130 169 193 188 173 156 155 176 164 156 157 150 145 161 169 179 180 178 186 184 186 182
152 160 159 166 174 172 173 172 182 182 181 182 184 184 185 186 188 191 194 196 200 202 199 194 190 185 174 162 148 145 150 146 140 136 123 124 119 145 153 162 151 159 161 157 158 161 162 162 166 159 151 159 168 171 178 181 162 91 86 149 143 138 152 166 176 173 150 135 134 145 159 174 118 125 151 180 171 170 161 155 150 164 171 176 176 177 183 181 184 180
146 155 155 163 165 164 175 174 175 177 179 181 182 182 183 186 187 188 189 192 196 198 195 191 186 180 170 157 137 137 148 142 136 130 128 118 138 149 160 162 164 163 168 171 165 161 162 163 167 165 144 154 175 173 178 186 173 135 113 140 145 148 160 160 170 177 154 122 148 188 188 186 162 113 143 163 172 174 165 154 156 166 174 173 173 178 182 182 181 177
140 151 154 158 159 163 173 173 170 173 179 177 179 183 181 183 184 187 191 192 192 193 193 189 185 180 163 134 128 123 138 141 132 133 133 125 132 85 145 173 166 180 184 186 173 171 168 168 171 169 151 147 165 173 175 182 169 152 135 136 145 150 155 164 172 179 152 123 156 182 170 132 79 110 144 162 174 167 163 158 163 168 170 173 171 174 183 181 178 175
140 146 150 155 159 164 169 168 170 173 179 178 179 182 180 181 182 185 188 188 189 190 189 187 185 180 148 118 119 126 140 139 138 139 123 114 89 77 170 181 161 177 187 192 181 178 175 176 176 180 166 153 153 160 169 175 172 154 133 142 150 150 164 166 176 180 153 124 135 140 146 141 80 77 150 169 176 167 167 165 165 167 169 171 169 173 180 179 174 171
135 139 146 150 156 162 164 166 169 172 175 174 176 179 177 178 179 184 185 184 187 188 186 186 184 167 127 114 115 122 134 138 147 146 101 111 59 126 199 179 164 177 190 197 189 185 181 181 175 179 173 160 151 153 162 163 156 135 134 143 147 152 157 161 175 181 149 117 144 178 188 153 108 95 153 167 171 168 173 171 168 161 161 167 175 182 180 176 175 173
130 134 144 147 153 159 160 167 167 168 169 168 170 173 174 175 176 182 183 183 187 187 184 185 180 155 113 114 110 117 132 140 151 129 82 84 120 154 205 183 166 170 184 193 191 189 185 183 186 184 180 175 166 157 151 140 126 113 130 140 147 159 157 164 173 182 147 112 133 143 126 86 41 131 163 159 163 169 169 166 165 161 166 169 174 177 172 172 168 166
130 134 143 145 150 156 156 163 162 164 163 164 166 169 171 171 172 177 180 181 185 185 183 183 174 149 103 102 103 122 138 146 163 110 64 97 182 173 189 185 162 159 175 190 195 195 192 191 191 188 184 183 177 162 142 121 117 119 125 137 148 156 163 162 173 178 156 103 94 100 83 44 83 159 161 168 168 170 167 166 162 160 167 169 170 170 165 168 168 167
129 135 141 143 149 152 151 155 156 160 160 163 166 167 168 167 167 170 174 177 179 181 180 179 167 135 90 93 104 124 138 155 174 93 75 103 60 145 197 179 156 147 168 189 199 197 196 196 192 196 193 189 185 175 155 132 123 128 131 137 150 161 164 164 172 175 160 84 51 56 47 35 127 151 165 173 169 169 167 163 162 162 164 166 168 168 166 167 165 164
120 132 137 141 146 147 148 148 151 156 157 161 164 163 165 164 164 164 168 172 172 175 178 176 161 120 90 98 106 123 143 167 167 88 94 101 40 118 193 176 152 136 159 184 199 196 194 194 195 200 198 194 190 182 167 146 142 144 148 147 156 165 163 167 175 184 159 62 38 42 36 80 143 160 170 164 176 173 162 161 162 167 168 167 164 161 163 166 162 160
109 126 133 139 143 142 146 147 148 153 153 158 161 160 163 162 164 161 165 169 167 172 177 175 159 118 104 105 99 125 158 176 181 92 31 37 41 96 191 187 153 131 153 183 204 202 199 198 201 200 200 202 199 191 178 160 149 157 151 155 159 159 172 173 176 171 164 74 37 40 51 124 150 169 174 171 172 163 167 162 160 164 160 162 164 162 165 162 165 163
107 120 130 136 136 135 141 146 145 149 152 155 156 157 162 163 164 159 158 164 163 166 172 170 152 114 102 93 98 135 163 176 181 102 38 45 51 101 181 178 153 130 147 185 205 201 201 202 201 203 201 200 200 201 191 171 152 153 160 156 163 166 171 171 172 175 168 95 32 45 79 137 160 169 172 171 168 166 165 161 163 163 162 163 164 163 159 155 158 152
107 117 124 130 133 135 139 140 145 148 150 155 158 158 161 161 160 159 155 157 161 162 167 170 142 106 93 95 109 140 165 181 181 110 41 107 145 120 177 178 152 130 147 179 199 201 203 201 203 205 203 201 200 200 196 182 157 151 160 161 159 170 167 160 169 171 169 116 34 53 115 162 166 168 167 168 169 166 164 162 161 159 157 158 162 164 162 159 154 148
107 117 123 126 126 129 135 138 142 146 146 152 159 157 156 158 157 157 153 154 157 158 161 164 140 106 86 93 119 147 167 178 178 125 43 106 111 132 171 171 152 132 152 181 197 202 204 202 203 203 201 200 198 198 196 188 173 154 148 163 162 169 168 169 171 171 162 115 43 90 152 169 170 169 167 170 170 164 162 162 160 160 161 164 166 165 161 157 150 144
100 110 118 123 126 129 135 135 141 146 145 151 159 156 154 157 157 153 153 156 153 154 159 155 138 115 90 90 115 145 165 174 181 144 65 132 132 129 180 173 153 132 158 188 201 202 201 202 206 204 200 200 199 198 197 190 188 164 137 153 169 168 160 156 167 166 155 111 88 146 171 169 168 170 170 171 167 159 159 161 164 167 169 169 166 160 154 151 146 140
81 97 114 124 125 127 135 137 140 146 146 151 157 154 153 158 155 152 153 155 152 153 156 151 140 119 93 90 117 150 169 174 177 156 86 66 82 138 171 176 159 129 158 191 201 198 196 201 205 203 198 198 197 195 195 192 186 178 155 137 155 168 164 156 155 153 145 121 141 170 163 169 167 170 167 163 159 157 162 164 173 171 167 161 156 151 149 148 142 136
80 89 102 117 125 130 135 133 137 144 145 148 151 149 151 155 152 153 150 150 152 153 154 152 132 113 98 99 120 150 171 182 178 166 121 61 53 139 170 171 165 129 157 189 198 197 194 200 200 200 196 195 193 191 193 193 190 183 177 143 150 169 166 159 149 145 131 126 158 162 158 165 168 168 161 157 158 163 170 171 173 166 157 151 149 148 146 145 140 133
80 85 97 112 120 125 133 134 135 141 142 144 145 145 149 151 151 152 148 149 152 153 153 151 129 103 97 103 122 151 166 174 178 173 134 103 45 108 161 168 159 129 162 188 193 196 193 198 199 200 196 195 194 191 192 192 187 180 179 160 148 154 160 168 152 149 133 143 166 164 168 164 159 161 157 160 167 172 173 169 161 155 149 147 148 147 143 140 136 127
71 77 91 110 120 125 132 131 135 140 142 143 142 144 150 151 151 149 150 152 151 153 155 147 132 106 106 110 123 151 163 169 175 172 147 121 90 68 152 169 148 128 169 189 190 195 192 193 196 196 192 193 194 191 188 185 185 187 176 177 158 146 148 151 158 155 151 176 181 169 167 157 146 151 155 166 176 175 169 160 148 145 144 145 146 144 139 135 130 120
68 81 90 97 114 125 126 133 138 136 139 142 144 144 146 148 150 152 156 151 150 154 149 146 127 119 86 112 122 156 154 168 176 181 166 125 121 102 142 161 153 133 177 183 191 190 194 192 194 196 195 192 190 191 189 187 185 185 178 172 170 158 141 130 138 157 166 181 176 176 156 137 138 158 174 177 173 165 155 148 147 148 143 142 142 140 138 131 120 115
62 73 91 99 112 123 122 126 137 134 137 141 140 143 146 144 148 156 157 149 150 151 146 150 134 117 96 119 116 150 161 166 173 175 176 147 129 123 147 156 157 141 175 183 191 188 188 190 195 195 192 190 190 192 190 186 186 184 181 176 169 162 152 143 132 153 174 182 176 168 129 126 169 176 178 171 161 154 150 149 149 149 145 145 143 137 133 128 114 111
66 69 90 103 111 120 121 126 134 132 136 139 137 141 144 141 145 154 157 152 152 151 146 149 141 128 104 109 116 147 161 165 171 172 175 164 138 134 143 148 160 148 168 182 187 185 185 188 193 193 191 188 188 190 189 186 184 180 181 179 169 165 162 153 155 168 183 178 165 158 137 158 185 177 166 159 157 156 152 150 150 150 147 145 140 133 128 122 115 114
65 65 81 102 112 117 123 128 130 132 137 138 137 140 142 142 146 149 154 155 154 155 153 147 145 142 118 103 114 140 155 165 163 169 164 172 155 135 133 143 159 150 161 180 181 181 184 186 189 191 191 189 187 188 188 187 189 185 186 185 178 175 172 164 159 164 171 173 158 154 156 170 166 158 154 156 160 160 156 154 149 149 146 140 134 129 125 118 119 117
58 65 72 92 107 110 118 118 125 134 137 137 138 139 141 145 150 151 153 155 155 159 160 154 148 146 139 121 114 128 152 165 161 166 158 165 163 138 135 153 158 157 158 174 178 179 179 183 186 189 191 190 189 189 188 187 185 184 183 180 176 174 171 168 169 164 159 165 156 152 156 151 151 148 151 160 163 161 155 150 150 145 141 136 130 126 123 120 119 116
53 65 67 77 94 106 114 113 119 130 132 132 136 136 137 146 149 155 156 157 161 161 161 160 153 147 150 141 130 131 148 161 159 162 166 163 165 148 140 155 157 165 161 167 177 177 172 179 185 186 188 189 190 191 188 185 184 186 183 178 176 173 171 175 171 169 169 169 164 159 156 150 148 155 165 166 157 151 152 154 151 140 137 135 129 124 122 124 120 117
48 56 62 65 80 99 108 114 110 118 121 122 126 127 130 140 146 154 155 160 163 162 162 160 158 152 151 147 145 143 145 157 162 164 168 159 158 153 149 160 157 165 166 165 173 175 173 174 183 184 185 186 189 190 188 185 184 186 182 177 176 172 171 175 172 171 174 167 160 154 153 155 159 162 166 163 156 153 153 152 145 137 136 131 124 123 122 123 117 114
49 49 62 62 71 86 88 102 103 107 110 113 117 119 124 133 148 148 151 158 158 160 165 159 159 155 155 149 144 147 149 156 158 168 163 161 159 155 158 166 157 159 169 166 169 175 179 171 180 182 184 185 185 187 186 185 183 183 179 176 175 172 168 168 172 166 166 163 157 152 157 155 166 164 163 159 156 157 154 147 136 136 138 127 119 124 123 118 109 106
46 47 55 57 57 71 85 83 92 101 100 107 112 118 116 123 139 135 144 150 155 162 160 163 161 156 160 158 147 144 149 151 156 160 161 161 157 156 161 158 163 164 163 165 171 174 174 175 177 177 180 183 184 184 184 182 181 183 181 176 174 174 170 164 163 159 159 159 157 162 170 173 173 164 166 161 160 156 152 141 141 137 129 122 122 126 122 112 105 98
44 49 55 58 58 62 68 71 86 94 102 108 115 111 121 116 121 119 124 129 141 154 159 168 165 162 165 164 154 149 150 150 152 154 154 157 157 157 160 155 165 164 164 166 168 170 175 178 181 175 177 181 181 182 182 178 181 180 179 178 176 174 171 168 169 166 169 173 173 173 173 169 168 169 167 164 162 150 140 146 143 135 127 125 124 120 113 107 97 89
40 44 47 52 58 59 61 70 78 85 100 97 109 111 108 115 115 116 120 120 128 136 143 159 164 162 162 163 161 156 152 150 154 154 153 155 157 158 159 155 161 160 166 170 167 168 172 174 180 174 177 182 181 182 183 178 179 175 174 176 176 173 171 172 176 175 177 178 174 174 175 174 175 174 167 164 154 150 139 141 132 125 123 125 123 114 102 95 83 76
44 44 43 47 56 57 57 65 72 71 91 101 95 110 105 102 103 108 116 118 116 115 125 146 151 153 152 155 157 154 151 150 152 151 150 150 150 151 155 156 157 158 162 167 170 173 173 170 173 173 178 180 178 179 179 175 177 174 173 175 176 175 175 177 178 175 176 177 177 178 179 177 173 173 163 156 144 148 142 132 130 127 123 118 112 102 88 76 66 60
44 45 44 47 53 55 56 59 67 74 73 91 91 97 106 98 99 94 100 111 113 111 114 124 134 139 138 141 145 146 152 155 148 148 147 147 147 149 153 158 156 158 155 156 164 172 172 168 169 176 178 175 176 177 174 172 173 173 173 174 175 177 177 177 179 180 182 182 180 180 181 180 171 169 151 149 154 146 143 139 133 128 117 102 90 82 70 58 51 49
40 42 43 44 46 51 57 62 65 77 72 76 94 85 85 85 93 93 103 113 108 98 99 105 105 105 99 109 123 129 132 127 131 129 130 132 136 139 141 147 147 160 165 159 156 158 163 170 173 180 177 171 173 173 168 167 170 173 176 176 177 179 179 176 181 178 178 180 184 185 180 174 165 156 148 150 139 70 62 59 60 57 54 51 50 51 50 48 46 46
43 44 43 42 41 44 51 59 61 58 70 72 82 85 85 89 91 95 100 104 100 92 91 93 97 96 85 82 79 79 87 87 83 83 88 94 104 112 117 126 136 144 153 157 159 161 161 162 161 167 167 166 170 170 170 173 172 175 177 177 178 180 179 177 178 179 179 178 175 169 162 156 153 150 161 167 149 36 37 42 40 38 39 42 43 43 44 45 45 46
44 44 44 44 45 43 45 53 56 60 66 79 80 84 83 89 98 100 94 91 92 92 93 95 97 98 91 92 87 81 80 71 74 72 73 73 77 80 82 92 107 115 132 146 151 153 159 162 161 165 169 171 169 165 166 172 171 170 170 170 171 172 174 174 171 171 168 163 160 159 159 160 164 166 168 172 179 51 43 43 43 42 42 42 41 42 44 45 44 44
43 41 42 43 43 44 45 43 49 55 59 62 66 76 86 84 91 93 85 84 90 93 88 92 102 94 86 87 90 91 88 78 75 80 83 84 93 99 104 97 97 86 101 133 134 137 144 142 149 149 151 161 162 161 157 160 162 159 167 167 166 161 168 160 158 159 158 158 161 165 167 167 168 167 169 163 181 80 38 44 42 41 41 42 43 43 43 44 44 44
42 41 41 42 42 43 44 42 44 48 49 49 49 54 61 60 67 73 69 70 73 79 80 86 93 93 85 82 83 80 77 75 89 102 117 130 150 161 169 163 155 132 130 150 146 149 156 154 156 155 144 137 137 149 152 152 153 148 152 148 147 145 158 155 161 163 164 164 166 169 168 167 166 170 167 170 178 104 39 44 44 44 43 43 43 43 43 44 43 43
