42 29 29 30 25 29 31 24 29 53 28 29 32 25 28 23 28 23 29 30 30 25 24 26 29 23 24 22 34 33 24 37 42 52 49 124 181 232 228 220 212 217 203 194 185 188 211 218 220 213 220 228 223 212 132 48 38 39 47 40 50 42 40 38 38 35 37 38 36 31 25 37 26 31 31 29 30 28 27 28 29 26 31 27 28 22 25 24 25 28
36 27 27 32 34 33 33 28 39 44 37 40 35 31 29 31 30 37 44 38 29 31 37 30 29 31 27 36 29 31 31 32 48 53 69 113 76 208 189 203 214 209 220 204 194 168 193 221 221 223 229 231 231 216 209 178 43 33 39 39 42 48 43 41 45 36 33 27 28 37 33 33 28 21 20 27 27 20 15 17 18 21 18 21 28 28 24 27 26 27
31 27 31 35 31 49 25 46 47 40 45 49 55 46 39 45 51 53 57 46 50 55 47 62 51 54 57 45 45 41 48 58 53 59 69 93 120 153 200 201 223 230 239 230 212 212 190 204 222 220 231 229 230 150 115 109 177 40 40 35 42 33 33 36 33 39 44 40 41 39 31 37 30 25 30 35 31 25 26 31 27 29 30 36 27 30 30 31 30 32
30 35 46 35 47 49 47 43 56 45 63 79 61 58 68 73 78 83 76 80 85 93 88 69 72 79 69 71 73 69 68 69 67 74 93 105 112 162 192 193 207 217 208 223 227 234 228 221 211 202 224 228 227 219 176 180 107 139 34 31 31 23 23 28 31 27 34 36 35 42 42 37 31 30 30 25 23 24 24 20 23 22 27 31 20 27 39 41 35 38
31 46 46 39 70 50 51 69 57 93 78 75 85 100 86 107 118 97 122 114 105 121 100 121 110 101 114 117 116 122 111 110 111 110 123 126 139 153 163 162 173 175 185 196 204 204 212 216 224 219 215 214 224 232 214 171 163 134 37 34 25 26 25 27 23 23 25 31 35 29 29 40 37 37 32 25 23 23 22 21 27 29 34 33 37 33 34 32 34 36
47 42 55 67 81 67 74 80 97 89 92 98 113 130 135 139 117 143 145 146 129 127 138 144 143 147 167 172 175 166 167 165 163 170 167 169 172 183 182 175 172 178 172 180 175 185 198 202 200 199 205 210 212 229 229 224 215 181 40 26 29 29 31 27 38 36 38 34 28 34 37 30 23 24 24 25 26 23 27 38 31 30 35 31 36 35 45 46 53 52
48 75 67 83 65 79 93 84 122 112 98 113 157 151 143 147 138 158 166 168 156 173 179 169 178 182 189 193 191 198 189 197 195 190 194 195 199 201 192 197 198 192 197 193 195 196 190 191 191 181 194 193 200 206 230 224 204 165 33 31 19 22 27 21 24 24 22 24 28 31 31 30 32 28 26 30 33 31 29 33 37 39 47 46 36 30 31 26 28 27
59 81 91 87 81 91 105 109 134 119 116 166 159 164 177 153 187 187 185 192 189 193 184 200 199 200 205 204 199 198 206 198 198 205 201 210 203 204 204 202 199 204 205 197 206 201 206 206 194 197 194 187 193 191 197 204 186 56 37 29 21 19 18 29 24 24 25 24 18 18 23 20 20 23 27 26 25 29 31 24 23 30 24 26 27 32 28 33 31 34
75 73 88 86 93 120 117 140 125 134 174 157 159 183 171 198 201 198 198 202 204 202 203 205 203 213 207 208 207 209 206 204 208 205 206 207 210 212 212 210 209 209 208 209 206 204 206 202 199 198 199 196 195 197 197 193 193 168 106 46 28 29 25 21 22 27 23 25 30 38 33 28 26 32 30 25 33 28 31 25 27 31 36 34 30 33 37 34 42 44
76 105 88 93 111 118 144 150 159 165 172 170 180 195 198 206 206 207 210 213 212 210 209 211 210 210 212 208 208 210 209 212 209 209 211 211 212 216 217 217 215 213 209 210 208 207 208 202 198 200 200 200 198 199 197 191 193 191 187 177 152 109 62 32 28 26 28 29 31 20 23 21 23 22 31 27 23 28 29 33 29 31 33 35 37 40 40 34 40 40
87 85 92 125 132 146 159 163 161 176 173 189 201 199 209 205 208 210 212 212 210 210 211 213 215 211 213 211 213 207 210 212 207 207 209 208 209 212 215 217 218 216 211 211 209 208 208 205 203 201 204 204 204 202 198 196 195 195 197 196 194 192 186 176 143 74 42 28 27 26 24 28 28 26 23 22 29 37 31 33 29 31 35 33 31 31 32 34 31 33
104 114 129 147 165 168 176 185 190 197 195 203 209 206 212 213 213 213 212 212 213 215 215 213 204 212 207 208 205 200 210 205 205 204 205 208 210 213 217 218 216 217 215 214 211 208 209 208 208 207 207 207 205 204 202 202 201 201 201 201 203 202 202 202 199 194 187 145 69 33 27 25 19 29 26 24 24 26 30 30 28 29 27 26 30 31 28 28 32 32
119 136 152 182 174 188 203 201 204 203 206 210 214 216 213 217 216 217 217 217 219 220 217 212 213 212 206 208 193 184 202 211 210 209 208 207 209 213 215 215 216 219 219 218 216 212 212 211 212 212 213 212 210 208 208 208 208 211 211 213 214 214 212 209 204 207 199 194 193 150 56 27 21 20 16 39 22 27 34 34 27 29 28 30 35 33 28 29 29 28
136 157 188 195 192 201 212 207 213 213 213 214 215 216 215 216 216 217 217 218 218 218 216 214 211 204 210 197 183 182 199 213 215 212 211 211 211 213 218 220 222 225 221 223 223 219 216 215 216 216 217 217 215 214 213 213 213 214 219 221 220 225 225 216 213 210 214 205 195 192 182 147 60 29 32 26 36 34 31 30 29 27 23 21 23 22 21 24 24 24
167 181 186 203 206 211 211 216 217 222 220 220 218 217 219 219 220 218 218 218 217 216 218 218 214 213 204 153 173 195 211 210 212 215 217 215 214 218 225 232 228 230 225 225 227 225 223 223 222 221 221 220 219 219 215 212 219 212 217 222 222 218 218 217 221 218 219 212 213 205 198 197 183 132 52 34 32 29 26 27 26 27 27 26 26 28 36 45 54 52
176 197 203 202 207 216 218 220 217 220 219 219 221 224 224 218 220 219 220 222 222 220 219 218 216 211 185 135 197 207 216 216 214 218 220 215 210 213 221 229 228 229 225 224 226 225 227 228 228 225 224 221 221 220 218 213 214 219 217 214 218 219 215 217 219 222 220 226 217 217 215 204 195 189 169 72 34 43 31 26 32 25 19 18 21 20 18 17 18 16
193 195 211 213 209 216 219 222 223 222 222 222 222 225 229 227 224 223 223 228 227 220 220 218 215 200 160 137 202 217 221 217 215 214 215 212 215 217 222 226 223 217 223 231 228 229 227 233 232 228 226 227 225 223 220 218 216 214 215 217 220 220 218 220 222 223 222 221 222 220 215 214 214 202 192 181 180 179 155 118 72 49 37 40 37 31 27 24 25 29
201 200 212 214 213 219 219 221 222 219 221 225 226 227 229 229 229 229 225 228 228 222 221 219 220 192 144 187 221 221 221 224 217 221 214 217 217 218 227 221 221 225 228 227 226 235 234 236 234 231 229 228 227 225 223 221 218 216 214 214 217 220 221 225 218 222 225 227 228 226 223 223 213 217 208 194 184 194 190 184 183 173 171 139 75 38 32 21 20 22
209 207 214 215 218 221 219 224 226 223 224 229 230 229 231 231 230 231 229 231 232 226 223 224 211 177 133 212 223 224 225 228 229 219 209 213 216 215 219 221 221 229 233 234 234 235 231 236 232 232 232 234 232 229 225 222 222 218 218 217 218 222 222 226 226 228 228 227 228 227 226 228 224 216 212 202 197 181 184 200 195 198 196 186 180 179 166 141 74 46
210 209 213 215 218 220 219 227 230 226 227 231 231 231 231 231 233 232 229 231 231 230 230 228 201 175 161 221 225 227 231 230 229 214 212 210 186 188 211 225 223 225 229 235 234 235 233 240 235 233 232 234 233 231 230 229 230 227 224 219 218 222 224 229 230 231 232 233 235 235 233 232 230 224 216 219 205 190 181 200 205 201 202 200 194 188 186 178 172 169
215 215 216 218 224 225 225 233 231 231 232 232 230 231 232 229 235 233 229 229 226 226 231 227 183 173 191 237 240 231 231 230 227 205 168 187 151 164 188 218 220 227 230 235 234 239 238 235 237 235 233 234 233 234 235 234 231 230 230 226 224 223 221 224 228 229 231 231 231 231 231 231 227 229 230 212 213 206 195 177 205 205 200 198 199 199 194 195 197 186
216 215 214 218 225 225 226 230 228 232 234 233 232 233 234 230 227 231 232 235 234 231 228 222 172 172 195 243 238 233 233 228 210 150 183 82 120 134 176 203 220 226 232 242 241 239 237 235 236 235 234 237 236 235 232 232 235 233 231 227 224 223 221 224 230 231 233 232 228 228 231 234 238 232 226 227 221 217 201 191 169 198 206 200 207 210 203 202 204 209
216 216 217 221 226 229 231 232 231 233 234 232 233 233 233 234 232 238 235 233 236 234 234 234 196 173 191 249 236 238 236 226 197 166 115 116 114 125 160 191 218 225 225 237 240 239 240 245 239 236 234 236 237 236 237 236 237 234 235 233 229 224 220 222 222 225 232 235 232 231 231 230 231 235 242 235 230 223 216 207 194 190 199 207 205 211 214 205 207 203
214 217 220 225 227 229 234 234 234 234 232 232 233 232 235 239 232 242 237 233 240 234 228 230 216 158 180 255 242 240 235 224 172 151 84 82 144 150 154 205 208 227 228 232 236 241 238 237 237 236 238 242 244 244 241 240 240 237 237 234 231 225 220 223 231 230 233 236 236 235 233 228 229 230 232 235 232 228 222 221 200 183 187 199 200 206 213 206 213 213
219 219 222 227 231 233 234 236 233 234 237 237 235 235 237 236 233 239 239 235 237 236 232 228 206 169 167 248 246 237 238 208 152 115 81 164 233 169 134 194 211 233 235 233 234 240 239 235 238 235 238 243 242 241 241 240 246 241 239 238 232 225 221 219 226 235 235 242 243 242 238 234 227 226 228 231 236 235 230 224 213 197 176 182 192 199 204 209 211 214
223 224 226 230 233 234 235 235 238 233 232 234 237 238 238 234 238 239 234 232 241 239 231 233 217 168 162 227 237 231 223 207 139 104 92 148 164 195 154 194 221 231 231 238 238 233 233 239 239 240 241 242 241 241 242 242 243 244 242 239 236 228 223 227 231 238 239 244 242 242 237 231 232 231 227 231 234 234 233 224 221 215 191 180 179 186 196 205 204 208
226 227 229 232 234 236 236 236 238 237 238 238 237 238 239 237 237 239 237 238 237 231 232 243 222 168 160 198 235 231 217 159 102 89 68 88 88 96 152 173 202 228 240 238 234 235 240 240 236 243 243 242 242 242 243 243 245 247 244 239 235 227 222 224 226 229 231 239 241 244 241 234 233 234 227 231 233 230 234 227 225 218 198 187 178 181 190 201 200 204
226 227 229 232 234 235 235 236 232 235 239 239 238 237 238 237 233 230 238 244 238 231 232 233 226 137 156 177 239 230 215 127 94 86 61 215 81 96 170 182 212 223 232 236 236 230 233 238 237 245 246 247 248 246 243 247 244 243 243 241 234 230 227 222 217 228 236 242 243 246 244 241 231 232 229 232 231 229 232 229 224 224 215 198 174 173 185 196 205 208
227 227 229 231 233 235 236 238 237 237 238 239 244 246 243 238 240 238 244 245 239 237 238 241 233 167 147 190 233 231 218 164 124 99 53 40 43 88 154 199 210 219 230 231 237 236 240 238 240 243 244 247 250 247 243 247 246 245 245 240 231 226 222 219 236 237 235 239 243 245 241 242 236 233 233 229 228 231 227 228 225 224 223 219 193 172 170 189 202 208
229 230 231 233 234 236 237 238 236 238 237 238 241 243 242 241 236 240 241 241 241 239 238 246 240 149 135 178 227 230 207 155 128 125 68 215 50 96 165 187 217 220 234 238 242 235 238 240 242 241 241 243 245 242 241 246 238 243 241 234 229 223 222 228 234 236 240 246 243 243 237 240 245 236 235 228 227 232 223 224 225 228 222 217 206 188 173 185 202 209
229 231 233 234 235 237 238 238 236 241 242 240 241 241 241 243 241 242 237 236 242 242 241 250 238 136 150 196 224 223 217 141 111 118 93 88 87 112 164 190 233 223 233 237 244 233 239 243 244 242 243 245 246 246 244 244 241 244 239 232 226 222 226 238 243 234 237 241 232 236 240 244 248 240 236 231 229 230 224 225 224 225 224 225 215 198 176 180 196 210
228 230 233 235 235 237 238 238 237 239 240 239 242 242 239 237 236 238 242 242 240 236 241 252 241 149 154 148 208 219 204 126 129 96 200 163 161 194 175 219 229 228 242 238 240 233 239 242 243 241 243 244 243 246 244 240 245 239 234 228 221 221 231 239 247 233 236 234 214 220 233 245 245 243 238 235 230 227 227 227 224 219 218 220 213 211 188 170 189 207
228 230 233 235 235 238 237 235 238 240 241 241 243 242 239 239 238 240 241 241 239 239 245 255 232 174 129 151 207 225 205 160 161 103 164 248 250 158 167 221 222 240 238 236 241 238 239 241 243 235 241 242 242 243 242 249 242 243 231 223 224 225 238 240 237 233 231 227 147 221 240 242 237 240 238 235 232 228 228 228 225 226 217 216 218 214 202 184 183 208
229 230 233 235 236 238 238 238 239 242 242 242 242 241 239 241 240 240 239 240 240 240 243 248 246 180 133 150 185 220 212 193 144 118 112 225 245 151 203 220 221 236 235 236 239 237 239 240 239 249 244 239 242 245 248 244 238 234 223 229 230 237 233 238 236 231 230 201 150 219 242 236 239 239 238 238 232 229 231 229 225 227 221 214 212 211 205 196 179 192
230 232 234 236 236 238 239 240 240 241 242 242 241 241 239 240 241 243 241 240 240 242 242 242 238 205 157 180 200 226 204 215 172 177 149 188 231 158 200 212 227 235 236 237 240 239 239 236 247 243 243 246 248 250 249 238 226 214 231 236 236 231 236 238 235 238 230 190 149 178 228 247 238 235 239 240 237 235 240 235 230 227 224 216 210 207 204 205 187 177
231 232 234 236 236 238 239 240 239 240 241 242 241 240 239 240 240 243 242 240 240 241 242 242 237 216 176 196 212 225 215 217 210 170 201 198 215 182 231 225 225 232 236 238 239 238 242 240 241 243 238 246 248 243 235 206 206 225 239 238 233 237 234 238 234 231 232 186 100 160 201 231 240 238 239 242 240 238 240 237 241 231 230 225 218 210 201 203 194 180
232 233 235 236 236 237 238 240 240 240 240 242 242 242 241 241 241 243 243 239 237 242 243 242 241 218 197 195 212 213 220 210 215 208 206 222 204 198 222 232 232 234 236 238 239 240 239 237 242 243 248 244 247 232 199 192 208 224 236 240 234 237 241 236 232 236 228 174 248 166 192 222 231 234 233 236 237 237 237 237 243 235 236 232 225 218 205 200 201 186
233 233 234 236 236 237 237 239 240 239 240 242 241 241 241 242 243 243 243 240 240 242 244 241 250 229 216 211 218 229 222 206 213 208 214 232 228 209 231 229 231 235 239 238 238 238 241 242 242 242 240 240 234 210 194 198 205 226 232 226 236 234 242 239 237 230 232 188 254 194 199 216 220 226 228 231 236 236 238 239 238 239 241 236 229 227 216 203 198 191
233 233 234 237 238 239 239 240 241 240 241 242 239 239 242 243 245 244 244 242 242 245 248 244 246 231 225 222 210 229 231 216 195 200 212 212 229 227 230 235 236 237 238 236 237 238 236 238 242 241 244 232 222 220 219 219 213 218 223 234 230 233 236 241 237 236 227 195 244 243 192 217 218 224 227 231 232 234 237 237 238 241 242 241 235 233 227 211 209 197
233 233 234 237 238 239 240 240 242 241 242 242 238 238 241 244 244 242 241 240 238 242 248 248 243 246 239 224 235 228 234 223 208 202 196 218 234 236 225 226 229 234 235 233 234 234 233 239 241 244 233 229 228 227 232 230 221 217 226 228 235 237 236 237 238 239 225 200 231 243 199 216 214 221 225 229 229 233 239 237 240 239 240 245 242 236 231 217 209 198
233 235 235 238 238 240 244 243 243 242 240 241 242 242 242 242 240 241 242 243 243 245 245 245 246 246 240 240 240 237 237 235 225 213 198 200 212 219 219 224 227 234 230 229 229 228 233 239 237 236 227 222 228 231 232 236 234 218 211 230 230 243 230 239 237 242 224 200 255 255 218 204 231 211 233 233 233 239 235 238 239 241 240 243 242 244 234 224 219 204
230 233 234 238 238 239 242 241 243 242 240 241 242 242 241 242 240 240 241 240 241 244 246 248 247 246 240 241 244 242 238 235 232 225 217 212 208 210 215 221 227 227 227 230 225 227 235 235 240 234 230 227 229 233 235 234 232 233 194 222 229 235 241 235 238 244 232 208 201 255 226 204 231 233 229 231 229 235 234 234 235 239 240 243 240 243 239 234 224 212
228 232 233 237 237 238 241 240 243 242 241 242 241 241 241 241 241 241 238 237 238 240 246 248 246 244 239 240 242 242 240 234 228 231 225 221 222 219 213 218 222 224 227 228 230 232 234 237 235 230 228 227 224 227 230 228 242 232 200 197 221 229 235 232 241 244 225 229 189 255 221 208 210 244 227 240 235 233 241 242 239 242 240 241 238 240 239 238 235 223
230 232 233 235 235 237 241 240 242 241 240 241 240 241 242 241 242 240 238 236 235 239 242 245 247 245 241 240 240 240 242 241 240 234 232 229 226 226 223 218 224 227 229 229 234 232 230 234 230 228 226 223 221 221 223 227 227 229 211 199 214 228 231 237 236 246 223 220 201 255 255 213 222 247 234 235 234 239 229 243 248 245 240 240 236 239 238 237 235 228
232 234 233 235 236 237 240 239 239 239 239 240 242 243 244 242 244 243 240 240 240 240 240 242 246 244 243 241 239 240 242 241 240 245 245 239 237 232 226 229 227 224 231 234 230 233 234 231 230 227 227 224 223 223 223 226 230 227 217 198 210 231 233 241 244 245 212 225 180 255 255 202 227 249 236 232 237 235 235 238 246 242 237 240 238 242 240 240 235 230
231 234 233 236 236 237 239 237 237 238 239 240 241 243 243 241 244 242 241 242 241 242 241 242 244 242 242 240 239 241 240 237 237 239 247 248 241 238 237 231 231 226 234 234 232 234 231 228 229 224 226 229 227 227 227 226 226 229 222 201 209 214 229 236 243 244 216 220 201 255 255 196 232 245 246 224 230 235 237 239 244 242 237 240 239 242 239 242 236 231
232 234 233 236 237 238 240 239 235 237 239 240 241 242 243 243 243 243 243 243 242 241 242 244 245 243 245 242 241 243 240 239 242 241 240 239 240 239 236 235 239 238 239 236 237 233 223 227 231 229 230 232 231 231 230 232 233 230 224 204 197 217 215 240 240 251 232 213 169 255 255 205 230 241 241 226 233 235 240 236 245 242 239 242 240 241 238 238 238 233
234 233 233 235 236 237 242 241 234 237 239 240 240 241 242 240 241 241 242 242 240 237 239 243 245 244 247 242 240 242 239 241 243 240 240 241 237 237 238 238 242 235 243 244 239 242 237 236 235 241 239 236 238 235 233 243 236 244 235 217 204 202 213 240 244 249 224 217 178 255 255 211 237 236 246 226 224 232 233 248 246 242 238 243 242 243 238 237 236 231
230 232 235 237 238 238 237 236 239 237 237 237 235 237 240 241 236 239 241 248 243 238 241 243 236 246 238 241 246 240 242 248 241 239 236 230 236 232 237 237 238 244 242 238 239 243 244 246 241 241 240 236 239 242 239 236 244 250 242 233 204 199 215 241 243 241 226 214 175 255 255 200 226 246 237 225 228 228 231 240 244 246 240 242 236 242 239 243 236 230
228 231 234 236 237 238 237 237 237 237 238 238 238 239 241 239 236 240 242 243 243 244 243 240 242 242 243 243 241 241 238 232 230 231 221 219 217 214 225 232 235 240 240 237 239 243 245 246 243 240 241 243 244 242 240 242 241 244 238 229 216 200 214 245 242 239 227 221 181 255 255 192 225 249 236 230 227 228 235 245 246 246 241 244 239 241 238 240 235 229
226 230 233 235 236 239 238 237 239 239 238 237 238 239 240 239 236 237 242 244 244 244 240 243 242 244 249 241 235 240 233 223 216 203 195 196 190 203 201 215 217 223 226 227 232 238 242 243 238 240 242 246 245 241 239 243 247 241 240 234 212 197 220 246 243 249 219 211 214 255 255 204 233 255 242 231 217 230 233 239 247 245 241 246 243 240 237 240 233 227
225 228 230 232 235 240 240 237 240 240 237 235 235 236 238 239 240 237 239 237 242 245 238 241 242 239 240 240 234 228 215 201 188 178 192 194 195 201 196 203 207 212 215 216 220 223 226 228 228 231 237 239 238 238 237 239 240 242 237 235 206 205 224 245 245 249 202 214 243 255 231 206 236 247 233 222 220 231 238 245 243 241 240 245 245 244 240 240 235 228
223 227 229 231 233 239 241 239 240 241 239 236 236 236 238 238 236 236 241 238 244 255 248 241 248 244 230 232 226 215 202 173 180 199 196 202 202 193 199 201 205 210 213 213 213 213 213 212 214 218 225 230 234 235 235 238 237 239 238 226 189 203 233 246 247 248 213 209 226 253 202 221 233 250 226 224 216 236 239 240 238 236 238 241 246 245 243 240 234 224
220 225 229 230 230 234 238 240 238 240 239 237 237 236 236 238 238 235 238 242 241 245 244 241 235 240 222 224 221 200 186 168 182 190 183 167 197 201 197 199 202 206 211 214 213 213 210 209 207 209 214 222 228 229 231 234 238 235 216 194 198 214 232 239 241 218 208 190 255 231 203 219 234 251 225 235 224 233 240 238 237 235 238 238 244 242 241 235 233 221
222 224 228 229 229 233 235 238 237 239 237 236 238 237 235 236 241 235 236 242 241 243 244 234 230 221 209 214 205 188 191 190 174 199 181 176 185 207 206 206 206 208 212 215 215 214 212 210 208 207 210 213 217 218 218 222 219 208 195 195 213 225 232 234 233 211 209 180 255 186 205 215 224 238 237 224 227 229 246 235 238 235 238 238 244 237 234 231 228 214
223 222 223 227 229 233 234 234 236 236 233 231 235 235 233 234 235 236 236 239 243 246 223 173 183 183 208 219 197 200 193 138 173 167 209 156 181 208 212 214 209 210 211 213 215 216 216 214 209 212 210 207 207 210 209 206 202 197 188 209 217 224 224 235 234 200 197 208 255 192 204 217 209 219 227 218 213 238 237 242 240 233 236 238 243 233 230 227 219 201
221 223 223 225 228 232 232 233 236 238 234 232 231 232 235 231 238 237 237 237 245 220 198 183 180 195 221 212 187 196 138 153 148 216 247 164 193 220 219 223 217 220 219 219 217 218 221 218 227 215 205 211 210 213 207 208 206 197 213 217 221 225 225 231 232 208 186 230 239 189 197 213 204 192 217 212 212 231 232 236 237 234 236 239 236 226 229 222 210 173
217 220 222 224 226 227 226 227 234 236 232 231 231 231 233 232 233 234 233 234 233 234 158 175 179 202 220 201 194 153 130 109 153 175 236 155 194 208 220 231 225 224 225 225 225 227 229 231 226 227 218 208 212 216 213 210 208 200 213 217 219 223 224 223 223 199 171 97 178 187 209 199 195 225 214 206 220 233 230 237 233 235 230 231 226 228 227 209 189 171
211 215 220 223 224 226 227 229 230 231 230 231 230 229 231 231 232 237 232 230 236 209 142 164 174 216 216 206 178 115 152 90 91 97 104 169 172 208 225 229 229 221 226 229 230 230 230 234 239 236 223 198 201 205 214 211 208 214 219 217 220 217 216 219 216 187 166 112 171 190 193 195 212 204 210 212 224 224 231 228 230 229 225 230 224 218 210 187 177 223
210 214 217 220 220 222 224 226 225 227 226 228 228 226 228 232 233 227 226 231 227 186 133 172 183 225 219 208 163 158 125 64 138 123 100 159 172 208 219 226 236 224 226 226 226 232 233 241 235 236 233 210 197 189 197 205 212 217 222 221 218 215 219 208 208 185 146 150 183 199 206 210 209 211 211 220 223 225 225 228 224 224 224 220 213 206 190 187 218 228
204 207 211 215 217 220 222 225 223 226 225 227 229 226 227 230 229 224 227 222 213 142 161 141 217 225 219 207 139 98 96 63 41 40 90 167 197 230 224 228 234 224 227 227 229 236 232 236 239 245 241 230 209 191 182 189 201 220 224 219 221 212 213 211 207 196 152 190 217 214 206 212 214 211 228 221 216 229 221 224 224 215 214 207 200 195 181 219 225 224
203 206 210 213 214 215 216 218 221 224 222 224 226 224 224 227 227 226 217 224 213 147 139 159 202 223 212 203 134 107 110 72 155 109 102 188 165 215 223 233 231 222 224 225 228 235 234 234 239 246 236 234 228 217 195 196 199 206 217 219 220 217 221 210 201 161 159 220 219 215 214 222 224 220 220 221 221 211 218 214 215 205 202 203 194 179 224 227 217 221
197 201 206 209 212 213 215 219 218 222 219 220 223 221 221 223 224 221 215 218 199 152 131 185 215 229 235 215 147 117 91 78 83 101 100 175 140 209 222 220 229 224 226 232 234 235 235 233 230 241 245 240 237 229 217 212 204 209 215 216 220 222 225 220 204 185 195 217 228 226 222 224 225 226 222 223 208 207 206 211 199 194 194 183 211 219 224 216 222 214
193 197 201 203 204 206 212 218 215 220 216 214 218 217 216 219 218 218 216 210 207 137 170 211 233 228 228 219 159 108 70 198 139 135 222 141 130 207 215 220 232 227 227 233 234 232 235 235 234 236 249 243 236 232 233 222 219 211 214 215 219 225 231 226 217 217 225 237 232 233 232 222 223 223 218 211 208 201 203 196 190 183 176 213 215 221 214 215 220 220
188 196 199 201 200 208 206 210 212 215 215 213 213 213 212 212 218 218 209 202 176 106 174 214 242 228 226 211 142 90 63 129 230 224 208 107 148 208 214 225 228 229 228 229 235 236 233 233 235 240 244 241 239 237 232 227 221 218 216 215 215 223 228 226 222 224 232 240 240 235 226 221 221 219 208 207 194 196 188 191 189 174 214 210 220 210 215 216 220 219
183 191 192 203 202 196 208 205 209 212 213 211 211 211 210 209 210 208 205 206 147 136 175 227 231 235 227 218 147 116 66 73 183 196 171 133 172 204 209 221 228 228 230 232 234 234 232 232 235 240 243 239 236 234 232 230 224 220 216 214 210 215 222 226 230 235 240 243 239 236 227 218 215 207 203 201 196 199 194 188 176 206 214 214 204 211 214 208 214 214
178 180 187 192 198 203 196 208 207 211 213 211 211 211 210 209 207 205 207 194 133 152 189 227 231 229 222 207 161 96 79 64 116 159 139 139 175 197 216 221 222 222 228 231 232 234 235 234 237 239 238 236 233 234 232 232 231 227 224 219 213 215 222 227 229 232 242 246 241 229 219 213 207 210 206 213 208 201 197 184 201 199 192 203 198 198 201 201 197 204
169 175 185 191 187 200 200 204 204 207 209 210 209 209 209 209 210 199 199 188 141 122 192 227 228 229 223 204 189 129 108 86 83 117 137 154 176 195 218 214 224 224 229 232 229 230 233 231 236 234 232 233 231 230 230 228 227 222 220 220 219 221 225 230 231 236 239 232 223 218 212 206 215 213 213 209 203 187 191 185 175 182 188 181 182 171 174 183 179 156
139 167 176 182 184 191 191 200 200 202 205 206 206 206 205 206 204 204 197 192 146 103 194 228 225 223 215 213 198 162 162 105 97 127 162 177 187 205 208 221 226 225 230 232 228 230 233 230 235 233 231 232 231 230 228 226 227 221 217 218 220 221 225 228 232 228 224 219 212 206 209 214 217 211 209 198 184 230 229 238 39 36 33 34 32 36 32 33 33 36
114 130 154 164 180 180 191 188 193 198 199 200 201 200 200 202 202 202 197 188 158 126 186 213 217 213 212 205 199 187 138 183 143 172 149 184 200 205 214 213 220 221 225 227 226 228 229 230 230 231 232 232 231 228 227 226 224 218 213 214 216 220 224 230 224 221 215 206 202 205 208 208 208 207 191 187 237 234 224 229 231 43 24 29 22 22 19 21 23 19
95 119 110 148 156 173 174 181 183 187 190 193 195 194 194 195 195 193 199 192 169 141 138 195 205 212 200 195 194 184 177 166 192 178 178 204 202 214 211 218 217 219 221 224 223 222 220 221 226 228 229 229 227 225 222 220 217 213 209 209 211 213 213 215 213 206 199 201 202 203 205 204 190 179 232 238 234 230 230 221 222 229 38 23 26 19 21 27 22 25
93 92 108 109 129 147 153 171 169 174 179 183 186 187 187 189 193 192 189 191 178 166 96 165 188 195 191 191 187 190 190 188 189 195 205 202 202 205 203 215 215 218 221 223 224 223 218 221 223 223 223 221 221 218 214 210 207 206 205 209 214 212 208 205 199 195 193 198 200 195 187 180 218 239 238 233 230 226 224 226 229 227 230 24 24 26 20 22 25 21
58 75 62 77 97 107 126 131 134 150 164 167 170 178 173 178 184 186 185 184 180 180 148 162 162 182 188 186 188 189 188 192 192 204 203 203 204 207 206 209 213 221 220 226 222 219 219 217 215 220 217 213 203 207 199 200 200 200 202 200 199 200 200 202 203 190 191 180 173 195 227 235 234 237 233 228 230 231 229 230 228 228 224 222 28 21 23 23 21 24
86 51 64 54 75 78 88 103 109 122 129 136 143 150 161 166 170 176 175 183 173 184 179 179 173 178 175 187 186 190 189 188 194 196 196 201 205 209 203 209 211 214 216 216 216 217 208 207 204 203 200 202 196 194 189 186 191 188 188 188 186 184 184 180 179 180 207 242 243 232 233 230 225 230 230 229 230 231 228 226 227 230 226 233 212 32 22 22 24 22
102 102 55 60 59 58 70 68 75 88 92 98 101 97 104 111 123 130 138 142 152 161 166 175 180 181 189 185 187 190 193 196 197 196 200 211 201 200 207 200 198 206 202 207 209 206 203 201 201 197 196 196 179 184 181 182 176 180 179 188 203 215 233 240 235 236 233 237 230 234 230 230 215 222 227 227 227 230 230 233 232 228 232 226 229 217 26 27 22 24
200 131 113 72 141 84 95 76 67 48 73 60 64 70 61 75 63 69 85 77 63 70 74 75 87 102 102 140 169 182 182 188 194 196 200 199 199 207 198 199 198 203 194 196 198 193 189 195 189 191 183 189 212 206 232 202 203 237 240 231 236 236 235 229 220 228 226 224 228 231 208 229 227 230 228 227 228 227 227 227 226 230 228 226 229 228 202 24 28 22
91 150 126 176 126 152 157 108 69 75 67 58 68 85 68 53 52 53 47 42 42 50 56 63 69 74 79 92 139 165 161 162 163 180 185 197 199 200 204 202 203 197 210 211 210 202 168 173 123 117 192 206 225 240 234 204 194 231 235 230 231 228 228 231 228 231 234 220 205 231 229 231 229 232 234 231 229 229 230 232 234 228 232 231 228 224 228 184 28 25
146 175 209 140 174 183 157 214 152 65 81 74 174 114 87 83 73 49 49 59 45 71 101 205 205 225 224 235 229 227 228 234 228 222 232 223 194 186 187 190 197 189 194 189 183 181 172 189 225 231 233 235 230 231 232 227 225 230 216 202 201 207 206 196 197 219 225 228 227 236 232 232 233 232 231 232 233 233 231 228 230 228 230 225 229 226 223 227 173 24
124 169 136 196 105 198 187 128 208 219 180 161 70 78 112 108 102 169 200 169 191 201 219 221 215 221 225 222 224 228 227 228 228 231 228 233 232 232 237 243 235 232 226 237 240 238 235 237 231 227 224 212 215 209 212 218 225 224 227 230 226 224 223 222 225 233 232 234 233 229 230 231 230 230 232 232 231 231 233 233 229 232 231 227 229 232 229 228 226 193
169 189 79 188 176 118 191 202 182 222 220 228 231 225 204 200 207 205 220 225 226 228 223 224 222 225 220 225 224 226 225 225 226 228 225 226 227 233 231 231 235 233 231 235 231 230 227 230 231 228 229 229 232 227 233 227 231 230 233 232 230 231 229 231 233 230 234 231 232 231 233 231 231 229 230 231 231 232 235 235 234 227 232 231 229 229 227 229 229 225
219 188 210 185 190 193 206 184 217 220 216 219 221 223 227 222 225 225 226 225 225 226 226 226 227 226 226 226 226 226 227 226 227 227 227 228 228 228 229 229 230 230 230 229 229 230 231 229 230 230 230 230 231 231 231 231 231 231 231 231 231 231 231 231 231 232 232 232 232 232 232 232 231 231 231 231 231 231 232 232 231 230 230 230 230 229 229 229 228 228
194 215 203 217 201 206 203 222 217 220 222 225 222 221 224 225 225 226 226 226 225 226 226 225 227 226 226 226 226 226 227 227 227 228 228 228 228 228 228 229 229 230 230 229 229 230 230 230 230 230 230 230 231 231 231 231 231 231 231 231 231 231 231 231 231 232 232 232 232 232 232 232 231 231 231 231 231 231 231 231 231 230 230 230 230 229 229 229 228 228
218 207 220 222 220 223 215 223 217 215 219 223 225 226 224 226 226 226 226 226 225 226 226 225 227 226 226 226 226 227 227 227 228 228 228 228 228 229 229 229 229 230 230 229 230 230 230 230 230 230 230 230 231 231 231 231 231 231 231 231 231 231 231 231 231 231 232 232 232 232 232 232 231 231 231 231 231 231 231 231 231 230 230 230 230 229 229 229 228 228
220 226 214 228 221 221 228 223 227 221 224 224 226 229 225 226 226 226 226 226 226 226 226 226 227 226 226 227 226 227 228 227 228 228 228 228 228 229 229 229 228 229 229 229 230 230 230 230 230 230 230 230 231 231 231 231 231 231 231 231 231 231 231 231 231 231 232 232 232 232 232 232 231 231 231 231 231 231 231 231 231 230 230 230 230 229 229 229 228 228
223 226 220 218 223 224 225 225 225 225 230 225 223 226 225 228 226 226 226 226 226 226 226 227 227 226 226 227 227 227 228 227 227 228 228 228 228 228 229 229 229 229 229 230 230 230 230 230 231 231 230 230 231 231 231 231 231 231 231 231 231 231 231 231 231 231 232 232 232 232 232 232 231 231 231 231 231 231 231 231 231 230 230 230 230 229 229 229 228 228
226 226 224 227 222 222 224 222 221 223 226 224 224 227 227 226 226 226 226 226 226 226 227 227 227 226 227 227 227 227 228 227 227 228 228 228 228 228 229 229 230 229 229 230 230 230 230 231 231 231 230 230 230 231 231 231 231 231 231 231 231 231 231 231 231 231 231 232 231 231 231 232 231 231 231 231 231 231 231 231 231 230 230 230 230 230 229 230 229 229
224 228 225 226 230 223 226 226 228 227 225 227 228 228 227 223 227 226 226 227 227 226 226 227 227 227 227 227 227 227 228 227 228 228 228 228 228 229 229 229 230 229 229 230 230 230 230 231 231 230 230 230 230 230 231 231 231 231 231 231 231 231 231 231 231 231 231 231 231 231 231 231 231 231 231 231 231 231 231 231 231 230 230 230 230 230 229 230 229 229
226 225 229 224 226 227 227 226 225 226 225 229 227 223 228 228 227 226 226 227 227 226 226 227 227 227 227 227 227 227 228 227 228 228 229 229 229 229 229 230 230 229 229 229 229 229 229 230 231 230 230 230 230 230 231 231 231 231 231 231 231 231 231 231 231 231 231 231 231 231 231 231 231 231 231 231 231 231 231 231 231 230 230 230 230 230 230 230 229 229
227 227 227 226 226 226 226 227 226 227 226 226 227 226 226 227 226 226 227 227 227 227 227 227 227 227 227 227 227 227 228 228 228 228 227 228 228 228 228 229 229 229 229 229 229 229 230 230 230 230 231 230 230 230 230 230 231 230 230 231 231 231 231 230 231 231 231 230 230 231 231 231 231 231 231 231 231 231 231 231 230 230 230 230 229 229 229 229 229 228
227 227 227 227 226 226 226 227 226 227 226 226 227 226 226 227 226 226 227 227 227 227 227 227 227 227 227 227 227 227 228 228 228 228 227 228 228 228 228 229 229 229 229 229 229 229 230 230 230 230 231 230 230 230 230 230 231 230 230 231 231 231 231 230 231 231 231 230 230 231 231 231 231 231 231 231 231 231 230 230 230 230 230 230 229 229 229 229 229 228
