238 238 238 238 236 236 236 236 236 236 235 235 236 235 235 235 236 236 236 236 236 236 236 236 236 236 237 237 235 235 236 235 235 234 233 234 236 236 235 234 236 235 238 236 236 240 237 236 235 233 235 232 237 235 235 236 234 235 237 237 237 235 234 237 235 236 235 236 235 235 236 234 235 233 237 236 235 237 235 236 239 238 237 240 232 235 237 237 234 237
236 236 236 236 236 235 234 235 235 235 235 235 235 235 235 235 234 235 235 235 235 235 235 235 235 234 234 235 234 235 235 235 236 234 233 232 233 233 235 237 234 235 236 236 235 234 234 234 234 233 237 233 230 234 236 232 233 239 229 231 234 231 237 231 232 237 234 233 237 235 233 237 236 239 234 236 234 232 239 234 237 239 231 236 235 239 232 234 236 234
235 235 235 235 235 235 234 235 236 235 234 234 234 234 234 234 234 235 235 235 235 235 235 235 235 233 233 233 233 234 234 234 232 232 234 235 234 234 233 232 232 232 231 233 233 232 234 235 234 234 236 237 233 236 232 232 233 232 235 232 230 230 227 233 229 227 232 236 233 234 237 235 234 229 236 234 234 239 234 235 237 237 234 234 232 232 231 231 233 234
234 235 234 234 234 234 233 234 235 235 234 233 233 234 234 234 234 234 234 234 234 234 234 234 234 235 234 231 231 234 233 233 234 233 233 233 232 231 232 233 234 232 233 231 232 234 232 232 234 232 231 235 232 234 231 238 231 234 231 236 233 226 230 236 234 227 225 228 233 236 236 234 236 235 234 238 236 233 235 234 232 229 236 234 236 232 237 234 236 239
234 235 234 234 234 234 233 234 235 235 235 234 234 235 236 235 234 234 234 234 234 234 233 233 233 235 236 235 235 235 234 235 235 233 232 233 234 233 233 234 234 232 236 229 229 235 230 231 225 226 227 230 233 232 227 234 235 232 225 229 232 230 233 229 234 227 235 237 232 235 238 236 237 233 233 237 234 230 237 243 241 242 238 237 241 240 236 240 237 228
234 235 234 234 234 234 234 235 234 235 235 234 234 235 236 235 235 235 234 234 235 233 233 233 231 234 235 234 235 235 234 234 231 230 232 235 235 233 232 232 234 236 240 234 232 235 230 230 233 229 232 225 225 233 241 239 233 235 244 235 228 233 227 216 231 237 233 216 201 179 156 155 132 119 118 118 120 123 115 118 123 130 146 182 179 205 215 223 232 235
236 237 236 236 236 236 236 236 235 237 237 236 236 236 236 235 235 234 234 234 235 235 235 233 231 234 232 231 233 233 231 231 234 232 232 232 231 229 232 235 235 235 233 237 239 233 229 222 208 190 164 152 175 146 122 135 140 124 114 121 113 99 102 88 79 76 81 78 79 89 88 91 93 98 95 99 95 90 96 92 106 112 97 101 104 110 111 139 167 214
236 236 236 236 236 236 236 236 236 237 237 235 235 235 234 234 234 233 233 234 235 235 235 234 235 236 232 230 233 234 230 229 236 236 237 237 234 232 231 233 225 197 145 125 110 96 104 100 90 86 89 74 90 76 73 68 52 55 67 63 52 61 67 52 50 52 68 62 46 48 49 48 48 50 53 50 47 52 51 46 62 59 60 63 78 66 60 66 92 118
235 235 233 237 238 234 233 235 235 236 234 235 235 237 231 230 228 234 230 229 232 227 237 235 235 236 233 233 215 226 232 225 210 187 150 135 109 92 89 90 86 84 80 78 75 72 70 71 71 67 72 50 40 39 42 42 69 49 40 45 52 53 60 41 40 37 38 42 45 45 37 39 36 43 44 41 48 43 44 42 53 55 43 44 67 78 72 52 62 93
236 236 235 235 235 239 237 234 238 231 230 236 221 228 230 227 230 234 236 231 232 223 231 226 228 213 195 132 104 90 97 88 77 71 79 75 76 72 73 73 70 64 61 64 69 66 57 49 60 45 47 44 48 51 59 67 60 73 66 61 56 47 46 49 47 45 49 38 38 36 35 34 39 43 44 50 52 55 57 56 61 66 63 73 71 75 91 109 100 113
238 233 235 237 231 233 231 235 232 236 224 229 230 231 236 235 242 229 231 233 212 167 84 105 97 77 73 80 68 80 70 89 80 89 90 87 79 65 73 65 65 67 69 66 58 54 57 62 50 51 56 46 44 51 57 59 64 59 45 50 49 60 66 64 58 52 52 62 54 44 34 46 46 54 46 52 52 54 50 61 63 70 82 90 99 91 100 98 86 98
233 234 235 235 233 237 226 239 215 232 237 234 233 242 226 237 193 127 85 73 90 73 82 77 78 76 96 93 92 94 90 90 91 86 79 77 66 64 57 54 55 49 43 46 52 54 51 47 52 48 57 62 57 46 39 41 40 41 34 38 39 41 49 61 72 68 64 49 51 48 53 54 65 73 68 76 85 84 76 80 80 83 77 77 76 84 92 86 97 105
228 234 231 234 233 227 209 234 241 236 240 237 224 145 112 87 119 99 89 91 108 110 101 88 85 76 71 59 52 52 51 49 50 51 49 50 43 46 41 40 39 39 40 43 49 54 56 57 49 49 49 45 42 47 46 45 46 46 51 53 60 57 65 70 75 80 78 87 89 98 98 103 99 95 92 87 85 85 94 91 103 101 99 107 106 110 115 109 107 111
234 220 220 225 209 231 240 238 214 192 120 107 132 122 98 109 100 89 78 70 66 65 55 56 58 60 52 54 55 44 39 40 30 35 31 33 40 37 46 32 38 41 43 46 49 57 67 73 81 88 92 96 93 91 80 71 60 65 68 65 83 83 84 83 88 95 101 101 109 107 115 115 106 101 100 96 103 103 112 106 110 109 113 112 112 106 117 114 110 109
214 226 231 237 227 235 193 135 126 130 112 109 95 79 74 69 66 59 53 48 48 47 44 39 38 40 38 51 53 47 37 29 31 28 34 26 29 35 40 42 54 81 118 148 163 170 173 175 175 178 170 161 131 107 86 81 79 82 90 90 92 97 98 91 94 91 76 78 86 97 96 90 92 98 97 97 102 97 96 99 100 106 99 102 96 102 109 113 117 108
221 213 217 211 148 134 124 95 107 80 93 70 61 61 66 57 52 45 42 33 39 33 33 30 47 62 101 135 155 155 127 79 63 82 107 148 166 176 180 180 184 187 188 188 192 194 195 192 194 195 190 196 191 191 188 189 189 183 149 126 118 114 97 105 103 102 97 98 100 99 103 105 106 104 97 100 93 91 91 96 92 94 96 104 111 104 108 107 100 99
228 167 130 112 112 102 88 79 67 63 57 62 61 53 73 108 137 141 146 151 158 156 162 160 108 136 191 196 199 197 191 182 173 119 152 150 167 186 187 188 192 195 196 198 197 201 200 201 199 198 198 201 198 195 198 198 200 199 196 193 192 180 142 104 92 97 104 101 113 97 101 104 105 99 109 114 121 127 117 112 99 98 97 105 115 104 115 110 113 109
125 104 82 73 70 74 75 71 57 44 47 103 150 152 160 170 174 178 178 183 189 177 186 83 108 188 201 203 203 198 188 182 152 91 122 127 171 180 189 186 196 200 202 207 205 208 207 209 204 207 209 209 207 206 210 208 206 209 207 200 194 194 191 185 180 171 124 87 84 93 105 98 99 101 87 91 97 96 100 106 101 109 127 128 134 132 119 130 119 115
82 84 79 69 54 74 57 42 86 150 164 163 177 176 180 191 190 188 195 182 195 196 137 106 115 202 207 207 209 197 159 163 107 64 81 110 154 174 184 188 193 198 203 210 210 214 213 213 213 219 220 217 213 213 215 210 214 213 210 207 203 200 198 194 189 186 186 180 180 162 79 64 71 73 73 73 75 81 89 99 93 97 97 101 96 102 112 107 107 109
67 50 54 98 61 49 90 158 168 173 183 186 188 195 196 195 197 203 197 202 203 163 85 79 110 204 217 222 214 200 178 120 57 56 89 127 139 160 185 186 194 201 208 215 213 219 221 221 221 223 222 221 221 223 224 219 215 215 214 213 208 204 203 202 204 199 191 194 182 186 179 179 147 52 39 37 36 48 52 52 61 66 83 97 98 79 76 76 67 66
87 108 69 51 81 161 169 180 186 190 197 197 195 195 195 204 204 208 204 197 192 158 92 118 161 215 228 224 219 203 152 96 50 117 137 161 128 140 159 189 196 202 209 215 212 219 223 225 228 228 224 224 224 224 225 223 219 223 224 222 217 212 211 210 204 200 205 198 184 192 190 185 186 173 160 77 54 46 45 47 44 50 63 58 73 63 83 73 67 71
83 60 73 145 167 179 188 190 185 200 201 203 207 208 209 205 215 212 210 213 194 153 108 111 181 216 231 229 213 158 146 53 77 182 209 192 163 147 174 199 202 208 212 216 213 221 226 227 224 225 222 224 225 224 228 229 227 226 224 223 224 224 220 215 212 213 210 205 210 202 196 196 188 182 178 169 155 61 31 38 36 31 32 45 30 50 50 42 44 45
95 132 163 175 180 189 194 200 200 202 198 203 207 209 214 215 211 219 210 212 207 158 135 106 145 223 231 234 228 187 109 58 174 213 220 222 181 144 181 210 206 210 212 216 213 221 223 222 226 228 225 227 226 224 227 229 229 229 230 232 233 232 228 225 220 218 216 211 211 206 211 203 200 187 182 179 173 167 146 34 32 23 21 21 24 19 30 21 21 28
161 173 177 179 191 190 199 196 202 201 209 208 211 214 213 221 221 217 217 212 205 180 114 111 125 214 235 236 227 185 101 50 218 223 214 230 216 163 186 208 213 216 217 221 218 225 225 221 223 225 222 222 227 226 227 227 234 231 230 233 234 231 228 225 221 221 224 217 214 208 202 209 202 201 194 193 184 175 178 162 82 22 21 21 20 21 16 25 26 32
182 181 181 188 192 194 198 201 206 209 211 213 215 217 216 218 222 220 217 213 209 197 111 121 118 204 237 227 228 145 80 95 96 104 116 135 238 168 186 215 216 218 222 222 222 222 222 225 223 228 229 228 232 230 226 227 232 233 233 234 233 231 232 227 221 222 226 221 218 209 203 207 207 213 205 201 198 188 184 178 166 152 54 34 32 39 28 25 28 29
185 185 188 194 198 200 203 206 213 215 218 219 222 222 220 218 222 224 223 215 208 199 113 107 113 186 231 233 236 180 75 82 91 65 80 128 153 185 181 214 217 219 218 222 222 220 220 215 228 224 224 228 227 231 231 225 228 233 233 235 236 233 232 227 224 224 224 227 216 208 212 207 211 210 208 204 199 200 199 189 182 166 167 106 44 44 46 40 40 43
190 189 199 203 207 214 214 218 221 222 224 225 227 227 226 224 226 223 225 223 218 207 125 104 134 152 230 243 233 175 112 126 30 226 41 87 157 188 191 210 224 220 222 218 221 225 222 224 220 225 227 228 229 231 233 238 227 234 233 233 236 233 231 230 225 225 222 224 213 215 208 205 206 212 205 202 201 194 199 197 201 192 188 173 158 65 55 51 60 53
192 194 206 206 211 220 220 223 227 227 227 227 228 229 229 228 231 227 225 222 227 221 149 111 138 149 223 236 236 184 174 73 30 27 22 81 126 188 208 212 219 223 219 222 220 216 223 220 218 224 223 224 231 231 229 232 223 230 231 234 235 232 230 228 221 226 228 225 216 214 192 198 203 205 204 198 200 199 191 198 200 202 198 192 183 165 117 41 51 39
197 199 210 211 215 224 222 226 224 226 226 227 230 231 234 235 233 231 230 229 232 219 164 129 116 129 219 236 236 203 184 77 42 243 42 122 114 198 218 225 223 218 221 216 215 219 220 227 221 220 224 226 223 225 226 220 223 225 226 228 227 228 232 231 236 230 222 226 215 203 177 184 188 198 206 206 197 197 204 199 200 201 201 203 196 190 183 160 65 44
205 208 216 217 220 227 227 230 226 229 231 232 234 234 235 235 232 238 234 228 237 232 181 121 122 116 209 236 236 219 176 90 113 121 133 128 199 202 215 218 212 214 211 215 217 212 218 216 216 220 224 225 222 221 222 222 217 218 221 226 225 226 231 230 230 230 236 221 218 199 159 207 187 181 197 206 206 203 198 207 200 202 197 204 197 200 185 185 174 144
209 213 218 221 223 228 232 233 235 235 237 237 237 235 232 233 234 236 235 234 242 237 198 135 116 112 196 223 238 222 176 194 133 153 156 220 198 200 202 212 218 211 210 209 210 210 208 212 212 219 218 220 227 225 218 218 217 219 218 221 221 224 229 230 231 223 220 230 222 193 178 178 188 195 197 198 206 207 205 204 208 208 213 208 205 206 211 201 197 184
213 217 221 226 226 228 233 235 238 239 237 237 236 234 233 232 237 238 238 235 237 236 218 161 137 119 162 215 229 227 195 209 171 192 232 227 192 188 216 222 212 207 204 204 204 203 206 207 206 210 217 220 217 214 210 205 216 220 218 220 224 223 226 229 227 227 229 226 223 205 191 193 217 197 198 204 209 211 206 207 210 216 214 220 222 218 212 212 205 201
215 220 226 231 233 235 236 233 235 238 241 241 239 238 237 238 242 241 241 235 238 243 221 192 165 140 164 207 221 230 210 159 200 125 201 244 171 185 214 208 200 202 196 199 200 197 202 207 209 209 200 200 201 198 200 201 198 209 216 223 221 224 227 226 230 224 229 226 219 202 202 191 206 195 205 194 208 212 205 210 215 219 228 227 230 221 220 216 214 211
217 224 228 230 234 235 234 236 237 244 242 236 237 240 238 235 238 244 239 239 240 239 236 220 186 163 175 204 214 221 220 201 172 207 172 177 147 195 203 206 196 193 192 197 198 198 200 201 201 200 197 202 204 207 208 202 199 163 208 223 225 229 220 223 228 222 227 234 226 208 204 197 199 208 204 210 215 211 213 205 216 221 226 233 234 235 230 227 220 218
221 228 230 231 236 237 236 240 242 236 236 239 238 238 241 240 242 240 246 243 242 242 235 239 233 211 202 208 213 212 214 216 202 201 201 180 154 198 203 204 193 187 190 193 191 194 195 195 203 204 206 213 216 220 222 214 208 197 190 200 218 226 227 228 227 230 229 229 218 213 205 189 207 213 215 210 210 216 209 212 216 223 226 236 233 239 233 231 229 227
225 230 231 233 237 237 237 241 241 240 240 238 240 243 245 242 238 239 241 248 250 241 237 238 235 232 222 214 209 203 202 206 200 197 205 207 204 201 200 198 187 184 189 190 190 195 196 202 209 214 219 223 226 234 239 234 226 221 202 193 218 217 227 223 230 225 222 230 223 227 214 190 211 223 232 222 221 225 215 213 215 224 230 238 236 241 239 239 234 233
228 228 231 236 237 239 239 240 238 245 239 236 242 241 237 241 244 243 239 243 246 242 240 240 233 240 235 226 218 209 200 196 196 191 195 200 207 204 196 184 189 191 197 199 204 210 213 220 221 225 230 230 235 244 246 243 240 223 216 203 214 222 227 228 227 227 230 235 222 224 212 182 224 226 240 217 219 224 217 219 219 226 236 238 241 240 242 241 236 235
228 227 231 237 237 236 238 240 245 241 241 245 243 240 242 243 245 242 248 246 247 249 239 239 239 238 236 232 228 220 208 198 191 188 196 197 199 188 200 199 210 212 215 218 226 229 229 232 236 236 237 236 243 250 244 240 234 234 216 205 208 230 232 232 232 235 241 239 225 229 218 186 222 227 247 227 230 230 217 214 222 225 236 236 242 237 240 239 233 233
228 230 233 238 239 237 237 241 242 238 244 244 238 244 250 240 242 246 243 249 248 248 252 245 243 243 242 239 233 227 222 215 206 201 194 194 199 212 220 233 231 233 234 237 240 240 239 238 240 238 241 241 246 254 249 243 241 225 219 201 199 227 234 234 237 234 241 244 232 218 214 203 221 237 236 231 231 221 225 215 220 225 234 241 244 241 242 244 239 239
228 233 235 238 240 235 235 242 244 245 242 242 247 243 241 247 248 243 247 248 245 249 249 245 243 242 240 239 237 238 234 225 230 220 220 217 217 233 233 234 237 240 241 245 242 239 244 240 245 240 244 243 244 252 249 243 242 236 219 208 194 229 234 238 238 237 244 242 239 221 216 207 222 233 240 237 231 228 221 219 222 228 235 245 239 239 237 243 240 241
232 238 241 239 237 239 242 245 242 244 236 246 242 241 244 241 243 246 249 250 247 247 246 245 249 241 245 243 240 238 238 237 234 234 232 229 229 232 236 236 239 240 241 239 238 238 240 241 239 242 241 241 243 250 250 239 235 230 222 216 214 231 239 241 243 240 240 249 244 228 218 222 217 222 231 240 235 223 222 225 220 227 235 239 241 243 243 242 244 246
235 235 237 241 240 236 239 245 239 245 237 243 245 246 244 247 247 248 250 250 247 248 248 245 248 240 245 243 244 245 245 238 242 242 239 234 230 231 236 238 238 238 237 235 233 235 236 236 239 241 239 241 242 245 246 237 235 219 209 215 224 233 241 237 247 244 240 248 238 226 220 205 212 225 232 233 230 223 226 227 224 230 235 239 241 241 241 241 239 241
236 232 234 240 241 238 239 246 244 246 250 253 245 247 245 241 248 244 245 252 250 244 244 246 248 239 243 243 247 248 247 242 244 241 238 233 229 227 229 232 232 232 232 232 233 234 233 232 234 234 234 235 235 235 236 232 224 219 202 220 231 238 243 244 245 241 247 247 233 228 225 212 223 231 254 236 229 228 222 224 227 232 235 242 244 241 244 241 243 243
234 235 237 239 240 240 242 243 241 248 244 240 247 249 242 246 245 246 249 248 246 247 246 241 251 242 246 248 250 247 247 247 242 237 230 228 226 225 225 224 227 227 227 229 233 233 231 228 230 229 229 232 231 228 230 230 221 178 208 226 235 249 244 246 246 246 239 246 240 229 231 208 219 236 242 228 237 232 226 228 228 233 233 241 243 240 244 242 243 245
235 239 241 241 242 244 246 245 238 243 246 242 246 246 243 246 245 244 246 248 246 244 243 241 248 242 245 244 245 244 243 240 238 235 228 227 228 228 226 226 227 227 226 228 230 229 225 223 227 226 224 227 226 223 227 230 225 121 222 227 231 247 243 241 247 240 244 244 242 232 222 197 226 225 246 232 228 232 230 235 229 233 234 241 244 243 245 244 242 243
235 238 240 242 243 243 245 246 247 237 243 244 241 247 255 246 244 247 248 241 240 245 245 238 246 244 246 238 242 246 244 236 230 230 226 226 228 226 225 228 227 225 224 227 229 229 228 228 226 225 221 222 222 221 226 229 228 156 228 224 239 249 245 247 242 244 244 246 239 225 231 192 221 232 233 233 229 228 233 230 233 236 238 241 243 243 244 245 243 245
235 236 238 242 244 242 244 246 244 247 244 243 246 239 245 243 248 245 247 247 245 244 244 242 241 240 242 236 239 242 238 230 226 226 225 227 231 226 224 227 227 225 226 228 230 231 232 235 233 231 225 223 225 226 230 232 227 218 216 226 248 253 243 241 249 242 245 242 239 230 228 190 227 249 242 239 227 232 235 233 237 237 241 240 242 248 243 245 244 246
236 238 240 241 244 245 244 245 242 248 244 243 249 240 248 246 246 244 248 248 246 244 244 242 244 238 242 241 241 236 234 233 230 228 227 232 235 231 226 227 227 227 229 230 232 232 233 235 237 235 227 224 225 228 232 233 233 231 219 249 254 251 250 244 242 244 242 245 245 223 221 192 228 255 236 228 229 234 236 238 237 236 242 239 241 249 242 244 246 247
237 238 240 240 242 243 244 247 242 246 243 244 246 246 244 243 249 243 250 240 249 247 248 248 243 238 240 231 239 234 238 232 228 223 234 244 242 244 237 235 228 229 232 236 236 235 234 234 238 240 233 223 222 229 236 234 233 221 229 249 255 249 247 247 248 246 244 242 244 227 217 204 238 243 239 223 231 236 239 239 240 240 241 243 241 242 245 247 249 247
235 237 238 239 241 241 242 245 241 245 244 244 245 243 243 244 243 254 247 249 242 240 250 250 237 226 229 235 232 232 232 232 229 232 228 243 235 247 236 237 237 232 236 239 238 238 239 235 239 243 241 234 226 222 223 226 227 229 240 250 252 250 247 244 245 247 243 241 245 230 212 201 241 243 232 241 239 232 241 239 240 240 242 245 244 245 246 247 244 243
234 237 238 239 241 242 242 243 244 246 243 245 248 247 250 251 246 248 243 247 245 249 245 239 217 206 204 231 230 234 233 239 236 234 236 243 243 233 238 238 235 234 235 238 239 239 241 240 243 243 243 242 236 231 227 226 226 238 249 252 249 247 245 242 243 248 242 241 245 234 208 197 224 243 231 236 235 239 242 236 239 240 243 246 246 246 245 245 244 242
235 238 239 239 241 243 241 242 245 248 248 247 244 240 245 249 248 241 244 241 241 238 217 192 188 182 198 238 229 228 238 236 235 228 231 238 211 225 247 236 235 238 235 237 240 240 241 246 246 247 248 247 246 244 241 236 236 245 249 249 248 244 241 243 245 246 241 243 245 240 207 190 222 225 232 235 230 240 242 241 241 241 244 244 244 244 243 243 241 240
235 237 239 242 243 243 242 243 244 245 243 245 246 244 246 246 246 252 251 249 240 231 222 195 145 155 202 235 233 228 230 230 227 225 228 196 234 218 240 236 234 236 234 235 240 244 247 249 248 250 252 250 246 243 245 245 245 247 248 248 249 246 243 244 246 246 241 244 242 241 212 185 223 228 240 230 235 239 234 243 240 240 242 243 242 242 241 242 242 240
233 236 238 241 243 244 243 245 243 247 248 248 246 244 247 247 247 248 247 250 236 231 193 169 157 156 218 230 236 240 229 221 220 221 179 181 220 191 233 231 238 233 235 236 238 245 248 241 248 246 247 249 248 243 242 244 243 248 250 249 249 247 244 244 245 242 239 243 241 240 220 179 221 229 242 238 239 233 237 238 240 239 241 243 242 243 242 243 240 236
232 236 239 241 242 244 244 245 241 243 242 244 246 248 250 246 245 243 249 247 234 224 163 157 152 147 221 232 231 238 219 188 198 127 176 232 253 183 222 224 239 240 241 241 242 245 244 237 248 245 245 248 251 250 247 244 243 246 249 248 250 250 247 246 245 242 241 242 241 236 222 179 210 242 246 238 241 241 243 238 241 240 241 241 242 242 242 240 238 234
234 238 240 242 242 244 245 245 243 246 245 245 246 248 251 247 251 244 241 242 246 219 155 144 144 175 230 236 245 233 204 183 134 164 223 230 234 189 215 223 223 238 240 236 244 246 243 244 242 247 249 249 248 249 248 245 244 241 242 246 249 249 251 250 246 246 244 242 243 233 224 177 211 239 240 246 243 239 238 240 243 240 238 241 243 242 240 237 233 228
235 237 240 243 242 244 246 247 244 245 245 245 246 247 248 247 246 244 248 237 242 211 147 139 161 185 233 238 237 233 188 147 66 202 223 223 244 191 207 221 225 232 238 241 242 243 237 241 245 250 248 251 252 253 247 249 250 247 245 243 244 247 250 250 249 244 245 246 244 242 225 203 224 235 243 244 244 241 240 241 242 237 239 245 245 239 238 238 231 223
234 236 239 242 242 244 246 247 245 245 244 245 247 248 248 245 246 243 244 236 243 206 138 119 142 185 231 246 241 235 179 148 96 222 234 233 233 204 210 202 221 225 234 238 239 244 237 244 247 246 244 248 251 255 252 250 249 248 248 245 243 245 247 247 249 245 245 246 245 242 232 221 233 237 244 246 243 241 243 240 239 240 242 241 240 238 235 228 223 215
235 237 240 243 243 245 246 248 245 246 246 246 247 247 247 245 248 240 244 247 240 212 128 116 125 212 236 241 245 231 194 91 137 223 180 188 237 214 192 217 228 226 237 240 236 243 236 242 243 245 247 251 244 251 252 253 249 249 251 249 245 246 247 245 247 246 245 246 246 241 238 237 239 240 243 243 241 242 243 240 238 241 244 240 237 236 231 221 221 214
234 237 240 242 243 245 245 246 246 247 248 248 247 247 247 247 243 245 241 249 238 212 131 101 135 222 236 236 236 230 171 83 138 107 121 134 139 218 162 204 224 224 234 241 236 240 238 242 243 245 245 248 246 251 251 248 249 250 252 252 248 246 246 247 246 246 245 244 245 240 238 242 241 244 241 240 243 243 241 242 240 238 239 238 233 229 225 219 219 210
229 234 237 240 242 244 244 245 246 246 246 248 247 247 247 247 245 233 246 238 237 208 136 116 140 231 235 245 240 227 180 86 110 92 226 58 135 160 178 187 219 223 228 242 237 238 242 245 244 247 245 248 247 251 246 246 248 249 249 249 248 248 248 247 245 246 245 242 242 241 240 243 244 246 244 242 245 245 241 242 242 236 234 233 230 225 223 221 211 202
228 233 237 240 243 246 246 247 247 244 242 244 247 248 247 244 246 243 244 240 235 203 129 97 137 234 239 235 247 226 171 100 105 31 35 25 73 127 159 195 220 227 228 241 238 236 242 242 242 249 247 248 246 248 246 250 251 249 250 249 248 248 247 246 246 246 245 242 242 244 245 244 244 244 245 244 240 240 240 235 236 232 230 227 224 223 222 215 206 196
230 234 236 238 241 244 244 246 245 243 241 243 244 245 245 243 242 245 241 233 226 226 141 107 155 237 237 240 237 231 161 86 80 29 214 38 68 124 190 176 221 227 228 238 238 240 242 243 248 250 246 247 248 253 250 249 252 249 250 250 249 247 249 249 247 245 245 243 241 244 246 245 245 241 240 238 235 235 235 230 230 230 228 224 224 224 219 209 202 191
229 234 234 234 236 239 240 242 243 243 243 244 243 242 244 246 246 244 241 241 224 202 137 133 166 237 237 241 240 231 185 116 53 79 114 52 135 172 175 188 228 228 232 238 242 248 243 247 247 248 250 252 247 253 253 249 249 249 249 248 247 245 248 248 247 244 246 246 241 241 245 242 242 244 238 233 235 235 231 230 228 227 227 228 226 224 215 204 193 181
230 231 231 232 236 236 236 239 242 243 243 244 246 244 243 246 244 241 246 246 236 186 156 149 179 239 242 234 245 235 194 110 82 55 105 120 140 177 159 203 224 226 230 238 242 242 243 241 245 244 247 247 247 252 253 252 249 251 251 248 244 244 247 250 247 246 244 243 242 243 244 242 242 240 235 234 236 233 229 229 227 227 228 228 224 220 210 198 182 187
221 230 233 237 233 236 236 243 240 242 242 242 243 242 242 245 243 242 245 238 227 177 136 157 189 237 246 244 240 237 183 192 89 50 111 177 222 189 186 203 224 223 230 245 248 241 240 241 248 248 250 250 250 252 251 251 250 249 249 247 247 246 248 248 246 244 243 242 242 243 242 240 239 237 232 229 232 231 229 230 229 228 227 223 221 214 200 185 180 189
230 234 237 232 236 234 237 237 236 239 240 240 241 242 242 244 243 242 243 242 229 229 163 165 177 240 242 239 241 242 234 180 162 69 34 183 200 151 174 213 226 227 234 248 250 242 242 247 246 246 250 250 249 252 250 251 249 248 247 245 246 246 246 246 244 243 242 241 240 240 241 239 236 235 231 229 231 231 230 232 229 228 224 218 214 205 189 175 184 195
224 231 230 236 233 241 234 232 234 237 239 239 240 241 243 243 246 238 241 245 240 229 142 151 170 247 249 242 242 240 229 212 178 118 56 87 171 167 180 209 223 230 236 243 243 239 242 245 249 250 253 252 249 250 250 247 245 246 246 245 244 242 243 244 240 241 240 239 237 236 236 236 232 232 231 231 232 231 230 230 226 225 220 216 208 192 180 178 190 198
222 226 233 227 232 232 236 234 235 238 238 238 238 239 241 240 241 244 241 239 236 229 215 138 164 242 248 250 240 246 233 229 211 174 77 66 134 169 194 225 224 236 243 245 245 243 245 244 247 247 250 249 248 250 250 248 244 245 246 245 242 240 239 239 237 238 240 238 236 233 233 235 232 232 233 233 233 231 229 228 224 220 216 212 198 178 174 187 202 208
213 221 225 232 230 238 234 233 236 236 238 236 235 235 236 237 234 238 244 233 237 237 226 135 158 212 250 247 246 244 233 227 226 209 127 75 95 198 212 226 231 239 241 241 241 241 244 248 248 247 249 247 244 246 244 241 243 243 242 241 240 238 236 234 234 236 236 234 233 231 231 233 231 231 231 230 229 228 226 224 220 214 210 203 186 170 177 196 207 215
216 219 226 226 230 231 234 231 237 234 235 237 236 235 236 234 235 239 237 240 242 233 230 210 168 184 230 244 246 245 237 233 233 223 206 99 172 202 228 238 231 241 243 248 249 245 244 245 246 245 248 245 243 245 245 245 242 241 240 240 238 235 233 231 234 234 232 230 232 230 230 232 231 230 229 228 226 225 222 219 214 210 202 191 177 175 189 204 210 218
200 211 223 228 223 226 230 235 236 233 235 235 235 234 234 234 235 231 232 232 237 233 232 220 145 161 226 240 238 238 237 233 229 227 221 194 208 196 227 234 234 243 241 241 244 243 244 246 244 244 246 243 240 242 243 244 238 239 240 238 235 232 232 233 232 232 227 226 230 230 229 230 228 227 228 227 224 222 219 215 209 205 197 181 172 184 201 209 216 222
188 195 205 212 228 222 227 228 232 232 230 234 234 230 234 232 231 230 230 233 234 233 230 223 206 132 180 227 240 240 237 236 232 230 220 214 213 211 219 236 240 240 241 243 245 246 246 245 246 244 242 242 242 244 242 240 240 238 237 236 235 232 230 230 228 229 229 230 229 229 228 227 224 228 229 225 219 218 214 210 209 199 185 167 183 201 208 213 219 221
159 177 196 202 204 221 220 227 230 230 227 232 224 231 228 229 225 225 228 229 228 228 225 222 210 210 146 201 227 230 235 230 237 235 228 221 217 217 227 236 240 240 240 241 243 244 244 244 245 244 243 242 241 240 238 237 237 236 234 232 230 229 227 227 226 225 226 226 225 224 225 225 222 223 223 217 217 215 213 206 201 192 171 182 193 204 215 218 217 217
146 144 152 176 185 201 220 216 220 214 227 226 226 226 226 226 226 227 221 220 230 229 222 223 221 207 209 174 200 222 234 230 232 227 226 225 223 229 237 235 240 239 239 239 242 243 244 244 242 243 243 241 239 237 234 233 234 233 230 229 228 228 226 226 226 225 225 226 224 223 224 226 225 223 218 222 213 210 201 201 191 173 171 191 199 207 207 209 207 206
114 128 146 160 150 171 185 197 210 210 220 214 221 215 219 222 227 225 218 217 225 225 219 220 218 211 209 207 195 213 220 216 225 224 228 231 225 229 236 237 238 238 237 237 240 241 241 242 237 237 237 237 235 231 230 230 230 229 226 225 225 224 224 224 224 222 223 225 222 220 222 225 218 219 221 210 210 203 201 190 175 166 184 191 200 200 196 192 192 192
121 137 157 144 149 143 149 156 178 198 198 208 215 213 209 218 217 215 222 226 223 222 222 220 222 217 208 213 206 201 209 219 218 217 223 228 229 232 235 234 238 237 236 237 241 240 237 237 233 234 232 232 231 228 227 225 223 223 221 220 220 219 221 222 221 219 220 222 220 218 219 221 217 214 206 208 200 196 182 175 159 171 181 183 186 179 185 178 176 177
138 153 159 159 149 142 143 134 134 140 153 177 175 194 211 198 209 210 212 215 221 220 217 219 222 211 221 214 210 208 210 207 205 212 221 226 227 226 231 237 237 236 234 234 237 235 232 231 231 231 228 226 224 222 221 220 218 219 219 218 217 217 218 219 219 218 219 219 218 217 217 217 214 211 207 197 197 187 171 148 155 166 167 168 162 162 160 161 160 160
109 105 136 149 144 132 138 150 143 127 111 122 129 137 146 160 163 180 195 204 211 207 204 211 210 205 206 213 211 210 211 213 208 215 223 225 224 225 228 230 232 230 228 229 232 230 227 226 226 226 224 222 218 216 215 213 213 214 215 215 217 216 217 217 219 218 217 217 215 215 214 211 207 203 196 194 181 167 150 144 150 149 149 144 143 151 139 140 137 136
98 106 110 127 128 125 129 146 153 156 150 156 140 161 131 106 111 110 128 143 142 143 144 132 138 146 146 154 167 174 183 188 201 212 222 220 218 223 227 228 228 226 223 225 228 225 221 223 221 221 220 217 213 212 210 210 210 211 212 214 216 216 214 214 216 215 214 211 210 209 207 202 202 197 190 176 154 134 133 138 128 125 120 121 134 133 130 112 124 123
87 79 88 96 108 109 126 127 131 134 126 129 127 141 154 161 170 161 149 153 153 157 147 149 139 136 132 139 140 135 131 132 140 139 157 179 199 212 220 221 222 224 221 218 223 217 210 214 216 209 209 211 207 205 210 210 209 214 213 216 216 211 219 216 215 207 212 207 202 203 196 194 190 174 161 129 122 110 114 104 108 107 99 114 122 106 111 111 111 113
80 97 102 80 71 80 97 100 108 112 110 135 124 129 140 139 146 156 153 150 147 143 145 142 148 133 146 148 148 156 155 139 125 125 134 124 132 143 157 176 192 208 209 215 217 209 214 207 204 206 208 204 206 208 201 203 212 211 211 210 209 214 202 207 205 197 200 198 195 192 180 168 136 119 115 106 100 92 87 78 80 79 94 115 98 98 92 101 102 160
95 94 82 114 108 111 108 110 115 110 124 123 109 105 110 133 129 136 141 136 147 137 149 158 155 160 154 157 135 137 150 146 147 166 143 159 157 143 125 114 118 126 139 148 161 172 183 185 193 197 199 191 184 193 201 191 191 197 191 204 194 199 184 189 188 191 179 169 157 145 121 115 114 100 87 74 61 65 56 77 74 73 90 107 87 88 97 118 138 145
107 106 100 103 104 127 103 103 112 101 106 99 106 106 92 130 124 111 111 105 96 122 115 118 129 131 115 149 153 153 156 150 135 151 169 152 153 168 145 132 148 139 101 108 105 114 118 119 125 125 127 136 142 139 139 142 143 147 151 154 149 142 145 143 133 135 127 119 107 120 127 111 90 72 59 48 50 38 47 69 80 73 86 76 66 100 142 125 148 139
78 95 117 101 115 109 105 124 119 119 118 114 121 94 96 113 103 109 107 114 134 136 143 128 127 112 112 122 120 123 139 146 129 133 164 169 161 155 166 166 177 154 127 142 151 121 104 103 107 104 107 105 108 111 109 119 123 114 114 112 114 119 107 107 102 96 117 123 125 94 81 53 34 22 16 43 42 36 63 64 68 59 66 87 107 127 126 151 109 125
101 99 73 109 102 111 107 125 106 115 125 128 119 116 126 109 107 102 107 100 113 113 111 123 108 115 140 151 139 126 120 111 108 113 127 152 165 158 156 152 165 161 167 159 169 147 133 134 123 112 105 113 111 107 115 115 115 123 120 121 116 116 110 111 120 114 93 79 46 25 13 30 17 19 26 39 39 54 65 60 56 64 91 108 112 122 135 119 134 132
85 109 109 107 77 98 100 107 138 111 107 123 92 121 120 131 126 112 135 115 108 101 107 97 102 104 110 113 119 125 136 150 148 150 153 127 111 106 128 141 162 159 152 158 163 163 161 156 142 140 126 132 145 143 141 141 146 144 146 149 125 70 77 78 62 31 17 12 11 15 16 13 19 32 61 57 79 86 70 69 69 80 100 116 105 118 91 110 125 122
88 102 88 114 115 123 94 92 124 96 120 118 110 115 101 103 116 117 125 126 128 121 121 132 110 93 124 114 121 105 96 113 135 111 126 144 128 152 153 131 100 84 122 133 161 151 156 151 162 147 168 159 147 146 133 159 169 180 176 164 88 54 39 27 21 25 19 29 18 58 36 23 29 42 45 66 57 65 66 99 85 102 91 91 120 116 117 121 100 97
89 110 85 90 91 112 124 118 90 71 95 90 105 99 130 127 115 90 110 106 107 122 122 129 100 107 106 88 119 108 100 109 108 120 119 112 120 114 135 140 134 140 144 132 106 96 127 141 155 152 146 153 148 146 158 178 174 156 142 153 155 139 84 98 83 52 30 25 24 30 27 36 52 47 64 55 65 76 73 90 82 95 104 80 114 118 124 98 116 113
98 92 85 103 98 96 82 98 115 105 98 74 87 99 109 94 91 111 109 107 105 89 108 126 112 112 121 113 118 93 77 79 99 108 99 93 113 112 126 118 116 132 125 110 121 133 138 120 117 119 120 140 144 139 143 151 148 138 143 153 161 167 146 127 119 100 100 114 120 124 105 89 72 71 65 59 68 77 85 89 96 95 101 108 119 98 114 118 90 86
