232 233 236 232 227 221 231 232 235 233 236 232 233 236 236 237 236 232 234 234 239 237 236 228 229 233 228 233 226 240 233 215 207 204 209 206 222 225 234 238 236 227 234 255 249 246 231 233 230 233 235 237 238 240 243 241 237 240 239 243 236 236 238 240 241 241 239 239 238 238 237 237 238 238 238 238 238 238 239 239 239 239 239 239 239 239 239 239 239 239
235 231 230 228 214 238 231 236 235 234 235 234 240 236 239 237 231 230 233 240 238 237 233 231 236 229 235 233 229 241 185 211 195 214 221 223 219 222 224 218 214 211 218 222 204 230 245 241 242 236 233 235 236 237 241 240 238 234 242 238 235 238 235 240 239 239 239 238 238 238 237 237 238 238 238 239 239 239 239 239 239 239 239 239 239 239 239 239 239 239
156 180 195 166 215 210 197 217 211 226 204 183 151 158 163 164 155 198 167 220 232 242 229 235 230 240 237 232 241 242 195 230 215 225 234 238 238 234 245 251 238 228 204 210 223 228 220 240 255 250 243 235 232 232 233 232 237 238 239 237 232 230 238 239 238 238 238 237 237 237 238 238 239 239 239 240 240 240 240 240 239 239 239 239 239 239 239 239 239 239
73 91 84 90 73 104 86 71 75 75 69 84 85 85 80 81 76 100 129 134 154 196 213 214 238 241 240 242 239 247 189 224 241 225 236 232 237 238 231 241 244 245 237 228 213 213 216 224 214 219 236 246 243 239 236 234 237 241 237 231 234 227 241 238 237 236 237 237 237 238 238 238 239 239 240 240 242 242 242 240 239 239 239 239 239 239 239 239 239 239
66 70 70 53 62 58 71 55 54 53 53 63 66 81 78 84 79 80 83 90 94 101 104 121 171 212 214 232 225 248 168 210 227 240 228 234 229 231 236 228 221 218 215 217 210 214 214 208 208 218 221 209 212 234 243 243 246 243 237 231 229 235 240 242 237 236 238 238 238 239 239 239 240 240 240 240 240 240 240 240 239 239 239 239 239 239 239 239 239 239
55 62 67 62 54 46 42 34 47 54 55 59 52 69 68 80 79 87 86 84 87 94 97 99 100 102 117 123 127 161 186 177 211 227 233 231 229 239 232 236 235 232 229 232 233 237 244 239 233 211 209 220 223 217 203 197 210 235 240 237 240 235 237 242 238 237 237 238 239 239 239 239 240 240 240 240 239 239 239 239 239 239 239 239 239 239 239 239 239 239
58 65 50 51 55 65 46 48 45 49 57 56 66 71 79 82 82 83 88 84 82 83 84 81 106 106 99 95 88 94 108 114 146 172 201 213 225 225 220 235 234 245 248 245 244 235 237 241 241 248 234 211 215 214 199 211 216 212 200 249 235 239 240 240 238 238 238 239 241 241 241 241 240 240 239 239 238 238 236 238 239 239 239 239 239 239 239 239 239 239
78 46 43 62 70 50 50 54 56 68 70 70 69 70 78 75 75 75 77 64 65 63 67 58 70 74 72 76 73 76 92 95 103 114 106 111 117 133 140 162 202 225 229 222 221 213 212 214 216 215 239 239 220 217 222 226 230 233 219 203 246 240 240 240 238 237 237 238 239 239 239 239 240 240 239 239 238 236 235 236 238 239 239 240 240 239 239 239 239 239
47 42 78 71 63 62 69 81 80 80 73 69 73 86 80 84 76 62 57 62 66 65 53 54 59 62 61 58 52 61 66 68 70 76 88 102 111 109 102 97 109 125 147 177 198 206 216 215 214 200 215 219 225 233 232 231 237 240 236 219 223 245 238 239 238 236 236 238 237 237 239 240 238 238 239 239 238 238 236 236 238 239 239 239 239 239 239 239 240 239
60 59 58 62 71 77 85 79 81 79 82 90 103 81 93 81 76 65 62 59 59 53 52 62 65 62 66 70 71 76 82 99 100 100 102 108 116 123 127 130 138 136 140 159 168 172 200 224 234 234 220 221 241 234 232 235 239 242 243 221 190 246 239 235 235 235 236 237 237 238 238 237 238 238 239 239 239 239 238 238 239 239 239 239 239 239 239 239 239 239
51 60 56 64 71 70 75 89 88 70 69 74 63 75 64 60 65 63 58 54 56 61 66 78 95 116 131 137 133 144 157 161 171 178 188 191 194 195 201 206 200 208 204 200 200 201 194 171 155 174 181 197 223 226 234 232 235 240 239 228 190 245 239 230 232 235 234 233 233 237 238 238 238 238 240 240 240 240 240 240 238 239 239 239 239 239 239 239 240 239
81 75 66 76 96 92 78 83 72 76 76 82 70 69 64 60 63 65 59 66 69 85 104 138 176 198 193 193 193 196 201 199 198 201 203 204 206 209 209 210 209 210 203 200 200 201 204 199 199 199 194 173 178 203 224 225 227 232 233 219 196 250 233 232 233 236 235 235 236 237 236 235 238 238 240 240 240 242 242 240 238 239 239 239 239 240 240 240 240 240
85 89 80 74 90 88 94 95 85 98 83 72 80 90 86 80 88 84 76 80 108 138 168 187 198 203 200 200 195 196 200 197 198 201 203 205 207 207 208 210 209 210 209 210 209 207 207 207 211 209 214 207 208 200 193 205 225 233 218 198 247 238 234 237 235 238 238 238 239 238 238 240 238 238 239 240 240 240 242 242 240 239 239 240 240 240 240 240 240 240
95 96 105 102 124 123 118 116 114 90 129 109 110 108 100 93 114 111 126 134 167 163 184 191 200 193 195 200 198 192 175 179 199 202 207 207 203 201 205 213 215 214 215 215 213 212 213 215 214 212 209 204 215 216 212 211 208 205 200 198 226 246 241 239 242 244 242 239 241 241 238 239 238 238 239 239 239 239 240 240 239 239 240 240 240 240 240 240 239 239
116 119 140 139 150 153 142 148 148 141 153 150 152 158 135 140 142 151 171 174 191 180 196 201 193 198 195 201 196 170 163 197 207 207 208 211 211 209 209 215 220 219 218 217 216 218 216 215 223 220 219 219 222 219 220 210 212 214 211 212 207 201 199 197 221 237 248 246 246 242 238 237 238 237 237 238 238 238 238 238 239 239 239 239 240 240 240 240 240 239
156 168 165 166 178 195 193 185 176 171 180 196 187 187 183 186 185 186 189 201 202 200 202 205 201 209 209 209 169 153 188 202 218 216 215 216 213 209 210 217 222 218 219 219 221 222 224 229 228 222 221 220 224 219 217 217 220 214 218 212 214 211 203 209 202 202 196 199 222 246 250 243 241 238 237 237 238 236 236 238 238 239 239 238 238 239 239 239 240 240
184 181 184 190 198 207 211 210 203 193 192 202 209 208 205 206 207 206 207 207 207 209 210 210 212 214 216 197 155 163 183 212 216 223 221 223 218 211 207 212 218 223 215 221 227 229 226 227 231 230 228 226 225 226 225 222 222 224 220 218 216 213 216 216 217 212 219 211 209 205 199 231 246 242 238 240 237 239 239 239 238 240 236 239 239 240 237 240 241 241
193 198 202 203 208 214 218 217 216 212 210 215 220 220 219 218 216 215 216 215 216 216 217 216 215 222 206 194 181 167 204 215 222 219 224 221 217 205 199 212 220 224 220 228 231 233 231 232 235 234 231 229 227 227 227 224 224 225 222 222 219 217 218 217 220 223 228 226 222 215 206 210 192 230 244 246 239 243 239 237 239 239 239 236 240 233 242 241 241 241
201 210 211 209 212 217 221 223 222 222 221 220 221 224 224 222 220 219 220 218 218 219 220 218 214 205 185 189 176 190 217 228 220 219 217 211 197 191 205 214 223 226 227 234 233 236 235 236 236 236 235 234 232 233 233 231 231 232 228 226 223 222 223 220 218 221 224 229 229 228 226 218 209 202 190 243 242 242 236 241 240 240 240 239 238 241 238 239 239 239
205 212 217 218 222 224 225 224 225 226 226 224 225 228 228 224 223 222 220 221 222 220 221 221 222 198 198 203 172 207 221 230 226 219 208 155 179 210 200 210 223 230 229 233 232 237 235 236 240 240 237 236 233 233 232 230 231 234 233 232 228 226 224 217 219 215 220 224 225 228 230 232 229 218 207 194 197 247 240 239 238 241 234 243 239 239 240 235 238 238
215 215 219 223 224 226 228 228 226 227 227 228 229 229 228 227 225 224 223 223 223 225 226 225 219 196 177 203 168 216 219 227 225 216 138 158 177 180 204 216 223 233 232 230 232 238 236 237 237 238 236 235 235 235 234 233 237 238 235 232 230 229 227 223 220 218 222 226 224 223 225 230 231 227 223 206 198 183 244 243 237 237 242 236 240 236 238 238 236 238
219 219 225 231 228 226 228 226 228 228 228 229 230 229 228 226 225 225 225 225 226 226 227 225 223 204 175 176 176 203 216 228 221 176 139 112 172 183 202 212 221 232 232 230 234 240 236 239 240 240 237 236 235 234 232 232 236 238 237 237 235 232 228 224 222 223 215 214 215 214 223 224 234 227 223 223 206 196 191 216 244 236 238 242 240 238 240 234 236 236
227 228 230 232 230 230 231 233 232 232 232 231 231 232 231 229 229 229 229 229 229 228 228 227 226 212 174 158 170 199 211 221 199 165 90 195 169 173 208 216 219 229 233 233 234 239 236 242 239 239 237 237 238 237 236 237 239 239 238 238 236 233 233 230 222 226 223 223 223 221 221 218 219 226 226 219 212 204 201 193 202 254 246 239 238 238 239 237 238 238
227 231 231 231 235 233 232 231 232 235 234 233 232 235 235 232 231 230 230 228 228 227 227 226 222 213 171 138 146 176 217 211 158 84 182 218 216 189 204 224 222 227 234 238 234 236 236 242 239 240 238 236 239 239 237 239 236 239 237 240 238 234 233 231 230 223 230 226 225 229 223 226 221 220 215 214 220 218 216 202 195 197 249 248 237 242 232 239 239 239
232 230 233 233 234 236 238 235 235 238 234 234 234 232 232 234 232 230 231 231 232 232 231 228 223 203 143 141 117 165 215 196 152 143 214 222 245 186 225 226 228 225 233 234 235 234 240 240 242 238 238 239 241 240 238 238 241 241 240 238 236 235 233 234 232 231 233 234 234 232 231 231 230 223 219 216 213 218 219 214 209 196 188 247 242 236 239 239 240 243
233 233 235 236 237 238 239 238 239 240 235 234 236 233 235 235 234 234 233 233 233 233 233 231 228 188 128 119 115 143 208 167 101 124 133 153 238 188 223 229 225 222 231 231 232 233 237 238 237 235 238 240 239 239 240 240 236 236 239 239 239 237 234 234 231 234 236 234 236 237 237 235 236 233 229 221 216 218 219 218 212 213 195 178 245 239 243 235 243 238
234 235 236 238 239 238 238 238 236 238 233 233 237 236 238 238 236 236 235 234 233 233 233 233 223 186 131 127 140 142 200 188 79 122 120 137 156 185 213 226 223 221 229 230 231 230 235 236 233 236 239 239 239 240 241 241 240 239 240 239 237 236 236 235 235 233 233 234 234 235 239 243 238 242 240 231 225 221 217 219 214 206 211 194 184 247 239 240 237 236
234 238 238 238 240 240 239 241 239 240 234 234 235 234 236 235 236 235 236 234 233 234 235 235 224 182 171 117 150 156 194 192 105 91 202 80 155 188 219 228 224 221 229 228 230 230 232 233 234 235 235 237 239 242 241 238 243 242 239 237 235 234 235 235 235 232 230 232 236 237 239 241 243 242 238 235 234 231 222 215 219 211 212 205 192 184 244 242 234 235
235 239 239 238 242 243 243 244 243 244 240 240 238 236 238 237 238 238 239 238 237 235 237 237 233 181 163 146 128 150 179 190 76 45 28 34 151 202 220 223 223 221 228 227 231 230 232 232 237 238 237 238 241 244 242 238 238 237 236 237 236 234 235 234 230 229 232 233 231 235 238 237 242 244 242 239 234 231 226 223 221 217 215 215 210 191 179 238 240 233
237 237 238 238 242 243 244 245 243 243 241 240 239 237 239 238 238 238 238 239 237 238 239 238 235 216 178 153 142 160 177 186 117 68 168 99 140 206 204 216 220 220 229 227 231 230 231 233 234 235 236 237 238 238 238 238 238 235 234 234 234 234 235 235 233 228 227 231 227 211 212 231 236 241 244 241 236 233 229 229 225 219 219 226 212 209 197 183 231 246
237 237 239 240 242 242 244 242 245 245 242 242 238 237 240 238 240 240 241 241 241 240 238 238 234 205 202 171 157 166 173 180 106 142 152 147 178 196 215 215 217 220 230 229 231 229 231 233 238 240 241 242 240 238 238 237 235 233 233 234 235 236 236 236 232 220 233 228 177 144 175 216 228 236 242 240 235 232 231 233 228 225 219 222 219 216 209 197 183 217
240 238 240 240 240 243 244 241 242 242 239 240 238 237 241 239 241 240 241 242 241 241 240 238 236 235 211 188 175 181 182 163 162 162 169 221 174 191 199 208 215 219 230 229 229 226 230 233 237 236 237 238 236 232 229 229 224 224 229 234 236 235 235 233 227 231 226 221 215 188 189 228 231 236 234 230 235 233 232 230 224 222 229 218 222 227 226 212 200 194
243 239 241 237 239 244 244 245 245 245 241 242 242 239 238 236 241 241 242 241 239 241 241 241 234 217 225 209 189 182 192 156 182 187 236 236 174 201 199 210 215 216 223 230 232 232 232 231 232 234 237 239 242 237 227 225 220 230 234 231 241 235 235 233 230 225 223 220 221 207 165 222 233 232 234 232 232 239 234 236 223 226 224 222 225 223 219 222 216 205
240 237 240 241 241 244 241 241 240 243 242 243 241 238 241 241 241 240 242 241 241 242 242 241 245 232 229 211 219 201 193 166 189 171 253 225 169 202 192 202 212 216 223 229 227 228 228 227 232 229 235 240 237 231 226 224 227 224 236 234 241 234 236 235 231 219 233 224 226 219 148 192 225 230 230 230 227 231 231 231 228 227 228 228 225 224 223 223 221 211
240 238 240 239 239 242 241 244 241 244 244 243 241 237 240 241 241 240 241 242 243 245 245 243 242 240 231 212 218 201 196 198 189 203 189 206 178 197 209 215 218 222 226 228 226 226 228 229 229 231 231 226 224 217 211 218 213 207 226 238 232 242 236 231 232 233 230 228 224 227 191 178 200 220 224 233 231 229 234 231 232 226 226 228 225 227 226 220 219 211
235 236 237 241 242 242 241 241 241 242 240 242 240 239 240 239 241 242 242 244 244 246 245 243 239 240 231 229 224 219 199 198 177 201 192 216 194 214 213 216 216 219 223 226 227 226 225 224 228 225 224 214 206 208 212 211 219 221 204 233 222 227 230 232 232 229 232 236 230 233 204 180 201 217 221 229 228 229 232 233 234 230 231 234 228 229 230 226 220 213
234 238 239 240 241 241 241 243 241 240 237 240 241 240 241 239 241 242 242 244 243 244 244 244 243 240 236 239 227 229 212 204 206 196 223 199 207 207 212 211 215 218 219 220 222 223 223 226 221 224 218 208 211 218 219 224 224 221 197 193 218 231 233 228 229 231 233 230 232 235 201 190 209 217 220 227 226 229 229 233 236 231 229 232 232 232 229 225 225 220
235 241 239 237 238 239 243 244 239 241 239 239 241 239 240 240 241 242 243 243 242 242 243 242 240 237 242 233 229 229 222 215 211 212 190 198 206 203 211 216 212 219 220 221 224 225 223 225 221 215 216 217 217 224 229 230 226 218 211 204 200 219 229 219 222 234 226 231 236 230 211 186 209 214 216 224 226 232 232 236 235 236 235 236 235 233 230 232 226 222
227 238 239 238 240 240 242 241 243 243 241 241 241 239 240 240 241 241 241 242 243 243 243 243 246 241 245 232 233 229 225 224 216 224 225 221 214 211 219 218 218 220 219 218 223 225 223 225 220 220 218 220 227 231 229 235 229 226 214 205 218 187 210 221 225 222 223 234 232 224 210 187 221 225 217 221 225 231 235 234 236 237 234 235 236 235 232 231 225 223
224 236 237 237 238 239 243 243 242 242 239 241 243 242 243 243 242 240 240 241 243 244 243 243 245 239 239 234 234 238 229 230 233 226 224 225 219 213 221 219 225 224 219 219 228 230 224 223 220 222 226 226 229 235 236 235 237 229 230 221 205 209 198 220 220 227 227 228 231 229 215 192 224 237 224 229 230 232 238 228 237 238 237 238 236 234 233 233 229 227
216 227 225 230 235 236 243 240 241 241 242 242 243 243 243 245 243 242 242 241 243 244 243 244 243 244 242 237 236 237 237 235 232 232 232 228 224 225 232 234 231 232 231 232 235 234 230 228 231 234 233 231 231 235 238 242 245 235 235 232 219 198 194 217 223 228 226 241 237 227 213 206 229 251 255 236 231 231 231 235 237 238 238 241 239 238 237 233 228 229
222 231 228 230 237 237 240 239 240 240 242 242 243 242 242 243 243 243 242 241 244 244 242 243 244 246 244 239 237 236 237 234 240 237 236 236 233 233 240 245 240 237 236 236 240 240 238 239 244 243 241 241 241 242 241 242 252 249 244 231 229 210 199 217 223 233 236 240 237 227 206 220 223 249 255 243 232 234 236 227 237 237 240 241 237 236 237 236 233 233
214 221 225 228 234 236 239 243 241 241 242 242 244 243 241 243 244 244 243 242 244 243 243 243 242 244 243 239 237 236 238 236 243 241 241 240 237 236 240 243 242 240 237 238 240 240 240 243 249 247 243 243 243 241 239 239 247 241 236 233 231 211 199 223 227 232 238 237 238 236 209 227 210 252 255 243 237 233 235 237 237 237 239 241 239 240 240 238 238 237
205 213 222 227 234 239 241 242 242 242 243 243 245 244 242 244 244 245 244 243 244 243 243 244 241 243 242 239 238 238 241 240 242 242 241 234 232 236 245 244 241 238 236 236 237 236 236 239 246 244 240 240 240 237 236 238 239 239 239 238 235 214 195 208 224 224 237 241 244 247 215 219 204 251 252 247 245 232 230 234 233 236 240 242 236 236 240 243 241 239
177 196 224 234 235 240 240 240 243 243 245 245 243 243 243 244 245 246 245 244 244 244 244 245 244 244 243 241 240 242 243 244 243 245 246 242 236 241 244 242 239 238 237 236 236 234 234 234 239 235 234 236 238 237 235 236 245 242 239 231 235 210 194 209 224 227 239 242 241 245 223 225 208 246 245 247 243 237 235 232 236 235 237 240 237 239 241 240 241 239
178 203 227 236 236 242 245 240 243 243 244 244 242 242 242 242 244 245 243 243 243 244 244 245 245 244 242 239 238 238 239 239 245 244 244 241 234 231 234 237 230 231 232 231 229 229 231 229 229 226 225 229 235 237 234 232 238 231 231 234 215 204 200 222 230 235 236 240 240 241 222 226 196 243 242 241 238 236 231 228 236 236 241 240 236 235 239 240 239 236
167 206 230 236 236 240 247 244 245 244 244 244 242 242 241 240 242 244 243 243 243 244 243 243 243 242 239 238 237 234 232 231 231 231 238 238 229 224 222 225 222 225 228 225 223 225 227 225 223 221 222 226 232 236 237 234 232 229 225 209 197 203 213 228 229 232 237 243 246 239 211 217 212 255 251 242 238 236 230 237 239 238 241 241 240 239 241 240 239 237
164 212 233 236 241 244 247 243 244 244 244 244 244 242 241 240 241 241 243 243 245 243 243 242 244 243 239 237 236 233 231 231 229 231 234 230 223 220 219 219 222 226 226 224 224 228 229 226 220 220 219 221 226 234 237 238 231 222 215 177 217 203 213 226 229 228 235 243 240 231 203 216 229 255 247 244 236 239 234 234 239 239 242 243 242 241 243 243 242 239
189 212 236 235 236 244 244 246 242 244 239 243 246 241 243 243 242 240 242 244 243 244 242 241 246 237 238 232 224 226 230 230 228 228 229 226 218 226 223 220 222 223 223 225 228 225 224 224 220 224 213 213 223 228 232 233 225 223 214 176 221 201 215 225 232 234 227 236 241 221 213 192 234 249 251 242 236 237 236 229 234 239 242 241 242 241 241 241 241 240
199 223 240 236 241 247 245 244 243 243 239 241 244 242 241 242 242 241 243 245 244 244 241 240 243 239 233 220 228 228 223 233 227 232 221 216 218 216 219 224 227 227 225 224 226 225 222 221 220 221 213 211 215 216 220 224 225 224 210 197 219 197 218 228 229 233 228 236 240 220 211 199 238 243 251 239 229 241 235 232 239 244 244 243 240 238 237 238 240 238
206 232 240 231 241 245 245 243 243 242 242 240 241 242 240 242 244 243 245 246 244 244 240 239 244 239 234 223 225 211 221 222 221 212 203 210 218 209 215 219 228 228 225 225 225 226 226 228 228 225 219 207 204 212 217 221 218 225 217 194 200 210 230 233 231 231 229 233 241 222 207 200 234 250 250 237 237 231 237 233 236 240 240 242 241 240 241 244 241 239
206 235 238 229 241 240 243 243 244 242 245 240 239 243 240 242 243 242 244 246 244 244 240 240 238 233 224 216 216 211 219 217 208 198 207 207 230 214 206 219 229 229 226 226 229 230 232 235 233 232 230 211 203 211 214 214 218 220 210 195 211 229 231 230 229 231 234 232 235 216 202 210 228 249 228 239 228 234 235 239 237 237 239 241 240 242 243 243 243 241
208 235 242 234 246 240 243 239 244 241 245 241 241 244 241 243 242 243 244 245 244 243 240 239 235 232 221 194 198 210 213 209 177 204 199 238 231 227 220 220 230 232 230 230 230 230 232 236 237 236 234 218 204 207 212 218 213 218 210 210 229 229 233 228 226 230 238 236 236 213 197 209 243 239 226 241 224 240 236 236 239 237 239 242 241 243 243 241 238 235
219 232 241 233 246 240 242 240 244 241 243 241 241 242 242 242 241 243 244 244 244 243 239 238 233 198 206 197 214 200 209 172 174 203 224 209 228 235 214 219 229 231 231 231 232 232 235 237 239 238 237 229 215 204 208 215 216 206 210 220 236 228 233 235 229 231 237 237 238 212 195 209 234 227 230 232 234 228 239 239 243 241 241 242 239 239 239 235 235 233
222 226 239 233 245 240 244 243 246 242 241 243 243 242 245 244 241 244 245 244 243 241 238 239 230 202 202 194 201 201 197 166 214 191 229 191 224 230 218 223 227 229 231 234 237 236 238 239 238 239 239 240 233 217 210 206 206 209 229 227 231 236 232 234 233 235 237 232 228 202 195 219 231 235 220 228 238 235 238 238 238 238 240 240 236 239 241 238 236 234
218 217 239 238 248 243 246 244 247 244 239 243 244 241 246 244 242 244 244 243 241 240 238 239 220 202 163 163 167 202 138 199 208 200 255 195 214 219 223 219 229 230 235 238 240 239 239 239 238 241 235 237 243 239 233 221 214 225 229 237 238 235 231 232 235 234 234 231 229 202 194 214 215 217 226 229 233 237 233 238 238 238 242 238 232 236 240 237 230 227
225 222 238 238 244 240 245 240 245 242 238 240 240 244 240 245 244 243 246 244 239 239 236 236 199 189 148 157 167 190 162 219 177 246 241 221 201 208 220 218 222 230 235 236 239 242 240 239 244 244 239 238 240 240 237 232 227 228 230 233 238 238 238 238 239 235 231 231 228 197 181 207 213 222 227 230 232 232 235 238 237 241 240 235 234 237 238 233 229 223
229 232 241 239 242 237 246 241 246 241 242 234 241 239 241 240 243 242 243 243 239 238 235 234 210 167 116 128 159 170 195 179 215 239 251 225 203 225 213 220 222 229 235 236 240 240 240 240 244 246 243 241 240 240 239 236 230 229 230 233 237 236 234 233 232 235 232 229 226 189 169 198 213 226 231 230 234 238 238 239 232 235 234 236 234 232 232 229 227 220
222 233 236 237 244 238 249 246 245 243 240 235 235 239 239 240 243 241 240 239 239 239 236 232 201 161 105 136 153 153 216 168 239 240 239 247 204 220 214 222 222 228 236 238 240 239 240 242 240 242 241 239 236 237 239 239 232 231 230 232 236 237 233 233 232 235 224 228 223 126 175 200 222 232 235 231 234 237 234 235 235 237 234 234 233 233 229 218 223 217
226 231 234 237 243 239 244 239 242 240 237 236 231 239 236 238 240 240 239 239 239 240 239 233 206 146 116 113 169 150 206 172 150 161 152 245 203 213 218 223 222 228 236 239 242 240 237 241 242 242 240 240 240 243 243 240 234 233 231 233 235 236 233 233 233 234 231 225 208 118 185 222 231 233 236 234 235 233 232 233 235 234 233 238 234 229 227 226 217 214
234 231 236 240 241 239 237 237 240 237 241 233 234 235 239 238 237 239 238 240 237 237 238 233 204 126 116 116 184 159 132 147 156 202 148 153 196 216 225 227 224 229 235 240 241 239 239 240 241 240 240 243 245 246 245 240 238 235 235 234 236 233 231 231 230 229 232 221 203 156 198 242 238 232 235 237 234 235 237 236 233 234 232 233 231 232 230 220 221 216
231 228 235 237 236 239 238 240 240 238 241 235 233 235 237 237 235 240 238 238 235 235 237 230 195 140 117 111 193 167 110 100 47 60 68 147 196 209 228 226 227 230 234 235 238 239 239 241 242 243 247 248 248 248 249 244 239 237 236 238 237 234 231 229 233 229 225 225 192 179 220 245 240 236 240 238 232 234 236 233 234 233 234 237 230 224 222 218 215 206
225 233 235 237 235 237 237 239 241 240 239 239 232 237 233 233 234 238 235 236 235 235 238 230 196 140 131 117 195 175 96 78 40 39 36 142 194 197 225 232 227 231 234 236 238 240 241 240 242 241 245 248 245 245 245 242 240 237 238 240 242 236 231 226 235 235 234 229 188 209 235 243 242 239 242 240 234 232 232 230 232 233 232 231 226 226 222 209 196 189
219 236 232 234 237 238 241 238 242 236 240 236 236 234 234 230 232 237 233 236 236 237 241 230 199 150 122 131 202 179 136 118 106 173 127 159 190 214 222 233 230 234 236 238 240 242 241 239 245 242 245 247 245 245 246 242 242 239 239 241 241 233 226 221 232 232 237 225 222 212 233 239 242 239 240 243 238 230 229 235 234 232 229 227 220 217 213 201 194 191
225 230 234 229 233 240 238 242 237 236 235 234 235 236 235 233 233 236 232 237 234 233 241 227 194 167 124 171 210 194 200 87 122 119 148 205 203 216 221 235 233 241 237 237 238 240 237 237 238 245 244 244 247 247 244 242 242 238 237 241 239 236 228 216 230 235 241 232 228 235 236 240 238 239 243 240 234 233 232 229 230 231 228 223 218 210 201 195 189 189
221 227 231 235 238 237 236 232 237 239 237 235 235 235 233 232 230 231 230 235 235 233 233 223 193 172 144 195 219 202 201 90 158 163 221 232 198 218 221 234 236 241 241 233 240 238 242 243 240 243 244 245 247 249 245 242 238 238 239 237 237 237 236 230 212 236 240 237 238 231 232 237 240 238 238 237 237 239 238 231 229 226 222 215 208 202 196 192 187 191
216 224 225 232 237 235 237 235 236 237 236 235 233 234 232 231 231 228 229 230 230 231 228 221 203 186 188 198 219 209 161 177 103 218 235 205 197 217 225 228 234 244 239 241 238 243 240 244 246 245 245 246 245 247 244 238 240 241 241 236 235 238 239 234 233 213 224 236 242 243 237 243 242 240 239 238 239 239 237 231 224 219 217 214 206 201 194 187 188 191
213 226 226 228 232 230 230 234 230 232 232 230 231 230 230 230 229 226 225 226 225 228 227 215 185 187 205 197 219 216 203 170 119 174 203 187 198 213 223 224 233 239 241 239 242 241 241 241 243 242 242 243 244 247 245 240 242 241 240 235 236 238 237 231 234 237 238 238 242 248 250 244 243 243 243 240 233 228 227 223 220 214 208 204 200 196 190 186 193 198
205 217 228 228 230 235 231 233 228 229 228 227 229 229 230 230 225 224 221 226 222 224 227 206 203 191 195 228 224 216 216 157 173 131 178 181 195 211 217 228 235 239 239 236 242 241 241 242 240 242 240 240 242 244 244 243 241 238 236 234 236 236 235 231 233 237 244 248 246 246 246 244 242 241 237 232 224 220 219 217 217 215 208 205 204 199 192 191 200 205
201 209 225 227 225 233 230 224 227 228 226 225 228 228 227 228 225 227 219 222 220 222 227 208 215 172 189 224 227 228 226 212 171 163 165 192 211 223 222 229 235 240 236 241 241 246 240 243 241 243 240 240 240 241 240 240 240 238 236 233 233 231 232 231 227 230 242 240 242 243 234 243 234 227 220 218 217 219 220 218 212 214 210 203 202 194 189 194 203 207
190 201 214 220 222 227 227 224 224 224 223 223 225 225 224 226 226 227 219 218 219 219 225 218 188 185 183 218 227 232 228 225 207 196 170 212 209 220 222 229 235 236 241 238 247 242 242 239 239 239 239 241 240 241 242 239 238 239 236 231 230 228 227 227 229 230 234 242 236 232 235 224 225 217 214 216 218 221 220 218 219 218 207 198 195 190 193 202 209 213
178 200 207 216 223 219 219 221 217 220 220 220 220 221 221 223 220 222 218 215 219 220 220 226 203 182 189 204 222 232 232 227 229 219 206 215 213 224 224 232 237 240 237 239 240 241 237 240 242 239 240 242 238 239 239 232 232 235 233 227 229 230 227 223 228 229 228 221 225 224 213 220 215 216 221 224 225 222 221 220 219 213 202 194 190 189 192 199 210 215
189 201 195 214 207 216 218 212 215 216 211 220 212 215 212 217 218 218 218 214 213 213 219 223 221 178 172 209 217 228 226 230 227 232 212 196 226 228 227 234 238 238 241 239 246 238 238 235 239 239 238 237 237 236 234 233 231 233 231 228 226 224 224 227 225 221 216 215 216 216 218 221 221 226 225 223 226 228 221 215 207 192 186 188 187 193 202 206 213 218
183 202 204 203 209 202 195 209 205 213 202 194 201 202 207 208 204 213 213 209 210 207 208 218 217 197 154 196 190 217 216 226 229 231 224 209 224 228 233 231 231 234 238 240 245 237 237 236 238 238 239 237 233 230 227 227 227 227 229 230 226 223 221 219 216 215 217 221 225 228 231 230 231 233 231 227 224 220 212 205 193 184 182 186 191 199 207 210 214 219
184 194 187 201 204 195 206 198 194 195 198 198 185 187 187 196 185 197 203 208 205 206 197 207 211 206 175 179 192 212 211 226 224 224 223 211 218 222 233 228 235 236 236 237 239 232 232 231 231 233 234 233 231 228 225 224 230 224 225 226 222 222 225 224 227 229 234 238 240 239 237 235 237 232 227 223 217 212 203 192 185 181 182 189 196 201 206 212 218 222
168 182 188 190 175 187 188 194 194 183 182 178 155 155 161 180 175 183 198 208 202 200 201 196 190 204 176 173 195 208 208 215 216 217 215 210 220 224 229 228 226 227 232 235 238 234 234 232 228 227 226 227 228 227 224 222 221 218 218 221 220 220 224 225 232 232 234 236 234 233 233 235 229 224 221 215 204 196 192 187 180 183 186 194 202 206 210 217 219 222
148 162 170 170 171 129 163 174 171 173 165 159 156 131 131 131 171 162 201 195 198 201 196 197 191 200 194 181 189 197 201 207 213 212 206 208 219 223 229 231 227 229 227 229 228 226 228 229 228 225 224 224 224 223 220 219 215 215 213 214 217 216 218 224 223 226 230 233 235 234 231 230 227 217 210 203 195 189 183 177 183 191 196 203 210 213 216 223 222 225
132 149 146 155 158 158 138 148 164 154 158 150 146 123 103 113 131 149 160 186 195 196 202 200 196 188 194 193 180 206 199 205 204 204 206 213 216 220 224 224 221 224 223 227 224 224 222 224 223 222 221 220 218 216 216 217 215 218 215 215 218 216 217 223 228 226 227 229 230 228 222 218 212 207 200 194 185 180 180 181 191 200 205 209 214 215 217 222 222 224
119 139 140 124 132 141 104 133 129 132 120 140 131 97 95 93 103 132 134 172 192 201 202 202 198 193 199 196 195 192 208 202 206 207 209 213 212 217 223 221 220 223 218 222 218 220 220 223 217 217 216 215 215 213 213 215 214 219 220 222 224 222 219 222 227 228 227 225 221 218 211 202 197 192 186 182 183 183 184 188 196 203 208 211 215 218 219 221 220 221
98 108 127 114 135 117 121 110 113 119 111 109 126 101 92 92 78 88 106 129 177 190 197 198 198 196 198 194 201 197 198 202 203 211 210 211 212 217 220 217 219 222 218 223 217 218 217 219 218 214 214 214 213 210 207 207 210 212 214 216 219 221 222 223 223 223 220 212 204 202 199 196 190 190 185 182 184 187 190 197 208 209 209 210 211 215 216 214 220 221
108 105 99 118 117 123 116 112 106 103 108 91 91 107 95 94 82 74 83 90 127 169 195 201 204 200 202 205 200 195 200 202 200 207 211 212 216 218 216 216 215 216 213 213 213 212 213 215 207 213 208 211 208 203 208 207 206 209 211 219 210 216 213 219 217 216 213 206 197 192 191 192 186 189 187 189 191 196 207 204 210 209 212 214 215 207 211 216 215 217
98 98 92 101 88 110 84 91 125 92 108 100 89 96 106 89 87 89 58 90 87 111 170 194 196 198 201 195 198 204 200 202 208 206 207 210 209 210 217 212 212 210 210 210 208 206 208 208 205 202 204 204 202 204 207 207 208 209 206 204 209 212 211 213 209 208 205 202 196 192 186 185 185 179 188 196 204 205 204 209 213 208 209 209 211 207 207 206 206 196
88 89 102 94 77 97 93 99 96 105 81 94 85 92 91 99 91 79 76 74 77 80 111 165 194 189 193 196 199 202 200 200 201 203 203 203 212 212 206 209 208 205 208 207 203 200 200 197 202 197 204 202 198 204 206 206 210 206 208 204 210 207 211 203 205 202 197 193 189 187 185 184 191 192 198 198 201 200 195 201 204 201 206 203 199 198 200 186 213 242
73 74 91 97 87 70 74 84 98 109 103 96 108 106 89 87 94 99 82 82 66 74 73 96 129 171 184 189 194 192 198 199 199 197 206 202 202 208 204 208 205 202 202 201 199 202 204 203 199 196 203 200 195 198 199 203 201 207 206 199 207 200 202 202 193 188 183 182 182 184 185 186 184 189 183 182 188 188 190 191 189 189 191 189 184 168 189 231 235 230
57 96 84 85 78 80 68 80 83 92 88 98 79 90 95 91 94 99 90 77 81 68 62 68 80 100 122 151 166 168 179 188 188 192 199 199 202 207 207 202 202 202 201 201 202 203 201 200 198 199 196 196 194 196 202 207 204 195 193 194 190 190 190 185 178 178 180 189 200 216 230 238 241 245 242 242 230 197 176 168 159 154 162 179 204 220 229 227 223 225
64 71 70 67 100 77 65 76 73 69 76 83 77 79 68 80 79 81 93 94 81 68 72 60 67 75 86 91 111 127 128 144 142 165 169 179 191 191 200 199 195 196 194 195 197 198 197 199 195 196 194 194 195 194 195 195 197 193 190 181 181 196 218 244 244 242 241 239 238 238 238 237 239 236 237 236 235 227 207 201 203 209 213 213 219 218 217 216 213 213
56 63 61 62 84 81 70 77 85 78 72 75 80 71 70 75 78 94 103 99 82 85 77 61 63 65 77 71 75 93 92 99 108 115 123 139 148 159 177 177 185 189 189 187 184 183 182 182 183 179 181 182 185 191 194 196 191 197 242 246 241 239 238 241 237 235 236 236 236 236 236 236 232 233 236 231 232 236 229 225 208 200 200 203 207 204 208 205 213 210
68 78 69 57 83 81 82 91 62 69 71 66 64 61 66 74 83 78 77 87 79 85 77 78 75 63 66 73 80 76 71 83 86 87 99 104 117 129 131 147 151 150 151 147 141 141 147 148 147 146 172 184 194 213 218 223 203 200 242 234 238 236 237 236 237 237 237 237 236 235 234 232 233 235 231 235 232 229 233 230 230 230 215 197 200 200 200 203 202 208
68 72 77 65 51 74 81 88 79 79 70 72 75 86 84 91 95 89 83 91 85 92 92 86 87 82 82 80 79 85 94 102 92 82 81 89 94 106 110 117 121 121 129 127 126 147 169 174 200 210 208 211 211 221 219 228 213 183 247 238 236 235 235 236 237 237 237 238 237 236 236 236 236 236 235 235 235 235 234 234 233 231 231 229 111 181 198 198 200 206
65 62 75 78 65 75 71 75 80 85 75 68 69 86 82 81 86 85 74 81 77 82 79 79 84 84 89 89 88 90 83 79 92 89 92 103 108 122 134 142 171 195 213 213 213 212 210 213 205 174 215 232 223 220 215 222 222 189 223 239 238 234 235 233 237 239 237 238 237 237 236 236 236 236 237 236 236 236 236 235 234 234 231 227 141 41 61 162 192 197
