219 219 220 220 220 220 220 220 220 219 221 221 221 221 221 221 220 220 220 221 221 221 221 221 220 220 221 221 221 221 221 221 222 222 222 221 221 222 224 223 226 226 225 225 223 222 222 222 222 222 222 222 223 223 225 225 226 225 223 223 224 224 226 225 224 222 222 222 223 223 223 222 224 223 223 223 223 223 223 223 223 223 223 223 223 223 223 223 223 223
219 219 220 220 219 220 220 220 220 220 221 221 220 220 221 220 220 220 221 221 221 221 221 221 220 221 221 221 221 221 221 221 221 221 221 220 220 221 221 222 222 224 222 223 222 221 222 222 222 222 222 222 223 223 223 224 224 222 222 222 223 223 224 224 223 223 223 223 223 223 223 223 224 224 223 223 223 223 223 223 223 223 223 223 223 223 223 223 223 223
219 219 218 218 218 218 219 219 219 219 220 221 220 220 221 220 219 220 220 220 220 220 220 220 220 220 220 220 220 220 220 220 220 220 220 218 218 218 219 220 220 219 221 221 221 220 221 221 222 222 222 222 222 223 223 222 222 220 220 219 220 220 222 223 224 223 223 223 224 224 224 224 224 224 224 224 223 223 223 223 223 223 223 223 223 223 223 223 223 223
219 219 219 219 218 219 219 219 219 219 219 220 219 219 220 219 220 220 220 220 220 220 220 220 220 220 220 220 220 220 220 220 221 220 220 218 218 218 219 219 218 220 220 222 222 221 221 222 222 222 222 222 222 223 222 222 220 220 220 219 220 220 222 223 224 224 223 224 224 224 224 224 224 224 224 224 224 224 224 224 223 223 223 223 223 223 223 222 223 223
219 219 220 220 220 220 220 220 219 219 219 220 219 219 220 219 221 221 221 221 221 221 221 221 221 221 221 221 221 221 221 222 223 221 221 221 221 220 221 221 221 221 222 223 223 222 224 223 222 221 221 221 221 222 222 222 222 222 224 223 223 223 223 224 223 223 223 224 224 224 224 224 224 224 224 224 224 224 224 224 224 223 223 223 223 223 223 222 223 223
219 219 220 220 220 220 220 220 221 220 220 220 219 220 220 220 221 221 221 221 221 221 221 221 221 221 222 221 221 222 223 223 223 222 222 222 222 221 221 221 222 221 222 224 225 224 224 223 222 221 221 221 221 222 222 223 223 224 226 226 224 223 223 223 223 223 224 224 224 224 224 224 224 224 224 224 224 224 224 224 224 224 224 224 224 223 223 223 223 223
222 222 223 223 223 221 222 222 222 222 222 221 221 221 222 221 222 222 222 222 222 222 222 222 222 222 222 222 222 224 225 223 222 221 222 225 225 222 221 222 221 222 223 223 223 223 222 222 222 223 223 222 222 222 222 223 226 227 229 227 224 223 220 220 222 223 224 224 224 224 224 225 224 224 224 224 224 224 224 224 224 224 224 224 224 224 223 223 224 224
220 220 220 220 221 221 222 222 222 221 222 222 220 220 221 221 221 221 221 222 222 222 222 222 222 222 222 222 222 223 223 223 221 220 222 225 226 224 222 221 222 221 223 223 223 222 221 221 222 222 223 223 222 222 221 222 224 225 226 227 225 223 218 218 222 224 224 225 224 224 224 225 224 224 224 224 224 224 224 224 224 224 224 224 224 224 224 223 224 224
223 218 221 221 225 219 222 220 223 220 221 221 221 221 220 223 221 220 222 220 221 222 221 222 222 219 222 222 217 225 222 223 218 221 223 225 229 225 225 222 221 223 226 220 222 219 218 219 220 219 224 221 221 222 219 219 222 224 222 226 224 222 221 219 223 224 224 224 224 224 224 224 225 225 224 224 224 224 224 224 224 224 224 224 224 224 223 223 224 224
215 222 219 220 217 219 220 223 218 223 217 222 222 216 223 217 221 221 217 224 219 222 222 220 223 220 223 219 224 220 224 219 220 220 229 237 227 233 231 233 236 232 233 237 230 228 222 220 218 224 231 223 233 226 222 222 218 217 226 227 224 221 224 223 224 224 224 224 224 224 224 224 225 225 224 224 224 224 224 224 224 224 224 224 224 224 224 223 224 224
219 219 220 217 219 224 217 218 218 221 221 219 219 221 223 220 219 219 221 220 223 220 218 223 219 225 217 224 218 219 219 221 222 202 162 169 175 190 188 198 203 183 186 184 184 191 218 230 232 234 228 225 231 232 231 222 223 220 222 219 233 227 224 226 224 224 224 224 224 224 224 224 225 225 224 224 224 224 224 224 224 224 224 224 224 224 224 224 224 224
219 215 217 219 216 218 222 220 213 215 221 221 220 220 217 221 222 223 219 223 222 219 223 221 222 222 220 223 219 218 223 225 229 147 167 164 161 170 180 179 178 168 170 192 192 200 198 196 194 195 193 185 174 171 224 226 225 223 219 226 222 227 227 225 223 223 224 224 224 224 224 224 225 224 224 224 224 224 224 224 224 224 224 224 224 224 224 224 224 224
216 219 221 212 220 219 213 218 221 223 221 220 191 141 113 97 104 118 118 151 113 107 150 189 222 219 219 222 220 224 220 224 212 136 164 193 195 200 203 199 192 199 208 216 219 212 214 215 214 207 214 187 169 198 183 162 161 214 231 231 225 225 221 221 223 223 224 224 224 224 224 224 224 225 224 224 224 224 224 224 224 224 224 224 224 224 224 224 224 224
219 220 219 208 226 173 105 123 68 78 75 69 59 55 57 53 64 68 68 87 75 75 62 64 67 99 135 138 197 190 198 228 219 115 138 164 163 158 156 179 188 206 208 224 220 220 208 209 215 213 213 198 192 203 193 185 173 173 183 229 229 228 218 221 222 224 224 224 224 224 224 224 225 225 225 225 225 225 225 224 224 224 225 225 225 224 224 224 224 225
223 226 135 98 52 50 41 51 50 46 58 68 69 66 67 85 96 93 101 90 95 97 88 94 89 82 88 75 78 74 89 94 122 127 88 103 107 112 123 110 147 176 199 216 207 204 208 209 215 214 209 202 178 209 203 207 201 202 190 174 224 232 220 219 223 224 224 224 224 224 224 224 225 225 225 225 225 225 225 225 225 225 225 225 225 225 224 224 225 225
202 63 109 47 47 53 47 48 55 64 78 102 109 99 104 107 105 98 105 114 114 107 115 100 110 105 113 116 98 105 134 139 146 142 157 170 157 160 157 153 151 165 173 186 170 183 201 208 202 201 208 191 146 193 202 201 212 213 206 192 172 230 225 219 224 225 224 224 224 224 224 224 225 225 225 225 225 225 225 225 225 225 225 225 225 225 225 224 224 224
77 64 67 51 53 50 61 103 115 123 128 137 140 138 142 143 143 144 147 156 156 153 150 153 143 105 70 87 98 136 131 146 150 162 158 166 166 174 175 175 171 177 178 177 184 184 181 185 189 189 196 188 138 161 193 197 214 215 213 200 184 188 228 223 227 226 223 225 226 224 223 224 225 224 224 224 223 229 223 226 225 225 225 224 223 223 224 225 225 227
63 60 65 103 128 150 148 151 158 158 158 158 157 156 161 164 160 161 161 163 160 161 159 157 58 45 76 119 145 153 167 172 171 167 170 163 170 176 177 180 186 185 182 181 182 182 183 185 180 184 185 188 179 185 185 192 211 221 218 206 187 178 231 228 225 229 229 225 224 224 224 224 221 228 224 227 227 223 224 225 225 225 225 224 224 224 225 226 225 227
86 144 146 161 149 153 162 165 162 165 171 170 168 170 167 168 170 167 168 168 167 177 159 113 60 66 102 125 154 171 175 175 173 174 166 170 168 175 180 184 183 183 188 192 193 193 194 195 195 196 191 190 190 185 182 191 189 182 183 184 172 231 234 229 228 223 223 223 224 223 223 227 227 225 225 226 224 224 232 226 226 226 225 226 226 226 226 226 226 226
156 154 155 160 165 170 167 170 168 169 176 174 175 178 175 174 178 177 172 173 179 172 139 87 62 51 101 169 182 182 179 175 172 168 165 135 144 153 158 171 176 183 192 198 197 197 198 197 200 195 195 191 196 196 197 192 190 186 192 183 177 174 157 168 219 231 235 226 226 231 231 221 227 224 226 223 231 225 220 226 225 225 225 225 227 227 226 226 226 225
160 159 160 160 172 172 176 172 180 181 186 182 182 185 183 183 180 183 185 180 173 166 141 75 96 58 114 177 196 191 182 172 160 162 141 105 134 140 159 162 172 182 189 192 195 199 200 203 201 208 211 201 205 200 203 202 203 206 195 198 185 181 177 174 176 174 163 162 185 217 232 227 224 223 227 222 222 227 226 226 225 224 225 225 227 229 226 225 225 225
166 173 171 168 174 178 175 187 183 185 190 188 189 191 187 187 186 190 187 185 189 173 142 79 105 80 120 182 203 196 185 166 144 145 86 110 121 140 154 174 171 180 187 191 198 205 207 208 211 213 213 206 208 205 209 211 209 207 207 197 196 193 189 189 187 186 183 178 172 164 161 161 215 231 227 226 225 225 224 223 222 224 225 225 226 226 226 224 224 224
172 172 167 179 175 179 184 185 191 194 193 192 191 189 192 192 190 191 193 189 185 180 155 68 99 92 104 197 200 194 186 140 141 100 101 117 165 157 161 176 179 185 194 202 204 207 210 211 219 214 215 214 213 214 217 214 216 210 209 205 202 194 199 188 189 193 194 192 190 188 182 178 175 159 171 225 232 229 223 226 224 224 226 226 226 226 226 225 224 222
175 177 179 179 179 185 180 191 188 192 189 192 189 187 192 192 196 197 199 196 197 191 159 59 88 80 109 199 202 202 170 163 134 111 150 160 174 163 156 174 187 190 201 208 204 204 211 216 210 218 218 215 217 219 219 222 215 219 209 208 211 210 209 205 193 188 190 194 200 198 194 190 188 189 179 172 165 215 231 227 226 226 226 226 226 225 225 224 224 222
178 176 179 181 185 190 189 192 195 193 190 192 195 195 194 196 194 201 199 197 199 192 161 71 68 94 110 199 205 196 165 164 88 160 184 179 180 168 164 186 186 210 202 207 204 209 208 214 217 220 218 220 220 220 225 224 226 220 217 217 216 219 221 218 207 201 201 193 190 196 195 194 195 192 191 186 182 166 146 234 234 228 228 226 224 225 223 227 223 222
180 178 181 181 183 188 190 194 197 196 194 193 196 198 200 203 202 205 201 208 205 196 157 80 74 96 127 196 203 202 176 156 100 188 176 183 192 195 167 178 191 205 198 205 203 209 212 214 216 219 217 220 221 223 228 228 225 229 224 221 222 214 207 207 203 197 197 195 199 202 196 185 193 196 195 193 185 180 173 156 174 230 228 230 227 226 226 219 225 223
175 177 182 187 192 197 197 199 200 201 200 199 202 205 208 211 209 208 208 212 211 199 156 70 93 84 127 193 197 200 191 165 117 109 81 84 169 203 170 191 199 207 201 210 210 215 216 214 219 218 219 221 225 225 231 233 233 226 226 225 216 213 217 213 212 217 217 215 209 200 202 198 197 198 194 191 192 186 179 157 145 140 233 230 227 224 223 225 224 224
185 185 186 189 193 197 198 199 202 205 205 205 208 211 213 214 214 214 224 213 216 208 189 88 96 91 132 189 192 197 198 175 73 87 66 82 77 180 177 193 207 213 203 209 213 217 216 218 217 218 219 223 226 226 230 232 231 225 217 215 218 220 222 225 218 214 214 214 222 216 212 206 204 193 195 190 188 189 173 163 151 140 132 179 229 234 223 226 225 227
184 187 190 194 196 200 204 206 206 209 210 210 212 215 216 215 214 217 224 216 223 218 210 116 97 102 130 187 192 189 193 192 95 52 229 15 91 101 181 198 198 203 200 208 213 213 213 213 215 215 216 222 225 225 226 224 224 217 212 213 217 216 212 210 206 210 205 221 221 216 213 218 215 205 194 196 187 194 185 178 161 151 147 137 199 233 228 228 225 225
182 190 196 199 200 200 205 208 213 214 213 213 215 217 218 218 217 223 220 224 223 218 220 171 110 93 109 176 181 185 195 200 99 22 62 16 86 104 187 197 208 205 207 211 209 210 215 214 211 215 217 223 225 224 222 218 213 204 209 217 217 216 211 201 201 198 191 204 216 223 217 221 213 210 194 197 189 187 171 175 167 156 143 158 138 160 237 229 230 224
191 197 197 201 201 202 210 213 215 215 215 215 216 217 219 222 223 224 222 230 230 224 219 196 121 93 116 182 179 180 187 188 93 61 221 34 106 104 194 190 196 195 204 208 207 208 216 215 211 217 220 222 224 222 218 210 209 214 216 217 217 208 199 200 195 190 135 199 208 213 218 221 218 210 208 203 195 201 182 168 166 168 168 146 145 139 206 233 223 228
196 199 200 205 208 208 213 212 213 215 217 217 218 217 219 224 224 219 230 230 232 230 228 212 178 118 116 172 181 172 171 192 146 112 112 114 84 187 204 184 197 199 205 204 205 203 208 211 210 217 221 221 221 220 215 207 208 209 217 217 207 199 199 202 194 186 179 171 196 203 211 212 214 208 208 203 202 201 189 165 181 177 162 171 155 149 136 149 195 221
198 202 205 210 210 210 217 214 213 219 220 220 221 222 225 221 224 223 229 228 230 229 223 223 211 169 127 164 182 178 167 186 187 188 118 136 215 181 197 191 186 196 196 193 199 205 206 206 206 208 214 219 218 212 210 212 208 211 209 209 205 200 197 205 204 194 191 153 167 196 193 195 203 211 211 206 204 205 201 190 199 193 188 180 168 141 154 128 149 158
205 208 209 212 210 211 217 215 220 223 224 224 223 223 226 224 228 227 232 232 231 232 227 227 217 210 162 156 182 178 171 189 191 166 213 212 214 171 184 192 187 193 194 191 195 198 200 205 199 205 213 211 206 201 203 206 203 200 202 204 199 202 205 204 200 199 195 165 134 171 188 191 194 200 206 208 212 209 206 205 205 207 195 195 187 152 158 154 148 161
204 207 209 213 213 217 221 221 221 221 220 221 223 224 227 228 230 229 233 233 231 232 229 225 224 218 194 184 183 183 177 160 175 185 164 193 223 158 192 187 188 183 178 183 197 198 193 192 197 202 202 192 181 179 186 193 201 197 206 210 201 202 201 207 206 202 204 176 143 152 170 192 194 199 206 209 213 211 206 209 209 205 203 203 197 181 174 174 160 155
208 209 210 214 214 217 220 221 222 220 218 221 223 224 228 229 228 230 233 234 235 234 233 229 221 223 214 211 185 183 178 172 165 187 182 198 168 166 194 181 173 173 175 179 185 185 183 186 191 194 194 184 178 181 186 190 201 196 167 193 203 198 205 204 204 206 204 184 157 158 150 193 195 199 210 214 216 216 211 213 212 213 204 208 196 182 177 173 150 150
209 210 212 215 217 219 220 223 225 223 221 224 224 224 227 228 231 233 233 233 233 235 235 232 228 229 223 224 205 193 177 170 169 168 192 188 175 178 190 171 165 167 169 174 182 186 187 188 184 186 184 178 176 182 189 191 190 188 166 191 198 200 198 211 213 212 213 186 165 179 169 175 200 201 211 217 218 218 213 210 215 217 211 202 199 207 183 180 161 155
214 215 217 216 219 221 220 223 224 223 222 225 226 226 229 229 232 233 231 231 231 234 237 234 232 225 229 223 215 204 193 173 164 163 160 162 175 178 169 162 159 167 177 183 188 191 187 184 188 188 187 182 183 188 194 198 195 187 183 171 185 168 199 207 213 217 224 189 168 181 189 166 201 201 207 219 225 221 219 217 215 218 212 217 210 208 204 203 192 169
213 214 218 220 223 225 221 226 221 222 221 225 228 229 230 232 228 233 234 235 237 239 243 239 235 235 235 224 225 215 204 191 179 165 161 159 165 159 162 173 177 180 185 186 186 188 188 188 189 192 194 197 200 204 207 210 215 208 199 189 167 172 191 215 219 229 222 203 173 202 199 182 205 213 210 219 229 225 223 219 220 216 220 220 212 216 212 206 200 186
218 218 221 219 222 224 218 222 223 226 225 227 229 230 231 230 229 235 235 237 236 235 235 229 235 231 229 229 224 223 214 209 202 194 188 187 185 181 184 181 189 189 193 196 199 200 201 200 202 199 200 203 208 212 214 216 227 235 223 223 189 179 196 216 222 229 227 200 175 215 211 197 197 213 205 212 227 225 225 219 214 221 218 219 222 220 219 218 213 189
219 217 218 223 225 223 220 221 229 226 227 226 229 233 231 230 231 234 232 232 235 235 235 238 236 233 233 231 226 228 230 224 216 215 210 207 207 200 199 207 212 206 210 210 207 211 215 218 217 216 214 215 217 218 223 228 242 241 231 224 220 186 192 214 226 231 233 204 190 204 221 205 197 219 209 218 229 225 217 219 224 221 221 226 222 218 221 220 215 204
217 217 219 223 225 225 223 224 225 224 227 228 231 234 231 230 233 231 229 230 232 234 235 238 234 232 235 235 230 230 233 233 230 228 220 219 221 215 212 221 218 212 215 216 217 224 226 227 228 223 221 224 227 226 230 232 239 236 224 230 219 211 189 212 227 239 233 209 189 213 223 219 198 216 210 219 226 225 220 222 220 222 223 226 226 223 223 220 222 213
218 219 221 223 224 226 227 227 231 229 230 228 229 233 232 233 231 233 232 233 234 235 236 237 232 235 236 232 229 234 237 235 232 228 220 219 222 220 220 226 226 221 220 218 218 225 230 230 233 232 227 229 234 231 230 237 240 235 220 220 219 210 194 203 225 232 235 202 188 210 224 227 204 212 208 221 227 229 224 225 227 231 229 227 227 226 224 222 221 214
220 223 224 223 221 224 225 226 228 228 232 232 232 234 231 232 231 236 237 235 236 238 238 235 239 236 234 233 234 233 234 237 236 227 220 220 222 223 224 224 222 221 222 222 218 220 223 225 230 230 228 228 228 227 229 235 238 233 221 218 216 205 192 200 219 234 233 204 184 214 217 234 214 216 209 222 230 235 229 228 232 235 231 231 229 226 226 223 221 215
220 223 224 222 220 223 225 226 224 225 230 231 231 233 230 231 233 234 236 237 237 239 239 237 237 238 235 230 231 238 238 232 237 224 218 218 216 218 219 215 218 216 216 217 215 213 221 227 222 219 222 222 217 220 228 226 235 231 235 226 216 204 186 202 222 221 234 210 175 210 220 228 211 217 207 219 230 233 228 230 230 230 232 236 232 226 226 222 219 215
219 221 222 222 223 224 226 228 227 227 229 228 227 230 228 229 234 231 232 237 237 236 237 240 235 233 231 233 232 230 231 231 226 215 211 212 209 213 216 210 212 210 211 215 214 212 214 215 216 219 217 215 220 223 224 228 239 234 233 217 203 185 182 199 221 226 231 195 185 204 205 226 203 218 206 218 228 228 227 233 232 230 231 235 229 224 225 221 221 217
221 220 220 221 223 225 226 227 227 227 230 230 230 231 226 225 233 232 233 238 238 238 239 238 235 233 235 232 226 226 224 215 203 197 196 197 199 204 208 206 208 210 207 208 208 207 208 206 204 208 206 207 216 212 211 221 219 218 199 196 189 187 201 217 227 234 228 200 194 213 205 228 200 220 210 224 232 229 232 236 234 235 234 235 230 225 223 220 218 215
222 220 219 221 222 223 223 224 225 223 225 225 226 230 229 229 232 234 238 237 237 242 242 234 236 228 227 226 220 215 208 197 188 188 185 186 190 193 195 199 202 208 206 205 205 206 207 202 203 197 205 214 206 204 209 213 209 196 197 176 194 188 210 220 234 232 233 202 207 217 216 230 198 219 207 223 230 227 232 232 231 238 236 235 234 229 226 222 215 212
216 219 223 221 224 220 221 220 224 229 227 231 229 231 233 231 234 234 233 246 237 252 240 233 221 223 224 221 214 201 201 188 192 183 186 194 185 185 193 193 194 199 203 205 201 203 204 203 203 202 206 203 199 205 206 208 204 199 176 205 196 209 218 231 231 233 222 200 202 218 216 223 208 223 213 226 225 228 231 232 227 233 235 236 230 230 223 221 217 212
213 219 222 219 223 220 221 223 227 231 225 227 225 228 231 231 231 232 237 235 243 234 234 222 213 207 201 208 199 199 203 192 192 207 207 196 197 191 191 201 204 201 208 215 208 204 206 206 208 203 198 198 199 196 193 205 205 203 194 196 204 215 230 227 234 232 225 201 197 211 221 218 216 223 216 227 226 230 231 231 233 235 234 235 232 229 219 224 217 212
212 219 220 217 224 222 221 226 226 229 226 228 225 227 229 229 233 236 233 234 241 237 231 223 195 181 194 208 196 200 196 201 200 210 230 219 215 192 196 199 207 207 215 224 219 212 211 213 206 208 200 193 204 208 201 205 211 197 179 197 205 217 227 224 223 232 232 197 189 216 231 212 226 224 220 231 229 232 230 230 235 235 233 234 230 231 225 226 220 217
214 218 220 219 224 223 222 226 224 227 226 229 226 228 229 231 234 235 239 237 236 230 222 207 159 167 187 201 202 204 204 206 204 215 229 230 231 213 200 197 202 213 219 224 226 221 215 218 212 207 204 200 202 208 211 218 217 203 180 219 215 220 221 224 234 233 229 200 197 221 218 205 232 222 223 234 232 234 229 230 231 232 234 232 226 233 231 225 215 212
218 216 220 221 225 223 226 224 227 227 225 227 225 229 231 234 235 236 240 238 233 219 198 156 155 140 190 202 202 210 210 202 204 227 229 226 222 230 212 210 200 215 221 223 227 224 220 222 228 219 211 201 195 202 208 211 216 208 206 223 219 216 221 228 231 232 219 186 184 210 206 223 230 222 228 236 233 233 230 231 227 232 235 231 227 231 225 222 217 208
219 216 220 222 224 223 226 223 226 225 225 228 226 230 229 233 234 238 233 239 231 214 198 149 132 155 199 200 212 206 201 187 202 210 195 172 212 224 214 215 207 213 222 227 227 225 227 226 232 236 228 207 196 201 203 207 205 199 217 221 223 218 214 224 219 228 219 185 187 204 199 221 225 222 230 236 233 232 229 229 225 232 231 229 229 223 211 217 213 199
218 217 220 221 225 223 226 226 225 224 225 229 228 231 226 231 235 234 236 232 235 204 169 118 108 151 206 203 211 200 184 190 195 186 190 162 218 219 222 206 217 215 221 229 229 229 232 230 234 237 239 234 226 210 195 198 216 209 217 225 227 227 218 225 219 220 219 189 193 192 205 226 221 225 233 235 234 229 229 228 226 229 229 228 226 221 207 210 210 200
218 218 219 221 227 224 227 230 227 224 224 227 226 232 228 234 236 236 233 233 221 204 131 101 102 161 206 203 205 196 185 192 183 209 219 175 206 209 216 220 221 222 223 228 232 233 233 235 233 238 244 240 233 226 220 223 219 230 225 229 225 220 220 216 218 214 210 174 183 186 218 217 219 226 234 234 233 228 230 226 226 223 226 228 219 220 211 205 192 188
218 220 223 222 226 225 229 230 227 227 224 226 230 231 229 230 232 236 234 238 221 205 112 85 111 165 203 204 208 169 200 196 184 220 225 190 200 207 211 221 225 225 227 230 231 236 237 238 235 237 241 244 240 234 231 232 230 230 232 236 231 221 217 218 214 219 200 151 181 197 221 222 223 228 233 231 228 228 226 226 224 222 221 221 217 209 208 188 178 172
217 218 224 225 228 225 226 225 227 227 225 225 228 229 228 229 234 231 230 235 220 202 119 76 113 179 199 211 209 180 194 158 222 222 229 198 197 198 211 223 226 227 229 231 230 233 235 237 235 236 239 241 239 238 235 233 234 235 235 233 227 222 219 220 209 213 184 144 180 213 222 219 216 221 226 227 226 225 223 223 224 220 222 219 211 199 193 193 186 174
214 216 222 224 229 224 223 222 226 226 225 225 225 226 226 228 228 234 230 231 210 193 114 74 109 177 205 208 210 188 192 166 200 204 220 230 198 196 207 223 224 227 231 232 228 229 233 237 237 237 238 240 240 239 235 234 237 237 235 231 229 224 218 211 209 205 171 159 205 221 220 227 225 225 225 225 225 225 226 226 224 223 218 224 205 210 196 190 186 164
214 215 219 222 227 223 223 223 226 226 226 226 225 224 225 227 225 229 216 226 220 207 113 71 100 179 209 216 216 182 163 108 85 108 105 220 198 200 211 219 226 225 224 226 229 231 233 232 240 238 240 241 241 239 234 231 235 238 237 230 225 221 218 214 211 204 143 177 222 224 229 224 228 226 224 225 226 225 225 225 222 227 215 213 219 205 187 166 183 162
215 215 218 220 226 223 224 224 226 225 225 226 226 224 225 226 226 227 218 222 209 181 122 91 92 189 213 215 220 187 124 89 229 44 122 129 197 208 209 217 223 224 225 228 226 227 234 236 237 239 240 241 242 241 236 233 232 232 234 236 235 230 222 218 210 202 133 212 220 227 228 223 222 222 223 227 229 226 222 223 222 215 204 205 192 184 188 190 159 150
215 216 219 220 225 223 224 223 226 224 225 225 223 224 224 224 224 223 229 221 210 189 159 83 85 183 216 219 215 176 114 34 63 16 87 88 177 204 215 210 225 226 225 228 228 228 236 237 234 237 240 242 242 242 239 237 230 230 232 236 235 231 229 231 209 167 181 217 223 223 223 222 224 225 225 226 227 223 220 219 217 202 193 177 188 178 175 172 166 153
213 216 219 218 222 222 224 222 225 224 223 224 221 222 223 223 220 224 220 217 226 192 137 87 108 165 219 218 220 180 108 45 197 15 67 96 183 211 219 214 226 230 229 232 229 225 236 238 234 237 240 241 240 243 242 240 233 230 228 231 234 233 233 232 228 223 202 210 223 228 223 231 227 226 224 220 217 214 213 214 204 199 196 187 174 173 167 163 149 142
210 214 217 215 220 221 224 222 225 223 223 224 221 220 221 221 221 218 220 214 201 194 133 90 108 150 212 218 218 182 104 82 101 57 86 127 163 216 214 217 230 231 228 232 233 230 235 234 237 240 241 241 239 240 240 238 239 236 230 228 230 232 235 236 233 228 222 232 227 233 230 231 222 223 221 217 214 212 211 211 207 196 177 178 169 163 164 163 160 142
210 214 215 216 217 219 220 220 221 220 223 222 222 223 221 221 218 221 218 217 215 177 155 111 68 132 208 212 215 183 145 61 62 76 95 203 183 212 217 213 228 233 232 230 233 234 233 234 238 238 241 243 241 241 241 239 240 237 233 229 227 227 230 230 230 236 233 233 231 229 229 228 224 219 217 207 215 211 207 193 191 192 188 182 162 168 152 135 139 140
209 212 213 216 217 218 219 219 220 220 223 222 221 223 221 220 215 216 222 207 203 182 119 125 99 143 212 218 219 184 170 86 145 163 195 188 186 209 207 216 229 232 232 230 232 233 231 233 232 235 238 238 239 239 240 239 237 236 235 234 230 229 228 226 222 227 229 226 227 228 232 221 217 211 212 207 208 199 204 194 187 176 183 164 157 160 157 154 154 153
204 206 209 213 215 216 216 218 220 220 221 220 218 221 219 219 218 217 211 206 192 163 146 125 100 152 217 213 213 187 170 112 162 183 197 182 189 204 208 217 222 224 229 231 233 233 232 234 236 237 237 238 237 237 237 234 234 236 235 235 233 233 232 230 227 226 223 228 226 224 222 218 215 206 212 209 213 199 188 190 186 185 184 172 167 158 145 140 143 157
203 204 207 212 214 216 217 220 218 218 219 218 217 217 217 215 215 208 214 205 185 162 127 107 125 132 205 208 215 196 173 168 83 142 171 175 195 205 203 223 225 222 227 230 230 231 236 239 238 238 237 237 234 234 232 230 232 231 232 231 231 231 231 229 225 221 219 223 223 214 210 214 210 211 211 209 205 200 202 185 183 190 176 165 157 163 135 138 160 173
202 204 205 208 209 211 213 217 214 214 215 215 214 214 212 212 208 209 210 201 179 154 156 102 99 115 205 211 207 205 154 177 149 111 182 182 200 206 208 219 224 222 226 229 228 228 231 232 234 234 233 234 232 233 231 230 230 228 229 228 226 226 224 221 218 216 219 209 209 204 207 203 205 208 215 210 209 205 197 200 193 184 165 163 164 148 151 160 166 168
200 203 205 204 205 207 209 210 211 211 214 212 211 212 209 208 204 207 202 206 194 167 114 131 99 106 150 188 206 206 193 168 171 113 169 177 190 200 210 219 223 222 223 225 226 227 230 233 232 232 231 232 232 233 230 228 228 225 225 223 221 220 221 219 216 211 211 209 198 205 207 207 215 216 215 214 207 200 198 181 176 161 153 173 155 146 151 168 176 170
202 205 206 205 207 208 209 208 208 207 210 209 209 210 206 204 203 201 198 195 196 193 143 116 131 91 149 186 207 203 207 166 174 159 156 183 191 206 208 214 217 222 224 226 231 232 231 232 232 232 231 232 230 231 229 226 226 223 220 217 217 217 218 217 212 206 203 203 205 211 214 221 216 214 215 211 202 193 185 191 183 157 170 147 147 152 147 146 178 168
197 200 201 201 204 208 208 203 203 201 204 204 204 204 200 197 197 193 187 194 191 189 170 128 143 118 124 182 199 205 204 204 197 183 172 184 186 200 202 210 214 218 221 221 227 227 225 227 226 226 225 227 227 228 227 223 221 220 218 217 214 211 209 206 206 205 211 179 214 206 219 216 219 212 206 207 202 197 187 176 164 170 150 157 141 149 169 181 161 166
194 197 192 197 201 197 202 203 200 200 196 199 200 196 196 191 191 186 182 180 183 185 175 154 101 125 100 174 191 199 206 205 198 194 182 180 194 204 205 211 211 213 219 221 221 225 228 224 224 222 224 227 226 226 227 224 220 220 219 216 214 213 212 211 212 213 208 214 214 220 214 214 212 209 202 195 195 192 180 171 162 162 159 138 154 154 171 185 190 195
186 186 188 189 191 191 192 196 193 193 191 194 194 193 194 192 187 182 178 176 175 177 172 160 136 113 91 120 175 176 205 199 202 201 193 189 196 205 209 210 210 210 215 218 220 222 222 219 223 220 220 222 219 219 219 216 216 215 214 214 215 216 217 217 219 219 222 218 220 218 216 207 208 196 194 195 185 177 175 169 155 143 142 143 156 173 176 191 200 201
178 179 179 180 178 181 188 186 190 190 193 190 187 187 184 185 182 181 181 178 172 169 168 164 150 126 91 105 138 178 195 198 194 198 200 199 197 198 202 204 208 206 211 217 218 219 218 219 220 217 217 217 215 215 216 215 213 211 211 212 214 214 214 215 217 218 210 216 208 208 196 200 195 187 186 183 174 168 170 167 138 126 157 161 186 181 191 199 205 207
168 160 169 166 170 183 176 175 179 181 188 184 182 182 178 181 183 181 180 179 177 174 167 158 151 139 115 106 130 157 168 186 191 190 194 201 205 203 202 202 204 203 209 212 213 215 215 214 216 216 216 213 209 207 208 209 208 205 205 207 208 205 204 204 208 204 201 199 198 199 194 184 184 187 183 176 172 169 159 148 154 152 161 187 189 191 199 211 207 212
156 157 160 163 160 164 173 172 176 177 182 179 179 181 175 177 178 181 181 180 177 174 168 160 157 154 153 142 120 150 170 180 189 193 197 202 204 200 198 202 200 203 207 205 206 208 208 207 207 209 209 204 201 199 199 199 199 196 195 196 197 195 194 194 190 192 175 167 181 184 179 185 182 178 176 173 170 168 158 146 152 170 185 187 198 204 214 205 209 211
108 117 140 148 150 156 155 160 167 165 165 165 171 173 170 174 176 176 175 174 175 175 171 164 159 158 163 163 157 155 160 172 176 184 191 197 204 204 200 200 200 204 205 200 198 201 200 199 200 199 197 196 197 196 195 193 189 189 187 186 186 185 185 186 184 180 182 173 140 165 183 168 172 174 162 159 161 145 142 172 175 179 188 193 202 209 210 215 216 216
75 96 112 129 134 135 148 154 160 159 156 158 163 163 162 164 165 170 172 172 171 168 169 170 168 168 170 166 168 167 165 174 173 182 193 198 198 198 197 196 198 200 197 195 192 192 189 188 193 192 189 187 186 185 183 182 182 181 180 178 180 179 179 179 177 181 179 169 173 172 171 168 160 151 146 141 138 158 178 178 176 184 198 208 207 209 208 218 216 216
53 63 71 87 100 109 120 129 131 135 134 140 145 141 145 151 157 159 164 169 169 164 162 166 169 165 172 167 179 181 177 180 185 184 188 192 190 189 191 190 192 191 188 186 186 183 179 179 178 180 179 176 174 173 173 175 172 174 175 175 176 177 175 174 175 170 165 170 161 160 156 159 140 136 152 174 178 178 184 186 189 196 195 200 200 201 210 207 213 214
39 39 45 57 61 89 92 106 105 108 114 128 127 121 132 136 142 152 150 148 147 142 144 153 161 165 167 166 180 180 182 184 189 187 191 189 186 189 189 191 191 184 182 186 184 182 179 175 175 175 175 177 172 175 175 179 178 173 169 171 166 158 164 164 161 153 148 155 149 137 165 178 177 181 182 188 191 188 190 194 198 203 202 203 203 207 202 205 206 211
30 34 33 28 36 38 42 52 69 85 93 90 96 85 99 110 116 116 131 135 138 146 148 151 154 156 160 166 170 175 180 185 179 180 185 186 185 186 184 186 183 191 184 180 176 180 178 175 178 176 176 175 174 180 174 173 167 166 168 165 166 160 141 141 145 163 179 175 180 177 191 187 186 192 194 191 191 194 196 192 195 200 199 198 192 199 192 201 198 202
34 25 28 32 23 29 30 36 36 54 62 63 67 82 106 114 102 98 112 101 98 113 108 108 117 129 135 142 146 158 157 162 171 172 173 173 176 178 178 181 182 177 179 180 179 183 171 182 180 177 178 175 168 170 164 172 169 168 162 156 151 179 182 184 189 186 186 182 182 188 184 188 187 181 190 188 192 198 188 194 191 188 183 192 196 188 196 189 197 200
34 30 16 32 32 27 28 31 29 31 33 43 43 45 50 45 53 50 64 66 75 91 88 102 101 103 110 113 107 118 123 113 147 150 155 158 159 158 157 160 177 174 178 179 177 176 180 176 170 172 173 165 162 171 163 165 162 167 168 162 184 182 189 189 182 175 180 174 179 175 175 169 170 172 173 182 182 174 179 184 182 175 176 178 185 189 181 187 186 188
28 26 37 34 33 24 30 42 26 34 37 27 38 34 40 39 39 46 52 50 57 65 60 65 83 76 78 84 95 95 100 105 110 107 110 113 113 119 130 137 141 128 164 169 174 175 174 170 174 166 166 163 163 170 167 179 183 162 126 148 170 175 164 161 160 160 138 136 128 135 144 150 146 149 151 150 154 160 157 150 155 154 155 159 155 153 168 167 166 170
35 35 41 39 30 27 39 31 32 32 30 23 31 36 40 37 38 35 34 41 49 50 56 60 69 63 74 77 83 85 88 73 71 71 77 82 70 66 69 66 66 78 76 94 160 167 159 169 162 172 180 183 188 196 196 200 196 108 112 128 131 121 138 105 117 100 103 80 74 76 87 141 134 217 234 224 229 224 229 231 229 132 73 79 79 84 81 101 140 143
31 32 36 29 27 31 22 26 38 26 27 37 35 34 38 45 39 38 35 35 39 48 58 57 64 58 57 64 70 69 72 77 82 70 62 68 67 62 58 47 63 63 99 138 157 175 182 177 178 187 193 206 209 207 206 211 208 189 105 108 84 59 57 79 170 206 217 225 219 224 223 220 222 224 223 222 221 220 225 225 222 223 83 40 42 39 25 32 28 31
35 22 34 29 33 30 32 28 30 35 40 27 31 27 30 29 34 38 41 40 39 41 43 44 50 61 56 49 48 70 76 70 65 61 58 62 60 57 62 64 107 162 172 175 174 186 183 190 196 214 219 225 217 207 212 219 220 206 169 134 122 191 220 223 221 218 218 224 215 220 224 221 221 219 219 221 219 218 221 217 221 222 187 90 54 39 31 24 20 20
33 37 42 33 40 38 33 24 22 19 21 24 24 29 29 32 38 38 39 41 37 45 50 49 53 59 59 62 60 59 63 57 54 60 63 69 65 72 73 126 166 181 184 192 196 202 209 213 216 220 223 225 225 220 220 225 226 218 193 231 224 217 219 220 221 221 222 222 222 222 223 221 222 222 222 221 221 221 221 222 223 224 223 200 146 146 139 135 136 144
52 37 43 40 34 26 27 18 24 23 26 30 29 33 31 32 34 31 26 31 45 60 58 55 53 58 58 62 62 63 66 58 55 76 68 71 84 87 81 158 179 191 189 197 204 210 214 216 218 203 160 145 202 229 226 232 226 221 204 207 226 216 216 217 221 222 222 222 222 223 223 223 222 222 222 222 222 222 222 222 221 224 226 226 225 160 159 170 173 179
