215 216 220 217 218 218 216 220 218 220 218 216 218 219 221 219 219 218 222 220 221 219 220 220 219 218 220 221 219 222 222 224 222 219 224 220 221 220 214 217 217 219 220 220 222 224 220 221 222 225 226 226 226 223 222 223 223 226 230 231 230 226 221 222 223 224 224 224 224 225 224 224 223 223 223 224 222 222 222 224 225 225 226 226 226 226 226 226 224 225
219 216 216 215 219 221 217 218 219 215 220 220 219 218 218 215 219 221 216 220 219 221 220 219 221 219 216 219 219 222 221 220 222 224 220 221 218 221 218 218 219 220 221 222 221 220 221 222 220 222 225 225 223 223 222 222 222 223 224 224 226 225 223 222 223 224 224 224 225 225 224 224 225 224 225 225 224 224 224 224 225 225 226 226 226 226 226 226 224 225
219 217 217 217 217 218 216 218 219 216 219 217 217 216 219 220 215 218 219 217 218 218 219 221 220 218 221 218 217 222 220 220 217 224 217 220 220 220 224 222 224 225 221 221 219 216 218 218 218 219 223 223 222 223 223 221 223 220 219 219 222 223 223 223 223 223 223 224 225 225 225 225 226 226 226 226 226 226 226 226 225 225 226 226 226 225 226 226 224 225
217 216 217 218 218 216 216 218 218 217 215 220 216 222 215 220 222 216 222 218 217 221 218 217 220 217 220 218 220 219 219 219 223 220 222 226 225 232 227 209 209 226 236 227 225 227 222 222 219 217 217 220 222 225 225 220 220 219 217 217 219 222 223 224 224 224 224 224 224 224 224 225 225 225 226 226 226 226 226 226 225 225 226 226 225 225 226 226 225 225
219 216 216 218 219 220 220 218 216 224 217 219 218 218 217 217 217 218 220 219 221 219 223 219 218 218 218 218 221 215 224 222 223 222 230 216 166 185 188 194 196 190 181 176 207 242 233 229 223 220 221 219 220 221 223 225 220 221 218 217 218 220 224 225 224 223 223 223 223 224 224 224 224 224 224 226 226 226 226 225 225 225 226 226 225 225 226 226 225 225
217 219 218 218 216 216 221 219 218 217 217 219 213 220 221 216 219 222 203 223 215 220 225 216 218 218 205 215 220 202 220 212 224 203 160 168 180 161 170 164 169 172 186 189 191 184 182 214 233 232 229 227 228 224 224 230 229 226 221 218 220 223 224 223 223 222 222 223 223 223 223 223 224 224 224 224 224 224 224 225 225 225 226 225 225 225 226 226 225 225
217 219 218 217 215 216 220 215 222 219 201 202 215 125 162 206 167 181 173 174 205 158 126 108 105 133 175 131 87 63 48 57 92 103 118 151 141 173 183 193 193 187 176 170 179 184 188 192 186 177 172 192 226 238 232 231 227 226 224 222 222 223 225 225 224 223 223 223 224 224 224 224 223 223 223 223 224 224 224 224 225 225 225 225 225 225 226 226 225 226
219 214 207 211 217 221 218 201 155 144 111 48 40 61 55 49 70 62 55 56 48 51 48 59 57 48 51 47 50 40 52 64 60 55 60 109 151 193 208 205 215 222 217 215 204 188 185 178 181 186 182 182 182 168 161 171 222 226 230 229 226 225 226 228 226 224 223 223 223 224 224 224 224 223 223 221 222 222 222 224 225 225 225 225 225 225 226 226 225 226
202 122 175 221 199 119 71 60 57 40 41 31 52 51 57 57 48 50 58 54 53 62 61 59 55 55 49 47 53 54 52 54 58 63 61 85 78 81 76 87 77 89 105 108 167 187 200 202 200 195 188 183 183 184 182 178 173 176 179 209 235 232 227 227 224 227 225 224 224 225 225 225 227 226 224 223 225 225 224 224 225 225 225 226 225 225 226 226 226 225
59 101 78 64 29 54 36 21 34 23 18 40 34 30 30 35 32 34 36 31 34 45 47 42 46 49 56 55 52 61 68 60 49 44 37 61 66 70 62 65 59 69 77 72 86 191 205 209 203 207 208 210 209 195 184 187 187 195 183 189 182 191 232 224 226 224 223 223 224 224 222 221 224 223 223 224 225 225 225 225 225 225 226 226 225 225 226 226 226 226
50 38 26 38 44 28 48 33 27 21 28 24 22 34 27 23 24 23 31 35 32 40 44 27 32 26 26 31 36 40 43 40 48 63 66 65 60 66 71 74 94 87 116 134 151 174 183 187 186 184 179 189 198 193 185 190 198 199 203 195 195 188 191 234 228 223 222 223 224 224 224 225 224 222 224 226 225 225 226 226 226 225 226 226 225 225 226 226 226 226
33 38 48 40 43 34 25 20 23 21 18 26 29 27 23 25 24 33 33 33 35 33 36 33 35 35 36 37 36 36 45 63 58 74 93 113 134 144 151 151 154 161 160 172 174 175 178 179 180 180 181 182 177 177 181 184 195 205 204 195 201 201 197 221 226 224 225 223 222 221 222 222 224 222 224 226 225 224 224 222 226 225 225 226 225 225 226 225 226 225
44 54 45 49 36 21 28 20 23 27 28 34 36 36 34 38 47 40 32 35 39 42 45 40 48 45 45 49 60 88 117 134 146 152 159 159 164 159 164 165 164 164 179 171 178 181 184 181 186 183 183 181 178 179 181 179 180 190 188 195 200 197 202 192 224 228 231 228 228 229 228 224 225 223 225 226 222 223 224 225 225 225 225 225 224 225 225 225 225 225
67 51 38 42 32 29 25 32 39 37 41 30 33 55 54 49 40 49 43 45 62 71 85 106 111 119 129 138 143 143 145 149 152 158 161 162 168 172 177 176 181 176 184 183 185 189 187 194 192 191 190 188 189 187 188 191 187 189 191 189 192 195 196 194 189 186 182 179 189 207 222 226 226 229 228 227 225 226 224 223 225 224 225 225 224 224 225 225 225 225
37 34 42 35 40 45 45 38 38 39 36 52 51 54 51 49 53 59 69 83 104 120 126 131 140 143 144 148 150 137 126 131 159 162 167 176 177 175 182 190 183 188 186 192 199 194 198 199 196 196 197 197 197 193 191 196 196 192 198 202 198 198 204 200 198 199 197 193 194 192 190 184 185 203 218 225 229 228 226 225 224 224 224 225 224 224 225 225 225 225
35 37 40 31 27 35 32 34 46 58 70 48 59 60 69 72 79 98 119 126 134 143 142 148 143 148 149 133 109 112 140 158 169 176 174 180 183 191 191 192 192 193 191 195 191 198 205 205 206 201 201 203 199 200 203 199 206 202 203 203 203 205 206 202 207 208 208 207 206 201 199 197 191 188 177 180 205 227 232 231 227 225 224 224 224 224 225 225 224 224
41 28 38 30 46 40 52 54 70 71 67 72 91 101 109 120 132 131 138 144 144 150 155 151 152 152 138 82 89 128 159 156 169 171 179 180 189 190 189 192 191 195 198 197 200 204 207 208 208 205 206 206 206 205 205 203 204 205 204 203 203 203 205 206 207 206 205 204 206 204 203 203 202 196 197 193 186 187 194 235 228 226 225 222 226 222 221 224 225 224
31 37 45 49 51 63 70 84 73 87 98 108 127 136 138 143 155 150 150 148 150 156 158 161 153 156 119 134 115 159 172 181 177 180 181 179 181 179 190 189 194 198 201 201 202 207 211 211 212 208 209 209 208 207 206 204 205 205 205 204 203 204 206 207 208 209 209 209 208 208 208 210 203 207 202 198 195 201 190 187 186 221 228 229 224 225 225 223 224 225
50 57 59 47 77 88 98 102 107 121 130 136 145 153 155 156 159 158 156 154 158 166 165 166 159 130 84 175 150 189 178 187 189 182 177 180 178 175 188 195 196 200 204 207 210 210 212 214 214 212 212 212 209 208 208 208 207 208 209 209 208 208 211 212 210 211 212 212 212 212 212 214 212 209 204 210 200 196 200 202 194 189 190 225 228 227 222 223 222 223
56 69 72 100 110 125 121 138 135 145 153 155 161 165 167 166 162 164 164 166 169 172 175 164 133 109 139 166 184 197 191 194 194 193 177 167 157 177 192 200 198 202 205 209 210 211 211 214 214 214 213 213 211 210 210 212 208 210 212 212 211 211 212 213 213 213 213 213 215 215 215 214 215 215 211 212 205 202 205 200 206 202 191 188 191 225 229 224 223 225
69 88 116 141 139 144 151 156 158 161 164 168 169 170 168 167 177 174 169 178 173 172 175 149 116 83 128 168 178 194 203 196 191 183 144 141 138 182 187 199 199 202 207 210 210 209 210 214 215 216 215 215 215 215 215 217 214 214 215 216 215 214 216 218 216 215 215 215 218 218 217 216 218 219 218 211 212 217 216 210 207 206 208 199 190 185 198 234 229 228
90 126 141 148 148 162 166 165 174 170 172 176 179 181 180 179 176 181 174 174 176 183 167 105 114 81 117 170 188 200 206 200 190 146 150 93 140 165 185 192 201 205 209 209 211 211 212 215 216 216 215 214 216 216 216 218 221 220 219 219 219 218 220 222 218 219 219 218 219 217 217 218 218 214 222 220 219 213 211 219 213 215 210 204 207 199 189 179 236 236
121 152 156 161 167 169 167 179 178 176 179 186 188 187 185 182 179 179 179 188 190 183 169 145 108 70 125 148 186 202 199 201 186 158 94 137 142 157 178 196 202 207 211 210 211 213 214 216 215 218 214 215 217 218 216 218 223 221 220 221 220 219 220 221 220 222 222 221 220 218 218 219 220 217 224 221 223 220 218 221 215 208 209 215 211 208 202 192 186 230
142 155 164 168 175 177 183 183 184 183 186 191 193 194 193 188 185 186 189 189 193 185 165 159 81 68 106 125 206 209 211 203 161 140 77 175 167 150 174 198 201 206 210 209 211 214 216 217 216 219 215 217 221 222 220 223 224 224 224 226 226 224 222 222 224 223 222 221 222 220 218 217 222 219 224 217 221 221 225 223 221 215 214 214 208 217 204 206 199 190
158 163 174 174 177 185 185 190 192 194 195 197 197 195 193 193 189 185 192 190 191 183 154 144 95 76 102 109 182 201 217 205 171 99 168 210 197 157 189 192 206 209 216 216 214 215 217 218 218 216 217 218 216 218 220 223 225 224 222 226 228 227 227 223 226 226 224 222 225 226 218 218 222 217 222 219 218 224 220 225 224 219 214 213 215 214 212 209 202 199
163 165 177 182 182 185 190 199 195 199 201 202 202 198 193 189 189 197 194 192 192 177 170 174 126 56 105 116 187 218 209 202 174 72 187 192 217 174 171 199 200 210 217 217 214 216 218 218 216 219 219 217 216 221 223 222 223 226 225 226 223 221 226 229 228 229 230 225 223 221 216 220 217 221 217 217 222 226 221 223 220 218 215 214 215 213 212 210 207 205
169 177 182 186 195 193 193 206 203 204 202 199 198 197 196 194 192 192 194 200 194 184 174 151 104 61 98 97 170 206 217 201 170 72 105 114 188 176 163 208 209 216 218 215 217 213 212 216 219 218 217 219 219 221 224 227 227 228 229 231 229 227 229 228 233 230 226 222 221 222 217 220 227 223 220 224 212 218 226 222 220 219 218 219 220 219 215 212 208 206
178 183 187 188 193 199 201 200 202 206 205 201 199 198 197 195 196 203 201 191 194 199 176 144 105 76 99 94 137 200 222 200 175 75 85 86 112 159 195 211 223 216 213 215 218 214 213 218 214 218 217 216 218 223 227 225 227 226 227 230 229 226 226 226 225 229 228 225 223 221 218 222 221 219 225 218 221 212 222 223 219 220 221 220 216 213 213 213 212 209
155 182 192 190 197 198 196 202 202 205 205 201 198 199 200 200 201 201 200 202 201 196 189 183 108 68 63 90 121 193 215 206 137 50 209 23 112 150 185 207 227 217 214 218 216 212 214 215 218 214 215 222 224 221 224 229 224 227 228 229 225 223 228 230 229 229 225 222 221 222 219 224 218 217 219 210 212 219 218 221 224 222 217 217 218 217 214 212 210 211
178 188 194 196 198 202 206 204 203 206 207 203 200 199 200 201 208 206 202 203 197 194 198 184 116 105 64 117 103 174 213 204 149 35 20 16 101 124 189 209 219 216 218 218 212 211 213 209 216 217 219 220 222 225 227 224 221 221 221 223 224 225 228 230 228 225 221 220 223 222 212 212 213 215 214 199 198 215 216 219 223 223 220 217 215 213 212 214 212 211
184 192 193 197 203 203 206 207 212 210 207 203 202 201 205 210 203 209 201 202 213 209 196 187 155 124 71 75 107 167 215 198 154 86 200 58 128 155 194 195 208 212 217 215 211 212 217 215 218 218 219 221 222 223 222 220 215 211 208 214 222 226 227 222 223 221 220 217 216 213 207 211 217 207 189 159 204 213 219 220 218 217 215 216 215 212 210 210 208 208
185 192 198 204 205 206 212 209 212 211 209 208 209 206 207 211 210 209 212 204 203 207 199 201 173 122 70 86 98 161 206 204 185 91 135 124 143 169 199 207 209 210 214 214 210 210 214 216 214 219 221 218 218 222 219 211 207 203 200 204 210 216 223 224 223 220 219 216 218 214 208 208 211 201 170 161 195 208 209 212 215 214 215 217 215 213 211 212 212 211
188 201 197 204 207 206 210 212 212 210 205 211 206 203 208 204 208 210 209 209 212 213 210 206 190 132 92 93 85 135 202 208 160 155 174 208 230 172 200 208 204 209 210 205 208 213 211 212 212 214 213 213 215 213 204 197 197 196 196 188 202 205 219 210 219 217 217 220 207 208 205 201 208 203 178 166 168 185 208 209 210 214 214 219 217 215 213 216 214 212
193 201 198 204 205 208 212 212 211 213 208 214 211 206 208 207 208 208 211 212 212 211 211 214 170 172 124 66 102 124 184 211 200 181 166 233 238 167 202 205 200 207 202 207 211 209 211 205 205 209 211 212 211 206 200 198 189 194 199 200 196 197 211 218 216 217 218 213 192 196 202 204 202 203 176 158 179 180 199 211 211 213 214 219 218 218 214 217 216 214
198 200 200 204 205 211 215 215 213 217 211 215 213 206 206 208 212 211 214 213 212 212 211 213 190 180 143 118 87 119 184 202 203 154 152 190 210 160 195 207 203 203 198 202 204 202 205 199 205 209 211 210 203 188 178 177 192 199 208 211 208 204 204 216 214 215 212 212 195 200 201 202 209 197 168 190 179 188 196 205 212 212 213 219 220 221 216 218 217 216
197 199 201 204 206 214 215 219 213 215 211 214 212 208 208 211 206 212 216 215 217 223 221 215 208 180 164 152 135 98 153 191 200 188 174 160 203 149 190 202 204 197 198 193 193 197 197 198 203 208 205 194 183 177 183 195 195 203 212 207 205 207 195 207 209 205 209 206 208 201 203 201 208 189 161 173 212 189 192 206 212 216 212 220 222 222 221 220 222 222
193 200 203 206 209 215 212 218 218 217 215 217 212 207 208 211 208 212 215 215 218 223 222 217 211 193 156 162 149 129 148 176 194 200 185 178 186 128 175 202 192 186 190 190 190 196 196 198 202 201 192 183 185 189 195 201 202 202 202 180 156 186 186 202 199 208 206 202 199 201 205 217 199 187 165 207 182 197 201 212 215 220 212 222 224 221 225 221 219 219
191 202 204 208 211 214 211 217 214 213 214 218 213 210 208 210 211 214 217 218 217 218 219 220 212 193 153 165 151 154 158 173 172 193 197 191 202 189 185 176 180 179 181 187 194 198 201 199 194 190 181 181 190 199 205 208 212 207 198 185 143 190 190 205 203 205 193 191 197 211 211 216 197 193 173 178 195 208 212 224 215 220 213 222 222 220 224 222 220 221
192 204 203 210 212 213 214 216 215 215 214 217 214 209 204 209 214 216 218 222 223 222 224 227 217 206 188 174 162 154 169 178 177 178 187 192 188 181 181 174 178 182 184 190 196 199 198 196 192 186 180 189 202 208 208 212 209 209 202 205 179 202 198 203 209 207 213 200 218 212 227 226 203 203 188 162 199 206 215 228 216 216 214 219 219 222 220 220 220 221
191 202 202 212 212 213 218 216 216 218 215 215 216 212 205 214 213 216 218 218 222 223 223 221 225 211 209 211 187 179 181 181 167 178 177 181 181 184 175 178 180 185 197 195 199 201 187 188 185 184 189 199 206 205 208 218 227 227 216 214 207 196 202 213 212 205 209 217 218 219 223 227 208 201 201 176 209 215 221 220 216 212 215 216 217 224 215 219 224 225
184 203 204 212 212 215 221 218 216 217 215 214 217 213 210 214 213 217 219 222 223 222 226 227 226 227 216 202 211 191 180 187 196 189 189 186 184 180 184 187 197 202 200 200 197 199 198 193 194 194 199 201 206 213 216 220 227 231 215 217 210 192 205 220 209 214 213 213 217 215 220 228 228 204 197 183 201 213 225 222 216 206 210 213 215 220 221 221 223 226
177 199 204 211 214 216 217 218 219 217 217 219 217 211 209 212 210 214 216 220 221 222 225 225 218 223 225 223 213 211 204 199 199 200 203 198 196 191 196 200 209 208 208 208 212 205 209 208 201 201 205 207 212 217 218 220 233 231 220 218 208 202 187 211 217 213 216 219 217 215 216 220 239 206 201 193 211 215 212 226 215 201 206 215 216 221 224 224 223 227
184 203 207 210 212 215 214 221 220 218 218 218 213 208 210 214 212 216 216 219 223 225 227 226 215 223 222 220 213 219 213 210 207 211 212 206 207 203 205 211 211 218 213 212 207 213 213 208 210 207 209 209 213 219 219 221 225 232 219 215 214 202 189 210 207 215 216 207 215 222 212 213 230 202 198 179 208 220 206 219 215 198 205 217 218 222 224 224 223 227
181 197 206 210 212 216 213 220 216 219 222 219 213 211 213 208 212 216 216 219 223 224 226 224 230 225 231 233 231 224 215 200 217 213 210 207 211 211 213 214 221 218 218 215 220 213 219 214 212 211 212 211 215 222 223 224 235 223 223 217 206 204 198 208 220 215 219 211 208 213 212 222 222 198 199 175 209 217 210 226 217 203 208 217 220 222 222 221 223 226
183 195 205 210 209 216 215 218 219 222 223 218 212 212 216 215 215 217 216 219 223 224 224 222 222 228 233 231 228 217 208 211 198 202 213 217 215 211 216 219 216 218 211 220 216 221 217 214 207 207 212 213 217 221 220 223 230 227 215 210 205 193 195 221 219 210 214 214 217 223 220 229 222 201 199 170 209 213 217 221 219 211 211 214 220 224 222 223 226 227
185 196 204 208 206 214 217 216 218 219 221 220 216 210 212 212 215 218 217 219 223 223 224 222 226 224 227 237 219 229 222 214 207 205 214 220 223 219 218 212 216 219 220 215 220 218 219 208 209 205 204 204 208 214 217 222 219 220 209 208 202 184 213 223 216 217 213 208 217 222 216 222 214 203 199 170 201 205 217 218 220 217 214 212 219 226 224 227 227 227
170 190 199 208 208 214 217 213 217 216 217 216 214 209 209 215 213 216 215 217 221 222 223 222 222 225 221 226 210 220 212 211 228 221 223 219 217 214 215 209 212 213 210 217 217 213 207 206 203 198 202 208 213 214 211 214 221 216 213 204 167 188 217 218 214 214 220 221 212 205 209 217 222 206 194 179 204 207 214 225 221 218 217 215 220 227 225 227 224 224
168 193 200 208 209 213 217 214 214 218 218 216 217 214 213 217 214 217 216 219 221 222 227 226 224 225 225 221 207 213 219 222 209 215 221 218 217 211 208 203 202 207 208 210 212 211 209 203 202 193 193 200 206 209 209 212 209 216 208 215 97 169 221 212 209 217 213 207 210 211 211 212 218 211 193 174 194 211 211 222 221 216 219 220 222 226 224 223 219 221
168 175 202 205 211 214 215 216 216 219 215 219 218 214 212 216 214 214 218 219 219 221 224 225 225 229 228 200 219 203 218 207 216 214 200 212 210 205 201 197 196 198 200 206 209 209 211 203 202 190 193 193 198 204 208 213 214 212 215 214 187 183 209 204 212 218 213 205 205 209 208 209 218 217 189 175 188 201 202 209 216 214 219 218 225 222 224 222 220 221
168 183 200 206 215 219 216 214 214 216 216 217 214 214 211 211 216 215 217 220 220 222 226 228 220 223 214 202 188 186 193 181 183 205 199 197 191 195 191 193 187 190 195 202 206 205 211 209 202 193 191 189 194 197 198 200 205 212 212 223 212 203 216 199 213 211 209 209 210 206 204 210 219 213 204 163 199 201 204 214 217 216 215 219 220 227 223 223 222 222
160 186 184 210 206 217 216 212 215 215 218 218 212 216 210 208 212 213 216 220 221 225 226 226 226 225 215 199 156 169 176 189 190 187 191 180 191 193 199 193 191 188 189 198 204 209 210 206 205 201 197 188 187 183 189 201 201 208 206 216 220 213 213 200 212 216 216 215 215 208 200 197 211 218 215 176 183 196 188 217 219 219 216 220 219 224 222 223 221 220
147 152 185 201 211 209 221 211 217 215 220 216 212 218 209 210 215 216 217 219 221 225 228 230 219 222 203 178 153 154 180 156 189 186 181 191 202 205 202 207 202 199 198 202 202 203 202 204 207 207 205 195 190 183 187 194 196 198 206 211 219 217 204 207 222 218 217 218 215 206 197 198 212 211 214 176 183 185 192 214 220 215 218 216 221 217 220 220 219 218
133 171 194 205 208 214 212 212 217 215 217 216 214 218 207 213 209 214 217 220 221 223 223 224 220 215 202 157 148 162 152 180 191 191 193 205 206 215 205 211 204 201 202 204 207 205 203 205 213 213 215 205 195 184 187 187 192 194 207 209 209 203 196 208 217 217 218 221 222 216 207 206 206 217 206 180 161 173 192 217 217 215 219 216 221 218 221 218 220 221
176 177 196 202 215 214 211 215 214 217 215 213 213 214 206 212 212 217 218 219 220 223 225 228 216 215 191 178 138 146 166 162 195 195 206 208 196 212 215 197 221 212 203 202 206 209 208 212 216 214 216 217 216 206 196 181 179 183 189 196 196 193 204 221 218 225 228 225 224 223 212 200 196 213 208 180 167 183 207 216 213 219 218 220 217 223 221 218 218 219
163 147 193 192 196 208 212 212 212 218 215 214 211 213 209 207 211 215 216 218 220 223 223 225 213 214 201 167 163 152 154 181 205 208 213 196 198 192 144 210 212 210 212 211 216 216 213 218 219 220 219 219 222 216 213 202 191 192 191 197 201 202 214 225 225 223 223 227 226 223 217 215 211 213 208 177 157 194 216 219 217 221 220 224 220 223 218 218 216 217
105 172 177 199 210 207 211 214 212 220 217 216 210 213 212 206 213 218 216 216 220 224 225 228 219 202 193 144 121 148 151 196 211 215 207 189 183 155 162 208 211 208 209 209 217 220 218 221 221 225 221 218 222 218 221 219 215 207 202 200 208 219 221 226 226 226 228 227 225 224 218 213 221 213 214 196 155 211 218 219 223 217 220 223 226 214 214 218 217 216
142 164 189 195 206 211 202 215 213 220 220 217 213 211 211 209 213 214 214 215 216 220 221 220 220 196 168 149 145 149 153 203 218 217 203 172 158 194 197 199 199 212 206 213 216 221 220 220 221 223 226 223 222 225 225 227 229 221 222 218 220 221 228 225 226 228 229 226 226 228 226 220 221 216 218 213 201 197 209 216 219 219 219 222 225 222 217 214 217 215
151 171 178 181 195 204 211 206 215 218 216 214 214 211 209 208 206 214 218 218 217 221 222 219 212 174 163 131 107 114 148 205 215 216 177 170 177 214 172 198 201 207 211 212 219 220 218 219 223 223 225 221 219 224 226 230 234 231 232 235 232 231 229 227 230 229 229 228 227 224 222 220 223 215 215 216 217 212 215 217 218 222 224 222 216 212 211 214 213 211
149 169 186 179 197 201 200 213 215 216 213 211 213 212 210 208 213 210 212 218 217 213 216 222 211 168 94 101 93 110 151 207 220 217 169 165 199 232 202 196 208 206 216 212 221 220 216 218 223 223 226 222 219 224 229 231 230 232 229 234 231 233 228 227 227 227 231 231 228 225 224 224 224 227 229 224 225 219 218 216 219 220 220 220 218 214 212 212 207 205
98 100 150 178 195 199 201 207 217 217 214 213 215 212 210 209 212 214 215 214 215 216 216 211 213 192 85 88 81 102 179 211 225 210 179 140 217 236 232 180 214 211 214 214 222 222 221 220 223 223 224 224 221 225 229 228 231 233 228 230 231 233 229 233 228 231 234 231 228 227 225 222 220 218 222 226 231 223 220 220 221 221 219 219 220 219 213 209 210 208
112 156 172 176 191 193 210 210 214 216 214 215 214 212 212 212 212 215 213 210 212 216 215 208 206 188 100 86 95 117 195 220 228 201 192 132 173 195 228 181 211 218 215 223 221 221 218 217 224 223 226 227 224 225 230 227 230 232 232 228 233 228 227 228 228 230 233 230 229 228 226 224 221 223 229 226 226 226 225 217 217 220 220 219 216 215 212 211 211 208
113 158 174 188 195 195 209 209 211 215 215 215 213 210 209 211 213 213 211 210 211 212 214 213 196 172 81 85 82 138 193 223 220 189 176 75 115 123 134 173 186 208 212 225 221 223 224 223 225 225 226 226 225 225 229 230 231 231 233 227 234 229 231 231 226 224 226 230 231 227 226 228 223 220 226 228 228 223 226 226 218 220 220 218 215 213 214 213 208 205
110 139 167 165 168 204 206 209 211 216 216 216 215 213 212 210 210 217 215 211 212 216 213 204 190 129 85 78 83 119 208 218 225 188 162 54 204 24 111 157 179 204 216 219 222 225 224 226 225 228 226 228 229 227 230 232 229 230 229 227 230 231 234 233 230 226 227 228 229 226 224 225 222 220 222 221 227 226 225 222 223 223 219 216 216 214 208 206 208 203
60 72 115 146 166 189 168 213 207 213 212 212 212 210 209 205 215 211 206 207 209 206 201 197 176 135 97 79 63 135 207 219 219 194 170 43 22 20 95 126 190 211 224 215 224 226 226 227 223 229 226 229 232 228 229 233 228 231 228 232 227 230 228 228 227 228 228 227 226 226 226 226 224 226 228 225 228 222 222 228 217 218 218 215 214 211 207 203 205 199
91 113 154 137 181 195 203 202 214 214 209 212 214 212 212 212 207 211 210 211 212 212 207 200 174 173 109 82 89 166 207 220 216 201 183 68 195 24 106 157 186 216 214 219 224 224 226 231 226 225 224 225 226 228 229 229 229 229 229 231 231 232 232 229 228 228 227 226 226 226 226 224 228 225 227 227 226 225 223 220 219 218 213 211 212 208 204 205 202 203
74 116 133 169 186 190 196 216 204 211 211 211 211 212 213 214 214 209 210 212 208 213 217 202 165 172 116 73 100 194 215 221 217 212 202 74 83 85 125 180 175 206 211 218 221 221 226 229 226 224 225 226 227 227 228 229 228 229 230 230 228 229 228 227 226 227 227 227 227 227 227 226 223 222 222 222 220 220 221 218 215 215 212 209 209 205 203 205 198 198
63 109 104 125 151 185 191 201 199 210 212 212 212 212 211 210 210 204 207 210 205 211 213 194 196 141 108 92 88 195 217 223 218 214 178 95 97 120 189 174 192 209 201 207 218 226 229 222 226 224 225 228 228 227 228 230 224 226 229 230 228 228 227 229 223 223 224 225 224 223 224 223 221 221 221 219 217 218 219 216 211 210 205 204 206 204 200 199 196 196
43 60 60 100 124 167 193 197 205 210 207 206 210 211 211 211 207 208 207 206 205 207 202 187 162 149 100 104 104 182 215 223 215 216 173 165 79 183 202 162 191 212 206 211 218 222 223 221 226 224 226 229 228 226 227 229 227 228 231 231 227 224 221 220 224 224 224 225 224 223 222 222 221 221 219 216 214 215 214 211 208 209 208 206 204 202 200 199 192 192
55 64 102 118 152 167 185 200 198 202 201 205 210 210 207 207 202 205 202 199 204 208 204 196 173 175 93 109 100 200 216 223 220 216 204 167 106 117 173 176 175 208 210 215 216 219 222 226 226 224 226 228 227 225 224 226 225 225 227 228 226 225 222 221 225 222 222 223 223 221 220 220 218 218 216 212 212 211 209 206 205 204 201 200 201 200 195 191 190 189
47 59 83 122 145 160 186 195 194 199 202 208 211 205 203 204 207 206 203 200 199 202 202 194 177 148 131 125 121 185 207 223 219 211 209 167 157 112 141 154 184 212 207 208 212 217 217 217 224 224 225 226 225 224 223 223 227 225 224 223 221 221 220 219 222 218 216 219 219 218 217 217 215 215 213 211 211 209 207 204 203 203 203 202 199 197 195 192 184 184
33 38 49 71 113 140 163 178 190 200 202 204 204 203 207 209 206 203 203 203 201 202 202 195 189 151 138 116 115 160 209 215 218 211 218 200 149 153 158 168 183 208 206 208 212 216 219 219 223 223 224 224 223 223 222 221 223 220 219 220 218 219 219 219 219 215 215 217 217 216 215 216 212 212 210 209 209 206 203 204 200 199 197 194 193 193 190 184 184 184
29 27 28 39 64 100 130 151 170 186 193 196 199 200 203 203 201 200 199 197 197 198 197 194 186 182 156 108 120 163 201 208 205 215 216 205 196 165 166 172 185 208 208 207 206 210 217 216 222 223 223 223 222 224 223 221 221 220 219 219 217 215 214 214 216 212 212 214 214 211 211 212 209 210 208 207 205 201 199 202 196 195 193 191 188 190 188 184 182 182
30 28 53 61 79 96 116 143 153 169 185 194 198 199 200 201 202 199 195 194 195 197 196 196 181 178 166 101 90 150 188 205 203 210 211 207 204 200 191 175 192 205 207 208 208 210 216 217 218 220 219 221 221 219 219 214 215 218 216 213 212 213 211 212 212 216 213 209 211 210 206 206 203 206 205 204 202 201 200 200 195 193 188 189 187 182 182 181 185 186
20 31 26 57 62 71 118 115 141 148 166 185 194 197 199 197 197 195 192 191 191 190 188 188 184 184 170 160 101 125 165 189 187 199 203 208 204 200 201 189 188 199 204 209 211 209 210 211 216 218 217 218 218 217 218 214 217 217 215 213 213 213 211 211 212 210 208 209 207 204 203 204 201 201 200 200 200 198 195 195 191 193 189 185 182 178 182 181 190 191
13 27 19 32 39 42 63 99 156 155 168 185 188 188 191 194 191 189 188 188 187 185 181 181 176 172 168 154 140 83 155 175 185 189 200 201 201 202 199 197 185 197 201 203 207 211 214 211 212 214 213 214 215 215 216 213 215 214 210 210 211 210 207 206 208 205 205 207 204 201 201 200 200 198 196 197 198 196 192 190 189 185 182 183 182 178 185 191 193 195
20 27 23 24 36 57 78 107 122 125 136 162 175 182 181 186 188 187 185 186 183 178 176 175 173 176 171 159 147 109 111 148 171 187 189 195 197 192 198 195 194 199 198 200 203 203 207 209 208 209 210 211 212 213 212 210 212 210 207 207 208 207 203 204 202 204 205 204 201 201 199 194 197 196 194 194 195 192 189 187 186 185 181 178 181 185 190 191 196 197
18 19 24 28 39 59 87 95 119 117 119 128 168 175 177 178 178 177 176 179 177 173 172 170 171 167 170 159 162 151 126 130 152 174 187 186 192 193 192 200 196 205 204 201 202 206 206 201 203 205 208 209 209 210 208 206 205 204 202 202 202 201 198 199 197 200 200 198 196 196 193 191 188 189 190 188 189 191 189 185 184 181 181 185 190 190 192 195 200 200
21 15 20 12 23 32 45 59 83 109 116 135 145 160 156 172 169 170 171 172 170 168 167 168 163 166 160 157 161 156 161 144 142 162 163 170 184 188 195 195 197 200 199 201 203 202 202 201 199 200 204 204 204 206 203 202 199 199 198 197 197 196 193 194 192 192 190 191 191 188 186 190 186 190 191 188 187 186 183 180 178 182 188 190 193 200 198 196 201 201
19 24 25 20 19 32 56 68 96 98 104 103 129 141 157 161 160 163 165 166 166 165 164 163 163 164 159 157 158 163 161 159 165 167 166 167 178 185 184 184 188 195 193 192 195 196 197 192 195 194 198 197 196 199 196 196 195 196 195 193 193 193 190 190 187 185 186 188 186 185 186 187 189 189 188 188 186 181 180 182 188 190 195 197 197 198 195 199 198 197
18 16 15 26 22 23 24 32 43 63 89 103 96 103 111 115 135 141 147 153 157 160 164 164 159 162 162 159 159 154 155 161 158 162 165 170 172 172 180 181 181 187 189 191 196 199 198 195 192 190 193 189 189 193 191 192 188 189 187 185 185 186 184 181 181 180 185 187 184 188 189 182 185 182 181 182 182 180 182 189 192 192 195 192 195 199 198 200 194 194
21 18 16 14 16 19 24 36 32 48 49 80 92 76 81 96 92 114 113 137 140 153 156 162 164 161 162 151 157 163 158 158 159 160 162 167 167 165 170 174 180 173 184 184 189 189 189 188 188 185 180 188 188 182 187 178 184 184 178 179 176 179 183 181 183 187 180 184 189 179 175 175 173 175 177 178 181 186 191 191 192 195 196 196 195 193 191 188 193 190
21 17 15 13 17 18 18 23 27 27 65 72 80 64 68 81 92 87 89 89 103 109 143 151 149 156 153 151 158 152 157 161 159 158 158 163 164 164 168 171 176 181 181 180 186 181 179 186 182 180 184 178 176 180 175 175 171 166 169 173 170 173 176 181 183 177 182 173 174 178 167 166 169 172 176 179 181 185 184 182 186 185 187 187 185 184 184 183 179 176
12 14 17 14 14 14 16 22 33 51 47 40 67 48 62 60 65 60 74 68 75 75 92 130 144 142 152 150 150 152 154 154 159 160 159 161 164 165 173 173 172 179 175 180 180 179 179 178 174 179 176 175 177 173 171 167 167 169 169 165 171 174 170 178 178 172 175 167 167 162 165 166 165 164 166 170 178 192 201 205 212 213 217 218 219 221 224 225 219 216
16 15 16 12 13 15 14 16 12 19 26 35 41 52 72 65 59 50 64 55 64 53 56 76 94 106 140 144 142 147 148 145 148 153 155 157 156 158 162 162 164 168 163 169 166 171 169 167 171 172 161 166 170 167 169 164 165 164 169 167 172 175 176 174 174 170 167 171 174 199 212 219 226 227 226 226 227 229 231 230 227 228 229 228 225 225 227 227 228 226
14 13 15 12 12 17 17 17 18 16 22 27 20 32 35 51 36 55 55 48 67 55 52 54 56 71 82 94 115 124 137 136 141 143 142 143 143 146 150 150 151 154 148 153 156 159 152 168 162 157 164 160 161 163 156 155 164 165 166 168 175 169 175 180 171 180 235 233 227 230 227 223 224 224 225 224 223 223 222 222 223 224 225 224 223 224 225 224 225 224
9 10 14 12 10 11 14 15 13 13 11 17 16 21 34 33 22 21 31 42 49 47 42 41 47 46 49 50 55 60 69 77 98 98 97 102 107 113 115 111 119 116 125 132 129 123 119 139 139 149 159 157 152 157 160 162 163 159 165 165 180 193 206 202 197 181 167 242 231 218 224 218 219 219 220 220 221 220 220 220 223 223 223 223 223 223 223 222 222 221
8 4 5 7 10 14 12 10 10 12 18 16 15 24 34 32 57 49 33 22 35 49 45 40 54 38 51 47 36 37 40 43 38 40 45 57 66 68 64 56 63 54 65 75 78 78 81 80 101 124 138 145 146 147 154 155 167 139 176 192 184 180 196 204 216 207 190 236 231 224 221 225 223 223 223 224 224 223 223 223 223 224 224 224 223 224 224 223 224 224
15 10 10 10 7 8 8 9 11 11 12 15 15 14 16 31 44 72 43 71 44 34 38 47 47 35 34 37 39 39 40 28 39 39 42 52 59 59 57 51 46 57 61 54 51 49 67 68 77 97 127 139 155 166 164 180 145 138 181 196 211 198 179 198 216 219 200 202 228 224 219 220 221 221 223 225 224 224 223 223 224 224 224 223 223 223 224 224 224 224
11 10 10 11 10 9 9 8 10 9 11 14 15 17 24 34 28 38 40 32 48 54 33 40 37 30 45 49 39 37 42 38 38 35 47 48 50 53 50 44 35 36 38 40 43 54 61 52 66 95 155 184 175 172 199 195 153 166 190 201 206 206 187 197 210 211 203 201 225 219 220 221 220 220 224 224 224 224 223 224 224 224 224 224 224 224 224 224 224 224
14 11 10 11 11 11 10 9 10 8 9 13 14 11 9 10 19 22 25 26 43 43 22 35 34 34 46 36 30 35 38 35 36 30 38 29 25 25 26 25 22 24 31 36 37 47 57 57 96 139 171 182 207 218 218 194 171 187 204 203 202 207 187 191 211 207 187 233 222 220 213 221 219 220 223 224 224 224 223 224 224 224 224 224 224 224 224 224 224 224
