223 223 227 224 223 226 223 224 222 219 211 209 226 220 214 227 226 221 214 222 215 227 223 226 226 226 225 223 224 223 228 225 225 220 224 226 222 232 228 228 229 228 229 228 223 225 229 226 226 227 227 226 226 227 229 228 229 229 229 229 228 228 228 228 227 227 226 226 226 226 226 226 226 226 227 227 229 229 229 228 227 226 226 226 226 227 227 226 225 225
222 223 219 219 210 178 159 156 137 128 137 120 84 81 76 76 75 85 79 85 94 148 188 229 224 227 226 225 225 227 222 224 226 228 225 230 228 224 220 229 227 229 227 227 228 226 223 227 225 226 226 226 225 225 225 227 228 229 229 229 228 228 226 226 227 227 227 226 226 226 226 226 226 226 227 227 229 229 229 228 227 226 226 226 227 227 227 226 226 226
184 122 67 77 68 79 71 64 60 79 68 55 63 66 80 58 59 48 42 41 49 41 42 67 134 222 228 224 228 227 225 231 233 230 228 228 221 222 226 225 223 225 229 229 227 226 226 225 226 228 226 227 225 224 225 227 228 228 229 229 228 227 226 226 226 229 229 227 227 227 227 227 227 227 227 227 227 227 227 227 227 226 226 227 227 227 227 226 226 227
68 81 67 64 68 66 61 71 64 57 64 75 86 58 61 56 43 45 54 49 36 46 47 48 49 51 81 145 210 217 222 227 234 221 169 227 227 225 224 219 231 221 222 228 227 226 227 226 229 229 228 227 226 225 226 227 226 227 229 229 227 226 225 226 226 229 229 229 229 227 227 227 227 227 227 227 227 227 227 227 227 227 227 227 227 227 227 226 227 227
48 49 55 64 50 54 84 58 65 56 52 47 37 37 36 32 42 38 45 44 40 50 44 36 44 41 40 38 41 50 98 160 214 153 164 192 231 229 222 225 221 227 226 220 224 225 224 228 233 232 230 229 226 225 225 225 226 226 227 227 227 227 226 227 229 229 229 229 229 230 230 229 230 229 227 227 227 227 226 226 228 227 227 228 227 227 227 227 226 226
36 51 52 50 72 90 77 82 87 73 83 79 63 54 34 41 44 42 53 55 45 34 35 40 32 39 37 50 46 40 45 59 64 57 72 73 157 169 225 230 231 233 233 229 227 227 227 230 233 233 230 229 227 226 226 224 225 225 226 226 228 227 227 227 227 229 230 230 230 230 230 231 230 230 227 227 228 228 226 226 227 227 228 228 227 227 227 227 226 226
44 44 47 69 83 74 81 72 56 59 50 66 91 80 52 45 34 29 32 55 28 31 36 40 40 33 42 48 52 47 44 44 51 55 55 66 67 85 136 204 212 204 220 246 250 240 238 236 226 226 228 228 226 227 227 226 225 225 226 227 228 228 229 227 228 228 228 230 230 230 230 230 230 230 230 230 228 228 227 226 227 227 228 228 227 227 227 227 226 226
49 40 56 83 65 56 31 28 41 30 27 38 42 80 65 56 44 55 34 33 30 34 29 33 34 52 37 65 38 41 33 35 40 42 49 44 55 49 77 107 172 193 208 207 201 197 195 194 228 231 233 231 228 227 227 226 225 226 226 228 228 230 229 227 227 227 227 228 228 230 230 230 230 230 230 230 228 228 227 226 227 227 228 228 227 227 227 227 227 227
53 45 49 55 29 50 41 45 50 38 59 58 66 72 79 68 64 53 44 32 34 32 36 36 35 40 34 33 46 35 49 39 37 33 34 49 37 46 83 100 146 168 193 214 228 226 229 227 221 206 197 228 232 233 229 224 226 227 231 228 231 230 230 227 224 227 226 228 225 230 228 229 230 230 230 230 228 228 228 228 228 228 228 228 227 227 227 227 227 227
59 58 37 38 42 42 40 44 68 72 70 82 64 64 76 67 57 52 53 49 46 46 41 44 40 45 48 61 43 43 50 49 37 37 38 34 38 56 49 49 50 91 127 208 212 223 224 232 228 217 209 206 182 208 231 237 232 228 234 229 231 230 225 230 227 222 226 226 227 224 229 227 228 230 230 230 228 228 228 228 228 228 228 228 227 227 227 227 226 227
62 34 44 51 61 68 72 82 73 85 89 87 75 88 74 78 77 77 91 61 62 68 62 56 62 54 62 58 65 62 65 61 59 47 54 58 63 69 60 81 90 142 112 145 176 206 215 228 226 221 210 196 200 203 191 204 236 237 235 230 228 224 229 226 226 227 227 228 231 227 225 227 228 228 228 228 228 228 230 230 228 228 228 228 227 227 227 227 226 226
63 54 67 73 91 97 107 107 110 118 105 114 123 121 133 116 117 112 97 98 89 86 97 104 108 132 117 139 136 141 142 137 130 131 141 148 147 158 160 167 170 177 177 170 172 182 192 206 213 217 202 189 199 227 203 195 183 204 238 231 229 230 222 227 224 229 227 228 225 228 226 230 228 228 228 228 228 228 230 230 228 228 228 228 227 227 227 227 227 227
72 83 99 109 122 123 133 144 138 147 150 155 170 151 149 157 142 135 144 137 147 148 153 158 166 172 174 178 175 176 177 177 180 182 180 182 177 184 190 185 196 193 194 199 194 195 196 189 196 188 184 166 167 178 189 188 195 197 192 189 216 234 232 229 236 232 233 231 229 231 231 226 227 227 227 227 228 228 228 228 228 228 228 228 227 227 227 227 227 227
110 124 136 146 146 156 171 160 164 169 174 177 180 174 172 170 176 176 181 181 181 184 178 179 181 184 183 189 189 183 183 190 192 200 199 200 199 202 204 208 209 207 209 206 198 204 199 205 198 201 191 189 185 183 169 163 165 161 152 161 161 181 239 238 237 237 236 228 237 229 229 225 227 227 227 227 228 228 228 228 228 228 228 228 227 227 227 228 228 228
144 145 163 162 163 170 167 174 176 191 185 183 184 191 190 186 189 183 199 190 195 192 183 183 188 184 187 183 177 165 158 174 194 205 204 210 213 215 215 220 213 217 213 210 210 206 208 205 211 212 214 206 206 203 205 196 185 179 170 166 172 168 163 155 160 200 230 240 233 234 229 231 227 227 227 227 227 227 227 227 228 228 228 228 228 227 227 228 228 228
155 164 168 175 186 179 183 182 190 189 195 195 195 197 194 194 193 196 198 196 198 195 197 194 190 188 188 162 125 112 157 185 188 208 207 213 216 220 229 226 220 212 214 216 210 218 218 220 222 218 222 220 217 216 213 208 203 200 198 188 185 184 181 176 168 169 153 159 148 213 235 232 233 231 231 231 231 230 230 230 231 231 231 231 231 230 231 231 231 230
80 136 172 184 192 186 194 195 194 198 199 199 201 198 198 202 203 204 203 202 201 199 198 197 190 191 179 129 101 139 193 197 193 201 199 206 210 220 227 226 217 214 216 218 220 222 225 224 225 225 227 224 220 225 222 207 205 213 205 203 195 196 188 185 186 190 180 182 178 173 147 160 176 234 240 236 235 234 238 236 234 232 238 232 240 239 237 238 235 235
36 53 129 173 196 201 202 201 199 203 204 206 208 209 207 210 212 211 208 206 207 208 207 205 201 195 164 124 133 178 198 198 203 199 194 200 198 207 214 218 216 219 220 222 227 229 231 228 229 228 229 227 226 228 225 218 221 218 215 213 209 207 192 202 198 193 197 196 189 189 177 171 166 158 158 148 155 174 168 165 166 172 170 171 168 169 164 174 179 179
27 32 57 99 166 199 190 211 209 213 214 214 217 216 214 215 215 214 213 213 213 213 210 204 199 184 152 144 140 195 203 207 210 201 196 201 188 198 204 218 216 220 220 224 230 229 231 236 230 230 230 231 231 229 227 228 228 222 218 214 213 208 193 204 202 198 204 194 203 197 192 187 177 177 177 164 167 150 138 153 169 173 176 179 180 182 188 185 182 185
19 28 37 67 118 129 210 207 220 226 225 222 224 222 221 221 220 220 220 218 216 215 212 208 201 173 143 149 168 202 206 211 210 206 207 177 182 178 188 203 202 215 222 227 233 237 239 235 233 232 234 235 235 233 231 229 224 226 218 217 218 214 209 209 210 199 202 191 200 195 198 197 192 176 166 178 171 166 166 159 155 165 169 173 186 185 188 186 194 193
24 24 27 40 63 103 159 205 223 231 231 227 228 229 229 229 228 225 223 220 217 217 216 212 186 172 151 167 176 204 209 225 220 202 162 178 164 118 157 201 212 214 221 228 230 229 236 237 238 237 238 239 235 236 236 231 232 231 228 224 222 220 220 212 210 208 207 201 204 200 198 199 199 193 197 177 186 175 170 170 165 159 147 166 172 186 192 196 195 189
19 28 29 31 51 81 120 161 223 233 234 231 231 232 231 232 228 224 221 220 218 219 217 210 190 177 157 149 181 209 219 228 224 207 183 179 107 125 154 185 210 218 226 229 230 235 241 237 242 240 241 239 235 239 239 234 235 226 233 228 227 228 225 222 215 216 207 201 198 201 198 201 195 204 194 188 176 190 171 178 164 164 147 145 150 174 185 193 202 195
25 33 39 38 42 69 120 131 223 235 238 235 233 233 232 231 229 227 227 225 223 225 222 214 205 179 167 149 152 211 233 232 225 178 193 156 119 149 164 183 215 224 226 232 232 231 237 240 244 245 243 240 238 240 240 238 240 231 238 233 234 232 230 229 220 212 211 211 194 197 199 188 192 202 193 198 193 198 189 180 167 176 168 162 166 156 155 185 188 194
34 29 38 36 45 94 95 121 217 230 235 232 233 234 231 231 229 228 229 226 222 225 227 220 206 181 177 141 135 205 230 233 223 180 190 92 134 199 187 185 209 224 227 231 234 233 237 239 242 247 245 243 244 243 240 242 238 237 238 236 241 234 238 234 230 225 221 220 213 203 198 194 194 191 187 181 200 191 197 189 177 172 172 178 156 164 153 151 160 181
45 37 35 38 49 102 110 102 209 231 233 231 231 229 230 232 231 229 231 230 227 227 224 230 212 181 145 137 131 166 212 230 221 201 178 96 191 230 201 178 212 226 225 232 237 236 237 242 241 244 243 245 246 244 244 242 242 241 238 239 239 237 238 233 232 229 231 226 221 211 207 198 195 203 197 191 193 188 183 188 173 181 179 179 153 154 152 155 152 145
51 48 44 54 58 125 113 118 195 222 236 230 235 231 229 231 232 231 231 229 229 231 232 238 219 196 133 137 115 158 223 234 222 193 114 106 182 227 236 184 210 225 223 229 233 237 238 240 242 245 243 244 244 244 247 247 245 244 242 243 242 239 240 235 233 234 234 229 228 221 219 218 210 202 205 193 194 199 187 195 193 187 181 180 177 164 166 165 139 159
50 60 50 61 53 101 128 123 167 235 230 235 233 236 238 231 234 234 232 230 229 232 233 235 230 209 148 122 130 161 226 225 219 207 68 80 104 124 247 191 212 227 225 226 233 242 242 240 241 244 244 242 243 245 248 249 245 245 243 243 241 238 238 237 236 231 232 231 231 228 228 223 219 216 210 211 207 201 201 191 194 201 174 188 183 176 155 143 154 159
69 88 67 61 66 140 143 142 168 240 240 237 239 234 230 231 232 233 232 231 231 234 236 236 225 199 161 113 119 139 227 232 218 205 77 218 81 108 192 200 215 229 228 229 234 241 242 242 240 244 243 245 245 245 247 246 242 242 239 239 239 237 237 236 237 233 235 233 234 234 236 229 231 225 223 218 208 204 202 198 189 186 189 184 175 186 171 162 154 146
83 86 89 68 88 147 152 159 169 236 244 239 234 233 236 238 232 235 233 233 234 237 239 238 231 214 184 127 131 123 219 237 209 214 45 86 39 110 152 205 216 228 226 232 235 238 239 243 242 245 243 245 249 247 247 246 244 242 238 239 239 238 238 237 229 234 232 224 231 230 233 237 232 231 228 223 214 209 207 204 196 197 179 169 156 162 158 158 162 136
80 81 90 85 105 132 145 125 214 238 227 245 235 233 237 233 233 236 232 231 233 235 239 239 232 229 195 122 133 138 208 230 211 209 55 94 39 113 178 209 219 227 225 233 237 237 238 244 242 245 241 242 246 245 243 243 242 244 239 240 241 239 238 237 237 227 233 232 226 228 235 226 225 225 227 222 222 222 212 209 203 190 181 173 162 149 149 170 169 153
81 86 107 91 120 127 152 186 240 236 246 237 237 238 236 231 231 233 230 232 236 238 242 241 239 233 202 138 101 136 202 227 209 214 76 189 104 131 218 219 223 231 228 235 237 240 238 241 242 244 238 237 240 238 236 237 235 241 240 243 243 240 237 236 235 230 224 222 230 220 217 223 226 233 219 223 227 222 227 213 209 209 194 198 171 179 177 168 139 154
87 89 96 117 143 180 154 192 215 227 243 241 234 234 234 234 233 235 234 237 239 237 241 239 242 237 216 174 119 117 193 217 197 214 131 158 206 245 216 221 226 232 228 233 236 239 237 238 240 245 239 237 238 233 231 231 231 237 241 245 247 241 238 236 236 223 228 228 220 210 222 235 232 231 230 228 231 233 224 212 217 213 213 211 210 192 165 176 156 166
80 85 109 114 157 161 189 237 233 228 241 237 238 234 232 233 235 233 232 234 239 240 238 239 242 240 231 200 149 120 175 208 210 213 153 237 251 255 207 219 227 228 229 230 234 237 239 236 237 234 234 235 234 232 225 225 228 235 243 247 244 241 242 234 229 222 227 214 228 200 219 226 239 234 236 231 234 233 218 221 207 225 215 207 214 185 189 182 170 168
80 91 107 129 162 189 214 222 238 233 242 238 242 239 233 232 234 239 239 236 238 243 243 240 243 248 234 205 160 157 195 202 210 204 197 219 248 210 216 218 220 224 226 227 231 234 235 234 234 235 236 231 230 231 227 225 232 240 239 241 243 240 233 231 218 222 213 217 212 208 180 224 230 228 231 234 232 227 222 226 226 218 218 221 215 182 197 192 186 184
85 85 112 137 167 212 224 235 238 235 242 237 239 238 233 231 236 236 237 239 241 238 239 244 238 239 240 232 195 187 177 196 209 177 214 174 255 191 227 218 217 223 227 230 235 235 233 233 233 231 233 231 230 233 228 227 229 232 235 240 237 239 231 230 227 228 221 208 216 202 158 199 233 230 219 220 228 228 231 231 228 226 217 213 206 212 216 194 165 168
79 97 118 145 180 215 235 242 235 236 242 239 237 236 234 235 234 238 238 236 236 239 241 241 245 237 231 233 204 194 181 192 209 199 220 206 197 210 221 220 216 222 225 227 232 230 224 224 226 222 224 219 215 211 209 214 222 230 236 233 236 235 228 230 227 219 221 218 219 203 168 174 205 224 224 221 225 223 225 225 224 229 224 228 224 214 198 196 190 192
82 99 121 149 189 230 236 218 234 238 242 242 237 238 235 237 237 239 238 236 237 241 245 244 242 241 244 227 217 209 173 191 202 199 216 233 188 223 220 214 218 221 223 224 231 227 218 216 215 206 203 204 210 215 216 221 218 207 225 235 232 224 225 215 227 228 213 221 228 202 169 185 199 211 218 216 218 224 224 226 225 225 230 221 229 209 203 210 195 196
98 95 133 185 194 225 235 244 237 241 239 241 237 239 235 237 241 236 236 238 239 239 243 245 239 236 240 232 222 204 192 202 196 201 207 234 233 223 215 217 220 222 221 223 227 224 215 212 208 207 208 208 214 222 226 227 227 217 217 229 233 218 212 211 225 224 224 222 219 200 193 190 204 205 217 220 215 217 221 225 224 216 225 228 236 226 222 216 208 207
93 107 144 201 215 236 247 233 244 245 239 242 238 238 236 239 236 238 239 236 236 242 245 240 241 238 239 231 231 224 202 199 204 209 206 218 219 213 215 218 220 221 220 220 221 217 214 212 212 211 215 220 229 235 233 232 210 198 188 226 230 213 207 225 223 222 224 235 221 198 190 184 203 207 214 220 218 212 216 218 226 228 227 234 224 228 222 218 214 213
93 117 167 202 227 237 242 235 242 244 237 240 235 235 234 240 237 236 239 241 240 240 243 242 246 241 236 234 228 226 217 204 218 210 213 212 207 213 216 219 220 220 222 222 218 218 217 218 223 218 220 224 227 227 222 224 141 186 182 218 227 230 210 217 220 230 228 228 219 206 215 179 202 215 210 219 228 220 217 216 207 225 232 236 229 221 213 221 224 221
94 129 179 225 229 241 236 244 241 238 239 240 239 237 234 238 240 238 240 242 239 241 247 248 242 243 241 234 232 232 223 217 227 221 217 220 221 217 219 217 218 223 222 217 216 217 222 222 223 226 220 227 238 228 214 211 137 206 205 214 224 229 215 225 224 228 234 219 212 216 209 177 218 236 212 229 233 225 218 223 223 228 227 237 229 220 218 222 226 226
99 133 205 224 244 240 241 234 240 238 238 238 239 240 239 241 239 241 241 242 240 240 242 243 243 243 242 239 237 235 232 232 230 227 224 225 225 221 222 224 222 223 222 221 219 222 228 224 226 227 228 234 235 227 219 210 136 226 224 218 235 224 230 229 225 233 237 208 216 232 210 159 230 234 222 231 234 222 212 221 225 224 232 225 226 231 216 226 227 223
104 147 222 237 238 244 236 236 243 240 240 239 240 242 239 239 240 243 242 239 241 242 241 243 248 243 244 241 238 235 235 240 235 236 234 232 232 229 230 232 231 228 227 226 222 224 231 227 229 228 233 244 246 241 229 213 193 221 230 233 235 236 228 226 239 240 253 226 208 221 217 184 216 236 245 223 223 221 200 216 215 225 218 221 230 227 231 223 233 224
122 167 232 237 239 237 233 234 236 237 239 239 241 243 240 238 238 241 240 239 241 242 244 246 248 243 243 239 235 229 232 239 237 240 236 235 239 236 234 234 237 236 235 235 230 229 235 234 234 234 232 240 245 243 236 224 197 218 221 245 243 233 239 228 220 223 251 224 215 231 230 199 215 238 247 242 229 215 199 201 208 209 225 217 221 227 231 228 235 226
140 187 230 234 245 239 238 234 236 238 243 241 242 243 237 234 238 240 241 240 240 244 247 245 244 240 239 238 235 231 234 241 231 240 241 236 233 229 231 237 237 239 236 236 237 235 236 239 236 240 241 245 241 238 237 234 210 191 217 237 241 234 236 232 219 236 248 252 215 226 228 166 207 227 243 247 241 233 193 210 207 217 217 222 228 222 235 223 226 215
149 210 228 242 239 242 235 233 233 235 241 242 243 245 240 239 237 237 239 240 239 241 244 241 241 238 238 236 234 232 234 239 238 239 235 234 238 236 233 232 237 241 235 236 240 236 233 232 232 233 240 247 241 237 238 228 216 196 213 236 238 237 228 228 227 223 254 216 221 234 242 176 228 230 232 241 231 225 197 206 199 216 219 230 241 230 233 229 235 221
163 220 231 243 241 239 240 239 238 237 241 242 243 244 238 234 236 239 239 238 239 244 245 242 242 238 238 239 235 228 228 235 238 237 234 237 238 236 232 227 233 237 236 236 235 233 230 227 235 233 235 244 243 239 235 223 216 196 201 245 234 234 236 238 233 243 253 206 229 224 238 203 229 245 246 236 230 229 197 197 213 224 227 232 240 238 221 223 220 205
189 226 231 243 245 242 242 240 238 236 240 242 244 245 237 234 236 238 236 234 240 243 246 246 242 237 238 241 236 228 225 236 229 231 231 232 227 224 224 221 220 225 229 230 226 224 224 224 226 234 237 242 242 229 216 209 191 208 213 237 241 238 235 237 231 243 239 216 232 228 237 162 231 243 232 235 239 228 215 200 219 223 225 228 229 236 224 230 235 223
214 236 235 236 237 240 239 237 237 238 238 241 244 241 236 239 235 238 241 241 241 240 242 241 242 238 235 235 222 227 222 226 222 212 214 218 209 222 213 214 216 220 225 225 223 222 217 218 226 236 229 240 233 212 209 196 184 221 222 235 241 234 230 232 236 243 245 231 230 228 231 174 234 236 231 236 236 234 216 205 226 223 229 230 237 241 237 230 223 226
218 232 232 238 240 242 240 234 235 237 236 238 240 238 236 238 238 236 238 239 241 242 242 240 240 240 229 234 201 218 212 213 201 205 208 214 217 212 215 210 212 212 214 217 218 216 214 219 223 223 229 235 220 221 217 168 138 229 229 228 235 231 220 218 228 229 238 223 229 237 213 178 224 234 233 232 236 230 222 219 224 232 232 226 239 240 231 234 230 232
214 229 234 241 238 238 239 237 238 237 239 240 238 239 240 240 242 240 240 240 241 243 241 236 238 243 231 214 204 199 202 196 195 209 210 214 213 217 215 221 208 209 210 214 216 214 212 214 212 214 221 232 230 234 230 207 156 228 218 216 222 225 214 224 232 228 241 238 232 219 219 181 226 220 207 224 236 235 220 224 225 226 235 235 235 236 234 228 221 222
214 228 233 239 237 239 237 236 237 236 238 237 236 236 239 239 238 240 242 244 243 242 241 239 242 238 217 215 187 198 201 185 201 207 232 224 219 215 216 215 220 218 214 215 214 211 209 210 205 204 214 224 228 234 232 223 179 198 182 218 228 226 218 216 222 229 245 239 225 213 209 175 218 210 208 217 233 232 227 221 227 227 232 233 236 225 222 223 231 230
210 230 235 237 238 240 236 236 238 237 237 237 234 235 239 240 240 241 242 243 241 240 238 236 238 237 203 183 191 185 194 198 208 215 239 231 225 225 222 213 226 228 227 224 222 219 215 208 202 200 206 214 221 229 231 238 223 208 210 235 227 233 221 222 225 229 226 239 222 217 201 193 211 210 213 235 229 233 228 226 232 228 230 232 236 230 228 227 231 227
209 232 239 239 237 238 235 239 239 239 239 237 236 237 239 240 239 237 239 241 243 244 244 241 239 235 177 179 159 185 185 207 211 225 240 191 218 235 220 223 223 230 233 234 231 228 221 211 200 192 197 200 202 217 227 228 225 218 218 231 229 230 224 223 221 230 228 241 225 211 191 189 218 205 213 232 233 225 232 233 226 232 232 233 241 233 226 221 223 218
224 235 237 238 239 242 237 235 237 239 237 235 235 235 235 238 242 241 242 244 243 244 242 240 237 213 184 175 153 171 199 211 194 234 200 208 213 232 228 226 229 231 232 232 230 230 228 224 208 194 190 198 209 208 206 214 207 208 224 230 235 233 224 231 222 222 234 229 235 207 182 202 195 212 222 236 230 232 228 226 235 229 231 231 225 221 225 209 218 212
235 239 239 239 236 239 236 236 237 240 237 235 237 235 235 237 236 239 243 243 242 241 239 237 236 199 167 165 172 193 210 202 216 217 189 255 213 228 224 228 233 230 231 234 233 235 235 233 228 216 209 207 199 200 205 203 212 219 232 236 237 230 234 230 231 228 225 228 226 200 195 188 190 219 230 230 230 230 229 231 228 230 228 232 233 222 218 215 204 198
235 236 237 242 240 237 241 238 237 240 238 238 236 234 237 239 238 237 241 243 240 241 243 237 222 161 187 141 149 204 212 182 222 177 219 241 201 216 223 233 234 234 229 234 238 236 237 236 237 229 219 212 206 206 211 212 222 226 233 236 236 233 234 233 230 216 228 225 228 206 178 177 216 230 226 224 227 226 226 231 228 226 227 230 225 204 202 205 208 195
238 241 240 236 235 235 241 242 239 241 239 240 235 232 233 232 236 236 238 242 239 239 242 234 217 177 123 118 128 211 221 176 209 167 236 250 227 210 225 230 232 232 230 235 240 240 242 240 240 235 230 226 219 218 224 224 227 231 235 236 235 235 235 231 229 219 226 226 218 213 189 199 231 233 233 230 232 225 232 229 223 223 212 205 215 185 206 186 194 186
233 235 238 240 233 236 243 239 239 238 238 240 235 232 234 234 237 236 236 240 238 241 241 232 202 166 128 135 170 212 230 194 196 191 232 241 255 201 225 240 228 230 231 234 236 238 241 240 241 240 238 239 233 230 234 233 238 240 240 237 236 236 237 235 223 230 223 216 226 219 188 211 229 233 227 235 227 226 229 226 224 231 228 225 212 185 180 174 185 193
226 233 233 235 239 236 236 238 240 236 237 241 235 232 235 235 238 236 234 236 235 239 238 223 196 163 131 126 164 227 226 203 146 90 116 171 255 212 229 230 229 230 235 236 238 240 242 239 240 242 242 242 239 235 237 237 236 238 240 240 236 236 235 232 228 222 230 222 218 210 217 224 230 238 236 235 232 221 227 223 227 211 217 211 197 204 194 181 186 172
234 230 230 234 232 234 238 237 240 237 238 240 234 231 235 233 236 236 235 234 234 238 234 218 191 150 120 129 183 232 225 211 110 143 181 114 161 211 213 230 230 232 237 238 239 243 242 239 242 243 242 243 243 241 242 239 242 241 243 243 240 237 238 240 233 229 225 224 226 213 224 234 225 235 232 229 228 221 226 220 220 223 215 212 200 187 182 183 184 170
225 228 227 236 243 237 231 234 236 236 236 238 234 232 236 235 233 233 235 235 235 239 231 212 201 144 124 130 216 235 230 213 93 56 55 85 124 206 210 232 233 231 235 238 239 242 240 240 241 243 241 242 243 242 244 242 240 241 244 247 244 238 235 237 240 237 219 227 230 225 227 233 231 234 228 228 218 223 220 209 213 217 197 192 201 197 191 170 149 160
225 224 223 231 235 235 236 236 233 235 234 235 235 234 236 236 232 233 234 232 231 236 230 208 199 141 110 151 210 236 226 216 97 75 112 89 134 196 206 229 237 229 234 238 241 242 241 244 241 242 241 242 244 243 244 244 245 246 248 249 244 241 239 239 233 234 229 237 235 233 229 236 228 223 225 216 220 218 215 207 205 206 194 171 192 170 170 162 160 162
221 224 222 226 232 233 233 231 233 237 235 234 234 232 233 232 233 234 232 228 228 233 229 208 200 145 116 195 230 232 232 211 113 86 95 107 129 206 201 224 236 226 230 237 241 241 240 244 241 243 243 244 243 242 242 242 243 245 247 245 243 242 239 236 236 232 235 228 234 231 226 232 224 225 222 217 219 218 203 207 191 193 180 178 183 168 163 145 146 145
216 221 218 228 232 231 229 234 233 234 237 235 230 229 231 231 228 235 227 228 232 225 219 195 196 146 135 204 228 238 225 204 157 71 82 117 233 192 198 235 236 228 235 240 241 241 238 240 239 243 243 243 241 242 243 244 240 246 241 245 242 242 238 240 237 238 231 230 233 230 234 233 228 212 225 218 219 209 206 199 192 181 172 173 160 152 147 140 141 139
216 217 216 225 227 228 228 228 231 231 233 233 231 230 231 231 234 231 224 225 227 223 210 171 208 157 148 223 232 232 230 189 198 102 185 212 233 194 217 233 232 227 234 237 238 239 238 241 241 241 242 241 242 241 241 241 243 245 237 242 241 243 237 234 238 237 228 239 233 235 233 225 216 217 205 216 209 213 188 190 184 173 179 164 162 144 147 146 140 142
209 212 218 227 225 227 229 230 229 227 229 231 231 232 232 230 229 229 230 226 219 212 202 176 202 168 181 213 231 233 233 169 187 111 146 213 193 173 217 228 229 228 237 238 239 241 242 244 241 242 242 242 243 240 239 240 239 243 239 242 240 241 238 238 238 229 236 232 229 227 218 215 209 214 205 206 196 182 193 192 182 172 159 173 159 153 152 145 142 138
212 215 216 223 220 225 229 228 228 227 228 230 231 231 230 227 223 220 222 221 221 213 200 188 149 156 197 209 232 227 224 181 192 172 101 175 172 190 223 225 225 228 238 240 240 243 243 243 245 242 239 241 242 240 240 242 241 244 242 242 238 236 236 237 233 233 235 229 231 214 211 210 196 201 199 190 196 199 194 183 185 170 167 150 163 167 152 142 128 133
205 217 221 227 220 220 224 229 230 229 231 231 231 230 228 225 229 221 219 216 220 214 194 178 129 163 199 218 229 226 230 207 183 177 130 122 174 186 219 223 224 230 237 241 243 244 244 243 243 241 238 240 241 240 239 241 239 237 235 235 237 237 237 232 231 225 227 220 218 214 196 203 192 186 190 192 189 184 196 189 180 174 163 175 160 162 148 139 137 129
204 211 212 218 217 218 222 229 232 230 231 232 231 228 226 225 225 217 220 214 214 216 209 187 147 157 198 210 218 225 231 217 165 192 153 164 179 207 216 221 227 234 237 240 242 243 245 244 240 239 236 238 238 237 236 236 239 237 236 233 233 229 231 226 223 220 216 206 198 186 194 195 195 188 186 187 185 199 177 184 170 171 174 170 157 158 129 135 127 124
195 198 203 214 212 214 216 218 225 225 225 227 225 225 224 223 222 219 218 210 209 216 214 192 161 148 204 207 220 216 214 217 196 195 191 160 184 212 214 221 225 231 234 237 240 239 242 243 239 238 235 235 235 235 233 232 233 233 237 232 229 222 226 221 219 207 207 190 197 186 193 189 196 181 190 191 192 189 186 179 174 181 158 172 162 130 151 135 132 114
181 178 183 201 203 209 213 212 216 214 216 217 216 217 218 219 214 219 216 207 207 207 204 191 147 147 189 194 217 216 210 212 216 202 200 186 205 208 216 222 227 234 237 239 239 237 242 243 240 240 236 232 233 233 232 233 231 230 230 226 225 218 218 209 193 204 203 198 201 188 193 196 195 185 195 192 184 194 190 175 165 163 171 154 151 137 137 137 130 109
170 178 182 186 200 202 207 201 207 207 204 207 212 209 209 215 208 209 214 207 203 200 207 199 166 139 174 195 209 210 210 211 207 208 209 207 210 216 220 221 227 231 235 238 237 238 238 237 234 232 235 235 231 232 233 230 231 229 219 220 219 221 211 212 209 201 203 200 200 193 187 200 195 185 192 184 176 171 168 172 163 151 159 164 147 142 137 133 99 160
132 161 178 180 190 190 196 202 198 202 205 206 199 205 210 204 209 205 205 202 198 194 199 198 182 133 174 194 202 201 207 200 208 211 214 215 215 220 222 222 227 231 232 234 234 234 234 233 239 236 230 228 227 229 229 228 226 225 217 224 214 212 215 203 200 207 199 204 205 204 203 203 195 196 183 181 180 165 175 173 159 163 156 151 146 131 127 115 167 177
134 139 170 177 179 190 192 190 196 199 197 204 197 196 199 202 202 202 199 197 192 194 189 184 183 141 170 171 185 197 207 194 210 216 221 221 222 223 224 225 228 229 230 231 231 232 232 231 231 236 237 233 230 225 222 223 220 218 217 210 204 211 203 209 204 194 208 198 198 203 193 184 190 184 186 171 172 176 169 172 166 151 142 133 138 131 135 169 182 180
129 123 140 160 183 189 185 179 189 191 195 189 196 189 198 192 193 193 190 195 194 194 184 186 183 169 173 158 186 205 201 210 215 221 225 225 223 225 225 225 228 227 227 227 228 230 232 231 233 232 228 224 224 222 218 216 215 211 210 206 195 196 202 194 202 203 204 198 188 193 183 193 183 175 169 171 170 161 171 167 153 146 141 146 123 150 177 182 190 190
112 98 128 151 170 181 175 172 179 172 178 185 185 188 196 188 190 193 189 185 181 191 181 178 182 172 183 178 171 192 201 215 220 224 227 228 227 227 228 226 223 222 221 221 223 226 227 228 228 226 226 228 225 220 213 203 202 197 198 193 188 192 199 192 197 187 194 193 197 189 180 171 180 172 183 167 162 165 157 148 149 140 129 128 169 181 183 172 181 189
92 89 108 123 134 145 156 157 163 149 153 163 168 176 179 186 184 180 181 181 181 185 178 182 184 182 180 184 178 200 204 209 216 222 224 224 227 228 228 226 222 220 219 219 218 219 221 222 223 221 225 223 214 210 205 198 197 193 194 177 185 192 186 195 181 192 191 188 180 176 171 180 166 163 170 158 156 155 145 140 143 131 147 168 171 176 174 181 183 186
67 73 81 110 113 109 136 119 130 125 141 119 146 148 156 161 166 163 174 174 177 179 177 176 178 184 182 187 182 201 209 204 210 215 217 219 221 223 222 219 217 217 216 216 215 213 214 215 214 212 210 205 199 193 190 186 182 184 185 181 187 185 189 185 189 187 177 170 164 158 173 168 168 169 160 152 151 145 152 145 136 163 170 174 174 176 185 185 184 184
51 53 70 77 97 94 78 99 102 99 119 114 117 127 123 128 140 131 147 155 165 164 169 172 166 180 183 192 191 190 197 200 203 207 211 211 211 214 214 212 212 211 211 210 210 209 208 209 202 206 203 192 184 179 180 186 177 183 185 171 183 181 170 183 182 163 170 162 159 171 158 164 164 157 152 161 154 140 151 142 158 163 170 170 175 176 174 177 173 173
42 46 54 69 72 72 72 73 84 87 85 92 86 100 96 102 114 99 95 113 125 146 163 158 161 173 177 180 188 193 190 202 197 200 200 201 199 204 203 208 203 204 201 200 203 199 201 190 190 197 182 179 180 169 178 166 173 180 181 175 183 178 171 165 164 167 156 161 163 168 155 165 149 150 146 142 145 154 161 165 165 167 162 164 163 158 158 160 147 172
38 30 46 46 47 56 55 67 57 70 77 89 86 67 74 75 85 81 71 71 71 103 122 142 147 157 170 178 173 185 185 190 192 195 193 194 191 197 201 200 199 198 197 190 198 192 180 190 181 177 174 170 165 171 173 177 172 169 186 171 159 169 157 160 165 159 143 147 149 155 142 143 138 148 156 155 155 167 184 197 212 225 242 236 237 237 240 84 45 46
30 37 33 37 43 49 43 62 48 58 67 106 58 59 64 51 70 68 68 61 57 58 70 79 102 132 134 151 155 164 169 172 179 177 183 192 193 189 194 191 192 195 191 186 190 183 178 174 173 167 164 163 176 167 173 172 162 164 167 158 172 164 141 149 142 131 124 132 146 183 206 225 233 233 232 232 233 235 233 230 231 226 230 229 232 226 225 223 200 36
28 25 38 31 38 38 38 39 66 51 93 100 81 59 37 39 29 38 44 38 43 56 40 54 59 74 96 106 96 111 113 137 151 149 156 167 172 176 183 186 187 184 180 179 185 178 180 176 175 166 162 162 162 165 153 156 161 153 141 143 152 151 161 196 223 224 230 233 226 229 228 229 228 227 226 227 228 228 228 228 225 225 223 226 222 223 221 225 222 129
18 27 32 38 29 33 43 38 45 76 108 81 62 52 34 36 28 26 29 41 35 36 32 35 39 36 46 64 66 71 59 77 68 87 97 115 113 142 147 167 169 168 165 150 161 168 158 163 161 146 158 153 154 156 169 162 170 194 198 198 173 230 238 234 228 226 227 225 223 226 222 221 225 224 223 224 224 223 223 224 226 222 227 220 223 223 224 222 222 221
25 25 46 25 32 37 43 56 32 32 40 50 43 41 33 33 39 31 32 24 36 40 30 33 27 42 29 33 46 47 45 41 38 36 45 48 64 73 86 100 133 138 154 161 175 179 181 192 198 199 190 194 196 201 206 202 208 214 195 182 225 231 231 230 225 224 224 221 223 226 223 225 221 221 223 225 224 222 221 222 220 223 221 224 226 222 223 225 226 220
18 21 41 42 44 41 37 35 54 43 57 73 87 96 51 44 41 42 34 40 30 34 37 45 35 27 35 34 33 27 26 28 27 31 34 57 68 81 107 126 156 168 182 184 192 204 211 197 177 144 187 215 213 207 208 208 214 203 188 201 228 224 227 225 225 226 229 226 226 223 222 225 227 225 223 223 225 226 227 225 225 221 222 221 222 220 225 222 223 222
16 22 32 37 67 52 36 35 34 40 50 51 69 60 60 64 49 48 35 27 29 32 31 33 36 33 37 24 30 25 26 28 29 43 57 54 77 84 146 157 152 189 227 215 210 222 222 221 173 169 206 220 209 208 209 205 204 186 216 236 224 222 225 228 228 224 226 224 227 226 226 226 224 225 226 226 227 228 227 226 222 224 220 224 220 224 220 222 221 223
34 20 47 76 51 40 30 38 49 38 38 47 72 53 48 39 46 37 34 33 30 28 37 36 40 30 29 30 29 32 24 34 39 52 95 106 113 129 147 185 147 164 200 215 224 223 220 211 187 200 216 218 208 208 206 197 174 232 233 223 223 220 229 226 226 226 226 223 224 224 224 224 224 224 226 226 226 226 226 226 224 224 224 224 224 224 224 224 224 224
27 36 53 59 42 46 30 31 41 32 35 46 72 56 54 46 45 33 28 29 31 32 39 35 36 27 26 27 27 32 27 38 54 69 99 112 132 167 187 210 199 180 182 191 206 204 197 187 173 199 200 189 193 200 199 190 245 232 219 221 220 218 227 226 226 224 224 223 224 224 224 224 224 224 226 226 226 226 226 226 226 226 226 226 226 226 226 225 225 225
