234 232 235 232 230 234 232 217 169 168 179 163 157 143 142 140 147 151 146 143 137 131 132 130 126 120 113 120 113 110 110 111 115 112 117 114 113 109 118 116 124 119 127 119 133 131 137 133 132 143 144 151 158 153 156 162 157 176 162 166 167 170 154 169 164 172 173 165 177 173 177 174 178 176 163 170 156 163 167 175 174 181 183 186 188 187 187 190 192 189
225 227 228 208 158 151 164 169 170 177 177 176 170 174 168 167 162 154 145 153 161 156 153 154 143 140 140 138 142 138 139 139 136 142 131 131 132 126 130 134 138 134 139 138 138 148 159 161 168 166 168 167 170 162 164 157 165 161 172 176 184 183 188 185 181 180 188 183 195 197 199 196 201 199 199 209 206 203 198 192 190 196 189 185 189 193 200 202 200 200
233 185 164 193 186 178 185 194 167 163 181 198 184 180 187 183 178 177 167 154 137 119 112 113 110 115 110 97 100 109 120 140 154 147 112 112 115 110 102 98 127 131 122 120 109 110 114 145 170 163 155 158 154 151 144 133 137 141 143 155 145 152 147 146 172 167 185 180 179 184 190 189 196 184 183 192 203 206 206 193 186 194 200 204 212 216 212 213 204 197
182 176 188 182 178 162 186 192 186 175 164 159 146 140 149 148 134 120 104 98 99 101 101 98 103 108 127 124 133 81 60 83 73 81 84 99 101 101 106 109 121 143 156 160 145 153 145 144 149 152 154 139 150 148 152 144 151 161 164 171 179 196 203 211 208 213 224 220 227 225 217 216 220 216 223 226 224 222 227 225 222 214 219 217 217 219 216 224 223 220
184 179 168 166 179 169 142 156 151 155 142 140 107 92 82 86 79 100 126 137 144 157 158 146 140 129 138 133 131 140 150 158 169 157 162 172 185 186 180 168 176 163 160 164 162 171 175 178 184 185 188 198 202 201 194 195 202 194 195 186 190 191 201 195 191 190 193 187 183 182 183 172 182 185 191 192 179 174 174 175 179 175 181 187 186 188 194 201 196 195
170 154 169 135 143 159 147 134 113 100 102 132 149 164 170 169 174 164 159 157 160 170 172 168 161 162 170 154 167 176 187 186 177 170 176 170 180 182 187 195 194 187 187 185 192 191 188 188 185 172 184 187 193 185 194 196 200 197 204 211 207 210 216 217 218 218 223 223 213 216 223 214 225 225 226 226 221 221 218 222 222 227 223 230 225 218 228 223 233 230
149 122 123 119 121 133 142 155 184 183 184 170 178 169 166 166 166 170 174 173 181 191 192 193 188 191 187 185 185 189 189 193 194 199 204 202 205 201 196 200 191 187 196 195 195 201 207 203 206 203 207 201 196 204 203 195 203 205 210 207 208 209 217 219 224 228 224 223 226 227 223 227 228 224 224 220 227 226 222 224 223 225 216 219 220 215 219 220 225 229
177 195 175 185 180 188 189 188 179 169 173 172 175 179 180 183 194 200 200 194 201 206 205 213 211 214 209 211 218 223 221 218 221 228 222 226 220 215 203 195 200 191 185 188 190 177 168 178 170 165 169 166 165 156 154 160 163 160 162 153 160 164 167 149 162 151 167 171 153 156 156 153 168 185 213 208 210 185 176 177 193 185 185 184 192 189 176 189 202 199
178 180 197 193 181 178 172 186 182 192 196 200 200 195 198 199 207 217 205 211 217 225 226 230 220 217 212 209 201 190 186 181 179 164 155 158 152 150 140 137 132 129 132 147 145 134 135 139 139 143 144 137 137 153 171 182 191 198 192 190 195 194 201 217 218 207 213 217 212 199 193 186 179 182 183 191 191 190 202 207 213 207 205 204 206 207 206 212 204 190
191 176 181 188 200 197 193 194 187 193 201 205 210 216 221 217 214 214 212 202 186 172 172 175 164 161 157 140 135 141 137 141 153 166 167 175 178 181 190 200 199 208 205 205 204 201 201 200 196 195 194 191 193 196 195 195 186 181 180 176 175 171 170 162 169 177 179 184 182 182 196 194 191 207 198 204 198 205 198 195 194 196 205 200 193 191 177 171 175 187
192 186 183 189 200 184 185 203 218 222 217 206 205 200 181 167 170 164 165 154 171 174 186 191 181 208 211 204 196 191 197 194 188 194 196 204 205 201 194 199 190 190 182 183 186 183 179 175 172 168 165 156 149 146 147 153 155 155 149 158 165 178 175 166 167 175 192 192 193 204 202 204 203 194 204 205 209 194 199 180 197 210 208 215 225 214 205 210 198 210
166 168 188 198 203 210 218 208 200 187 181 166 148 153 172 189 202 193 189 195 189 194 200 204 211 208 208 207 203 197 191 195 188 179 180 169 166 182 167 158 160 156 156 158 152 151 154 152 151 160 170 172 172 176 180 187 194 201 205 202 209 207 211 206 203 204 199 198 194 192 185 181 181 182 183 180 189 187 196 197 196 185 175 172 177 180 194 212 222 224
195 190 218 213 207 192 188 160 169 183 196 197 198 199 198 200 201 205 188 181 187 184 174 166 165 164 168 165 164 168 166 162 158 160 177 167 150 165 164 167 167 160 164 170 165 164 174 183 191 192 199 204 211 218 213 211 214 211 201 201 185 189 189 187 185 185 179 181 178 176 170 170 174 180 174 184 180 188 179 180 176 188 178 192 197 190 200 181 192 187
208 206 192 184 174 199 191 189 196 202 208 201 185 184 187 174 168 168 168 167 162 152 149 146 136 140 137 139 138 138 139 121 128 125 131 150 161 169 176 181 189 197 204 201 205 215 218 217 220 215 210 198 185 171 162 161 155 152 151 144 145 140 147 145 143 148 153 149 150 165 156 168 174 176 173 173 173 178 178 179 171 186 193 194 188 185 192 197 203 199
169 171 188 194 189 192 200 193 194 183 169 174 176 173 174 161 151 150 145 141 119 120 98 107 98 90 114 145 166 173 167 173 177 187 186 191 194 199 205 208 211 204 195 175 156 146 142 145 146 140 137 134 132 132 128 128 118 119 113 117 113 106 91 78 75 96 106 128 151 171 167 165 155 158 161 145 132 155 180 181 176 172 182 193 190 196 207 203 202 206
188 194 182 200 189 194 175 156 170 175 165 159 151 145 133 89 68 56 87 77 82 100 136 181 179 168 157 163 173 175 178 178 186 187 181 168 153 146 137 140 144 128 131 133 128 128 128 131 133 137 142 141 143 146 143 140 140 127 126 122 112 114 120 104 105 86 57 45 60 94 90 99 128 143 158 159 169 166 159 159 137 148 175 174 177 195 192 198 216 212
194 190 192 166 156 170 178 168 167 152 116 78 67 78 76 88 100 127 164 168 150 144 150 161 173 180 183 180 171 148 119 95 80 71 71 70 83 98 109 123 133 134 141 143 146 151 157 168 173 179 187 192 196 196 198 200 195 191 184 175 163 155 148 141 135 122 114 106 88 65 56 59 60 88 78 86 95 129 143 154 167 176 181 173 172 175 179 183 193 194
167 165 165 187 180 153 178 104 64 75 73 83 103 133 159 168 147 137 148 165 168 167 157 151 138 116 121 131 128 114 105 91 76 57 53 54 71 95 101 118 138 150 160 171 180 191 200 208 217 220 224 226 228 228 229 229 229 226 221 217 210 204 197 189 183 172 161 151 136 115 88 65 65 49 57 49 53 78 93 114 102 103 92 113 152 168 188 196 175 169
178 182 178 174 158 82 84 83 96 112 128 148 160 151 133 151 161 150 158 160 141 127 125 127 130 119 137 161 156 150 124 76 56 51 43 43 71 91 107 126 146 174 188 204 213 224 226 232 233 232 234 235 236 234 233 230 228 226 224 223 220 217 212 205 200 199 198 193 188 180 159 135 85 51 47 54 47 63 51 85 67 78 83 110 97 93 89 74 126 150
174 161 166 98 84 93 98 119 142 157 149 140 149 146 154 155 158 145 139 137 135 142 151 156 176 156 200 203 201 185 150 72 54 52 47 47 64 89 133 153 168 199 210 222 226 234 234 241 236 235 235 235 233 233 232 229 230 227 225 224 222 221 220 217 212 212 213 209 205 201 194 184 165 132 59 40 49 51 62 40 45 76 69 41 56 84 73 77 86 115
169 152 94 132 117 149 146 158 146 151 144 138 170 149 143 131 137 143 150 160 173 188 200 206 206 201 226 228 218 180 164 62 48 72 88 67 76 130 145 171 180 206 220 230 230 233 232 234 235 236 236 235 234 234 234 232 230 227 226 224 222 221 221 221 224 222 218 216 213 210 206 201 199 185 167 107 50 62 50 67 49 50 51 92 68 51 54 63 62 62
129 99 130 156 152 153 149 150 148 144 154 154 138 138 139 144 153 170 186 203 215 222 225 229 210 216 233 227 218 196 99 48 72 134 149 147 69 80 179 178 197 207 224 229 230 231 234 237 235 237 237 236 235 235 235 234 231 229 229 228 225 223 223 224 224 224 220 218 214 213 211 204 202 202 195 180 144 61 59 44 47 53 48 44 57 68 52 34 43 46
149 162 145 151 149 149 145 155 156 153 133 141 132 148 159 172 189 204 216 227 229 226 226 226 213 211 236 227 214 143 82 44 147 192 177 197 148 71 171 185 203 196 219 225 228 229 233 231 236 238 237 237 237 237 236 235 234 232 232 232 229 227 226 225 225 226 226 221 217 218 217 215 211 207 200 203 187 179 107 66 43 42 31 46 55 52 56 72 59 38
164 161 157 152 152 155 161 162 144 134 141 147 169 186 194 210 217 223 228 230 227 228 229 225 208 217 229 224 181 160 55 62 205 201 213 208 174 70 168 188 207 188 216 221 228 228 235 233 238 240 239 239 240 241 239 237 238 235 233 233 231 229 227 226 228 225 225 226 224 221 220 220 218 211 217 203 201 191 183 141 62 52 31 44 48 29 54 54 63 88
163 162 161 161 166 184 163 147 152 163 175 186 198 210 220 226 224 224 228 230 228 227 228 231 210 204 227 222 170 153 48 145 141 117 143 203 209 104 150 197 211 191 212 219 227 233 230 236 237 238 239 241 242 242 240 238 241 238 235 234 233 229 227 226 228 221 224 225 223 225 221 219 218 216 212 210 206 202 196 187 156 69 63 27 44 41 45 69 55 80
160 158 168 175 197 160 165 167 180 192 204 214 223 227 227 227 225 226 230 231 229 228 230 234 218 202 219 226 181 143 51 91 133 101 124 110 208 119 154 198 213 199 210 229 226 231 231 235 236 236 239 240 242 242 241 240 241 238 235 234 232 229 227 227 221 219 220 220 219 220 219 219 222 220 217 214 211 208 202 195 185 174 107 96 40 48 67 69 55 37
169 162 177 204 163 174 180 200 206 214 222 226 230 230 225 224 230 232 233 234 233 230 231 234 205 188 221 223 192 162 59 116 59 139 72 123 119 140 138 190 210 193 210 231 224 231 231 234 234 237 240 241 241 240 240 240 238 238 236 235 233 230 228 228 227 228 224 222 220 220 224 227 226 225 223 220 217 213 207 201 192 187 186 130 118 102 95 93 86 61
182 179 200 165 177 185 200 218 225 230 231 232 231 231 228 229 232 233 237 236 236 232 231 232 214 192 212 221 201 155 54 89 32 162 29 121 122 137 157 198 206 184 218 228 228 233 231 235 235 237 239 239 238 238 237 237 236 235 235 233 231 228 227 229 226 227 222 220 217 217 222 225 226 227 225 222 219 216 210 207 202 197 190 192 154 133 125 114 111 112
173 190 177 178 188 206 216 231 229 233 233 232 231 230 229 231 235 235 237 238 238 235 233 233 222 192 199 212 208 127 61 100 34 87 30 118 117 138 173 196 203 187 218 225 224 228 229 232 235 238 240 238 236 235 235 235 235 236 236 234 231 229 230 229 228 226 224 222 216 214 222 228 227 226 224 220 218 217 214 212 209 204 204 192 195 153 137 131 129 133
182 180 171 189 209 219 229 228 234 236 236 234 233 233 233 236 236 236 236 237 237 237 236 239 227 196 174 211 202 168 76 116 108 179 117 149 152 122 184 191 195 198 211 225 220 223 229 234 237 238 239 237 235 235 234 233 235 236 237 237 234 232 231 230 226 224 224 220 211 206 212 230 227 227 224 219 217 217 216 214 215 208 207 194 196 188 161 142 144 148
185 175 193 205 219 230 238 233 236 235 233 232 233 234 236 237 236 235 235 235 235 236 237 239 232 214 186 187 189 181 109 82 134 142 140 155 184 146 181 192 194 212 217 227 223 225 234 239 237 240 239 236 234 234 232 230 232 236 237 236 234 234 233 231 229 227 229 222 216 204 199 224 225 224 222 218 215 217 217 215 212 210 210 208 199 197 192 164 157 159
187 186 207 226 229 236 231 229 233 235 234 235 237 237 236 235 235 235 235 235 233 232 233 237 238 228 187 165 186 178 112 73 203 203 220 233 149 169 185 187 196 215 228 224 229 224 229 233 238 238 238 234 233 232 230 225 226 229 232 233 232 234 234 232 230 226 229 223 222 204 190 219 224 223 221 218 216 218 218 217 218 212 214 212 210 200 193 196 170 162
179 200 217 225 231 235 235 233 237 238 238 240 239 238 237 236 236 239 240 238 237 236 235 235 237 232 219 179 169 190 141 115 119 223 227 225 160 183 183 189 201 219 226 225 225 228 231 231 230 230 233 234 236 231 226 224 217 220 225 231 234 232 233 230 224 223 229 222 219 212 201 214 221 221 219 216 215 222 213 218 214 215 214 212 212 210 202 192 190 178
188 214 227 234 237 235 234 237 238 237 238 239 238 237 237 237 240 241 241 240 239 238 237 236 234 230 228 194 175 190 186 118 118 177 215 192 175 198 186 191 214 226 225 221 221 222 227 227 231 232 232 231 230 228 221 216 219 219 226 231 226 231 229 231 231 227 222 226 225 221 210 181 212 217 213 219 217 219 218 215 218 219 217 215 214 214 210 204 197 190
199 223 222 232 240 231 235 232 238 238 238 238 238 237 238 239 240 240 240 238 238 238 237 235 223 234 226 221 200 187 200 178 137 147 210 193 178 186 183 209 218 225 224 221 223 224 227 227 222 225 228 228 228 224 217 210 214 218 229 221 232 232 232 228 226 224 224 228 222 222 221 188 183 216 222 214 219 215 215 214 217 220 221 220 218 217 214 211 201 194
217 227 239 234 233 235 228 238 238 239 240 239 238 238 239 240 240 239 238 238 238 237 236 234 232 231 231 223 212 191 197 195 184 153 146 128 172 178 201 215 214 219 217 218 221 219 219 216 216 216 214 211 208 208 209 210 211 210 223 229 236 225 229 233 230 229 228 225 217 218 218 204 192 203 216 224 217 215 212 216 216 220 223 223 221 219 217 214 216 207
217 228 232 236 235 232 237 238 238 239 241 240 239 239 239 239 239 238 238 239 239 238 237 234 235 228 230 227 219 214 198 191 193 193 201 161 179 194 200 210 211 213 212 213 214 213 214 213 210 205 202 199 201 203 210 217 220 210 199 229 224 231 231 223 226 229 228 225 219 218 222 211 180 196 203 225 219 223 207 210 219 222 224 224 224 223 222 221 214 208
224 229 233 236 235 236 237 233 237 239 241 240 240 239 238 238 239 237 238 239 238 237 237 234 234 236 225 230 220 213 187 193 182 192 199 202 189 195 203 208 208 211 212 213 214 211 213 211 203 201 201 206 215 216 216 218 223 209 180 213 221 225 226 229 227 230 222 226 221 223 227 199 170 205 202 204 221 221 216 210 216 220 224 227 228 228 226 225 219 217
218 233 231 237 235 230 240 237 237 238 239 239 240 240 238 237 239 237 239 240 237 236 238 236 241 240 235 226 224 214 211 199 190 189 184 178 190 196 205 204 212 215 213 214 213 209 209 204 209 211 211 214 220 223 218 213 216 210 183 197 217 222 227 227 228 230 224 226 221 223 229 202 165 185 198 205 219 217 225 207 212 217 224 230 231 230 227 225 224 222
226 232 234 229 231 236 234 237 238 239 239 239 241 241 239 238 241 239 241 241 238 238 240 239 237 240 234 227 224 218 218 211 208 195 195 199 203 206 210 214 213 214 214 215 213 214 216 214 213 220 221 221 225 227 223 217 208 206 198 210 205 217 227 225 233 229 226 222 224 232 224 203 173 204 217 221 204 221 219 212 213 218 224 229 230 229 229 229 224 222
226 229 228 233 235 233 237 237 239 240 240 240 241 241 239 238 240 241 240 240 240 238 237 240 236 238 233 232 230 224 223 220 213 211 213 215 217 219 220 219 220 218 220 223 223 220 218 218 219 224 225 224 223 225 223 219 215 212 201 209 207 213 225 229 234 231 231 225 230 234 228 207 202 209 222 240 223 215 219 219 208 217 221 231 234 230 231 227 229 225
226 229 226 230 233 234 238 239 239 239 239 239 240 240 239 238 240 241 240 241 240 238 237 238 237 240 233 230 229 225 224 223 224 225 223 222 228 228 227 229 226 225 226 225 225 227 227 225 225 229 228 227 227 229 226 222 217 221 220 215 206 224 230 232 234 232 232 229 233 238 230 202 204 209 222 237 226 217 221 214 212 217 223 230 232 232 233 233 230 226
232 233 232 237 239 236 236 235 239 239 239 238 239 240 239 238 239 241 241 241 239 237 237 237 236 239 233 231 233 231 231 233 230 232 231 231 236 234 229 229 229 229 229 226 226 231 232 229 228 230 230 226 227 228 227 222 226 223 223 223 208 222 232 237 231 233 234 232 232 235 231 202 208 200 223 246 236 209 217 220 209 215 228 235 234 235 233 233 232 229
229 230 230 233 235 234 236 237 239 239 239 238 239 239 239 239 239 241 241 241 239 237 238 237 235 235 234 234 235 234 235 235 235 235 237 238 237 236 233 228 232 233 231 229 228 232 233 229 229 230 230 227 227 229 227 224 225 228 228 224 202 199 223 231 238 234 232 232 234 238 239 208 209 203 228 239 237 223 229 214 210 214 231 236 233 236 233 235 230 226
223 228 233 236 237 237 233 233 239 240 240 239 240 241 239 240 240 241 240 240 239 237 238 237 238 234 236 235 232 233 234 232 238 235 235 235 234 234 234 232 231 231 232 232 232 232 231 229 228 228 228 228 228 228 227 224 226 220 223 221 208 197 225 234 234 232 230 232 230 231 235 214 212 194 219 236 237 217 225 214 210 212 232 235 233 237 233 235 231 227
228 231 235 235 235 236 233 235 239 240 240 239 240 240 239 240 241 241 240 240 238 237 238 237 238 234 234 234 231 234 235 235 231 233 231 229 232 231 229 232 229 228 229 233 232 230 228 227 223 224 226 226 227 228 226 221 219 217 223 204 196 208 232 235 237 232 230 232 234 235 233 211 213 192 220 241 240 218 225 218 208 212 231 236 233 237 234 234 229 225
224 227 232 232 234 237 235 238 238 239 240 239 240 240 239 239 240 241 240 237 238 237 238 238 236 236 233 229 230 231 229 233 223 226 225 224 227 226 225 228 229 228 228 231 229 225 221 220 219 221 223 226 228 230 226 222 214 204 194 191 193 218 233 236 236 233 232 230 231 234 225 205 211 188 213 237 238 226 226 213 209 213 228 234 231 236 237 236 230 227
231 229 233 231 233 237 236 238 237 239 240 239 239 239 239 239 240 241 238 237 238 237 235 236 233 237 232 224 228 226 218 222 219 218 217 217 214 216 220 222 225 225 224 222 220 217 213 211 216 216 217 223 226 227 222 216 210 201 180 198 199 223 232 231 237 235 234 227 233 238 226 202 209 186 213 235 231 222 229 220 205 212 228 238 236 238 237 232 229 226
226 228 232 234 236 237 236 236 234 235 236 238 239 238 238 238 237 240 237 238 240 238 235 235 233 235 231 218 224 222 213 213 212 207 206 202 206 210 213 219 220 218 217 216 216 214 210 208 212 215 218 219 218 220 214 209 212 161 178 210 202 218 229 231 233 230 230 232 231 236 225 205 203 190 234 229 230 223 224 220 204 212 226 235 235 235 237 237 234 230
228 231 232 233 233 233 233 235 236 237 238 239 237 236 237 238 239 239 236 237 239 238 235 235 233 230 222 224 221 212 201 199 191 191 188 195 196 203 207 216 216 217 214 215 215 213 212 209 206 202 201 204 204 208 209 214 220 181 188 194 211 228 232 235 231 228 228 230 229 235 226 204 195 190 218 239 212 210 223 223 205 212 226 235 235 235 236 234 231 227
227 229 231 233 233 233 236 238 237 238 240 239 236 235 237 239 239 239 237 239 239 236 235 234 237 230 218 216 210 209 193 186 186 188 186 181 185 193 199 208 211 212 213 215 215 218 217 212 199 194 191 190 193 204 207 212 217 197 188 190 220 234 230 229 231 229 228 228 227 230 222 197 186 207 216 228 210 227 225 222 207 214 226 234 235 235 234 232 232 228
229 233 234 235 234 233 235 236 235 236 238 237 235 235 237 239 238 238 237 240 240 236 235 233 235 215 213 199 181 193 198 196 199 208 214 207 198 189 192 197 204 208 210 213 215 219 222 217 206 194 186 189 187 191 197 214 216 210 190 213 231 235 234 225 229 228 227 228 226 230 225 195 168 211 213 203 211 229 224 215 211 216 224 231 234 234 234 232 231 228
230 233 234 235 235 236 236 236 236 236 238 239 237 236 237 239 237 238 237 240 239 239 237 236 231 198 182 172 192 199 204 204 208 221 221 206 210 203 196 202 207 208 210 209 209 213 218 213 208 195 187 188 190 195 197 209 210 206 197 225 235 231 234 229 229 228 227 227 227 227 226 189 166 207 209 216 222 214 224 214 214 216 223 229 232 232 231 229 227 225
230 230 231 231 234 237 238 238 238 236 238 238 237 237 237 237 237 237 236 237 238 240 240 235 211 187 170 165 198 200 204 195 190 202 202 222 207 211 212 209 214 211 211 210 209 209 212 211 213 212 202 188 184 195 196 200 203 202 216 228 237 232 230 228 231 230 227 226 226 224 224 179 200 209 203 213 222 218 218 212 215 219 224 230 233 232 228 226 224 222
230 232 232 230 232 234 235 235 238 237 238 238 236 236 236 236 238 237 234 236 238 241 236 224 191 167 182 185 197 203 182 144 174 158 199 202 210 206 219 220 216 210 211 212 211 213 220 221 217 222 222 214 198 187 182 194 190 195 222 229 236 236 229 231 229 228 225 223 224 222 224 175 201 213 222 217 216 219 211 218 219 222 225 228 230 228 224 222 219 217
227 230 231 232 232 235 236 236 235 236 235 237 235 235 236 237 238 236 234 236 239 239 232 213 186 172 202 193 191 186 141 135 155 234 195 185 205 199 209 221 225 218 216 218 215 217 222 224 223 226 228 230 223 213 197 197 205 212 230 241 233 236 230 229 233 231 225 222 223 219 221 169 183 204 223 219 217 212 217 215 222 224 224 224 225 224 221 220 219 218
228 229 228 231 231 232 235 233 233 233 235 236 234 235 236 236 236 234 236 235 236 233 231 203 188 205 211 193 191 129 159 137 211 221 199 173 199 205 203 216 223 226 220 221 219 225 228 228 234 231 232 234 234 231 225 217 222 227 233 235 234 234 234 232 237 228 231 217 219 219 215 169 187 216 222 218 217 214 218 219 221 222 225 225 224 224 223 221 218 218
227 229 228 231 230 231 234 233 233 231 234 234 233 234 234 233 233 232 235 235 237 234 229 202 192 219 216 201 167 143 86 195 226 220 195 148 191 197 202 210 215 222 222 224 223 233 236 234 233 232 235 237 234 232 231 228 226 231 233 233 233 233 233 231 234 228 222 222 212 211 207 168 206 222 221 218 217 216 220 219 219 220 221 221 220 220 219 217 216 216
225 228 227 230 229 230 234 233 234 233 235 235 232 233 234 233 233 233 235 234 235 230 219 195 200 223 221 192 112 103 157 223 227 226 222 102 194 205 202 209 215 220 223 228 225 234 237 235 236 236 239 238 236 234 235 235 232 232 232 232 234 233 233 232 235 229 223 218 211 208 182 195 225 228 221 221 221 219 221 218 218 218 219 219 219 219 218 216 216 214
223 224 225 227 229 229 231 231 234 233 233 232 230 231 232 231 233 233 234 233 236 231 216 198 210 229 201 173 96 61 167 181 189 220 230 147 185 210 201 205 218 219 222 231 227 230 236 236 240 239 238 238 235 235 234 233 235 233 231 231 232 232 233 233 235 230 224 216 211 202 172 227 233 229 221 222 221 219 220 217 217 216 217 218 219 219 218 217 214 212
218 222 222 225 229 229 230 231 233 232 231 229 229 230 231 231 234 232 230 227 229 224 205 196 217 231 208 171 82 69 134 131 136 135 207 153 147 204 208 196 214 217 221 231 228 231 235 239 237 237 236 234 236 237 239 238 236 233 230 232 234 232 233 233 232 231 221 221 211 189 201 235 233 226 223 224 222 219 218 215 216 214 215 216 217 217 215 214 209 207
209 215 216 221 227 228 229 228 229 231 230 228 230 230 231 231 232 231 229 227 230 226 207 212 222 232 210 160 77 103 85 225 69 129 127 154 136 201 208 196 210 220 224 230 228 234 236 235 236 238 236 236 236 239 240 240 238 235 231 232 233 231 232 231 229 232 221 224 215 198 225 231 231 227 224 223 221 218 218 217 218 215 215 216 215 213 210 208 205 202
195 203 208 213 220 222 223 224 226 231 231 230 232 231 231 232 232 233 230 229 228 222 204 220 232 227 208 171 63 74 27 45 28 101 121 131 115 192 212 191 208 223 227 230 232 234 233 232 237 240 238 236 238 239 240 241 239 238 234 231 231 230 231 229 225 226 226 222 221 218 228 232 229 228 226 222 220 219 219 219 218 217 215 216 213 210 205 202 202 200
183 193 201 208 215 217 220 222 223 227 228 228 230 229 229 229 229 231 231 230 227 220 203 226 235 230 207 141 57 83 23 177 34 89 127 131 97 190 200 195 208 221 224 230 233 233 231 236 236 239 238 237 239 241 241 242 239 237 233 231 230 229 230 227 223 220 221 223 223 225 227 230 226 227 225 220 220 220 218 217 216 215 214 214 211 206 202 198 199 197
172 182 203 194 202 207 216 212 216 222 223 227 222 224 227 228 227 229 228 226 225 210 208 231 237 233 215 157 68 94 86 84 74 130 122 121 135 190 210 199 212 223 228 230 231 230 233 234 235 234 240 237 237 240 237 239 237 236 235 233 230 228 227 225 221 218 218 220 220 225 229 228 228 225 222 220 218 219 220 219 215 211 214 208 205 206 202 202 203 202
160 166 173 184 191 195 202 211 212 216 213 221 220 224 221 217 228 225 226 226 219 223 198 221 231 227 214 161 67 67 116 123 129 119 171 98 147 187 211 195 215 224 227 230 232 233 236 235 238 238 240 239 238 239 235 236 235 235 236 233 230 228 228 226 220 218 220 220 220 223 226 225 226 225 223 222 221 219 216 214 215 208 206 205 205 201 198 203 200 182
157 157 177 175 178 190 181 197 197 208 209 211 212 221 223 218 223 227 226 226 223 210 194 206 229 231 223 189 66 42 154 140 158 198 148 74 166 193 204 207 218 225 228 230 234 234 237 236 238 240 238 240 239 238 238 237 234 235 235 233 230 228 231 228 223 224 226 226 224 225 227 225 226 225 223 222 221 218 216 213 213 206 198 200 202 199 200 201 195 168
178 163 163 160 170 169 176 182 183 189 193 202 203 207 214 221 221 226 228 227 218 216 185 208 225 227 219 163 81 52 124 184 194 176 120 73 171 184 205 208 222 227 230 231 234 235 236 235 236 239 236 239 239 237 239 236 234 234 234 233 229 228 230 227 228 229 231 231 229 228 228 226 225 223 220 218 217 216 212 210 206 207 201 201 200 200 202 195 169 160
177 185 183 174 171 162 171 176 174 180 182 191 193 200 204 206 210 215 220 227 225 217 177 190 227 227 216 200 117 76 50 139 161 152 85 149 164 192 202 214 226 229 231 231 233 234 235 236 235 238 234 238 239 237 238 235 235 234 234 233 231 230 229 228 230 229 231 231 230 229 227 224 225 222 218 217 215 212 209 208 207 205 201 202 202 200 190 169 162 175
146 176 182 183 181 190 177 173 178 177 177 190 187 182 182 190 195 203 208 214 226 211 198 199 225 218 219 194 154 112 62 83 142 64 118 146 167 195 211 219 226 227 230 230 232 235 236 236 235 237 235 237 237 235 235 233 233 231 230 231 230 229 229 227 228 227 227 227 226 225 222 222 220 218 216 215 212 209 207 206 207 202 200 202 197 184 169 149 167 182
152 167 160 178 184 193 191 184 179 178 172 176 170 168 168 171 179 181 196 200 202 206 193 193 214 224 217 211 180 118 88 65 93 98 132 145 193 200 217 226 228 227 231 231 232 235 234 234 235 235 237 237 236 235 232 232 231 229 229 229 227 227 227 225 225 226 224 222 224 222 220 219 217 215 214 213 210 208 207 207 204 205 205 197 182 163 154 161 169 177
137 136 149 151 154 173 176 170 191 177 160 162 162 165 165 165 163 160 171 173 184 181 187 164 201 217 212 201 192 154 114 95 99 112 167 190 202 215 222 224 230 227 231 231 232 236 232 231 234 232 237 235 234 234 229 231 229 228 227 226 224 223 223 224 224 223 221 219 220 218 216 215 215 212 211 209 207 206 206 209 204 200 191 175 166 154 149 167 180 177
138 139 135 138 141 150 138 161 164 174 166 162 149 150 153 149 150 146 148 159 162 165 159 140 172 190 196 188 180 165 138 110 106 137 175 195 206 219 221 225 233 231 233 233 233 235 232 235 236 233 234 233 233 233 228 227 225 227 225 223 223 223 222 221 220 221 223 220 219 218 215 214 212 207 209 212 205 205 206 202 197 187 169 160 152 149 157 163 182 182
119 133 134 143 138 128 135 126 136 137 142 149 162 154 150 140 137 131 131 133 139 145 141 127 145 163 170 162 152 154 149 129 129 137 161 186 205 214 220 229 227 229 231 228 231 238 236 230 230 231 234 232 231 232 228 224 222 223 223 221 220 219 217 217 220 219 219 216 215 216 214 211 213 213 211 204 205 207 200 181 178 163 156 146 148 153 156 178 196 187
132 131 138 142 151 124 143 131 114 125 133 137 145 126 120 143 129 138 140 133 137 134 127 137 143 138 140 148 144 134 134 134 129 144 166 178 189 200 212 221 231 228 234 236 233 232 231 231 232 229 229 225 224 225 224 224 222 219 217 218 221 221 216 215 215 214 216 217 219 220 216 215 212 209 209 207 194 186 176 165 159 161 139 148 157 156 184 197 196 194
145 142 149 149 155 129 129 129 124 120 118 112 105 119 124 138 140 126 126 124 129 131 128 141 141 148 147 149 148 143 141 139 144 153 166 175 183 190 200 212 219 218 230 238 233 225 226 231 231 226 227 228 227 224 220 221 216 217 217 217 217 215 213 216 218 215 217 219 219 216 211 212 204 209 198 191 186 177 163 164 161 149 153 160 172 197 213 217 190 192
158 157 147 158 155 151 143 127 113 103 106 107 101 110 104 107 110 125 129 117 127 131 113 109 123 126 126 135 144 143 148 154 166 171 176 182 187 187 190 193 199 206 222 229 232 234 230 227 225 223 225 225 225 223 220 221 221 219 216 216 218 217 214 214 218 216 216 215 215 215 210 208 208 185 175 161 159 149 153 142 141 146 154 197 226 206 190 193 201 205
147 139 169 168 151 151 148 139 126 125 117 90 88 86 84 92 99 101 109 114 119 127 126 124 113 119 127 127 120 120 133 142 144 153 158 163 170 181 196 202 202 195 195 202 214 226 227 226 227 227 227 222 221 223 221 220 216 218 217 215 214 214 214 216 215 215 213 207 206 207 196 186 170 163 152 159 142 139 135 144 175 201 214 204 197 208 216 209 198 191
149 135 140 153 165 160 171 140 126 117 114 102 102 97 89 80 76 84 86 90 101 106 110 121 121 131 136 135 128 131 140 140 142 143 144 157 166 169 175 178 187 194 203 210 209 202 199 208 224 218 220 222 224 223 217 214 216 217 214 212 211 212 209 206 203 201 198 189 184 179 167 159 156 151 154 147 158 161 187 202 212 200 210 218 217 207 189 191 183 179
134 140 141 127 122 141 139 149 138 140 124 109 101 105 91 83 79 95 100 96 92 87 91 100 114 126 131 135 141 146 152 156 155 161 158 162 173 178 175 161 173 178 178 177 189 199 203 208 205 189 185 197 208 207 201 202 200 200 196 190 186 184 178 173 169 163 162 160 157 155 153 159 157 155 142 167 202 205 195 219 223 219 204 174 170 184 181 181 183 181
132 128 126 139 140 127 121 110 130 124 125 125 115 109 108 100 91 79 76 69 73 73 85 96 87 86 102 111 120 136 146 153 171 169 180 182 182 182 181 182 180 181 190 189 177 179 174 173 178 193 201 213 211 185 170 162 174 166 161 157 151 150 151 151 155 154 166 159 155 160 158 164 183 203 222 208 220 226 206 192 176 152 151 180 170 185 179 175 175 177
108 142 122 125 129 135 133 134 110 101 111 121 109 128 124 123 117 110 111 109 103 92 81 73 72 83 91 98 103 106 107 118 130 140 152 155 153 170 176 184 192 198 195 197 205 199 205 198 197 198 185 180 177 175 173 183 199 201 199 193 190 186 183 184 183 174 176 188 201 211 215 220 218 214 198 172 170 170 165 156 171 177 180 184 169 174 170 180 195 179
113 107 97 128 124 118 117 124 137 134 114 100 99 108 104 88 101 98 99 104 120 142 151 156 157 155 169 158 157 135 146 141 125 143 143 139 132 125 139 139 146 150 163 164 185 187 195 196 206 204 212 212 213 207 209 199 190 186 184 184 184 186 186 182 183 182 177 171 162 152 147 138 165 172 174 178 179 173 184 186 190 177 173 180 180 180 176 182 180 180
125 115 101 95 113 112 115 135 130 131 123 135 142 116 104 100 99 107 106 102 122 126 125 132 131 139 145 154 168 160 162 163 157 153 162 154 164 166 159 162 164 161 171 164 172 172 171 171 187 190 183 194 196 201 201 199 208 207 209 212 211 209 207 204 208 205 200 200 197 196 198 193 193 200 196 192 186 179 184 177 184 177 179 180 182 179 176 174 167 172
147 125 116 102 105 86 91 101 88 113 137 145 129 134 135 153 133 116 120 113 113 117 130 120 108 121 127 148 158 159 159 163 169 162 158 153 160 177 163 164 181 182 171 173 179 178 179 174 174 164 172 168 163 165 184 188 187 194 188 187 195 195 191 197 191 200 204 194 192 197 195 195 201 195 194 197 194 191 191 189 183 188 185 175 176 167 164 166 165 160
133 140 129 123 112 91 93 96 78 89 93 92 103 135 143 146 145 153 165 154 141 128 129 131 125 126 139 150 150 146 146 138 134 156 158 164 170 177 185 177 153 157 143 136 133 132 131 136 156 154 163 159 142 144 142 159 164 174 189 190 181 186 195 192 194 197 198 194 194 189 187 199 191 186 187 189 188 190 176 168 167 170 172 170 172 167 171 173 177 170
147 158 137 139 128 126 114 89 95 91 84 76 83 88 91 90 100 126 149 161 157 168 170 177 161 158 154 157 160 160 145 140 145 140 151 152 162 159 155 149 165 160 167 165 168 173 166 164 168 155 156 158 163 164 160 147 151 155 142 131 138 143 148 164 172 167 167 172 176 180 184 176 167 170 173 174 171 175 170 173 166 166 163 161 160 167 176 173 171 192
122 125 142 167 137 129 134 126 115 89 98 107 92 92 78 88 81 88 80 88 88 135 155 173 162 163 191 190 187 173 165 149 154 153 173 189 167 141 136 158 164 154 163 156 146 148 175 169 151 170 167 174 164 150 160 149 131 124 125 133 135 121 108 102 108 114 135 146 122 122 149 139 126 133 125 124 132 162 171 173 164 172 169 177 173 158 159 178 189 186
136 111 116 124 127 152 165 153 134 126 123 107 96 108 111 90 78 80 84 82 80 78 73 74 74 101 148 168 184 185 192 181 183 185 172 169 165 159 153 153 167 178 173 161 152 152 158 153 164 165 160 162 169 171 176 177 170 155 162 157 146 138 137 134 131 128 116 100 103 110 126 136 139 139 146 152 157 158 158 152 159 169 166 158 168 180 185 196 178 173
146 142 139 120 110 124 129 123 148 161 152 133 135 131 110 97 115 109 103 93 87 85 84 86 81 77 62 71 98 84 84 142 182 199 197 195 196 202 202 201 187 184 171 165 162 161 171 172 165 160 150 146 152 161 173 178 170 168 176 179 184 179 174 181 175 170 169 171 177 166 165 169 174 170 173 171 172 171 171 164 165 162 154 151 160 162 163 176 180 175
