219 213 215 217 214 217 212 215 214 214 214 216 216 213 212 215 214 219 213 218 217 216 217 221 219 220 218 223 221 223 219 222 221 222 224 223 223 222 219 221 220 221 216 226 222 226 225 220 219 221 220 222 221 220 222 224 223 229 226 223 222 228 231 229 227 227 227 227 228 228 228 228 228 228 228 227 228 228 230 229 229 229 228 228 228 228 228 228 228 228
210 216 212 212 214 210 212 217 213 213 213 210 211 213 218 212 211 217 216 217 214 216 218 214 219 215 219 220 217 221 221 220 219 221 218 224 218 221 223 218 221 220 223 222 219 225 223 225 225 223 220 219 219 223 224 220 229 223 222 226 227 221 228 231 227 226 226 227 228 228 228 228 227 227 227 227 229 229 230 230 229 229 229 228 228 228 228 228 228 228
213 211 214 209 206 206 215 208 209 214 212 210 220 211 212 209 213 211 210 214 214 217 214 221 217 217 222 215 221 223 223 223 221 222 219 216 217 218 219 225 222 226 225 221 223 224 225 223 233 227 225 219 218 219 219 227 222 225 222 221 224 221 228 223 226 226 226 229 229 229 230 230 228 228 227 227 229 229 229 229 229 229 229 229 228 228 228 228 228 228
210 201 199 202 209 207 201 142 124 90 95 82 90 99 105 126 161 144 196 203 214 214 217 213 216 219 214 217 219 218 216 218 219 216 217 216 220 216 231 204 190 187 196 199 199 180 173 177 173 202 230 229 225 229 224 224 220 218 223 219 226 230 217 227 225 226 228 229 229 229 230 230 228 228 227 227 229 229 229 229 229 229 229 229 228 228 228 228 228 228
166 183 127 80 73 50 65 54 52 47 60 70 96 97 93 107 94 102 98 101 97 124 181 200 216 218 213 214 216 210 216 213 215 215 215 218 225 191 165 178 184 183 198 197 202 198 196 198 191 180 186 181 187 219 231 225 219 218 217 222 219 224 226 230 227 227 228 229 229 229 230 230 230 230 228 228 228 228 228 227 229 229 229 229 229 228 228 228 228 228
53 48 41 48 58 40 35 37 36 40 56 64 77 97 96 102 102 113 105 92 90 79 74 96 100 176 211 214 213 213 214 213 211 215 214 218 159 165 177 180 137 156 166 171 165 166 197 209 212 211 211 209 213 203 179 173 225 225 220 225 224 224 226 224 227 227 227 228 229 229 229 229 230 230 228 228 227 227 227 227 228 228 229 229 228 228 228 228 228 227
49 43 57 51 43 45 35 36 36 61 65 76 82 95 91 92 106 105 106 100 103 110 89 75 89 82 87 90 183 205 220 214 217 209 216 226 150 173 177 193 167 194 196 197 184 193 215 207 206 201 211 216 210 215 213 194 197 176 221 228 223 222 219 221 224 224 225 225 226 226 227 227 230 230 230 230 228 228 227 227 228 228 228 228 228 228 228 227 227 227
35 40 36 41 38 40 45 52 54 68 80 87 82 94 81 91 102 80 100 89 96 81 90 87 76 74 79 80 82 94 88 95 108 157 207 215 128 167 184 190 194 189 199 192 189 217 205 194 195 204 211 214 210 206 210 209 198 198 189 178 233 224 220 222 223 224 224 225 225 226 226 226 227 229 229 230 228 228 227 227 228 228 228 228 228 228 227 227 227 227
63 47 59 42 38 45 51 67 54 68 86 90 86 84 80 80 82 82 84 74 78 76 78 82 89 85 92 87 105 110 113 110 107 114 93 115 195 148 185 189 194 205 200 193 202 210 173 182 190 207 217 215 210 204 193 205 219 192 200 197 183 228 227 223 220 223 223 225 223 224 225 228 226 227 229 230 228 228 226 227 228 228 228 228 228 228 227 227 227 227
75 58 48 53 68 66 74 88 93 102 89 93 75 75 77 71 68 76 83 86 81 87 86 87 87 82 86 84 84 89 103 117 134 138 134 142 141 142 154 172 192 199 200 204 194 179 162 182 203 216 222 208 210 199 194 206 221 212 202 189 191 186 210 228 229 221 221 224 222 219 225 222 226 227 229 230 228 228 227 227 228 228 228 228 228 228 227 227 227 227
66 75 64 82 70 60 82 71 76 93 88 96 77 90 77 84 98 100 94 90 89 101 104 110 119 120 125 124 126 118 117 126 126 128 137 140 149 157 158 150 156 156 153 173 179 185 189 195 191 191 190 193 211 207 189 192 191 201 193 192 197 189 191 186 227 227 225 221 222 225 222 224 225 226 228 229 229 227 226 226 227 227 227 227 227 227 227 226 227 227
69 76 91 87 79 91 81 80 87 105 87 106 101 96 85 90 100 99 94 89 107 111 112 118 136 148 154 157 158 159 157 162 161 169 167 167 175 170 174 170 166 171 167 174 171 175 178 168 164 195 206 212 198 204 185 190 196 218 207 211 195 199 195 187 182 226 226 224 223 222 219 225 223 225 225 228 228 226 225 225 227 227 227 227 227 227 226 226 226 226
64 40 59 101 116 70 79 89 94 113 97 104 112 117 118 112 114 111 110 113 133 136 135 141 161 167 163 165 156 167 166 162 162 162 167 174 178 182 176 179 176 175 175 179 177 178 178 178 173 176 165 170 170 193 176 170 186 220 210 210 211 206 211 201 182 221 229 226 228 217 224 221 223 224 225 225 225 226 225 225 227 227 227 227 227 227 226 226 225 225
66 70 85 107 97 90 107 113 103 98 105 120 131 130 133 140 140 137 141 153 156 164 163 167 162 167 167 160 168 162 167 169 168 168 170 173 182 184 180 180 182 183 186 182 181 180 177 182 180 174 178 180 175 174 169 174 174 201 210 211 219 217 217 212 198 188 235 225 226 221 223 222 222 223 224 225 225 224 225 225 226 226 226 226 226 226 226 226 225 225
53 78 102 85 102 99 107 115 114 111 112 138 160 159 168 164 169 167 169 174 166 173 172 173 168 169 165 156 162 146 144 145 156 174 165 175 176 181 186 194 193 197 197 190 191 190 187 187 189 187 187 179 181 182 180 179 184 173 175 175 170 177 177 189 189 175 236 231 226 227 220 219 221 221 223 223 223 223 224 224 226 225 225 225 226 226 226 225 225 225
58 82 82 100 111 115 119 129 121 129 136 149 173 182 175 176 176 179 185 179 182 180 179 176 173 168 152 155 116 130 145 157 169 176 172 176 175 181 189 193 199 196 193 193 195 190 191 192 190 189 188 186 185 189 187 193 187 193 186 186 180 182 184 178 179 174 167 169 177 205 229 226 226 224 224 224 222 222 222 223 225 227 227 225 225 225 225 225 224 224
67 80 108 112 127 117 137 130 131 140 163 175 182 182 180 183 186 188 185 183 183 184 182 176 174 162 147 111 100 125 161 173 176 171 170 171 177 181 188 188 195 193 193 195 195 192 191 191 197 197 195 193 193 194 196 195 193 193 193 191 192 193 192 188 186 189 186 181 178 173 169 166 202 228 225 229 222 226 222 224 227 227 227 226 226 228 221 225 221 222
66 88 91 110 134 135 135 151 155 178 185 184 184 190 184 190 189 188 187 187 190 188 184 177 167 166 121 106 141 153 186 177 177 171 170 167 173 163 164 172 181 185 189 191 193 195 196 195 198 198 198 199 198 198 198 196 197 198 198 197 197 198 198 196 197 198 195 194 192 187 183 182 181 177 178 214 223 226 224 226 224 225 223 226 227 222 229 222 224 222
80 89 96 119 127 140 148 169 177 178 180 184 192 191 193 192 194 192 191 192 196 192 186 180 184 175 110 116 148 167 181 179 180 177 176 161 166 153 146 172 177 183 189 190 192 197 199 200 200 200 202 203 202 202 202 200 199 201 202 201 200 201 201 200 202 201 199 200 201 197 194 197 187 190 182 183 184 212 228 222 223 219 222 218 221 223 217 225 223 219
81 90 112 124 141 154 166 172 185 184 188 190 197 194 204 197 197 196 195 195 197 194 188 183 182 133 135 107 146 186 181 196 185 189 140 150 147 121 149 162 177 184 188 187 189 192 196 198 200 201 203 204 203 203 205 205 202 203 203 203 203 203 203 202 206 205 203 203 204 203 201 203 199 203 195 194 185 184 199 217 218 218 219 224 220 221 225 221 222 219
91 101 128 137 154 168 185 183 186 196 189 196 198 199 198 202 200 199 199 199 198 194 192 191 178 120 141 102 157 196 198 204 194 186 158 153 79 136 151 163 178 183 185 187 190 192 198 203 202 204 207 209 207 207 208 210 206 207 205 206 207 208 208 207 208 208 207 206 209 210 210 206 204 207 200 198 201 195 187 183 217 222 221 225 223 223 222 222 224 226
89 116 135 153 171 184 187 193 192 196 197 201 201 199 203 207 202 202 203 202 199 198 198 198 180 124 139 111 192 196 198 206 204 157 166 74 105 151 160 171 182 187 189 190 194 195 201 207 205 206 210 212 210 208 209 210 209 209 207 209 210 213 213 210 209 210 210 209 210 213 213 210 211 205 201 202 204 201 197 196 183 198 230 223 230 222 224 225 219 220
97 117 133 165 177 195 198 199 202 198 205 198 202 206 211 198 204 206 206 205 203 203 203 201 178 161 130 112 179 208 212 207 205 174 136 75 133 175 172 173 183 192 195 195 196 198 202 207 210 210 211 213 213 212 212 212 214 213 211 212 213 215 216 214 215 214 213 213 212 214 214 209 208 209 209 202 200 203 206 201 194 185 187 231 222 225 221 220 221 215
99 136 152 175 191 199 203 207 203 203 206 208 206 206 202 213 207 208 208 206 204 205 203 200 196 163 133 103 170 213 215 214 204 185 103 142 181 201 198 166 183 199 204 201 202 205 208 211 215 214 212 214 215 216 217 218 220 219 217 217 216 217 218 217 215 213 214 217 216 216 216 216 215 211 207 202 203 200 200 203 201 201 192 187 225 231 222 222 220 196
106 134 152 196 205 199 208 211 208 205 207 208 207 209 213 208 209 211 209 208 209 209 208 205 194 187 140 101 132 202 222 216 205 204 92 107 140 190 210 169 180 205 206 208 204 205 209 210 212 216 214 214 217 220 219 217 222 223 221 221 219 218 218 218 223 219 214 213 211 209 212 215 214 213 214 211 205 202 201 203 204 198 201 194 183 207 227 209 198 200
96 130 183 182 204 205 209 208 213 211 210 211 211 213 215 211 208 211 212 210 212 211 209 206 209 181 140 101 114 206 224 223 202 202 69 88 106 98 195 177 184 207 209 214 209 206 208 213 219 218 213 215 219 218 219 223 224 224 222 222 222 223 223 223 222 221 219 218 216 214 214 213 212 213 214 211 208 204 199 198 205 207 202 194 192 189 182 176 188 178
110 158 140 188 206 205 211 214 213 212 212 212 215 216 216 215 211 214 213 209 212 216 217 214 212 184 162 112 111 209 222 219 200 199 85 98 102 116 112 175 208 218 210 215 213 212 214 218 222 218 216 220 224 223 221 222 226 225 223 224 225 226 224 226 222 222 221 220 218 215 212 209 209 210 211 212 213 211 208 204 206 203 199 196 196 192 187 188 180 173
124 106 179 204 208 214 215 216 213 214 213 213 218 218 217 217 214 217 215 212 215 217 215 210 210 182 176 108 119 184 224 226 197 202 78 63 55 81 101 175 212 218 212 219 218 217 212 214 214 220 225 225 224 222 223 226 227 225 225 225 226 227 225 224 224 225 223 221 219 217 213 209 213 215 214 213 215 214 212 208 206 203 202 200 192 191 193 189 188 189
115 149 180 197 208 215 213 216 216 218 217 217 223 221 218 219 219 219 214 210 214 217 217 214 209 200 177 107 104 161 220 220 200 189 79 79 69 123 100 175 200 215 218 223 220 219 216 217 218 223 223 221 222 223 225 226 225 226 227 227 227 225 225 225 223 223 221 220 218 217 212 207 215 218 215 215 218 215 216 212 205 204 204 200 199 197 194 192 191 188
122 164 183 201 208 216 215 216 219 220 219 220 225 222 218 218 216 217 216 214 219 222 219 216 208 206 170 119 99 141 215 224 198 203 81 122 127 118 181 191 206 217 219 219 216 219 220 221 221 223 223 224 222 220 221 228 224 225 227 228 226 226 227 227 223 223 225 223 222 220 215 212 215 218 215 218 220 218 217 215 208 205 199 198 201 199 196 196 194 187
147 171 195 198 218 213 215 224 220 220 220 222 223 223 220 218 221 221 218 218 219 218 217 217 214 211 185 112 101 122 216 221 200 198 124 140 141 207 205 196 209 215 215 217 214 219 217 217 221 220 221 222 224 223 222 223 223 224 226 225 226 227 226 227 222 223 222 223 219 217 213 213 217 219 211 215 221 215 214 211 212 207 207 207 205 202 201 198 198 195
137 180 197 201 211 221 218 216 221 220 221 223 225 224 224 222 217 219 220 221 220 218 216 218 210 214 190 121 104 118 204 224 204 203 177 203 220 235 184 196 207 214 218 219 214 217 217 223 218 223 225 221 222 225 225 224 224 224 222 223 225 225 224 225 224 223 223 220 218 214 213 214 210 209 201 208 216 213 213 211 209 211 209 205 203 204 203 204 203 200
137 167 190 202 219 215 216 221 219 223 223 220 227 221 224 221 217 222 222 222 220 218 219 218 213 213 189 126 101 120 195 219 210 177 196 170 229 249 181 200 211 212 212 216 214 212 216 220 217 219 217 222 223 217 219 222 221 219 219 219 226 226 224 223 227 221 220 221 220 211 211 210 207 198 172 203 215 209 206 207 205 207 206 207 206 207 210 207 203 203
148 181 182 198 213 220 218 221 218 223 225 222 228 221 222 219 224 225 222 221 219 219 223 223 223 221 198 117 127 135 188 214 216 196 203 193 214 219 185 203 207 208 212 208 207 213 216 222 221 218 217 220 218 216 219 218 216 217 218 227 222 220 224 219 215 220 220 214 210 204 207 205 197 195 137 190 210 203 209 206 205 208 208 210 209 209 211 208 208 208
151 177 191 207 218 219 224 219 221 225 228 225 228 223 223 224 224 224 223 225 223 223 225 222 223 222 188 139 145 151 187 209 213 210 191 208 192 178 185 219 206 207 203 208 212 215 221 213 217 220 219 214 211 217 222 212 219 210 216 221 218 227 219 217 219 214 213 215 206 196 210 210 202 184 148 172 201 205 204 206 207 208 208 210 211 210 212 210 209 209
159 167 197 208 219 220 217 221 222 225 227 226 226 224 224 224 224 222 222 224 223 224 228 226 224 217 181 178 172 163 184 209 208 209 206 204 222 200 193 222 216 203 204 203 207 213 212 214 209 206 210 215 213 211 212 214 201 208 203 216 223 215 219 213 215 215 212 212 209 203 214 207 211 175 144 182 197 212 207 211 209 210 208 210 211 211 214 214 211 210
146 197 200 212 215 218 226 219 220 221 224 225 225 225 223 225 225 223 223 228 227 225 228 226 222 219 204 172 197 174 189 197 208 204 209 203 221 218 227 211 210 210 203 205 201 196 207 208 206 205 206 207 203 191 185 192 199 206 202 196 212 214 220 217 215 217 207 202 210 206 211 211 200 170 152 185 189 208 210 211 211 211 209 212 212 212 216 217 216 216
173 197 207 211 215 218 218 222 219 220 224 228 226 227 222 223 221 223 224 230 230 225 224 223 222 212 206 157 172 188 175 184 195 200 202 201 213 228 224 223 203 202 206 199 196 199 195 197 201 201 190 176 176 182 187 198 203 206 208 200 203 207 208 216 205 196 201 209 213 210 216 215 200 184 165 201 202 196 214 219 211 211 211 214 215 214 217 218 219 219
168 184 209 216 217 214 224 223 222 222 225 230 224 226 221 223 226 225 220 222 225 221 221 225 224 220 210 183 176 156 190 193 195 198 193 195 207 203 207 201 198 198 194 195 195 195 194 190 192 189 183 181 185 189 194 205 205 203 176 166 173 198 196 203 207 199 209 208 206 213 217 206 201 187 174 208 201 212 207 218 212 209 211 215 215 214 218 220 220 220
175 199 209 222 217 215 221 221 222 222 224 227 220 223 218 223 226 226 221 223 228 224 222 227 225 220 213 198 173 170 177 180 181 195 197 189 191 196 193 192 191 191 193 197 196 194 188 189 192 189 191 188 191 195 190 189 197 197 119 180 200 176 194 202 203 200 206 206 216 215 206 207 202 191 184 218 211 205 212 216 213 209 210 213 213 213 219 222 222 222
164 203 214 220 219 220 221 221 223 222 226 228 222 217 221 225 226 222 217 222 226 224 227 227 227 224 212 206 191 168 175 164 191 184 189 193 189 192 193 192 191 192 196 196 197 197 195 195 193 198 197 193 194 197 200 203 206 190 163 197 202 174 191 207 210 204 218 220 217 221 206 206 204 190 184 220 213 220 211 215 218 213 213 214 215 217 222 222 223 221
173 203 219 216 222 217 221 219 222 224 227 227 223 219 223 226 228 222 219 224 224 222 227 225 224 225 223 222 205 205 202 210 201 199 202 203 198 198 198 198 197 196 198 196 199 200 199 199 203 206 206 203 202 202 208 216 215 215 207 198 186 198 217 220 224 224 228 222 222 233 206 203 201 197 183 213 217 224 215 214 213 214 214 212 212 212 218 223 220 220
176 201 216 220 219 223 221 221 222 226 227 226 224 222 224 227 228 221 221 226 223 222 225 225 228 230 222 223 221 213 218 216 210 212 218 215 209 209 206 208 209 207 206 204 206 209 208 208 212 212 213 212 211 211 217 226 232 216 209 198 190 212 221 221 227 221 229 222 232 235 212 205 201 191 171 213 227 230 216 216 209 217 216 212 212 210 215 223 223 222
177 198 215 223 219 226 221 221 221 227 226 224 225 224 225 228 228 221 222 227 225 224 225 225 225 222 226 221 224 217 220 221 217 221 223 219 215 214 211 213 214 212 211 208 208 211 210 212 218 217 217 217 217 217 221 226 222 219 218 211 200 209 218 220 222 218 217 220 216 232 218 210 202 200 171 211 221 228 216 213 209 217 218 214 213 212 218 221 223 223
184 199 218 217 221 219 220 218 221 226 226 223 227 227 226 228 228 224 223 226 226 224 223 225 227 228 223 228 222 222 221 222 223 225 223 217 215 214 211 213 215 214 212 209 209 210 210 214 216 218 219 217 218 222 223 223 217 218 216 206 191 199 210 211 216 213 215 223 227 223 221 211 208 206 160 197 226 220 227 216 210 215 217 214 209 212 220 222 222 224
186 204 216 216 217 218 220 219 222 225 225 223 226 227 227 228 228 224 224 226 226 224 221 224 226 226 215 223 222 218 227 220 221 216 212 205 206 209 209 214 210 210 211 206 206 206 206 209 213 217 219 218 216 220 224 225 225 212 212 202 184 198 212 219 220 231 219 223 224 232 226 214 214 211 128 185 210 213 218 215 212 212 215 212 207 208 220 223 223 223
185 207 210 217 215 222 222 222 223 223 224 224 225 226 227 227 227 222 225 228 225 224 222 225 224 219 227 214 214 209 210 216 209 208 210 210 210 212 209 211 208 210 212 209 207 205 204 206 209 209 210 211 209 215 222 227 223 213 213 198 183 202 213 216 218 225 232 235 239 229 213 200 195 196 151 188 222 220 226 214 211 212 213 211 209 209 218 225 226 225
186 208 213 214 221 219 224 219 223 221 223 223 224 225 227 226 226 220 226 230 226 225 225 227 222 224 220 214 208 204 195 202 208 203 203 200 196 198 202 207 201 203 207 203 200 199 196 198 198 193 192 195 199 206 217 222 221 217 206 189 176 189 203 215 220 217 227 231 224 224 210 205 198 182 160 203 216 233 222 225 211 213 211 212 214 214 217 223 227 225
185 201 211 215 219 219 218 221 218 221 224 222 223 226 227 225 222 221 223 225 224 226 228 226 226 221 219 211 202 171 188 181 196 200 195 189 182 183 182 191 194 194 196 193 188 187 187 188 187 185 184 182 183 190 199 213 207 208 193 187 164 167 180 202 203 211 222 218 223 222 207 204 191 165 179 211 221 228 223 215 213 214 213 212 214 215 217 222 219 220
197 206 212 215 219 221 219 219 219 222 224 222 223 225 226 223 220 221 224 225 225 225 226 224 227 228 225 213 195 143 167 174 181 179 187 176 170 168 177 172 176 179 183 183 180 180 179 179 180 175 175 176 178 178 178 185 189 190 135 167 160 170 187 197 193 209 212 213 222 212 208 203 199 131 187 207 218 217 210 211 217 215 214 212 212 214 219 225 219 218
198 204 208 211 214 218 218 216 220 221 223 221 222 224 224 221 218 220 225 226 224 224 225 224 224 225 213 208 175 180 177 168 173 181 175 168 170 174 169 166 169 172 179 182 182 182 182 181 178 178 177 172 175 182 182 184 187 187 139 168 164 184 190 197 199 203 204 210 214 222 205 204 190 123 188 208 211 210 214 214 216 214 215 215 214 216 219 221 219 220
203 208 214 217 215 218 218 217 219 220 221 220 222 223 223 221 217 221 224 224 222 224 226 225 226 223 214 203 197 173 169 173 178 176 174 183 182 181 174 177 171 172 175 178 180 182 183 183 179 175 173 171 171 174 179 189 192 191 187 189 176 198 203 197 206 206 199 212 202 213 215 201 193 143 194 209 204 198 214 219 218 213 213 213 211 215 220 221 220 218
197 204 211 214 212 215 218 218 219 219 221 221 222 223 223 221 219 222 224 223 222 223 223 224 222 216 215 192 182 170 147 174 192 193 191 196 211 206 201 185 180 181 182 182 183 185 186 186 188 188 184 172 166 173 179 184 186 195 185 176 189 201 207 211 206 212 203 195 213 208 211 201 191 158 207 196 195 203 217 219 216 209 208 209 209 216 220 219 219 218
202 207 211 212 211 213 215 216 220 220 222 222 223 222 223 222 220 222 223 223 223 221 219 219 216 215 202 154 141 143 166 194 207 207 201 198 212 214 204 198 189 188 189 189 188 190 190 188 192 191 193 193 188 183 179 180 186 178 184 197 203 212 215 214 208 199 204 196 205 214 209 196 182 150 192 193 194 208 217 220 212 207 207 209 211 214 217 216 218 216
198 205 209 210 211 213 215 219 220 220 223 224 223 222 223 223 221 221 221 221 222 219 215 217 213 215 194 131 123 139 177 206 213 208 188 207 188 185 215 207 195 197 199 200 197 198 198 197 199 198 201 202 201 201 195 190 190 181 197 209 209 215 208 215 211 214 207 211 206 210 212 207 175 148 179 193 192 213 217 212 212 210 206 206 209 213 213 216 215 213
195 205 210 210 211 210 211 218 217 218 222 223 222 222 223 224 222 220 217 218 220 217 214 215 216 209 177 133 114 137 197 214 209 184 193 168 167 205 212 208 200 203 206 206 204 204 207 206 209 202 204 207 207 204 200 198 195 199 210 212 215 214 214 217 217 214 211 202 203 208 199 209 176 140 181 188 203 211 213 209 206 208 206 206 210 212 210 214 215 213
200 199 204 209 211 215 215 214 216 216 215 217 222 223 221 222 222 212 215 218 215 214 211 213 214 202 151 119 105 160 204 215 191 184 169 240 176 199 215 207 208 210 213 208 201 208 214 213 208 211 212 211 211 210 209 206 207 209 216 219 217 217 217 212 215 218 212 190 201 212 206 200 171 151 173 203 209 209 207 208 206 206 207 209 211 212 212 212 209 210
196 196 202 208 210 213 214 214 215 215 216 218 222 221 216 215 218 213 216 217 216 215 211 211 207 192 142 93 109 194 212 204 167 184 203 240 186 192 208 211 205 210 214 213 211 213 218 222 218 219 217 214 215 216 216 216 216 218 220 220 220 219 217 216 215 217 214 206 209 206 205 202 167 170 200 214 207 207 204 198 203 204 205 208 209 211 211 210 209 209
192 194 199 205 206 206 208 211 218 217 214 215 217 217 216 217 214 215 216 214 215 216 211 210 202 178 122 106 127 211 211 179 203 129 225 226 199 190 201 209 209 214 217 217 217 216 220 226 222 221 219 217 218 218 219 220 221 224 223 220 222 220 217 218 217 219 214 211 214 211 212 203 172 197 217 211 206 206 199 201 204 204 205 207 208 210 211 210 209 207
188 193 198 203 204 203 207 211 210 211 211 213 216 216 214 213 211 215 213 211 213 212 209 208 198 143 115 102 173 215 208 170 164 195 203 217 220 189 204 207 213 218 219 217 216 217 222 227 221 221 220 219 218 220 220 221 223 224 222 221 222 222 219 219 216 217 215 218 218 214 213 211 186 207 215 208 209 209 203 208 207 206 206 206 206 208 210 209 206 205
178 189 194 201 204 202 206 210 205 206 207 210 212 211 209 209 209 212 210 209 212 209 207 206 179 129 106 103 205 213 214 187 104 96 111 98 198 184 202 208 212 215 218 217 214 219 226 227 222 223 222 222 223 223 221 222 225 223 223 224 223 224 224 221 221 220 214 208 213 220 216 217 214 214 221 221 213 212 211 204 206 205 204 204 204 205 206 204 201 201
170 186 192 199 203 200 201 203 206 206 206 206 207 207 206 208 208 210 207 209 211 208 204 196 149 124 94 154 212 215 209 198 86 75 217 102 107 177 194 212 209 211 218 217 213 219 224 222 225 226 224 223 223 223 222 223 226 224 224 225 224 225 225 220 221 215 213 216 216 215 210 224 214 211 218 220 213 212 211 205 203 203 205 205 205 204 203 200 195 196
167 185 191 196 202 199 201 200 203 206 208 209 209 206 204 205 206 208 206 208 210 205 196 176 139 99 99 186 212 220 204 202 73 25 15 57 98 193 209 209 209 211 216 216 214 215 217 219 223 225 225 224 223 223 224 226 227 226 224 225 225 225 223 220 221 220 215 216 213 217 216 217 212 218 217 217 219 216 211 210 203 202 203 202 203 202 199 196 192 192
156 176 180 186 195 196 201 201 201 203 204 205 205 204 204 207 204 207 206 207 207 203 186 158 119 97 115 207 222 212 201 189 63 36 173 72 115 172 203 208 207 209 211 214 216 214 214 220 219 223 224 225 225 224 225 227 225 227 224 223 225 224 221 221 216 219 213 219 215 218 219 210 213 212 213 216 218 213 209 206 205 203 201 199 198 197 195 191 191 190
144 164 176 178 189 186 196 196 194 199 200 199 201 205 205 203 204 205 199 202 209 196 178 161 113 94 179 217 215 213 194 186 60 90 113 122 98 173 205 208 201 208 213 216 214 216 215 224 219 223 222 221 225 227 225 225 224 223 222 223 225 224 221 218 216 214 214 215 212 214 215 210 208 213 215 212 212 214 210 203 202 202 199 198 195 195 197 189 188 187
140 155 166 169 180 181 191 188 191 194 194 196 199 202 201 199 196 200 199 200 199 188 172 152 99 123 193 212 214 209 191 183 73 71 89 113 184 182 197 202 198 207 209 212 213 216 212 216 223 223 221 220 222 220 218 220 223 222 221 222 223 223 220 218 215 212 213 213 211 211 211 208 207 209 210 209 208 207 204 201 197 194 196 194 196 192 184 195 185 182
128 142 157 164 169 176 191 186 188 189 189 192 196 197 196 194 197 192 190 193 195 188 164 130 100 135 205 206 205 203 179 175 90 85 166 184 169 174 191 193 196 202 203 206 208 213 213 216 216 217 217 220 223 220 217 219 218 218 217 217 217 217 216 215 213 211 212 213 212 211 210 207 206 205 203 204 202 198 197 197 194 196 190 193 193 189 194 188 180 177
111 136 141 148 169 177 181 185 188 189 189 190 193 195 194 193 192 187 186 190 188 181 149 114 111 157 198 196 200 194 186 174 127 84 134 168 164 161 189 184 193 199 199 199 199 207 209 211 218 216 214 214 216 216 215 217 217 217 216 215 215 215 214 214 212 210 210 211 212 210 208 205 203 201 199 200 197 194 193 195 194 188 190 189 187 190 185 178 175 179
99 117 131 142 153 163 176 177 182 186 187 184 185 189 191 188 187 184 181 185 181 168 129 97 110 157 203 202 197 193 189 151 160 76 112 143 155 168 177 177 185 191 193 197 200 207 208 207 213 215 214 212 212 213 209 206 214 214 213 213 212 211 211 211 211 210 209 210 209 207 204 202 199 200 197 195 193 192 192 193 192 189 188 189 191 181 172 178 187 190
92 107 115 133 147 162 171 178 175 179 180 179 179 181 184 183 183 184 178 180 175 162 121 95 120 171 178 193 202 180 183 140 141 133 94 133 144 162 161 182 188 190 191 196 198 205 203 200 209 211 210 207 207 212 211 208 208 209 208 208 207 206 206 206 207 206 205 205 205 202 200 199 197 196 195 191 190 191 192 190 190 192 185 186 181 171 181 186 190 194
76 85 97 122 130 143 161 168 169 171 173 176 177 176 180 183 185 184 174 175 176 171 129 103 113 147 174 185 187 176 187 176 144 131 133 106 148 154 170 175 181 183 186 193 193 200 201 202 205 207 208 208 208 209 208 204 204 205 205 205 205 204 203 204 204 203 201 201 201 198 194 195 194 194 193 190 190 189 189 189 188 180 183 177 172 182 188 193 194 195
64 80 85 109 126 135 143 157 161 159 162 170 173 169 171 177 178 183 177 174 169 170 136 117 107 137 178 173 178 180 177 175 161 145 138 135 138 163 167 174 174 181 189 197 195 197 199 201 202 202 203 206 205 204 203 201 198 199 200 201 201 201 199 199 202 201 199 199 198 194 193 195 195 192 191 191 189 188 187 188 186 180 171 178 189 189 193 197 196 203
55 70 77 98 114 122 127 136 149 153 160 158 168 166 168 170 174 176 174 172 163 162 151 101 107 123 160 162 170 175 170 165 165 156 146 143 149 161 171 174 182 185 189 189 191 195 196 196 198 201 202 201 198 196 194 193 193 198 196 194 197 194 193 198 192 193 195 194 193 190 191 193 189 192 190 188 190 187 179 177 169 166 183 191 187 190 195 200 202 204
47 58 73 98 106 107 111 114 135 150 143 153 155 161 161 165 166 170 167 171 166 158 154 137 116 109 151 166 169 160 166 163 162 160 159 159 163 171 175 177 178 182 185 185 186 189 193 193 195 195 196 194 193 191 190 188 190 195 196 195 195 195 194 193 190 192 193 189 186 186 187 189 189 186 185 183 179 177 171 160 170 180 187 186 191 196 197 202 205 208
51 51 59 82 96 105 110 100 109 126 140 134 139 145 155 153 160 162 158 159 159 155 152 146 148 129 126 137 152 163 163 161 158 162 171 174 174 176 179 181 179 181 180 180 180 183 186 187 185 184 185 187 189 187 188 189 192 188 189 191 189 189 191 192 188 186 186 183 180 183 186 183 179 182 180 177 174 164 160 169 176 192 190 188 196 200 200 205 205 209
44 51 54 69 77 102 109 95 91 118 104 125 112 130 140 144 147 148 156 156 151 152 149 143 146 152 154 144 160 152 153 153 162 164 169 175 179 180 180 177 179 180 178 176 174 177 180 180 182 178 178 181 183 181 181 183 186 185 184 180 177 181 182 177 183 182 184 180 173 175 178 172 176 174 169 163 160 166 175 181 183 191 189 195 199 199 204 206 209 214
38 47 72 58 75 67 99 97 88 94 94 95 106 97 106 132 131 126 138 145 145 145 146 148 148 150 148 156 155 155 155 159 160 163 170 173 173 174 176 176 176 177 175 171 170 170 173 174 175 174 174 176 178 177 176 174 173 171 172 177 177 173 173 175 170 172 177 174 168 170 174 170 172 159 154 162 171 177 180 184 188 189 189 198 202 200 205 207 210 212
43 41 53 57 64 55 79 90 87 83 69 91 78 90 93 94 95 98 101 103 114 131 137 142 144 141 147 150 154 149 150 147 156 159 163 165 165 167 167 167 170 169 167 166 165 166 168 168 168 168 168 168 170 170 169 169 171 170 170 169 167 167 166 164 164 161 161 163 167 169 164 152 154 164 167 171 178 179 178 185 189 194 194 198 203 203 205 207 215 211
41 38 50 70 79 66 70 72 73 73 80 73 88 89 79 75 82 81 80 86 92 88 96 117 132 146 150 152 147 150 142 146 150 154 161 162 160 159 160 161 165 165 164 162 162 161 162 163 164 163 162 160 160 160 159 157 164 156 158 164 160 155 157 160 157 157 156 153 154 158 165 168 173 167 172 179 177 181 187 189 189 193 197 196 201 204 204 208 209 197
40 44 49 58 55 54 68 72 79 57 60 65 65 79 85 79 76 84 83 86 90 88 85 85 88 92 105 119 133 141 142 146 150 153 156 157 158 158 158 156 161 161 159 159 159 158 159 159 154 154 153 149 149 152 153 151 151 143 151 158 152 149 153 150 159 162 163 164 168 170 170 173 173 177 178 178 182 184 185 188 189 189 197 198 198 203 204 208 184 165
45 46 41 53 58 52 70 57 69 82 71 71 73 76 81 77 79 81 90 81 81 79 83 97 88 99 103 106 107 103 124 135 126 131 133 144 149 147 148 149 152 152 148 145 148 141 138 145 148 143 138 136 163 146 155 180 178 189 175 146 149 158 159 159 158 162 163 168 172 173 173 176 177 179 177 180 179 179 181 187 192 189 192 197 202 199 201 175 167 231
46 39 46 56 50 60 62 79 74 83 92 90 77 82 86 90 76 72 82 82 70 88 94 98 85 97 108 101 112 109 121 116 126 138 124 144 152 156 155 157 164 169 166 170 179 180 186 162 126 112 134 185 188 188 181 185 194 197 193 167 147 140 149 150 151 156 158 162 167 169 172 174 175 177 176 178 178 184 186 181 182 195 195 196 195 196 163 196 229 235
38 47 43 40 54 59 67 77 85 92 77 83 82 83 92 77 80 76 59 62 75 74 75 77 81 66 77 79 81 84 107 142 162 163 170 165 170 171 163 160 174 189 191 175 173 177 177 162 133 132 160 191 193 187 186 188 194 190 183 170 218 214 211 186 175 150 135 141 147 154 166 168 173 176 175 175 176 178 179 184 187 190 191 190 187 144 214 224 226 224
44 49 49 48 58 60 81 65 78 94 93 79 85 92 75 84 79 76 73 65 69 72 84 92 98 117 139 211 205 160 127 159 161 176 170 164 163 176 167 154 172 182 189 177 178 176 165 155 139 157 178 198 189 186 191 190 191 182 176 219 220 219 211 219 218 216 216 224 209 160 137 151 155 157 171 168 171 174 172 183 180 184 182 173 135 217 223 223 224 223
74 61 61 71 53 71 76 94 93 92 88 104 88 84 125 149 160 204 183 177 198 211 210 212 210 209 210 203 215 119 144 157 167 162 165 162 149 177 181 144 160 175 182 174 170 174 170 133 147 159 171 184 192 192 183 182 175 172 180 223 214 215 220 219 220 219 218 218 218 217 222 224 174 142 142 151 158 162 169 171 173 169 150 161 216 221 216 218 212 215
176 154 105 83 84 78 135 161 172 164 181 197 203 212 205 212 217 213 209 208 208 210 211 213 208 204 202 205 213 133 143 160 165 121 131 150 155 177 187 164 161 166 174 170 167 161 157 147 178 166 170 169 175 191 185 174 163 209 224 222 211 216 217 218 216 220 215 214 213 213 215 218 132 93 76 94 136 148 156 159 154 112 204 217 211 211 209 212 214 214
207 205 204 208 201 204 208 205 209 211 206 213 210 210 213 207 208 214 209 204 214 208 214 213 214 208 209 204 212 221 150 154 164 159 129 141 155 182 192 180 169 168 178 172 178 173 158 165 192 191 176 174 165 175 175 173 225 224 215 210 209 209 210 216 219 216 214 216 212 213 216 211 168 96 80 68 67 79 96 97 136 203 210 214 205 208 208 207 210 212
206 208 209 206 204 206 208 207 206 208 209 207 206 211 206 210 210 209 210 212 209 214 213 214 212 211 206 211 209 217 219 161 160 168 165 152 138 150 178 189 181 179 181 180 183 180 180 177 179 164 164 174 172 165 222 227 222 215 214 211 213 214 214 216 215 222 216 215 217 212 211 215 197 101 90 71 59 63 98 177 197 203 204 203 203 203 200 205 210 206
208 208 209 209 209 209 209 208 210 209 209 209 210 210 209 210 211 210 211 212 212 212 214 214 213 214 213 212 212 213 216 217 224 145 152 170 164 166 161 164 173 191 191 191 194 189 176 174 160 168 158 158 198 223 222 217 218 217 218 217 217 218 217 217 219 218 218 217 216 216 218 218 217 143 130 133 137 156 173 184 192 193 195 196 197 199 202 205 207 210
208 208 209 209 209 209 209 208 210 210 208 208 209 209 208 209 212 211 212 213 213 213 214 214 215 215 215 214 213 213 212 213 217 220 233 227 217 205 197 188 183 184 172 168 166 166 159 158 171 209 232 223 221 215 214 216 215 216 218 220 220 220 219 219 218 217 218 217 218 218 219 219 223 177 159 158 163 169 176 181 183 186 190 191 194 196 201 203 206 207
