222 223 223 222 222 223 223 222 223 223 223 223 223 223 223 223 222 222 222 223 224 224 223 222 224 224 225 225 225 225 225 226 228 229 226 227 225 224 226 225 224 224 224 224 224 225 226 226 228 228 228 228 226 226 225 224 224 224 224 224 224 225 225 225 226 226 226 226 226 226 226 227 226 226 226 226 226 226 226 226 226 226 226 225 224 225 226 225 224 224
222 223 223 222 222 223 223 222 223 223 223 223 223 223 223 223 223 222 222 223 223 223 223 223 223 224 225 225 224 224 225 225 226 227 225 225 225 224 226 224 224 224 224 224 224 225 225 225 226 226 226 226 226 225 225 225 225 225 225 225 225 225 225 226 226 226 226 226 226 226 226 226 226 226 226 226 226 226 226 226 226 226 226 225 224 225 226 225 224 224
222 222 222 222 222 223 223 222 223 223 222 222 222 222 223 223 223 224 224 224 224 225 225 226 225 225 225 225 225 225 225 226 225 225 224 224 224 223 225 223 224 224 225 225 224 224 226 226 225 225 225 225 225 224 224 224 225 225 226 226 225 225 225 226 226 226 226 226 226 226 226 226 226 226 226 226 226 226 226 226 226 226 226 225 224 225 225 224 224 224
222 222 222 222 222 223 222 222 222 222 222 222 222 222 222 222 224 224 224 224 224 224 225 225 225 225 225 225 225 225 226 225 225 225 224 226 225 223 225 225 225 225 225 225 225 224 225 225 225 224 224 224 224 224 225 225 224 225 226 225 225 225 226 227 226 226 226 226 226 226 226 226 226 226 226 226 226 226 226 226 226 225 226 225 225 225 225 224 223 223
222 222 222 222 222 222 222 222 222 222 222 222 222 222 222 222 222 222 223 223 223 223 223 224 224 224 224 224 224 224 225 226 224 226 226 227 225 222 226 226 225 226 225 225 225 224 223 225 226 225 225 225 225 226 227 227 225 226 226 228 228 228 229 227 226 226 226 226 226 226 226 226 226 226 226 226 226 226 226 226 227 226 226 227 226 225 225 225 224 224
222 221 222 222 222 222 221 221 221 221 221 221 221 221 221 221 221 221 222 222 222 222 223 223 223 224 224 224 224 224 224 225 224 225 225 227 224 222 225 226 225 225 224 224 225 222 221 224 226 225 225 225 225 225 226 226 225 225 227 227 227 227 227 228 226 226 226 226 226 226 226 226 226 226 226 226 226 226 226 226 227 226 226 227 226 225 225 225 224 224
221 220 220 221 221 220 220 220 221 221 221 220 220 221 221 221 220 220 220 220 221 221 221 221 221 222 222 222 222 222 223 223 222 222 222 224 224 221 224 224 224 225 223 222 224 222 220 223 225 224 224 224 224 225 226 225 225 225 225 225 225 225 223 225 226 226 226 226 226 226 226 226 226 226 226 226 226 226 226 226 227 226 226 227 226 225 225 224 224 224
220 220 220 221 221 220 219 220 221 220 220 220 220 220 220 221 221 219 219 219 220 221 221 222 222 222 222 223 223 223 223 222 220 220 219 222 223 221 222 222 223 225 223 223 224 221 219 222 225 224 224 224 224 224 224 225 225 223 222 222 222 223 222 222 225 226 226 227 226 226 226 226 226 226 226 226 226 226 226 226 227 226 226 227 226 225 224 224 224 224
221 220 218 220 218 220 218 219 223 216 222 219 221 219 217 222 221 218 221 219 216 223 217 221 223 222 215 220 224 222 223 222 221 223 215 224 219 220 217 225 225 226 225 223 228 221 226 223 223 224 225 226 225 223 225 224 227 224 226 226 224 225 226 224 226 225 226 226 226 226 226 226 226 226 226 226 226 226 225 226 227 226 226 226 225 225 224 224 224 222
218 219 218 220 220 220 218 220 218 221 222 217 215 218 220 218 221 218 216 224 216 186 181 206 208 222 222 226 223 224 214 227 223 220 221 221 216 222 223 221 223 224 224 225 221 230 223 224 224 224 224 226 226 225 228 226 225 226 226 225 226 226 225 227 226 226 226 227 226 226 227 226 226 226 226 225 226 226 226 226 226 226 226 226 225 225 224 224 223 222
219 223 218 219 219 218 222 219 220 221 220 222 222 216 213 219 213 183 168 67 43 35 38 44 69 174 150 124 89 132 183 214 222 225 227 219 224 221 224 222 222 221 223 226 220 227 224 225 224 224 224 225 225 224 226 224 227 228 228 228 229 227 226 226 226 226 226 227 226 226 227 226 226 227 226 225 226 226 226 226 226 226 226 225 225 225 224 223 223 221
219 217 217 220 223 218 220 222 217 215 221 165 173 195 145 96 76 48 18 27 30 26 19 27 33 29 33 54 37 42 50 58 64 111 208 223 225 224 220 222 222 222 219 223 219 205 221 216 221 223 224 225 225 224 228 227 227 228 229 228 224 223 226 225 226 226 226 227 226 226 227 226 226 227 226 225 226 226 225 226 226 226 225 225 225 224 224 223 222 221
224 218 222 218 221 221 218 213 101 155 52 45 43 47 70 41 24 12 19 24 18 21 23 25 29 33 30 48 39 34 37 47 59 53 89 180 202 221 216 220 219 207 224 221 220 220 217 225 224 226 225 227 227 226 229 227 227 228 224 225 226 227 226 224 226 226 226 227 226 226 227 226 226 226 226 226 226 226 225 225 226 225 225 225 224 224 223 223 222 220
219 227 220 218 160 67 54 35 33 34 24 36 46 46 30 18 15 15 10 12 22 18 19 28 41 29 31 24 32 36 51 64 67 52 56 95 201 209 215 213 221 224 221 225 214 208 197 187 184 187 193 207 218 228 236 235 226 234 228 226 225 223 224 224 226 225 226 226 226 226 226 226 226 226 226 226 226 226 225 225 226 225 225 224 224 223 223 222 221 220
221 129 66 36 35 28 26 19 28 26 41 32 30 30 17 15 8 10 12 13 22 23 27 20 27 27 49 83 100 122 85 61 61 72 55 64 194 202 195 160 177 182 180 188 188 195 199 196 196 196 193 196 197 195 194 189 188 215 234 240 232 225 230 225 226 225 226 226 226 226 226 226 226 226 226 225 226 225 225 225 226 225 225 224 224 223 222 221 220 218
45 21 32 22 18 20 28 24 30 35 36 19 21 14 16 11 17 11 24 18 17 17 18 23 21 36 40 61 52 61 56 90 139 160 180 178 176 174 175 177 182 184 194 195 203 201 203 207 206 207 208 208 206 202 202 198 195 194 190 188 180 202 236 236 233 231 230 229 227 226 226 225 227 227 226 225 225 225 225 226 225 224 224 224 223 223 222 221 219 218
24 21 25 24 16 33 19 32 21 24 21 26 18 15 13 13 15 18 16 17 16 20 23 33 54 73 102 138 143 151 159 166 174 171 178 179 179 177 177 184 185 189 191 195 201 204 205 207 210 210 211 212 210 207 204 205 202 202 202 202 200 199 194 189 177 226 236 233 231 226 228 223 223 227 224 229 222 227 224 225 224 223 222 222 223 223 223 222 217 220
33 22 12 11 27 31 42 26 23 21 14 16 19 14 19 22 24 34 75 105 117 129 113 95 148 150 156 158 153 164 171 170 167 182 185 180 184 179 185 183 188 193 198 200 204 207 210 214 212 214 216 217 215 214 213 214 208 208 208 207 206 205 204 201 194 184 185 193 237 228 225 228 228 221 227 226 230 227 224 225 224 223 222 222 223 224 223 221 219 217
19 14 26 24 26 38 19 24 18 17 15 20 19 21 44 97 144 154 155 162 168 129 128 163 170 178 170 171 168 166 163 166 166 162 171 174 167 176 184 182 186 194 200 203 206 209 212 215 213 217 219 217 216 214 213 214 215 214 212 211 209 206 206 207 204 207 197 187 185 178 240 229 227 227 226 221 226 223 227 223 224 223 223 225 225 224 223 221 218 216
19 10 13 40 34 26 22 22 23 19 27 27 49 114 153 158 167 167 176 176 163 128 104 176 183 185 178 173 159 160 160 155 148 145 141 165 170 176 183 184 184 194 203 207 208 211 213 214 215 219 221 219 218 218 216 215 218 216 214 210 208 207 207 207 207 207 207 204 204 192 182 177 230 232 227 228 226 224 227 223 223 224 225 224 225 224 221 218 217 214
13 26 31 30 21 24 22 32 26 29 46 95 172 169 170 174 174 173 184 182 135 119 97 178 196 186 187 173 174 163 160 144 89 105 145 156 170 179 183 189 191 197 206 213 215 219 220 218 216 218 219 219 221 222 221 219 220 218 214 213 213 212 211 210 208 213 207 214 205 204 198 195 182 207 236 229 225 224 221 224 223 223 224 224 223 220 217 217 214 190
18 36 23 20 17 20 29 28 33 81 154 166 175 177 181 181 184 182 181 159 134 122 114 186 193 190 187 182 180 166 119 132 64 90 109 156 160 182 187 194 198 201 207 214 218 220 224 223 218 218 219 219 221 223 221 220 222 219 218 217 219 219 218 216 215 215 214 211 211 211 205 207 201 194 180 233 231 224 222 221 223 224 224 221 220 218 217 215 217 169
44 33 23 18 27 25 42 38 147 171 162 184 188 184 192 188 190 188 184 178 152 81 103 181 195 200 196 189 177 149 140 56 49 94 114 133 167 178 189 196 202 203 207 213 217 217 221 221 223 223 224 225 224 222 223 223 218 218 218 218 220 220 221 219 215 214 217 209 213 215 208 210 207 205 199 188 218 227 220 223 224 224 223 221 219 217 217 216 205 160
44 34 16 22 36 39 48 137 148 180 185 194 190 195 195 195 195 195 192 190 161 83 75 178 201 201 193 193 181 132 81 42 110 122 98 148 179 185 192 197 205 205 210 217 218 218 219 220 220 220 222 224 224 222 223 225 219 219 219 220 220 222 221 222 223 220 216 220 211 211 218 212 212 209 205 198 183 197 233 222 224 223 221 219 217 216 216 217 189 159
35 12 23 28 43 56 122 165 188 194 195 194 195 195 198 201 200 201 200 201 182 128 60 137 199 198 204 195 185 139 69 96 159 136 78 162 171 182 186 198 202 205 213 218 221 222 221 218 224 222 224 225 224 224 224 223 219 219 221 217 218 222 220 223 227 222 217 218 216 214 214 211 212 210 209 204 200 185 186 231 227 220 220 215 212 215 214 219 174 170
20 22 33 43 53 129 182 193 198 199 200 199 198 200 202 204 207 202 201 204 202 142 74 116 200 205 204 205 193 130 56 141 202 200 95 160 178 182 189 195 203 205 212 217 218 221 222 218 224 223 225 225 223 222 223 223 219 215 214 213 217 220 217 220 222 220 219 221 218 214 215 211 209 209 207 203 204 201 191 183 226 223 219 217 217 209 217 220 168 174
21 48 38 36 91 177 192 203 208 206 206 206 204 204 206 206 204 209 206 204 205 169 71 117 200 202 214 209 200 172 59 158 166 195 140 155 184 188 184 199 200 203 211 215 214 217 217 215 224 224 225 222 219 220 222 221 217 215 213 212 216 216 213 216 217 217 218 221 218 212 212 209 205 205 199 199 197 199 201 190 182 226 225 219 216 222 215 195 164 173
47 27 40 69 139 176 202 212 210 209 212 211 210 209 208 206 212 213 206 209 211 207 94 103 182 204 212 210 193 199 50 60 70 87 131 136 189 187 194 194 196 204 212 214 215 215 213 216 222 223 222 218 216 216 218 218 214 215 215 215 216 213 212 217 213 215 214 215 215 211 209 207 204 199 195 196 197 194 196 197 191 183 190 201 204 207 216 175 175 181
39 45 52 86 182 200 207 210 211 213 214 213 215 211 210 211 217 216 213 214 210 210 152 85 130 204 212 211 198 190 68 118 49 76 107 176 206 190 192 197 196 209 212 212 216 214 214 220 218 220 217 214 213 216 217 215 211 213 213 212 210 207 208 209 205 210 209 212 212 208 206 207 206 205 203 199 201 199 191 189 196 196 185 190 184 186 184 188 190 191
48 57 81 148 196 210 210 211 213 216 216 216 218 216 214 218 215 215 217 216 218 216 194 84 126 192 206 204 201 169 67 84 39 55 126 211 196 191 196 202 199 209 210 209 212 214 214 221 213 213 211 209 212 215 216 215 212 212 210 210 209 210 208 198 197 206 207 207 207 203 201 204 206 204 208 206 201 201 198 197 195 192 194 187 194 189 187 193 193 192
56 58 100 192 207 211 209 217 216 217 217 219 221 220 222 222 222 219 217 214 221 226 210 142 128 178 201 198 196 145 117 77 38 72 138 206 191 185 198 192 200 206 208 207 209 213 213 216 209 210 207 207 211 213 214 214 212 210 206 205 201 200 193 169 186 196 197 200 203 201 200 204 208 203 205 210 208 203 202 197 194 190 191 190 184 196 196 193 191 191
68 72 138 209 207 210 218 215 216 214 218 221 222 223 224 220 220 218 218 218 221 217 215 196 147 153 201 191 198 170 172 56 80 92 163 178 191 188 186 191 200 201 206 207 208 213 214 212 210 210 207 206 211 212 212 213 203 202 203 204 203 204 194 165 169 179 180 187 199 202 202 205 207 214 208 208 207 206 208 200 195 197 196 191 193 192 191 194 195 193
80 103 179 211 209 214 211 217 217 217 219 221 223 221 222 223 222 217 222 222 222 223 216 212 189 200 202 201 197 176 140 111 92 174 151 193 197 185 187 193 202 199 201 203 207 213 211 207 207 204 196 205 207 209 206 206 202 202 201 205 205 208 188 184 153 183 188 186 199 206 199 205 207 209 209 209 210 211 211 207 202 201 198 195 192 190 190 191 195 194
92 109 206 207 210 213 219 218 218 218 220 222 222 221 222 222 224 222 225 224 223 223 218 215 212 204 200 198 200 187 171 173 154 176 141 199 177 183 190 194 190 191 197 200 200 201 196 193 186 197 198 198 193 205 205 206 203 202 199 204 201 203 191 195 178 200 188 206 194 205 213 202 210 209 212 213 215 215 212 209 206 204 201 198 193 190 189 190 194 194
95 170 214 210 213 217 209 222 220 220 221 223 225 225 225 226 224 225 225 223 224 223 220 219 213 213 206 201 198 195 186 161 161 143 128 187 183 184 188 185 188 191 196 194 189 187 187 189 192 188 196 201 157 204 194 206 198 202 197 206 205 206 198 203 198 184 203 209 204 204 209 208 206 209 211 214 218 218 216 214 211 208 205 202 197 192 189 191 193 196
96 202 214 215 216 215 216 217 219 219 220 221 224 224 225 224 223 226 226 224 226 224 220 220 216 216 216 203 199 198 181 172 163 185 183 173 181 177 182 188 191 186 184 183 184 188 190 191 192 195 195 184 157 199 205 197 199 205 198 204 204 207 201 201 208 194 202 227 213 203 215 212 211 211 212 215 218 217 215 215 214 211 208 207 201 194 190 190 191 195
134 206 212 215 209 220 222 221 222 223 223 224 225 226 227 228 226 229 227 227 228 226 222 223 220 215 215 220 209 201 202 191 173 172 172 173 178 182 183 188 188 189 191 190 192 197 203 210 211 206 191 200 151 207 191 197 199 204 195 199 203 208 204 210 213 186 209 219 207 211 213 212 214 213 216 218 221 218 218 218 217 215 213 211 208 200 193 191 190 195
183 212 218 211 222 217 219 219 222 222 223 224 225 225 227 228 227 230 228 228 228 226 226 225 221 221 219 211 211 215 205 202 199 194 186 187 189 188 182 194 191 192 194 196 202 206 210 214 213 212 209 203 210 190 189 200 201 201 199 206 208 214 208 222 224 205 212 227 231 222 201 217 213 212 215 221 222 221 221 221 221 220 218 216 212 205 197 192 191 192
209 217 208 216 211 217 221 222 223 224 225 225 226 227 229 230 228 228 226 228 227 226 228 225 223 225 223 222 217 215 217 212 208 203 203 199 198 195 198 197 203 204 209 208 208 210 215 222 215 216 221 213 215 205 194 202 207 208 211 217 219 222 206 219 227 193 210 231 240 218 224 214 218 213 216 222 222 221 220 221 225 224 221 217 216 210 201 194 193 191
212 217 216 213 218 222 220 225 222 223 224 225 226 226 228 228 227 228 228 232 230 229 231 225 227 224 221 219 221 221 215 216 213 209 208 206 205 202 207 205 208 208 209 211 215 216 217 223 221 218 219 221 214 211 195 202 210 211 216 218 222 228 206 214 210 197 193 209 218 218 223 218 218 213 216 221 223 221 224 227 228 227 224 219 216 212 202 195 195 192
216 214 213 217 219 220 220 222 223 224 225 226 227 227 228 230 228 229 231 232 231 229 227 226 228 225 221 224 217 221 218 219 214 214 210 213 215 210 211 215 214 212 211 210 211 216 217 219 223 222 218 219 216 212 206 205 212 215 211 221 221 224 231 204 227 220 187 219 234 225 208 220 218 213 218 222 223 224 228 229 225 224 223 220 216 214 207 197 192 193
214 214 213 216 217 219 220 222 222 223 224 225 226 226 227 229 229 229 230 231 231 230 229 228 230 226 226 224 222 222 222 220 218 215 214 216 217 215 214 212 213 212 211 209 209 211 214 219 219 211 211 210 199 193 205 209 214 214 211 216 213 224 238 212 229 218 180 212 230 227 224 217 219 215 218 222 222 224 227 229 225 225 224 219 217 214 208 198 192 194
215 216 217 219 221 221 222 226 226 227 226 227 228 227 228 230 228 229 229 230 230 230 229 229 228 225 228 222 225 223 225 219 217 218 221 221 215 212 216 216 214 214 214 210 208 209 212 219 217 213 212 208 154 205 213 218 218 218 218 217 213 221 225 203 220 226 175 215 245 222 214 222 221 215 219 222 223 225 228 229 227 225 224 221 219 217 210 199 193 195
213 215 216 219 221 223 223 225 226 227 227 228 228 227 227 229 227 228 228 229 229 229 228 227 228 226 226 222 227 226 227 222 221 218 217 216 211 212 217 212 210 209 210 208 205 205 207 214 217 217 213 217 138 188 222 217 220 219 217 216 221 224 222 213 219 222 179 218 250 227 222 224 222 217 220 222 224 226 227 226 227 226 224 221 220 218 211 200 193 195
215 216 216 219 222 224 223 225 227 228 228 228 228 227 228 229 227 228 228 229 229 229 228 226 227 224 220 223 226 229 223 222 223 219 215 213 210 210 214 208 208 208 208 205 203 203 203 210 212 216 216 214 126 182 223 220 221 219 215 215 218 219 214 210 225 225 178 234 242 233 213 229 222 216 220 222 223 224 227 227 228 226 225 221 220 217 211 200 193 195
216 217 217 221 224 226 225 226 228 229 228 229 229 228 228 230 227 229 229 230 230 230 228 225 224 222 216 222 223 227 219 220 220 219 215 212 208 206 209 206 209 207 207 204 203 202 201 205 213 213 223 213 98 199 227 217 217 215 217 220 220 224 222 207 207 223 188 205 241 223 211 227 222 217 221 221 222 224 226 227 227 225 225 221 219 216 210 199 194 196
214 216 217 219 221 224 223 224 226 227 226 227 227 226 226 228 228 229 230 230 231 231 229 226 222 223 220 220 223 224 220 218 219 215 209 208 209 207 207 203 208 206 206 204 201 198 194 197 199 215 211 219 177 226 223 210 214 214 216 220 219 224 226 214 221 224 189 209 232 219 218 230 224 219 221 221 220 223 227 228 226 226 227 222 219 216 210 199 196 198
215 218 218 220 222 224 224 226 227 228 228 228 228 227 228 229 228 229 230 230 230 232 229 226 218 221 223 215 222 220 219 216 213 211 206 205 205 202 205 207 209 209 211 209 205 200 193 194 204 208 215 221 211 212 203 208 219 219 214 221 222 221 225 221 217 226 194 227 223 217 219 230 222 220 222 220 221 224 226 227 226 226 226 222 218 215 209 199 196 198
215 217 217 219 220 224 224 224 227 228 229 229 230 230 229 229 228 228 231 227 233 231 224 228 224 219 218 218 215 223 218 213 208 205 207 203 202 202 201 208 210 210 210 211 208 202 200 203 205 211 215 218 215 203 195 224 215 215 217 217 217 222 222 220 214 217 192 226 223 205 217 223 220 221 224 226 224 225 223 224 224 223 224 222 219 211 204 199 197 199
215 217 218 220 220 224 225 226 226 228 229 228 229 229 229 229 228 229 224 225 223 227 231 229 223 222 215 214 216 210 214 209 199 193 199 193 198 206 203 206 209 211 212 215 214 211 204 199 200 203 219 210 205 188 226 220 219 216 214 216 218 223 221 216 209 228 203 233 220 208 220 221 216 218 223 225 226 225 223 222 224 223 223 220 215 210 204 195 197 199
214 216 217 220 220 223 226 228 226 228 229 228 228 228 228 228 232 227 228 233 231 230 223 229 218 209 215 212 214 214 205 207 205 207 213 215 200 195 204 204 212 214 214 217 222 223 216 208 201 199 204 208 194 216 228 224 223 218 215 215 220 224 222 218 209 213 191 210 210 213 218 221 218 219 222 223 226 226 224 224 223 221 221 216 212 208 203 194 201 201
212 214 216 219 220 224 227 229 226 228 229 229 228 228 228 229 231 227 229 229 225 227 228 216 194 198 203 211 207 210 206 205 202 205 225 225 210 203 205 207 214 215 216 218 225 228 227 222 217 204 200 194 211 222 229 223 220 217 215 214 217 219 218 218 205 209 204 210 207 217 221 221 220 220 223 223 226 225 222 222 220 219 218 214 212 205 199 196 200 200
212 213 215 219 221 225 226 227 227 230 231 230 230 229 229 230 232 232 225 231 228 230 232 152 155 178 204 213 214 210 200 196 198 225 174 204 215 207 203 202 209 214 218 222 223 225 227 227 228 217 217 217 227 227 228 224 220 219 217 215 216 217 218 219 199 196 192 220 215 223 222 220 220 221 222 223 225 223 219 218 217 218 216 213 212 201 195 199 200 199
214 215 216 220 221 224 224 225 227 229 230 230 229 229 229 229 230 231 227 228 229 233 215 148 141 150 203 211 208 207 189 165 214 187 194 200 220 207 205 206 208 213 219 221 221 221 225 229 225 221 223 219 225 226 227 229 226 222 219 217 218 218 216 218 200 170 212 204 216 221 221 226 223 221 224 224 223 222 218 216 216 217 215 211 208 197 194 200 201 200
215 215 216 220 222 224 226 227 226 228 228 228 228 228 228 228 227 227 229 226 230 223 155 138 136 188 210 211 213 204 185 196 195 140 199 193 193 207 206 202 208 214 219 217 217 221 226 229 219 229 217 222 227 223 229 227 223 223 219 217 218 218 213 215 203 165 191 212 224 228 227 220 223 222 224 224 223 222 218 217 215 215 214 208 201 196 197 200 200 199
213 214 216 219 220 222 226 229 225 227 227 227 227 227 227 226 228 228 225 226 227 224 140 149 148 206 212 213 199 201 159 190 145 190 204 188 204 201 204 211 206 214 219 216 217 224 226 225 230 223 230 217 216 219 221 227 224 225 224 224 224 222 218 220 217 164 216 211 228 225 227 225 222 220 219 220 221 220 218 218 216 212 213 205 195 196 202 199 202 201
213 214 217 222 222 225 226 225 225 227 227 227 227 227 228 226 227 227 223 225 225 211 122 137 171 205 214 210 213 194 192 192 131 222 228 194 194 201 207 203 214 212 215 219 220 223 224 227 227 226 230 229 222 217 220 219 225 226 226 226 224 223 222 223 223 203 213 228 228 227 223 224 219 218 220 221 218 218 218 217 216 211 203 199 199 198 199 200 199 200
211 215 218 221 222 224 224 227 225 226 226 226 226 227 229 228 226 226 223 226 221 195 108 155 173 214 214 226 215 189 194 135 199 220 234 167 200 211 200 204 211 209 214 217 218 222 224 227 227 227 231 232 226 222 222 219 220 223 229 229 227 224 224 225 223 210 209 222 225 226 226 222 219 217 218 216 216 217 217 213 212 207 201 199 199 198 199 199 200 201
210 217 218 220 223 224 223 228 226 228 227 226 226 226 226 227 226 224 217 222 226 176 132 134 184 208 206 219 220 185 162 80 59 82 122 166 192 207 207 199 211 210 215 219 220 222 225 229 228 228 231 233 230 228 226 220 217 222 227 229 227 226 225 225 225 220 213 220 223 222 223 216 216 216 215 216 216 216 216 210 206 203 202 201 201 200 201 201 199 201
208 214 217 219 221 222 221 226 226 229 228 228 227 226 225 225 226 222 221 217 224 150 131 147 194 212 221 217 223 181 180 74 181 49 73 161 190 196 215 209 211 209 214 219 220 223 225 228 230 231 232 231 229 230 229 226 224 223 221 222 225 228 226 225 223 224 221 223 223 218 219 217 215 216 215 214 215 215 213 206 203 203 203 203 203 201 201 201 198 201
210 213 216 219 220 222 222 223 226 228 227 227 227 226 225 225 222 224 221 225 220 133 118 140 206 215 207 224 217 191 162 48 29 24 41 132 173 176 214 204 212 210 215 221 226 230 227 228 231 232 231 229 227 228 229 228 231 226 221 221 224 226 226 224 221 223 226 224 224 222 219 226 218 221 220 216 215 214 212 207 204 205 206 205 203 201 201 200 199 201
211 212 215 220 220 222 223 222 224 226 223 223 224 225 225 226 226 221 220 218 220 131 116 163 220 213 215 216 213 174 144 44 154 29 51 129 161 195 209 212 211 209 215 222 228 232 230 231 229 230 231 229 228 228 228 229 230 230 228 225 222 222 223 227 227 224 227 225 226 226 221 227 220 223 222 218 216 216 213 210 207 208 208 205 202 200 200 199 200 202
208 211 212 216 218 220 220 222 221 222 220 220 222 223 223 223 225 224 220 217 219 141 153 192 219 211 211 220 214 192 166 60 58 66 109 142 170 197 211 209 209 206 213 220 226 229 227 227 229 229 229 227 228 228 228 228 229 230 231 228 222 220 221 224 228 228 227 226 227 226 222 222 222 223 221 217 217 216 213 211 210 210 209 204 200 199 200 199 201 203
205 210 210 211 215 218 219 222 219 220 221 220 222 222 220 220 226 224 222 220 219 148 131 210 218 208 220 216 211 204 155 95 51 79 123 110 154 188 210 208 212 210 216 222 229 230 226 227 228 229 227 227 229 229 228 228 229 227 226 225 224 223 221 221 223 228 226 229 228 225 226 220 223 222 219 217 217 215 212 211 213 213 209 203 200 198 200 200 201 203
198 204 209 211 213 218 218 216 220 220 217 218 220 219 222 223 223 226 217 219 197 151 147 212 223 210 215 210 214 208 166 145 61 181 181 110 181 194 211 210 210 212 219 223 224 227 226 225 227 229 230 230 230 230 229 226 226 226 225 224 223 224 226 227 227 228 228 228 227 226 224 223 223 221 219 218 218 215 213 214 210 210 209 202 199 199 197 199 203 206
199 204 207 209 212 215 216 215 218 221 220 219 221 220 221 221 221 221 214 213 198 173 167 209 215 212 213 210 214 208 187 178 82 126 140 150 198 198 206 217 213 212 215 221 226 227 227 225 224 226 228 228 229 230 230 228 227 227 228 226 225 225 228 228 229 228 227 224 223 223 221 218 220 218 217 216 215 212 210 210 211 208 205 198 197 198 197 200 204 207
202 205 207 208 210 212 214 215 212 217 217 218 219 218 219 219 222 221 217 217 198 158 146 210 214 213 209 213 212 208 199 176 153 59 120 168 189 199 207 215 213 209 214 221 226 228 226 226 228 230 231 230 228 228 227 227 227 226 226 225 222 222 223 224 225 224 223 222 222 221 220 218 219 219 218 217 216 213 210 209 209 207 202 196 195 198 198 200 204 208
201 202 204 206 208 210 213 214 210 217 217 216 217 217 219 219 219 216 213 212 196 152 133 206 207 217 209 208 214 210 202 185 174 97 88 158 197 205 210 211 211 209 215 224 227 226 227 227 227 229 231 231 228 225 224 226 226 225 225 224 222 221 222 222 221 219 219 221 221 218 216 218 214 216 215 214 212 210 206 206 207 203 200 195 195 197 197 200 206 210
198 199 201 204 207 209 210 212 210 217 217 216 217 217 220 217 215 213 212 210 210 193 157 186 208 212 209 209 208 208 206 191 165 151 119 167 202 208 205 206 207 206 214 223 227 227 228 227 223 226 229 228 226 225 225 226 226 225 224 223 222 220 220 218 220 219 219 217 216 215 214 215 214 216 215 214 212 210 206 204 203 201 198 195 193 195 197 202 206 211
195 196 199 201 204 206 207 207 205 212 212 213 213 213 214 214 212 212 212 207 205 192 161 186 200 210 206 203 210 204 198 201 189 179 164 160 203 204 205 207 206 204 209 217 224 227 228 226 225 227 228 227 223 222 223 225 225 223 222 220 218 216 214 214 215 218 217 210 209 214 216 213 211 213 212 209 207 206 202 201 200 196 195 192 192 195 199 204 209 213
194 196 198 199 201 201 201 200 200 205 205 207 208 207 209 211 211 206 201 205 209 196 159 174 196 208 203 201 205 201 199 197 199 185 183 179 198 204 201 207 205 204 209 214 219 223 224 222 226 225 227 226 223 221 220 221 224 222 221 219 216 216 214 213 210 212 213 211 213 217 218 216 214 214 212 208 207 205 202 199 194 193 191 190 192 196 199 207 211 214
192 195 196 196 197 199 199 197 197 200 198 199 201 200 203 208 207 204 204 203 200 207 174 152 159 198 204 201 204 198 198 197 195 191 174 197 196 197 198 204 203 206 212 214 215 219 222 219 218 221 225 226 224 221 220 220 220 219 218 217 214 210 210 212 213 210 212 215 218 215 212 213 211 211 207 203 201 200 196 193 191 188 188 190 194 198 200 207 211 214
187 189 187 193 194 190 193 189 190 198 193 197 194 199 197 202 197 204 194 200 195 194 205 171 178 183 202 197 196 202 192 191 193 193 192 194 197 199 200 202 202 208 209 209 213 217 217 218 216 216 214 217 218 217 219 216 217 215 215 214 212 211 211 211 211 211 216 217 214 214 215 210 208 209 205 200 198 196 191 186 185 183 186 191 196 200 202 207 212 213
179 188 185 185 188 188 189 187 189 188 193 190 191 189 186 190 191 192 191 190 190 187 182 187 169 175 190 191 190 192 192 195 189 190 192 197 201 200 200 202 203 207 209 210 214 215 214 215 214 216 215 215 214 215 218 213 211 210 209 209 208 208 208 206 209 209 212 213 209 209 208 203 205 204 197 193 193 192 188 184 184 184 187 191 196 200 203 207 210 212
170 178 186 177 178 183 175 184 179 183 186 177 188 183 187 179 182 186 183 184 186 183 185 181 179 179 178 182 186 186 190 188 190 193 198 205 207 203 200 202 202 206 210 211 212 211 210 211 215 213 212 214 212 208 211 212 209 208 208 207 208 211 211 209 210 208 209 209 206 206 203 198 199 196 191 189 187 186 183 181 181 184 188 194 197 201 203 205 211 213
155 169 172 177 177 172 173 174 176 178 176 180 173 181 183 172 177 175 176 181 181 179 179 182 179 176 177 179 180 182 188 192 189 194 200 204 206 203 201 199 202 203 207 210 210 208 207 208 209 213 211 208 205 206 207 203 201 202 202 201 202 205 207 205 207 205 203 203 201 201 198 194 191 190 188 186 183 180 178 178 180 185 190 194 197 199 202 205 209 211
143 149 156 160 160 161 162 165 158 158 166 165 168 173 165 174 169 171 169 169 176 178 174 179 174 172 177 175 178 184 185 190 193 199 204 205 208 208 205 201 201 200 202 204 206 204 206 208 206 204 203 207 205 200 201 201 200 200 200 199 198 200 202 202 201 199 198 197 194 193 192 189 186 187 185 183 177 174 174 177 183 188 190 193 195 198 203 206 207 209
106 131 140 151 147 138 153 151 139 164 160 158 160 157 164 153 152 166 173 169 165 169 173 171 177 173 174 168 173 182 180 183 187 195 199 200 203 204 202 198 199 197 198 199 200 200 202 202 198 201 200 201 200 201 202 197 197 196 195 194 191 192 193 194 196 194 192 191 188 187 185 183 181 182 180 176 171 170 173 178 183 186 191 194 195 198 201 203 206 208
87 97 109 116 121 122 122 124 134 122 140 157 132 147 138 136 142 135 156 166 165 168 163 167 169 173 173 169 169 174 180 187 186 190 193 195 199 199 197 196 195 193 192 193 193 193 195 193 193 191 191 196 194 191 193 193 193 190 189 189 188 187 186 188 190 189 187 185 185 183 179 178 176 176 172 170 168 170 175 179 181 184 190 194 195 196 197 198 201 203
75 81 88 95 102 100 102 116 116 112 124 123 129 123 129 106 111 120 121 145 162 158 163 166 163 170 165 171 174 173 179 179 183 184 186 191 192 189 190 192 192 189 188 187 186 188 189 185 185 185 185 185 184 182 184 183 184 181 180 182 183 181 179 179 183 182 181 179 178 176 173 171 170 170 165 164 168 173 176 178 186 186 185 188 189 192 195 198 197 199
46 78 63 80 84 81 104 102 102 99 94 88 82 97 99 97 78 96 109 115 139 159 155 160 163 166 167 170 164 175 171 176 181 179 185 185 187 185 187 185 186 179 179 177 175 176 176 183 179 177 180 181 175 177 174 176 178 181 172 179 179 177 174 173 178 175 175 168 169 169 171 163 164 155 158 159 165 170 177 182 185 186 184 183 191 190 192 194 191 194
50 42 50 66 75 71 68 86 82 76 75 72 63 55 58 59 62 63 71 77 100 140 155 157 160 158 162 167 161 165 168 167 175 178 180 178 184 186 184 181 179 175 175 173 172 173 171 172 169 174 171 168 175 172 170 168 170 173 173 171 170 172 172 169 171 164 168 169 160 162 155 157 152 152 158 165 171 169 173 174 182 185 178 181 176 190 190 194 189 191
41 37 44 53 65 51 62 64 72 66 68 71 57 59 43 44 39 44 45 44 69 104 128 150 151 154 154 156 162 158 159 162 170 171 174 179 180 181 183 184 177 176 174 169 170 172 171 168 168 161 166 171 166 163 165 162 163 161 164 162 168 167 166 164 166 164 163 159 159 153 149 144 159 164 168 166 168 166 169 166 172 174 175 173 178 186 189 193 188 189
49 54 27 47 32 52 46 51 50 46 48 53 49 36 36 30 20 20 28 29 31 49 86 124 135 147 147 146 154 156 148 154 158 162 167 170 166 174 177 171 174 173 169 166 167 168 170 167 162 164 162 161 163 169 160 163 167 160 160 157 161 159 156 158 158 148 152 142 127 133 140 131 131 123 136 138 141 146 147 150 157 162 162 166 179 180 186 183 186 188
38 35 24 38 42 28 31 36 29 26 24 26 23 40 24 19 18 10 9 14 16 19 35 61 93 105 124 130 126 143 140 139 143 145 146 158 160 163 165 164 162 163 162 163 163 159 160 161 152 152 152 156 161 160 157 157 155 158 159 157 151 150 149 144 127 120 87 59 22 22 19 26 35 126 155 162 173 169 182 158 173 134 140 152 161 171 179 185 182 184
25 28 34 18 23 20 19 22 17 14 12 15 17 13 18 19 9 11 6 7 17 13 11 27 35 60 79 91 88 105 100 108 93 112 113 125 131 139 147 154 153 155 153 156 157 153 154 159 150 153 148 145 155 145 155 156 159 154 154 153 144 134 129 86 64 19 21 22 15 15 34 90 160 166 173 185 184 180 197 188 198 202 201 136 144 162 175 175 182 183
25 23 16 16 19 13 21 21 18 13 11 12 7 15 7 8 16 9 7 6 4 8 12 7 16 17 37 60 48 52 64 57 64 76 78 94 95 101 109 120 122 127 128 132 137 137 141 144 146 143 141 143 137 138 140 148 151 167 169 165 139 36 16 20 17 20 21 26 29 70 211 165 205 201 195 173 150 158 188 193 189 151 195 205 141 154 145 172 173 179
17 12 28 12 15 12 13 11 12 12 10 11 9 11 8 7 9 12 9 6 5 6 8 6 9 10 9 30 41 27 39 42 36 34 34 61 70 88 97 93 96 107 111 118 128 129 132 134 140 150 144 138 82 52 49 159 176 183 190 178 136 14 18 16 28 38 33 35 166 178 168 191 199 184 177 184 199 199 198 189 189 197 207 210 201 128 152 167 175 182
14 14 12 13 12 11 13 10 11 9 8 10 7 6 8 8 9 8 8 7 5 4 4 4 4 14 4 5 25 24 19 25 38 25 32 24 61 65 87 124 138 119 155 156 148 139 165 175 179 134 167 115 16 7 21 23 164 185 198 189 129 31 34 28 33 33 177 166 168 167 145 152 126 194 196 203 211 180 210 198 212 191 206 187 198 205 131 155 172 183
11 13 11 11 10 9 12 12 15 11 8 10 7 6 8 5 8 8 8 7 4 4 2 2 2 4 1 3 12 15 16 12 34 19 29 26 63 74 106 145 157 189 191 152 179 184 178 178 160 170 179 32 14 3 7 33 68 193 215 203 125 44 11 17 115 164 162 142 157 105 164 182 169 162 175 167 187 200 202 206 201 186 158 207 199 185 199 140 166 178
