215 215 215 215 216 216 216 215 218 218 218 218 219 219 219 218 216 216 216 216 215 215 215 216 217 217 217 217 220 220 220 220 218 218 218 219 218 218 219 219 218 218 219 220 220 220 220 220 220 221 221 221 221 221 221 221 220 220 221 221 220 220 220 221 222 222 222 222 222 222 222 223 222 222 222 222 222 222 222 222 223 223 223 223 223 223 223 223 224 224
215 215 215 215 215 215 216 216 217 218 218 218 217 217 217 218 216 215 215 215 215 215 215 215 217 217 217 217 219 219 219 219 218 218 218 218 217 218 218 218 218 218 219 220 220 220 220 220 220 220 220 221 221 221 221 221 221 221 221 221 220 220 220 221 222 222 222 222 222 222 222 222 222 222 223 223 223 223 223 223 223 223 223 223 224 224 224 224 224 224
217 217 216 216 215 215 215 216 215 215 215 215 215 217 217 215 215 215 215 215 216 216 216 216 216 216 216 216 217 217 217 217 217 217 217 218 218 218 218 218 219 219 219 220 222 222 222 222 220 220 220 220 220 220 220 221 221 221 221 220 220 221 220 221 222 222 222 222 222 222 222 222 223 223 223 223 223 223 223 223 224 223 223 224 224 224 224 224 224 224
217 217 216 215 215 214 215 215 215 215 215 214 213 213 213 214 215 215 215 215 215 215 215 215 216 216 216 216 216 216 216 216 217 217 217 217 218 218 218 218 219 219 219 219 222 222 222 222 220 220 220 220 220 220 221 221 221 221 221 221 221 221 220 221 222 222 222 222 222 222 222 222 223 223 223 223 223 223 223 223 223 223 223 224 224 224 224 224 224 224
216 217 215 215 214 214 213 214 213 213 213 213 213 213 213 213 214 214 214 214 215 215 215 215 215 215 215 216 216 216 216 216 217 217 217 217 217 218 218 218 218 218 221 221 221 222 222 222 220 219 219 219 220 221 221 221 220 221 221 221 221 221 221 221 222 222 222 222 222 222 222 222 223 223 223 223 223 223 223 223 223 223 223 223 224 224 224 224 224 224
216 216 214 214 213 213 212 212 212 212 212 211 211 211 211 212 213 213 213 213 214 214 214 214 214 214 214 215 215 215 216 216 216 216 216 217 217 217 218 218 218 218 220 221 221 219 219 219 219 219 219 219 220 221 221 221 220 221 221 222 222 221 221 221 222 222 222 222 222 223 223 223 223 223 223 223 223 223 223 223 223 223 223 223 224 224 224 224 224 224
213 213 213 213 213 212 212 212 211 212 212 211 210 210 210 211 211 214 214 214 214 214 214 215 212 213 213 213 213 213 214 214 214 214 214 215 216 217 217 217 217 218 218 218 219 219 219 218 218 218 219 219 219 219 220 220 219 220 221 221 221 221 221 221 222 222 222 222 223 223 223 223 223 223 223 223 223 223 224 224 224 224 224 224 224 225 225 224 225 225
213 213 212 212 212 212 212 213 212 213 213 213 210 210 211 213 212 213 213 213 213 213 213 214 213 212 212 213 213 213 213 213 213 213 214 214 216 216 217 217 217 217 218 217 217 218 218 218 217 218 218 219 219 219 219 219 219 220 221 221 221 221 222 222 222 222 222 223 223 223 224 224 224 224 224 224 224 224 224 224 225 224 224 225 225 225 225 225 225 225
210 211 209 212 213 209 212 215 212 212 216 208 215 213 214 213 214 215 215 211 216 217 215 213 215 216 208 216 213 218 219 213 212 213 214 214 217 213 218 215 217 216 214 219 217 216 218 217 218 220 220 218 218 222 218 219 219 219 221 221 221 221 222 222 222 222 222 222 223 223 223 223 224 224 224 224 224 224 224 224 224 224 224 225 225 225 225 225 225 225
211 208 212 212 210 216 210 213 214 214 193 216 197 199 211 182 192 192 180 210 209 204 212 215 217 211 217 219 216 214 207 218 209 217 214 214 223 215 217 215 215 216 224 212 218 213 218 218 216 219 220 220 220 215 219 220 219 219 221 221 221 221 222 222 222 222 222 222 223 223 223 223 224 224 224 224 224 224 224 224 224 224 225 225 225 225 225 225 225 225
210 212 210 211 214 206 207 199 185 130 106 79 67 63 67 69 68 61 58 73 86 86 85 60 61 86 88 159 206 218 223 214 214 215 219 216 216 216 220 216 218 218 219 215 217 219 211 217 220 220 220 219 221 218 219 219 219 220 221 221 221 221 222 222 222 222 222 223 223 223 223 223 224 224 224 224 224 224 224 224 224 225 225 225 225 225 225 225 225 225
211 208 214 207 191 144 127 84 64 63 58 62 68 64 71 68 84 77 76 70 64 67 67 59 65 66 67 79 84 91 135 136 151 176 211 213 217 221 218 217 219 218 218 219 220 219 216 220 220 218 221 220 218 222 216 216 219 219 221 221 221 221 221 221 222 222 222 223 223 223 223 223 224 224 224 224 224 224 224 225 225 225 225 225 225 225 225 225 226 226
209 208 172 101 82 69 61 55 54 60 60 72 67 78 79 70 74 76 84 79 85 85 95 91 90 83 85 89 87 100 99 96 92 99 97 100 119 107 110 144 204 219 215 223 219 222 220 220 218 221 221 225 217 220 218 221 219 219 219 219 220 220 221 221 222 222 222 222 223 223 223 223 224 224 224 224 224 224 225 225 225 225 225 225 225 225 225 225 226 226
104 74 71 78 66 66 72 74 82 76 78 72 71 77 88 86 89 84 105 95 106 96 101 111 100 89 92 92 95 94 109 99 90 82 83 93 92 93 115 113 85 121 153 212 216 220 220 223 220 219 215 225 221 217 221 219 218 218 219 219 220 220 220 220 221 221 221 222 222 223 223 223 224 224 224 224 224 225 225 225 225 225 225 225 225 225 225 226 226 226
80 81 80 75 84 82 84 83 79 89 99 85 72 79 84 88 113 111 116 115 119 138 118 120 110 104 98 96 99 96 93 94 96 98 97 87 82 84 101 107 101 108 84 93 172 211 220 213 217 215 222 215 220 217 221 216 217 217 218 218 219 219 220 220 220 221 221 221 222 222 223 223 224 224 224 224 224 225 225 225 225 225 225 225 225 225 226 226 225 225
76 65 103 82 86 95 121 116 84 80 86 89 83 93 114 121 138 145 143 155 150 153 149 153 153 142 136 124 119 109 108 99 97 95 112 103 102 105 94 94 96 100 106 99 114 122 127 113 141 158 217 205 221 223 219 213 220 220 218 219 219 218 218 219 220 220 221 221 222 222 223 223 224 224 224 224 225 225 225 225 225 225 225 225 225 226 226 226 226 226
89 82 105 82 99 101 96 106 95 90 96 107 131 153 157 162 163 166 168 169 171 170 169 172 166 167 166 160 159 160 156 155 147 105 106 101 101 103 106 99 97 100 105 99 118 108 108 109 108 108 114 100 119 166 186 182 211 225 219 219 218 215 216 216 216 221 222 222 221 223 223 221 223 223 223 223 224 224 223 224 224 224 224 224 225 225 226 226 225 224
82 86 86 123 120 106 97 99 100 116 139 151 160 167 170 176 174 175 175 175 176 173 173 175 174 173 166 168 168 168 170 155 116 109 100 110 123 139 151 163 164 165 171 168 174 167 169 168 166 173 159 162 148 118 138 133 141 196 229 224 223 222 217 221 222 219 219 220 219 220 221 225 223 223 223 223 224 224 223 224 223 223 224 224 225 225 225 226 225 225
76 86 98 106 113 119 114 119 134 152 166 163 167 176 180 181 186 185 183 182 181 182 182 178 174 175 170 176 178 168 148 115 124 110 104 126 158 178 185 179 178 177 184 187 183 180 181 177 182 181 181 175 178 176 176 174 163 129 145 183 212 230 229 227 218 223 215 223 223 224 223 224 224 224 225 225 224 224 223 223 224 224 225 225 227 227 227 228 227 226
80 95 87 102 110 105 114 156 161 165 168 170 178 184 188 191 194 191 192 190 187 191 190 184 186 186 187 184 173 148 128 127 135 104 118 141 192 194 194 187 190 188 188 196 195 197 192 189 189 192 196 186 189 193 188 185 186 179 181 173 172 179 181 198 223 223 222 222 221 219 224 220 222 224 224 225 223 224 223 223 224 224 225 225 227 227 227 227 226 226
88 85 78 103 107 131 158 160 161 172 178 180 187 195 201 202 198 196 197 198 196 196 195 188 190 192 192 181 168 155 143 142 150 110 121 176 203 206 193 192 188 194 189 193 189 192 189 197 199 202 195 196 201 195 201 198 192 188 190 185 181 190 195 196 192 190 231 221 222 217 219 217 221 223 224 225 224 223 221 222 223 224 224 224 226 227 227 227 228 228
94 73 95 113 134 145 156 162 173 176 180 189 196 195 201 206 202 199 200 201 199 198 197 192 200 197 189 185 169 154 151 134 108 141 168 199 203 197 189 185 185 184 172 177 186 196 194 201 201 205 207 204 206 205 208 207 203 202 198 196 195 191 190 186 189 190 178 195 224 219 216 219 219 220 221 221 222 222 222 221 222 223 224 224 224 226 227 227 227 227
87 87 108 129 150 161 174 177 180 188 190 196 201 202 205 204 204 202 201 202 203 200 200 200 199 198 193 183 161 148 139 108 127 136 188 204 197 156 173 159 148 153 163 179 189 199 199 199 205 208 207 210 210 202 211 207 204 207 204 199 199 198 194 191 187 184 192 187 184 214 229 222 219 217 218 218 219 220 222 222 221 222 222 223 223 224 225 225 227 227
102 126 142 161 172 173 179 181 189 196 197 200 201 197 202 205 205 204 202 202 203 201 200 206 203 196 196 184 163 151 135 115 122 158 207 201 149 163 162 111 143 152 172 186 187 192 203 204 207 207 211 206 205 209 213 206 209 207 210 208 206 205 204 203 199 191 188 180 175 164 223 227 224 219 218 218 219 220 221 222 221 221 222 222 223 223 224 225 225 227
134 160 171 171 178 182 185 190 193 201 203 201 204 205 202 206 203 198 201 204 203 203 201 204 203 202 189 187 164 156 124 117 128 173 211 192 165 182 113 131 158 161 167 188 195 193 206 203 205 209 212 214 214 213 210 210 212 213 212 210 211 209 209 209 205 203 200 191 181 176 181 186 213 229 225 221 223 219 223 218 219 219 224 218 223 224 221 223 225 225
152 169 175 179 186 186 192 200 200 203 209 206 205 205 204 205 203 201 203 202 204 207 206 205 205 202 199 197 169 149 106 107 132 196 215 171 174 112 151 162 163 178 173 190 193 200 206 207 214 213 215 215 215 212 211 212 213 215 216 217 216 214 212 211 209 210 211 207 197 188 180 175 176 171 194 225 226 222 222 222 220 220 218 222 220 218 221 222 223 225
164 175 176 180 186 189 193 199 206 205 208 208 207 207 205 202 205 204 204 204 206 210 210 210 213 202 206 192 172 131 109 115 127 208 212 176 135 172 195 200 203 181 173 200 199 199 201 212 213 212 211 213 214 211 210 214 215 216 214 213 212 212 214 215 218 215 213 207 203 197 192 188 184 181 178 175 172 220 225 227 225 225 222 219 221 221 221 224 224 224
161 176 181 181 187 192 201 209 207 207 212 211 206 207 207 208 209 204 204 207 210 211 211 214 216 208 206 192 172 120 119 120 137 201 187 205 120 184 185 198 205 182 184 192 198 203 201 208 213 214 211 212 212 210 209 211 214 216 216 215 215 216 215 217 218 218 216 213 208 206 206 203 198 194 190 181 179 164 168 227 226 224 224 226 219 222 221 221 223 224
172 180 180 184 190 196 204 208 211 211 212 211 212 214 211 211 210 206 207 209 211 211 211 215 212 214 207 201 164 127 123 123 156 215 177 159 94 109 116 109 199 182 186 198 195 199 206 208 208 209 207 208 210 211 211 211 214 217 218 219 219 219 218 223 223 223 222 217 212 211 207 204 206 202 194 190 184 189 177 171 194 231 228 228 223 219 219 223 223 223
171 175 179 185 191 196 206 211 208 212 216 213 211 210 210 215 208 208 210 211 211 214 215 216 217 215 213 200 161 130 119 125 172 215 182 118 116 111 112 106 130 176 185 203 202 200 203 206 210 211 207 204 205 208 208 208 215 215 216 216 217 219 220 223 224 222 218 216 213 213 212 209 210 208 209 197 198 190 192 181 172 151 205 227 227 221 223 218 222 222
174 176 178 186 194 200 206 208 210 210 213 213 211 212 211 211 206 209 213 213 214 216 216 218 221 217 222 202 172 126 110 121 188 206 189 104 107 133 57 101 116 178 192 199 196 205 211 208 207 209 207 206 207 210 211 212 213 217 220 222 225 226 223 223 219 218 218 219 218 217 215 214 210 212 212 214 199 199 195 190 187 170 166 181 224 222 226 219 221 221
158 169 178 184 192 202 212 210 212 209 215 216 211 212 214 211 208 205 212 217 217 216 217 223 220 221 216 206 175 125 110 127 194 205 189 99 114 63 18 120 122 176 206 201 203 206 205 206 204 203 204 205 206 206 206 208 214 217 219 220 224 225 225 224 225 222 221 219 215 211 212 213 211 213 213 218 211 211 199 197 194 187 175 167 174 227 223 224 223 221
148 160 176 179 193 198 206 213 210 214 213 213 215 213 211 211 207 211 216 210 217 218 219 217 221 220 218 213 179 127 112 124 199 195 185 114 113 149 128 121 166 189 190 184 194 208 200 207 205 205 206 202 202 206 207 209 212 215 216 219 229 225 226 222 226 223 221 214 213 213 207 207 212 213 219 218 213 217 207 205 201 194 191 183 171 167 233 227 222 222
107 122 167 181 190 202 210 216 214 218 214 209 211 215 215 212 211 211 214 213 218 218 221 220 219 219 223 218 192 147 122 128 192 191 174 150 134 118 124 159 178 186 189 193 193 199 200 204 202 203 200 201 203 202 205 203 204 216 221 220 222 224 223 224 224 221 218 214 216 215 209 208 210 216 213 216 215 213 213 207 204 207 200 195 182 183 161 226 228 223
107 114 142 173 185 193 214 216 219 214 212 216 218 213 211 212 215 212 215 217 220 220 223 223 220 218 216 214 204 159 126 146 185 184 163 175 184 196 195 192 165 185 184 187 192 196 196 200 209 206 205 200 202 207 202 204 208 210 212 219 221 225 220 218 222 218 211 207 207 206 203 205 205 208 209 218 215 212 215 212 208 207 201 200 192 190 181 172 217 228
96 112 134 149 171 189 201 213 216 216 213 213 214 214 213 211 213 212 214 217 219 221 223 221 224 222 218 216 207 165 134 144 172 183 150 167 138 182 182 173 162 171 176 192 189 190 197 200 198 204 196 196 201 199 202 199 208 211 211 220 218 219 215 215 214 210 206 205 204 202 198 198 190 198 210 212 212 211 212 212 212 201 207 202 200 195 188 181 177 207
86 98 133 163 172 188 202 206 217 215 214 213 212 212 213 212 212 214 214 216 216 222 224 222 226 224 229 227 209 194 181 157 173 178 147 166 154 162 161 137 182 184 182 192 186 189 196 195 196 192 191 182 186 193 192 198 194 197 200 207 210 211 211 211 211 208 205 203 200 196 195 191 173 190 206 208 211 209 210 205 207 207 208 208 208 202 196 193 186 177
100 131 138 155 170 181 197 205 217 212 213 216 214 210 212 215 212 217 214 215 215 223 225 226 228 224 225 224 210 206 201 171 166 163 156 169 193 171 162 161 187 192 182 181 183 190 187 185 182 182 183 193 198 193 196 196 196 198 200 192 202 205 203 207 202 201 197 197 194 196 197 194 181 142 193 205 195 203 202 209 206 206 208 203 211 205 204 203 196 190
91 113 133 150 163 178 185 210 215 216 216 210 208 213 218 215 212 218 213 216 217 223 223 227 227 226 224 226 223 214 201 189 179 180 167 169 189 203 183 186 202 186 177 177 170 175 180 184 187 187 196 201 204 208 204 200 190 131 176 200 197 199 204 198 200 201 200 202 202 199 196 186 166 149 176 193 202 204 207 201 202 204 205 210 208 212 211 204 201 202
89 106 116 146 163 178 188 195 213 214 216 216 214 214 215 213 207 215 212 217 218 221 218 227 229 229 230 222 219 221 212 207 195 191 179 179 186 187 190 186 185 184 185 187 188 193 188 197 197 202 207 209 212 222 223 209 204 145 197 196 193 201 199 201 200 202 201 203 203 201 197 186 181 134 161 171 182 197 198 202 203 207 206 208 206 211 214 209 208 201
96 108 116 150 165 190 196 201 200 218 218 212 215 218 214 214 210 212 210 216 220 218 225 224 228 225 230 222 226 213 213 216 213 205 196 191 193 198 203 204 205 202 196 199 204 203 198 203 206 209 206 212 222 228 227 219 220 204 182 192 199 202 204 203 207 202 205 215 210 211 199 188 179 168 163 174 178 192 191 198 203 205 206 208 210 211 211 214 207 206
91 109 126 155 174 182 205 207 209 213 215 215 214 214 213 210 212 213 212 216 220 222 224 225 228 225 225 227 225 224 227 226 221 213 205 200 200 202 207 208 205 205 202 207 207 206 203 208 207 205 212 216 228 233 222 220 216 211 202 201 196 204 199 211 211 215 217 218 211 208 196 187 183 161 174 173 185 186 201 200 203 206 209 209 210 210 210 212 213 211
99 118 136 154 163 172 202 208 213 212 214 216 214 213 212 208 211 213 217 219 219 222 223 228 225 224 227 228 229 226 229 220 223 218 211 207 204 206 211 213 212 211 209 212 207 208 205 207 207 204 212 209 219 230 220 222 217 215 206 194 203 202 217 220 220 225 226 225 219 214 199 192 170 158 174 180 177 184 197 204 201 206 210 210 211 213 214 213 210 209
103 123 136 141 164 171 181 205 211 218 219 214 213 213 212 210 211 210 216 218 221 226 222 225 229 230 226 221 221 225 223 221 222 217 211 208 206 208 213 217 213 212 209 209 207 208 205 206 208 208 208 209 222 231 222 216 214 213 202 203 210 211 224 221 221 224 229 229 222 218 202 200 146 163 182 202 188 193 192 212 207 212 214 213 214 215 215 214 216 216
90 98 136 150 177 167 184 207 214 218 219 216 212 212 213 213 208 211 220 221 222 226 223 228 225 220 224 211 216 220 225 224 223 215 210 206 205 208 212 215 210 214 206 203 201 203 199 203 201 202 205 205 212 217 214 212 209 204 210 209 213 216 216 216 222 221 222 221 220 222 205 191 150 177 197 210 204 194 190 205 210 213 216 215 217 221 219 218 212 214
94 116 145 153 174 169 181 192 218 214 215 217 211 210 213 212 210 213 218 221 226 229 226 226 229 220 218 211 202 211 219 220 221 211 204 201 199 200 204 205 205 211 203 198 194 194 192 198 203 198 205 210 213 215 208 209 176 183 201 207 220 217 219 212 216 217 222 217 216 223 206 193 155 186 205 220 222 208 205 202 216 218 220 217 218 220 218 218 216 218
123 123 140 163 171 173 177 186 215 215 215 214 212 211 212 214 213 219 220 224 226 227 230 230 222 221 203 220 197 214 216 218 214 205 197 192 190 191 193 194 193 200 197 194 188 192 191 194 201 198 202 206 205 210 211 204 160 197 204 220 220 227 225 220 221 219 221 216 217 224 202 193 161 201 206 225 219 212 208 200 217 220 221 220 220 221 219 220 221 222
113 128 159 157 170 174 175 191 207 220 217 210 213 212 212 217 215 220 218 222 225 226 231 229 225 218 196 196 199 192 215 211 208 199 192 188 185 185 188 190 193 196 194 192 185 188 186 184 190 196 193 202 205 210 212 183 132 188 221 219 218 225 220 224 226 221 220 217 215 209 189 193 164 214 213 229 219 209 207 202 218 222 224 224 222 219 217 219 220 220
120 134 168 157 164 171 184 196 204 216 219 216 212 210 207 211 217 219 223 223 225 221 230 227 225 205 183 203 179 197 214 209 195 189 180 185 180 188 183 187 197 199 202 198 190 186 179 175 180 183 183 192 199 207 209 195 103 167 217 212 213 217 224 226 229 231 215 223 223 202 194 174 180 207 211 223 217 214 204 193 212 216 218 223 224 218 217 222 213 218
115 147 150 163 161 171 194 199 208 217 218 213 211 212 211 213 216 218 222 219 227 223 224 222 214 205 185 149 191 195 208 192 183 184 179 173 170 183 184 192 192 194 199 197 196 192 179 173 170 170 180 185 189 209 218 218 160 205 211 209 212 218 217 212 223 228 224 219 217 203 193 194 200 209 221 220 216 220 208 198 213 216 216 220 222 217 219 224 220 221
111 143 149 157 153 180 199 211 217 217 214 213 212 207 209 216 216 217 225 220 226 225 219 224 197 177 140 185 166 202 202 185 178 182 177 181 182 189 187 189 195 196 193 193 198 199 192 192 179 162 162 170 179 199 214 222 209 203 200 207 211 214 213 212 222 214 223 224 216 208 204 199 194 199 208 225 231 213 201 198 219 217 214 221 227 224 222 219 218 218
125 142 154 154 153 164 192 206 217 218 215 209 209 210 213 214 218 219 223 224 226 225 220 220 182 158 151 116 175 203 189 189 183 182 213 195 203 194 186 190 193 194 195 194 200 198 194 199 190 173 160 168 179 192 212 217 217 221 180 209 212 220 214 213 215 223 223 218 218 207 198 168 204 216 213 222 220 204 209 210 223 222 219 221 223 221 222 225 224 227
130 150 177 160 156 170 204 216 217 213 211 213 214 210 213 219 218 221 224 229 222 220 219 213 159 129 129 131 181 197 190 182 189 202 206 213 204 202 197 191 195 198 198 198 202 201 198 204 203 189 165 162 171 183 198 203 207 204 179 205 213 222 219 214 217 222 218 220 221 203 202 171 182 211 221 225 207 203 209 212 220 220 219 223 225 224 221 220 217 220
151 161 179 175 177 199 213 217 214 216 215 213 213 213 215 214 220 221 219 227 222 220 211 192 141 140 119 127 187 202 192 159 189 202 198 200 184 204 202 192 194 197 198 201 205 204 199 199 203 205 193 168 161 169 177 190 196 175 210 214 218 217 218 217 218 213 220 221 218 201 196 159 185 218 207 209 208 211 211 215 220 222 223 222 222 219 224 226 223 223
162 179 176 187 196 210 221 210 217 215 215 214 213 213 214 214 215 218 219 223 219 216 198 177 136 105 133 145 199 200 154 176 193 186 171 206 192 211 206 204 207 205 205 204 206 208 207 207 208 215 213 195 180 171 162 166 175 194 214 219 219 219 219 220 222 216 219 217 225 202 188 166 183 221 209 205 212 215 217 219 221 223 222 224 226 224 227 224 227 225
174 180 186 198 210 211 210 217 214 213 214 213 213 217 218 217 213 216 219 218 215 217 190 172 115 98 135 171 192 199 173 184 178 195 228 221 190 204 210 219 212 211 212 211 210 211 211 210 211 215 215 218 212 195 190 192 203 215 219 227 225 224 217 221 216 215 223 219 219 199 196 170 200 192 202 207 216 221 215 221 224 224 222 223 222 223 225 224 223 224
173 187 199 206 212 212 212 215 213 212 211 212 215 214 212 215 216 217 219 214 215 213 203 157 117 107 122 171 204 177 183 177 137 214 212 211 194 204 205 212 217 219 213 214 219 217 216 215 214 216 219 220 221 216 212 213 219 223 225 224 224 222 221 220 220 220 223 222 219 211 188 169 207 202 202 204 218 223 215 222 222 224 224 224 223 225 226 227 226 224
177 189 200 206 212 214 211 210 214 212 211 214 215 212 212 214 213 212 216 218 212 209 182 148 110 108 125 196 210 180 205 119 207 207 227 223 194 208 213 217 222 222 214 216 224 224 222 219 220 223 222 223 224 224 221 221 223 224 224 224 223 222 221 219 223 226 223 220 222 212 183 152 186 193 192 210 222 217 220 219 222 224 224 224 224 226 227 228 224 222
178 193 203 205 207 210 211 216 211 208 210 213 212 213 214 215 218 211 215 219 209 195 173 152 121 98 130 205 214 196 191 146 210 221 222 225 181 202 212 215 217 223 220 220 221 220 223 225 222 226 225 224 225 228 228 227 227 226 225 225 224 223 222 219 222 221 221 223 216 208 186 146 193 197 202 211 215 216 222 224 223 223 223 224 224 227 227 227 228 227
175 184 194 201 208 211 210 211 209 206 209 213 211 211 214 214 211 213 214 209 209 194 186 142 111 116 157 211 204 206 131 103 126 168 219 222 180 213 200 212 220 221 217 217 220 221 224 223 223 225 227 224 225 227 228 228 228 227 225 225 224 224 224 223 224 226 216 218 221 211 183 142 183 197 211 219 219 219 219 219 223 223 222 224 225 226 226 225 227 227
171 176 184 195 205 208 209 211 211 209 212 213 210 210 212 212 214 213 212 204 198 178 177 134 119 124 195 215 196 213 86 120 129 124 156 226 178 199 204 217 222 223 218 216 220 220 224 224 225 226 228 229 228 226 227 230 227 227 226 226 225 226 227 225 222 223 221 222 215 210 186 133 184 209 211 221 221 215 226 219 222 222 223 225 226 227 224 223 223 223
163 170 184 199 207 208 207 208 208 208 211 212 211 211 211 214 218 215 214 202 191 183 176 143 123 136 189 218 186 203 98 55 182 116 127 212 210 199 210 215 221 224 220 219 219 221 225 227 228 226 228 231 229 227 226 228 226 227 227 228 226 226 227 227 221 219 215 222 221 207 188 169 202 220 220 220 220 218 223 220 222 222 223 225 225 225 223 222 226 226
166 171 182 193 203 209 208 206 205 207 210 211 210 211 211 213 213 211 211 205 190 165 163 149 125 143 202 222 183 200 81 47 61 87 118 174 183 205 213 217 225 223 218 219 222 225 230 227 230 228 227 230 229 229 229 228 227 227 229 229 228 228 228 225 220 219 221 219 215 212 194 170 217 218 224 219 219 223 219 223 224 223 222 224 224 224 222 222 221 220
160 172 184 188 193 202 206 206 206 210 211 210 209 208 206 210 211 215 209 191 185 148 161 151 132 160 204 219 174 200 93 105 143 140 129 175 189 206 213 221 223 224 221 222 220 224 232 232 231 226 226 226 228 231 231 225 227 227 227 228 228 227 225 222 224 220 221 222 223 216 208 211 221 218 219 225 224 221 224 221 223 222 222 223 224 224 222 223 223 220
167 173 172 186 197 200 201 203 205 205 207 210 208 207 208 211 212 211 208 198 168 148 149 144 134 160 195 212 174 190 88 103 106 132 174 164 199 210 219 222 224 224 220 216 220 229 233 231 228 228 225 226 228 226 228 226 227 228 228 226 226 226 226 226 224 224 224 223 223 218 214 216 218 220 221 223 223 222 222 223 218 221 222 224 225 222 224 218 219 220
162 179 182 190 196 199 199 204 203 203 204 207 208 209 208 207 212 211 208 197 168 145 141 158 141 158 182 208 180 182 142 112 141 181 174 185 211 213 217 221 223 221 219 222 222 225 229 230 228 229 227 230 229 227 225 223 224 225 225 225 225 225 224 224 222 224 224 224 224 220 218 218 219 220 220 221 221 222 222 222 221 222 222 224 222 222 224 219 219 218
160 168 175 188 193 197 197 196 200 200 203 205 205 206 205 202 201 206 204 204 154 155 143 153 147 173 177 223 188 184 178 107 179 170 169 200 216 213 212 224 223 222 222 224 225 224 226 230 227 229 226 227 227 227 228 228 226 227 227 226 226 225 225 224 219 222 222 222 222 221 221 221 219 220 220 220 221 223 221 221 223 221 219 222 224 224 223 218 213 210
141 172 184 185 186 193 192 196 196 196 199 201 200 199 199 199 192 192 201 196 177 150 134 137 159 164 212 214 208 169 171 142 131 187 173 202 205 207 217 224 223 224 225 224 224 226 229 231 225 228 226 228 228 228 228 228 228 229 229 227 227 226 225 225 219 220 220 219 218 219 220 219 218 220 220 219 221 223 221 219 216 217 218 220 217 214 216 215 213 207
154 162 175 184 181 187 193 196 197 194 195 198 196 193 194 196 193 191 194 191 186 154 143 134 139 177 193 217 213 168 179 173 153 174 176 201 205 214 215 221 223 224 227 227 226 229 230 231 231 232 228 226 224 224 227 228 227 229 227 226 225 225 224 223 221 220 219 217 217 218 219 219 219 219 217 217 219 221 221 219 222 220 218 220 219 217 214 208 205 199
142 156 166 178 185 189 184 188 195 191 190 193 191 190 190 191 186 185 193 187 185 158 149 123 127 169 193 207 210 206 182 186 174 184 201 200 211 211 218 216 224 223 226 230 232 228 226 229 226 231 230 231 228 226 226 222 225 227 227 226 226 226 224 222 222 220 219 218 218 218 220 220 219 218 214 214 216 218 219 219 218 218 215 216 213 209 206 198 198 192
142 146 161 175 176 180 179 185 188 187 187 188 188 189 187 186 181 184 175 187 186 174 149 146 129 169 182 212 212 209 201 201 197 198 201 206 207 209 215 222 223 224 227 232 232 228 225 229 226 230 228 228 226 226 227 225 223 225 227 225 225 225 222 220 221 217 218 219 217 216 217 218 217 215 213 213 214 214 215 216 216 214 210 210 209 208 203 192 192 184
140 153 161 160 161 173 175 180 181 186 188 185 183 185 185 183 186 177 181 171 180 166 152 137 128 162 175 209 214 212 215 207 210 191 204 207 213 212 220 220 223 228 230 230 228 229 226 227 226 231 229 228 225 223 223 222 219 222 223 222 222 222 220 218 220 215 216 218 216 213 213 214 214 212 212 214 214 212 211 213 207 210 209 206 202 201 200 192 188 177
134 151 161 161 166 168 179 176 181 179 179 185 185 181 182 185 182 180 176 173 168 167 159 134 142 149 171 203 201 211 209 210 210 200 198 206 212 213 214 218 224 225 226 227 229 230 220 226 221 225 228 228 224 222 221 222 221 221 218 219 222 219 215 217 215 213 210 209 211 209 207 207 210 213 208 208 210 208 209 209 207 206 205 202 197 202 192 185 184 178
133 152 154 161 159 165 170 173 178 179 178 182 183 182 181 182 184 184 179 174 165 162 163 153 138 153 168 198 207 207 203 204 209 204 201 204 207 210 216 219 220 224 225 224 224 227 224 227 225 225 225 223 221 219 216 215 216 217 216 215 214 212 211 213 209 210 210 208 206 203 203 205 206 208 209 209 206 204 201 199 204 207 196 198 194 194 187 180 179 174
126 127 142 139 152 159 159 172 170 174 175 177 179 180 181 182 180 183 177 173 163 158 160 160 162 151 148 191 195 200 204 203 206 206 205 204 204 208 213 217 215 222 224 228 226 228 228 225 223 221 219 221 220 218 215 215 215 215 215 213 209 209 211 209 208 206 204 204 205 203 202 201 202 205 201 197 201 203 198 201 196 199 198 187 196 181 185 180 177 169
116 130 127 147 159 156 155 157 163 167 167 171 176 176 175 175 176 180 176 171 167 163 160 158 163 160 158 167 183 191 201 199 200 204 207 206 206 207 210 211 213 216 214 219 219 221 224 219 217 218 217 219 218 216 214 217 215 213 213 211 208 210 210 204 202 203 203 202 200 198 200 202 200 199 206 204 198 202 204 203 196 193 192 186 184 180 171 173 165 158
97 118 122 147 151 148 150 156 160 165 166 170 171 167 170 177 178 180 175 168 167 166 162 160 158 165 161 162 166 191 192 197 200 202 205 207 209 207 208 210 215 214 210 217 216 216 220 217 217 216 217 218 215 212 210 212 208 206 206 205 203 204 203 196 197 199 199 197 196 195 195 197 202 203 198 193 196 195 189 190 194 186 180 182 177 181 168 166 163 163
100 101 117 126 140 148 140 145 151 157 158 166 172 168 168 172 171 173 171 166 166 167 163 161 166 157 166 160 167 180 193 201 201 201 202 204 206 205 207 211 208 209 208 215 214 212 213 214 215 215 215 214 214 212 209 208 204 204 205 203 201 201 200 197 198 196 195 194 196 196 194 192 194 193 195 198 192 190 193 188 187 183 176 175 167 161 162 157 166 171
73 90 92 119 125 144 145 144 144 147 144 147 154 158 165 173 167 166 170 168 166 167 163 163 163 167 161 157 170 186 183 191 197 199 198 199 201 200 202 207 208 209 209 210 210 213 211 218 211 212 211 209 209 207 206 204 196 197 195 193 194 193 192 191 191 194 195 194 195 194 194 194 195 195 185 189 189 183 186 182 178 184 176 175 159 158 160 167 169 177
79 91 96 108 106 122 131 132 133 142 141 146 155 157 157 157 164 161 165 166 164 164 163 165 163 162 163 161 166 166 176 186 190 195 197 197 198 197 196 200 199 201 204 204 208 214 206 210 206 209 209 204 198 198 199 198 195 194 189 187 192 192 190 191 189 188 188 191 196 197 195 191 187 188 184 194 191 181 187 179 175 172 173 156 159 155 157 164 174 185
82 91 108 102 101 104 117 122 121 128 130 128 139 145 144 157 149 157 163 164 163 162 153 159 156 162 156 158 158 163 169 175 179 184 187 191 192 191 191 197 199 200 197 200 200 198 200 201 202 203 203 193 190 198 199 198 191 186 187 188 183 189 191 187 193 192 188 195 194 193 192 193 190 190 186 180 178 177 176 168 163 170 154 149 152 159 160 153 183 186
64 75 75 113 110 111 106 106 104 108 113 111 114 120 129 140 141 131 144 153 154 144 156 161 158 149 151 156 149 154 159 163 166 176 181 181 181 189 190 185 192 194 192 197 197 195 196 196 199 198 197 191 190 189 182 177 180 179 186 181 183 179 186 189 190 187 190 188 193 188 193 186 187 185 173 178 174 168 162 167 162 154 146 154 157 169 185 183 188 191
52 61 63 71 73 88 92 101 101 96 91 95 98 101 107 108 120 119 121 132 134 144 156 144 152 148 148 146 146 156 152 156 162 162 169 177 177 181 184 182 185 186 185 186 186 184 187 186 188 184 180 177 176 171 171 180 175 179 177 182 181 187 183 186 184 194 190 187 188 188 186 185 181 161 172 165 163 160 159 162 146 141 146 164 166 174 188 187 192 196
48 48 53 59 61 57 83 77 73 79 73 72 79 87 94 90 97 113 109 112 116 131 129 120 119 123 121 129 139 144 141 149 152 153 157 162 164 170 173 172 173 178 181 182 180 178 181 182 180 174 169 168 170 166 166 175 169 176 178 175 178 180 185 182 178 188 184 184 175 175 174 173 169 164 166 146 155 150 153 139 150 158 164 175 177 182 189 191 198 202
51 54 47 59 57 55 68 74 65 64 60 66 71 69 76 78 78 78 84 90 111 106 101 109 106 118 119 126 129 139 145 135 141 146 148 152 158 162 163 166 172 171 171 169 165 166 169 172 163 166 165 163 162 158 159 164 165 169 172 176 179 176 178 172 175 166 168 170 173 170 171 154 161 161 157 144 161 151 131 159 162 173 175 180 185 191 193 197 199 201
55 70 67 59 54 70 52 44 49 46 49 57 56 61 71 72 68 70 75 77 88 92 83 83 97 103 91 94 94 98 109 109 131 136 139 144 150 153 153 158 161 158 164 164 164 167 166 165 162 160 156 158 162 163 164 161 166 160 151 160 159 162 163 163 160 162 160 164 169 164 158 154 157 151 149 144 149 155 172 176 175 177 180 188 191 196 197 198 201 203
61 55 67 85 69 60 70 70 54 44 43 47 49 52 51 49 48 46 52 69 65 69 72 79 89 101 88 85 86 85 82 83 92 103 109 112 120 134 141 142 154 151 157 158 159 162 159 156 154 156 156 157 154 153 155 149 152 153 152 151 156 148 158 158 153 163 153 156 156 154 144 148 149 148 153 149 169 174 175 174 186 182 185 192 190 196 196 197 195 197
46 55 69 65 61 61 48 53 53 60 59 48 49 55 49 48 49 48 53 58 57 58 68 61 73 72 68 70 68 68 67 71 72 70 76 86 90 98 109 117 124 127 138 143 141 144 141 140 148 149 151 154 148 145 149 145 139 154 148 150 153 153 152 146 149 147 149 145 146 146 154 146 143 162 167 175 172 176 179 182 185 188 193 197 194 199 196 198 198 202
47 51 56 53 51 57 40 51 45 43 46 46 43 45 46 47 44 49 42 51 53 47 48 59 61 59 57 55 54 57 57 57 48 53 57 57 63 74 80 84 101 95 116 111 126 118 115 123 108 127 138 141 147 149 146 147 150 152 147 151 149 147 146 151 150 150 147 148 149 150 160 164 175 177 178 179 176 181 181 185 187 191 191 193 192 191 194 194 202 200
46 43 48 50 52 65 50 54 38 36 41 40 38 40 41 40 39 46 43 51 54 52 50 54 48 46 45 43 43 46 49 49 52 57 57 52 55 64 66 67 80 69 88 86 109 109 107 114 108 123 131 136 151 158 157 157 158 161 156 159 157 156 155 159 156 157 158 163 167 170 177 180 177 179 180 180 177 181 181 185 185 189 189 191 190 190 194 195 199 197
