224 224 226 221 224 226 222 228 226 225 225 225 226 227 227 227 227 228 230 229 230 230 228 228 226 230 230 229 231 231 228 228 228 229 228 228 227 227 227 228 228 229 229 229 227 227 226 228 232 233 232 231 229 229 229 229 229 229 229 229 228 228 226 228 229 229 229 230 230 229 229 229 230 230 230 230 230 230 230 230 229 229 230 230 230 230 230 230 230 230
228 224 225 225 222 225 226 224 222 226 226 225 228 227 225 227 223 227 228 229 230 227 226 226 224 225 229 230 232 228 224 226 227 228 228 228 227 227 228 228 228 229 229 229 229 227 228 228 230 232 230 230 229 228 228 229 229 229 229 229 229 228 228 228 228 229 229 230 230 230 229 229 230 230 230 230 230 230 230 230 230 230 230 230 230 230 230 230 230 230
224 227 228 225 224 226 225 223 225 226 226 225 227 226 226 228 224 226 226 226 226 227 228 229 229 231 231 232 229 226 223 225 226 228 228 227 227 228 228 228 229 230 230 230 230 229 229 228 228 228 228 228 226 226 226 228 229 229 230 230 230 231 231 230 229 228 230 230 230 230 230 229 230 230 230 230 230 230 230 230 231 231 230 230 230 230 231 231 230 230
224 226 221 227 224 224 223 228 226 223 224 225 223 224 225 223 226 227 225 225 224 223 224 225 227 229 231 228 227 227 223 222 227 228 228 227 228 228 228 229 230 230 232 230 230 229 229 228 228 228 228 226 226 226 226 228 229 229 230 232 233 231 231 230 228 229 230 230 230 230 230 230 230 230 230 230 230 230 230 230 231 230 230 230 230 230 231 231 230 230
227 222 231 225 227 226 227 221 225 222 223 224 224 223 222 220 224 222 223 223 225 226 227 226 226 226 225 225 224 226 229 230 229 229 229 228 229 229 229 229 230 230 230 230 230 229 229 229 230 229 229 228 228 228 228 229 229 229 230 230 231 231 231 230 229 229 229 229 230 230 230 230 230 230 230 230 230 230 230 230 230 230 230 230 230 230 230 230 230 230
224 224 225 222 227 225 228 227 225 227 225 223 225 224 225 232 226 225 227 229 228 228 228 227 229 223 222 226 229 229 231 233 231 229 230 229 229 229 229 229 229 230 230 229 229 228 228 228 231 231 230 229 229 228 229 229 229 229 230 231 231 230 230 230 229 229 229 229 230 230 230 230 230 230 230 230 230 231 231 230 230 230 230 230 230 230 230 230 230 230
149 147 222 213 228 206 208 224 228 219 215 219 224 230 232 229 233 232 231 231 228 226 228 226 225 225 226 226 227 234 241 240 233 229 229 228 228 228 228 228 228 229 230 230 229 228 228 229 231 233 233 231 231 230 230 230 231 231 231 231 230 230 230 229 230 230 230 230 230 230 230 230 230 230 230 230 231 231 231 230 230 230 230 230 230 230 231 231 230 230
109 130 153 171 126 129 150 120 123 119 134 140 125 129 144 142 156 170 199 224 235 237 236 230 230 227 224 226 237 239 214 175 240 236 235 235 233 232 232 232 230 231 231 231 229 228 226 229 230 233 231 231 230 230 230 229 230 231 231 231 230 230 229 229 230 230 230 230 230 230 230 230 230 230 230 230 231 231 231 231 231 231 230 230 230 231 231 232 230 230
96 110 129 113 114 108 103 101 110 118 128 135 138 141 144 136 147 146 146 147 139 161 184 192 198 219 226 222 234 216 161 174 179 178 247 246 249 241 247 235 240 234 235 232 230 231 229 228 230 229 232 227 230 229 228 232 229 232 229 233 230 231 226 233 230 229 229 230 230 230 230 231 230 230 230 230 230 230 231 231 230 231 231 231 231 231 231 231 231 231
95 107 111 105 110 117 109 114 128 128 135 152 138 150 144 145 140 140 146 156 147 150 155 159 145 144 155 178 200 190 156 173 183 183 183 184 179 177 239 228 176 178 208 235 236 236 237 235 232 229 229 229 231 228 231 225 232 231 232 229 230 232 232 227 230 232 232 230 229 229 229 228 230 230 230 230 230 231 231 231 230 231 231 231 231 231 231 231 231 231
92 126 114 105 112 99 121 122 140 144 150 148 150 150 163 152 161 163 159 158 155 165 170 170 163 155 157 153 160 157 146 150 155 169 190 186 190 184 183 183 181 190 189 187 193 182 181 206 237 232 236 228 228 230 233 228 232 228 232 228 231 227 229 226 230 231 231 230 230 231 231 231 231 230 230 230 231 231 231 230 230 231 231 231 231 231 231 231 231 231
92 99 110 112 118 128 148 139 138 156 153 152 155 172 155 166 171 175 175 178 180 184 184 184 183 181 178 178 173 175 175 176 182 187 183 181 181 187 194 195 197 194 199 201 194 189 187 186 179 166 217 240 232 233 235 233 233 232 233 232 234 228 227 230 231 228 228 230 232 231 231 231 231 231 230 230 231 231 231 230 231 231 231 231 231 231 231 231 231 231
111 118 115 147 131 157 148 161 169 162 163 174 172 173 186 181 185 186 187 185 188 189 188 185 181 185 175 183 171 180 172 173 172 175 178 180 178 188 185 187 186 189 190 186 188 188 185 189 190 175 173 148 158 207 233 240 238 237 234 234 230 233 231 229 229 231 232 233 233 233 231 228 231 231 230 231 231 231 231 230 231 231 231 231 231 231 231 231 231 231
122 136 156 165 157 173 175 173 180 174 178 183 182 188 186 189 189 190 190 185 186 186 186 181 183 181 179 180 180 173 174 180 179 185 181 182 181 189 184 193 193 191 191 190 190 189 183 181 188 183 187 182 176 177 181 179 166 174 204 241 238 234 229 232 227 233 234 230 229 233 234 232 231 231 231 231 231 231 231 231 231 231 231 231 231 232 231 231 231 231
138 155 147 175 178 181 187 191 186 193 187 188 184 192 193 189 192 187 194 196 198 187 186 185 187 184 182 162 164 170 185 184 188 186 189 195 188 194 196 197 201 194 195 195 193 195 198 198 192 200 197 190 193 186 185 182 179 176 174 174 182 200 209 203 225 226 230 232 232 233 233 232 232 232 231 231 231 231 231 231 232 231 231 231 232 232 232 231 231 231
129 149 181 181 183 189 188 189 192 197 197 196 197 197 192 195 196 197 202 195 193 192 193 183 179 170 160 166 161 185 190 189 192 195 187 193 201 202 200 203 206 206 205 200 204 207 201 199 204 196 200 196 192 193 192 184 185 187 183 175 183 174 166 163 179 179 196 219 234 233 232 234 231 232 231 231 231 231 232 233 232 231 231 231 232 232 232 231 231 231
140 155 176 184 188 188 195 197 195 197 200 204 204 198 199 199 201 200 199 198 197 194 191 189 178 161 145 151 165 192 192 196 190 193 191 191 195 195 203 201 207 209 210 206 206 205 200 207 206 204 203 202 200 195 196 198 195 196 197 191 185 185 185 182 183 172 168 148 187 187 229 236 234 231 230 232 231 232 234 236 234 232 229 229 233 233 232 232 232 232
136 182 195 187 192 196 196 197 200 204 206 209 205 202 205 207 205 204 198 202 202 196 189 197 182 161 172 186 191 208 208 198 195 187 187 190 185 187 199 210 208 208 209 206 206 205 202 206 204 204 205 207 206 205 206 208 200 200 200 199 195 194 194 190 190 188 177 178 169 165 184 206 214 239 228 232 228 234 233 230 230 232 232 230 231 231 232 234 233 233
123 181 191 185 187 199 201 201 205 209 209 211 210 209 211 209 206 204 211 206 205 199 198 188 176 192 165 153 204 206 205 197 193 190 177 181 169 179 198 201 207 208 211 209 207 207 207 207 208 209 211 212 211 210 209 209 209 208 208 206 202 202 199 194 189 194 189 195 181 177 175 175 163 183 218 231 233 231 229 229 234 234 233 232 232 233 234 233 233 233
153 191 189 196 195 199 201 210 204 212 215 214 212 211 213 211 214 211 208 209 200 207 197 180 175 195 182 164 215 214 206 196 192 185 177 165 175 181 185 196 193 197 204 207 205 207 213 213 217 218 216 214 213 215 217 217 217 215 213 211 208 209 209 207 202 208 208 195 194 189 191 179 165 154 173 214 229 231 226 236 232 231 232 234 232 231 231 230 232 232
141 194 198 199 198 204 205 214 210 214 214 215 217 216 215 208 209 213 215 210 216 201 190 183 185 194 179 199 221 215 203 193 181 168 172 151 159 187 179 184 193 197 204 207 206 208 213 211 210 213 217 219 219 219 217 213 221 219 219 216 215 215 216 215 212 216 214 211 205 197 192 190 178 163 168 161 166 224 237 229 236 235 234 234 232 229 230 232 231 232
177 199 199 206 208 209 209 214 212 216 217 217 214 214 215 212 211 216 214 215 209 208 195 192 205 171 194 205 219 213 196 186 162 163 158 126 146 175 180 188 198 203 204 208 212 216 220 216 218 218 219 220 221 223 224 223 223 223 223 222 220 218 218 220 219 219 215 217 216 211 200 196 187 188 180 172 156 149 195 237 235 236 235 232 233 234 230 228 231 231
193 197 200 206 208 211 213 209 215 218 216 214 215 215 216 213 216 211 217 215 216 218 212 190 184 206 183 211 216 219 205 140 153 169 121 161 172 172 181 190 203 208 205 207 212 214 217 212 221 221 223 226 226 225 222 221 222 223 224 227 227 226 225 227 224 224 225 218 218 215 210 202 196 197 188 188 163 158 152 146 215 234 241 233 230 231 229 228 229 229
199 206 206 202 212 214 212 213 215 220 219 219 216 215 217 215 213 214 217 221 215 215 211 208 177 186 183 194 223 214 197 172 171 111 166 184 167 168 189 196 203 212 209 209 212 214 218 219 218 220 223 226 228 228 225 224 228 229 229 228 228 226 226 228 230 226 229 226 219 217 212 206 205 201 200 196 182 173 165 147 124 184 234 241 236 233 231 233 231 231
207 206 207 212 211 212 216 212 216 220 220 219 218 215 212 215 217 218 222 223 214 216 220 199 180 168 180 207 216 213 181 181 152 201 202 216 186 187 191 209 213 214 215 214 215 212 218 217 222 223 228 231 229 228 228 226 229 235 232 229 228 223 226 227 230 236 234 232 225 219 221 217 208 210 200 205 190 189 180 161 140 142 116 199 233 240 238 235 237 233
207 205 211 214 213 218 220 221 220 221 220 218 218 216 215 216 220 218 216 218 215 221 225 206 194 172 180 211 225 213 158 186 113 209 220 231 190 151 201 209 208 222 216 216 220 218 212 222 221 226 229 232 233 233 233 234 234 233 231 231 230 226 221 222 228 223 230 227 232 221 222 219 207 211 207 200 192 198 180 165 167 155 151 132 150 183 226 243 237 241
210 206 215 214 213 220 218 225 224 219 217 215 214 217 219 219 217 217 217 221 220 219 216 198 193 175 183 210 224 217 176 178 108 116 117 197 204 178 206 212 214 216 221 220 218 208 215 216 227 233 232 233 235 235 232 234 234 229 231 227 221 218 214 218 214 215 226 224 228 231 226 222 223 216 215 213 208 198 181 180 177 168 159 148 145 149 151 157 162 208
211 209 215 215 215 219 218 225 224 219 219 219 217 219 223 218 219 219 219 220 221 224 225 219 196 176 190 210 217 209 184 141 111 154 132 133 195 185 207 215 215 223 221 221 209 216 219 218 223 230 233 235 237 235 230 232 237 230 230 223 214 214 213 214 207 210 218 221 224 235 231 221 222 220 218 218 213 196 189 187 176 177 164 146 155 147 148 129 155 156
213 215 215 218 220 221 222 226 224 222 224 226 222 221 222 217 219 220 222 224 224 224 223 218 195 164 177 207 218 214 186 152 36 125 33 144 191 172 198 207 216 214 219 215 217 215 226 225 228 229 231 231 231 231 231 231 227 225 221 218 218 222 223 213 203 202 216 222 228 220 230 225 220 216 215 214 211 199 197 195 181 181 172 163 142 150 144 136 134 159
216 219 216 220 224 222 222 224 227 226 226 227 221 220 221 218 223 221 224 227 228 228 227 221 188 168 187 196 220 199 183 132 42 143 40 151 191 171 213 205 215 214 212 216 212 222 225 221 224 227 233 236 232 227 224 219 220 228 224 222 220 220 219 204 202 208 211 215 224 224 230 221 225 213 215 210 206 207 199 200 178 174 169 157 145 146 140 140 137 137
217 219 219 220 224 223 218 224 230 227 225 223 220 220 222 221 225 221 226 229 230 232 230 220 190 172 173 211 212 199 179 162 136 148 150 147 193 204 199 212 210 223 217 203 219 228 226 217 221 225 230 230 228 222 218 215 219 228 230 227 221 217 213 207 211 203 187 201 225 230 218 220 219 216 215 208 202 214 202 201 187 182 165 157 154 142 135 141 142 152
214 214 220 219 224 227 219 228 228 228 226 226 225 224 224 223 224 222 230 234 233 235 229 217 203 182 186 204 211 200 170 183 126 145 167 213 214 188 202 210 218 205 202 213 219 220 223 221 224 229 228 224 221 215 209 211 222 224 227 220 216 214 205 206 196 200 190 178 213 227 219 218 215 215 209 218 211 211 203 213 199 185 172 170 156 151 134 141 148 139
215 219 220 214 227 227 228 230 228 222 233 224 226 223 222 226 224 224 230 231 230 229 227 229 216 195 194 195 209 201 155 183 191 237 242 181 196 194 191 210 210 205 206 212 217 223 225 223 222 223 230 216 210 204 206 211 223 227 218 219 211 203 207 202 206 196 187 162 207 220 224 218 213 216 215 212 214 215 214 212 203 193 200 186 191 177 152 137 136 146
215 218 221 219 227 224 226 228 227 227 227 225 226 222 228 227 223 228 231 229 228 230 231 227 224 201 194 194 203 204 177 179 147 211 224 166 186 197 200 202 198 197 203 210 213 214 216 215 213 214 218 207 201 202 215 215 223 211 221 211 210 217 200 204 198 200 199 94 181 200 202 212 212 209 211 211 212 215 215 211 211 206 204 187 178 172 156 137 126 125
219 216 222 226 228 224 227 230 232 227 218 222 225 227 228 223 222 232 234 233 230 230 234 228 224 209 199 196 201 199 187 166 181 183 176 162 196 195 186 196 198 203 209 213 212 210 207 205 208 213 202 195 199 191 189 190 209 213 212 208 207 204 200 200 208 207 194 128 131 176 192 193 211 206 206 209 213 215 216 215 216 213 201 200 183 174 171 156 133 141
217 224 226 222 224 230 232 229 232 228 227 227 222 229 226 231 226 230 227 236 240 237 235 224 221 218 210 203 205 195 188 163 171 192 229 168 196 183 192 194 199 203 206 206 204 200 199 197 196 189 184 191 194 192 196 197 189 207 210 205 202 199 202 204 213 203 202 154 59 180 192 192 191 209 211 204 213 219 212 210 211 222 198 202 191 180 201 170 169 138
220 222 223 226 228 229 228 232 229 229 229 229 223 227 225 230 226 231 229 236 238 235 237 229 226 225 221 213 212 198 192 178 174 185 196 175 186 198 187 191 194 198 199 197 197 197 194 192 193 185 192 196 190 191 192 195 167 191 202 204 205 207 211 213 202 210 199 167 182 118 189 200 192 203 205 206 215 215 209 215 217 215 219 205 203 198 194 178 195 162
218 222 221 225 227 231 226 229 228 229 221 227 227 224 227 222 230 231 228 229 231 234 236 231 230 223 226 222 217 208 198 190 169 180 183 189 188 195 185 188 191 194 195 195 197 197 193 190 190 189 191 191 191 200 191 193 143 168 206 210 210 211 199 203 213 219 196 189 209 223 197 203 198 202 208 215 219 221 219 213 217 217 215 211 215 199 205 193 177 170
222 220 219 228 226 228 224 230 228 230 227 229 230 222 230 226 228 230 232 232 231 231 233 233 230 225 228 228 222 219 206 198 193 191 184 187 190 190 192 191 194 195 195 195 197 197 194 194 195 193 200 209 204 213 207 192 184 190 192 204 212 213 218 216 217 218 206 186 195 117 179 213 219 211 209 219 222 221 221 223 216 222 219 214 212 205 207 191 189 160
221 222 221 226 220 229 228 227 229 225 229 225 232 227 229 226 230 228 233 236 235 232 228 230 232 235 229 230 225 227 213 209 201 198 198 198 197 200 197 199 198 197 195 195 197 198 199 202 199 209 210 217 217 218 217 219 199 193 199 209 213 214 215 222 222 224 203 192 219 222 189 214 225 223 215 215 218 219 221 221 224 219 215 219 216 214 210 206 207 185
221 224 224 227 228 227 230 235 230 229 229 226 229 226 223 228 227 229 230 232 234 234 233 231 235 232 231 233 228 235 225 222 209 206 204 203 203 209 213 214 208 206 205 202 207 209 209 215 214 216 223 226 225 228 234 235 224 197 196 207 211 215 215 216 226 235 210 197 245 225 226 196 226 234 218 223 223 218 226 222 224 223 221 213 222 220 220 212 203 202
222 224 223 227 229 228 228 228 231 231 234 231 231 229 226 227 231 229 229 232 235 236 233 233 231 227 227 231 226 235 232 228 226 222 217 214 217 220 222 223 216 210 212 213 216 222 225 223 226 230 235 233 232 237 241 238 228 217 191 209 219 220 218 229 228 239 212 200 236 220 183 172 221 254 225 219 224 224 224 230 221 227 220 225 215 223 213 209 206 204
223 224 224 228 230 228 227 226 232 229 232 230 228 230 231 230 230 227 227 233 236 232 231 231 235 230 231 233 226 233 232 225 222 223 220 220 224 226 226 226 222 219 223 223 223 229 231 228 226 228 229 229 229 234 239 237 228 221 204 181 219 226 221 229 237 233 218 196 212 205 225 176 222 248 241 221 222 228 222 227 229 229 230 228 227 229 226 218 211 206
223 225 227 230 228 226 227 227 230 230 234 231 229 229 227 224 228 227 230 235 235 231 230 234 229 227 231 231 230 235 235 230 218 222 222 222 222 220 219 224 222 226 227 224 228 228 226 228 229 223 225 230 228 233 239 235 229 227 202 181 219 218 227 232 232 241 217 197 246 231 223 176 226 240 247 223 225 216 228 218 228 224 227 225 229 230 227 216 207 201
223 224 226 229 227 225 227 228 232 233 232 227 226 228 228 226 226 227 231 234 234 233 233 234 229 230 231 229 230 230 229 227 223 227 223 221 220 220 225 232 222 225 226 223 225 225 222 224 230 223 227 232 226 231 238 227 227 214 191 189 217 222 230 230 233 239 217 199 244 234 228 188 230 234 250 218 225 219 222 223 226 226 233 229 229 226 217 205 205 198
223 222 222 225 225 225 228 228 231 233 233 231 233 233 230 229 225 225 228 231 233 234 234 231 229 233 231 226 230 229 229 226 226 224 218 217 217 219 223 225 223 219 221 220 217 217 213 211 217 217 225 230 229 241 246 230 219 200 194 204 215 225 226 227 232 235 216 201 238 236 230 195 226 239 239 221 223 222 226 221 219 225 234 231 228 227 219 216 216 211
222 221 222 226 225 226 231 230 230 226 226 224 225 227 227 224 230 228 230 235 237 236 234 232 231 232 231 226 230 226 227 222 216 210 207 208 209 212 217 217 221 214 214 214 209 207 204 201 208 215 221 225 224 230 226 207 194 191 182 221 222 223 228 231 230 236 216 197 212 215 182 185 227 234 240 223 219 226 226 221 221 230 229 231 221 228 209 211 208 205
221 222 225 229 226 225 230 233 228 221 225 228 225 229 232 227 232 229 231 237 237 232 230 231 230 230 231 227 228 222 224 213 216 208 203 201 197 202 209 208 212 212 211 209 208 203 197 202 199 207 213 217 219 218 205 189 188 197 214 219 230 220 228 226 233 232 213 197 230 240 232 197 231 236 235 217 224 222 229 225 226 226 232 224 236 230 214 205 204 203
221 223 220 222 228 227 223 229 230 230 231 229 225 226 228 227 230 228 228 233 239 238 233 229 226 233 225 229 223 219 216 211 202 195 197 199 195 199 200 206 207 209 208 210 206 202 202 199 198 195 203 206 214 205 195 192 191 208 214 221 225 225 219 218 227 227 216 192 250 230 223 196 226 236 230 222 224 231 222 228 223 226 230 237 232 229 218 203 201 200
220 222 222 223 227 227 225 228 228 228 228 229 231 226 225 227 230 227 228 232 237 240 233 220 225 226 229 225 216 214 212 204 190 195 185 192 193 198 196 198 199 203 204 207 209 211 210 203 189 196 199 207 205 214 203 166 197 204 212 214 215 227 228 228 242 217 213 189 250 240 181 192 229 234 224 224 223 227 227 224 235 231 221 235 228 230 223 215 193 195
219 221 223 224 224 226 226 226 228 228 225 226 228 225 225 229 220 227 229 236 241 235 224 222 220 214 216 221 217 206 200 198 188 178 191 201 197 195 200 202 202 202 201 208 213 215 213 208 205 194 197 202 203 205 203 142 199 199 216 222 210 218 222 228 222 209 214 188 213 211 209 198 230 237 223 226 223 221 232 230 233 227 240 229 231 238 220 208 199 203
218 220 223 224 221 224 226 224 224 227 228 227 228 227 226 223 224 230 236 235 229 230 223 214 218 214 212 213 211 203 201 181 177 203 206 201 199 192 195 198 202 208 207 206 211 220 222 214 203 201 192 201 205 206 210 188 183 195 219 224 212 217 224 230 241 215 221 193 242 203 178 221 234 242 226 228 222 217 225 230 228 224 232 223 230 221 225 217 213 199
217 218 223 224 220 224 227 224 228 227 228 225 221 223 227 225 227 229 229 233 240 232 213 211 214 207 211 212 205 202 195 169 206 207 164 196 211 199 191 198 203 206 207 212 214 215 222 224 207 204 203 205 202 208 211 195 189 214 219 213 212 221 225 221 232 210 207 210 231 208 196 225 230 235 226 225 221 218 222 230 229 232 229 230 225 217 222 216 208 204
215 216 221 223 221 225 228 226 228 224 227 230 223 220 225 222 226 227 237 239 241 241 226 213 209 209 214 209 209 205 176 183 195 188 185 208 205 205 204 200 201 211 214 213 211 216 223 223 217 195 202 199 204 202 199 179 209 220 207 207 218 222 220 216 225 203 196 212 210 186 210 223 223 221 221 222 221 226 228 231 227 227 228 224 220 219 218 218 213 203
216 217 219 222 222 225 228 228 230 226 226 226 222 221 224 226 229 229 234 233 236 229 213 217 191 207 215 211 214 204 153 177 172 179 203 195 204 199 205 212 211 216 219 221 219 217 223 229 224 215 201 196 201 199 191 205 217 220 207 211 218 215 210 212 221 202 175 224 179 182 220 221 221 220 222 223 223 229 229 229 227 223 219 225 221 202 207 212 194 192
216 217 218 221 223 224 225 225 228 229 228 225 223 225 227 225 225 224 233 235 237 232 212 206 199 202 205 218 211 196 157 193 170 228 231 189 198 198 217 212 217 220 222 223 222 224 232 236 235 223 215 199 197 196 205 210 212 224 222 214 207 210 207 210 219 187 167 231 223 193 213 216 213 223 222 221 224 228 227 229 227 224 225 231 215 213 201 216 194 179
215 216 216 225 222 224 227 227 226 226 231 227 222 223 222 229 224 225 223 233 237 234 234 194 192 185 204 209 214 179 185 182 192 231 224 174 201 206 212 211 219 221 223 220 220 224 229 231 239 233 220 215 214 216 221 215 210 221 218 211 200 210 212 218 213 192 160 187 154 195 204 212 224 221 222 223 225 225 223 224 228 227 230 216 220 216 210 193 196 194
216 217 215 223 223 225 226 226 227 226 229 230 227 226 225 225 222 218 225 229 229 231 225 194 186 181 202 216 209 163 180 160 227 239 239 196 197 212 209 219 216 219 224 226 225 226 227 229 238 230 229 224 220 225 226 226 232 221 218 212 207 205 210 202 202 178 200 180 181 204 199 221 218 216 219 220 222 223 223 225 225 224 228 213 211 207 206 193 174 161
211 213 208 217 220 225 224 225 227 225 224 226 224 223 226 223 224 226 224 228 229 232 208 182 199 194 200 217 214 163 202 166 159 199 246 195 198 206 211 213 216 218 221 224 226 227 231 235 237 233 236 231 226 230 231 234 231 221 220 217 220 214 212 207 208 166 118 138 196 205 208 217 220 220 220 221 222 221 221 223 225 225 220 205 205 194 188 186 163 143
210 213 208 215 219 224 223 227 226 227 222 225 224 221 226 225 222 221 217 226 229 221 209 193 176 209 211 217 213 176 177 123 143 139 150 187 211 209 207 223 221 218 218 221 222 222 226 232 236 237 234 234 227 223 230 232 232 233 221 214 209 213 206 205 196 155 80 182 198 205 209 214 218 221 221 222 224 223 222 223 217 221 209 204 212 188 172 179 150 136
209 213 211 215 216 220 218 224 221 225 222 226 228 222 223 223 224 221 227 223 223 217 207 181 203 178 222 218 206 191 167 62 214 37 147 192 195 222 214 215 220 215 218 224 227 226 227 230 235 235 232 233 228 223 227 226 236 232 226 222 209 217 213 202 206 84 165 195 218 221 219 221 220 222 222 223 224 222 220 218 216 210 213 198 173 172 177 144 131 136
205 209 210 213 213 219 218 224 223 222 219 222 226 223 222 223 218 224 226 222 219 226 188 179 175 183 220 212 212 186 161 47 37 24 166 179 203 214 213 219 217 212 214 223 228 231 232 235 235 232 237 235 233 231 226 226 227 228 232 224 218 211 209 200 200 144 211 220 222 224 222 216 224 225 224 223 221 218 215 214 212 208 189 180 179 167 155 147 131 149
205 206 211 214 214 222 221 225 228 220 221 223 222 224 226 226 221 224 218 225 215 214 178 206 179 203 225 216 209 193 156 90 217 80 155 191 186 209 215 217 221 213 213 219 224 226 228 232 235 234 240 238 236 236 228 228 225 229 233 224 223 214 213 213 214 175 221 234 228 224 225 226 219 221 223 222 221 218 217 218 209 202 195 192 167 145 143 137 151 165
208 206 210 213 213 220 218 219 226 214 223 225 218 222 225 224 222 220 223 216 214 210 200 207 203 203 218 219 207 183 203 87 111 121 136 180 198 208 217 220 223 218 217 221 225 228 229 232 235 240 238 240 236 231 232 227 224 224 223 230 223 227 218 207 213 217 223 224 228 226 230 220 218 220 222 220 217 213 214 214 203 201 184 183 172 152 149 158 151 157
202 200 201 212 212 217 220 218 220 222 221 223 221 222 225 224 220 225 219 220 219 211 201 210 203 201 225 214 213 170 210 136 157 197 227 190 195 205 218 221 225 222 217 217 224 226 226 230 232 237 238 236 235 232 229 229 225 223 223 225 226 225 223 223 221 225 223 231 229 229 222 223 220 219 218 219 218 215 211 209 202 187 176 168 159 144 141 153 168 169
199 203 206 214 210 213 217 220 218 221 220 223 223 223 223 219 220 214 220 212 216 202 202 214 187 224 228 224 209 151 186 149 130 208 187 209 185 211 217 221 224 221 218 219 225 227 225 228 230 236 238 235 234 232 231 229 230 226 221 222 223 222 221 219 229 228 224 228 226 228 224 224 224 222 220 219 217 215 212 206 190 184 165 170 165 147 156 184 167 172
196 200 200 207 209 212 214 216 216 221 223 225 223 221 221 220 222 216 219 213 202 200 213 206 183 217 226 225 211 178 171 185 115 174 186 180 191 213 210 221 218 218 217 219 225 227 225 226 228 235 238 232 233 236 234 229 232 228 222 220 220 219 218 216 228 225 223 228 226 229 226 223 227 226 223 219 215 211 206 201 195 191 178 168 164 172 167 163 171 181
188 194 191 198 206 213 214 217 219 221 219 220 224 220 219 217 222 208 211 217 210 196 192 192 188 210 218 228 214 194 159 173 175 130 184 183 197 210 212 220 216 215 214 218 224 227 226 227 232 233 234 239 238 234 231 234 227 227 227 227 225 221 218 217 228 225 226 228 226 228 229 225 228 227 222 219 218 212 203 200 197 187 177 184 160 152 163 177 182 182
192 199 195 199 202 207 208 214 215 219 218 218 218 215 216 217 217 215 216 216 220 207 210 186 187 204 219 226 211 202 170 166 169 148 170 183 201 210 217 216 215 214 213 217 222 228 229 229 229 233 233 233 233 234 231 229 232 230 228 225 224 227 231 234 232 229 232 231 229 227 226 221 223 222 215 213 217 210 199 200 200 192 188 169 156 166 159 175 180 176
190 194 189 194 199 205 208 211 212 213 210 213 217 214 212 211 213 210 207 213 218 207 193 186 176 203 214 222 216 207 200 176 178 160 168 192 211 206 214 214 217 215 215 216 221 226 229 230 229 230 231 231 232 229 227 230 228 226 226 226 229 232 234 236 234 231 231 224 223 221 225 222 208 216 216 212 210 202 200 209 197 181 171 165 165 167 170 176 175 169
192 192 186 192 195 199 201 204 207 210 208 210 213 211 211 211 209 207 209 208 213 212 154 179 199 201 224 215 212 215 205 195 187 175 188 194 195 212 218 214 218 216 215 218 221 224 226 226 225 231 233 229 230 232 230 228 226 225 223 223 225 229 231 231 227 225 225 218 222 218 218 214 220 219 216 212 211 207 198 190 183 172 174 160 158 156 161 159 165 158
192 194 192 196 191 191 195 200 202 205 200 202 207 207 207 209 202 207 203 205 196 206 190 166 192 185 212 215 211 203 205 201 193 182 186 204 209 210 217 215 217 216 217 218 219 220 222 222 222 223 226 230 229 224 223 227 226 227 226 224 223 225 225 225 224 223 222 216 222 216 212 205 208 209 212 210 206 207 199 184 177 175 157 143 158 154 171 164 155 170
192 188 196 193 192 198 194 194 199 204 200 201 203 208 203 204 207 203 201 201 196 196 196 185 179 204 203 213 202 207 203 199 201 198 180 197 211 204 219 225 224 217 217 216 216 218 217 219 215 223 224 224 226 225 225 222 226 227 223 227 225 227 220 226 226 227 225 212 210 205 202 204 207 210 214 205 212 194 186 190 177 159 160 141 169 158 151 173 175 179
172 184 186 194 195 189 193 196 189 190 190 197 199 201 200 206 197 201 202 201 196 197 190 172 164 188 198 208 201 206 205 198 197 200 194 201 212 213 219 221 218 215 217 218 216 216 213 215 217 219 219 223 223 221 220 221 223 220 224 224 220 224 231 230 224 221 209 219 209 200 203 214 210 197 211 204 203 187 183 180 162 162 158 144 140 136 170 177 180 232
173 175 177 183 190 189 188 192 192 190 189 196 200 203 198 197 201 197 196 200 198 196 193 186 187 178 181 195 201 202 201 199 198 201 204 202 207 214 214 218 220 216 216 213 211 212 213 215 214 216 215 219 219 216 218 218 215 217 222 217 223 219 219 214 213 221 219 218 212 209 216 208 204 203 202 195 191 182 179 162 143 146 141 137 142 162 167 178 226 243
169 170 177 177 180 184 185 189 184 190 192 194 195 198 194 196 197 199 198 196 193 193 194 185 184 179 188 190 197 197 200 201 204 204 210 208 210 212 210 217 219 217 215 212 209 209 210 211 209 212 212 212 212 212 213 209 210 213 212 209 217 215 213 211 213 211 217 209 205 201 203 199 201 201 188 193 169 173 158 158 147 156 132 152 157 162 181 220 233 226
147 166 168 172 175 172 178 174 187 192 189 192 194 193 189 197 190 194 195 193 193 192 190 183 186 180 184 179 191 194 197 200 201 203 207 213 213 209 208 212 209 212 214 215 213 209 206 203 204 205 204 204 205 206 207 203 206 205 204 210 207 210 215 213 213 206 200 209 208 207 195 197 197 188 176 174 166 154 160 140 140 150 140 153 175 185 224 231 228 223
126 149 158 157 163 169 168 176 170 184 180 174 180 196 192 187 193 191 188 191 194 190 189 189 187 181 184 182 191 188 188 193 195 200 200 205 207 204 208 207 210 210 209 209 207 207 209 207 205 200 197 200 201 200 202 202 200 198 189 201 204 206 199 191 192 206 205 206 201 194 196 190 180 182 165 163 149 152 148 140 143 150 170 182 178 221 232 228 223 222
117 124 142 137 144 156 142 149 161 166 172 181 177 178 181 188 185 192 190 187 190 192 189 182 181 185 189 185 187 187 187 187 193 196 197 198 198 199 203 203 200 204 205 207 206 204 206 201 203 196 195 198 199 198 201 200 198 206 197 198 202 198 200 201 198 201 202 196 190 179 189 182 173 157 161 152 144 149 127 148 133 159 174 173 212 226 222 220 222 225
109 110 124 124 119 135 147 154 138 150 164 173 167 174 179 180 180 185 184 188 190 186 188 192 191 184 183 187 186 185 187 186 188 188 192 194 193 192 191 194 196 200 198 199 199 198 200 196 196 195 195 196 196 196 199 193 198 196 191 187 192 191 202 192 196 190 189 190 183 184 180 173 154 153 153 151 138 125 138 136 174 174 175 217 219 216 220 218 221 225
91 97 89 114 119 116 127 129 136 142 159 157 165 174 175 166 179 177 184 181 185 180 191 188 189 185 185 186 188 190 184 187 189 193 191 188 195 190 189 186 191 191 191 195 190 195 190 193 192 194 197 194 193 192 191 187 180 178 186 179 179 184 193 183 180 178 186 180 166 159 155 155 148 141 125 130 123 121 160 172 166 178 214 216 219 211 215 216 223 227
96 89 103 99 109 123 117 122 126 147 139 155 155 159 159 165 174 172 166 168 174 179 177 179 177 178 178 185 186 185 186 179 182 189 186 187 186 186 188 187 188 181 184 181 182 183 183 184 184 188 186 189 185 184 187 183 175 164 167 174 176 174 158 172 179 169 170 155 150 154 141 130 120 130 140 133 151 175 169 168 198 207 212 214 203 211 211 221 217 221
100 94 86 104 93 95 109 130 116 140 135 152 148 148 155 153 158 154 161 154 161 160 173 176 167 164 174 176 179 181 177 179 173 175 181 183 179 186 176 180 176 180 176 173 171 182 167 175 176 181 171 170 168 169 176 167 162 167 173 164 174 158 168 153 144 146 143 157 141 151 137 125 107 149 174 166 174 191 196 209 208 207 205 205 204 217 212 213 215 217
75 73 72 82 88 91 97 106 111 115 111 123 136 137 137 144 151 152 152 154 155 155 151 148 146 142 156 151 157 159 153 164 169 172 171 180 177 176 178 179 174 177 166 174 177 170 173 173 171 165 165 167 171 161 164 155 156 158 156 154 147 140 154 149 160 136 153 130 170 150 173 199 218 233 233 233 217 195 198 199 197 197 198 204 205 206 206 209 210 212
65 78 82 74 77 92 94 99 117 113 109 109 107 123 130 135 142 139 157 150 150 158 130 144 144 137 137 140 147 140 139 134 137 137 156 160 166 165 164 173 177 168 171 167 158 161 161 154 153 144 159 151 159 154 155 145 151 148 154 168 137 134 176 180 184 206 223 236 233 225 227 228 230 230 229 230 227 228 229 211 192 190 195 195 201 200 202 203 204 205
59 81 69 78 73 75 84 86 88 101 101 108 124 122 124 134 133 129 131 137 139 138 145 140 140 137 142 139 142 138 147 145 149 164 173 174 171 153 163 164 176 169 165 165 152 159 151 156 163 148 167 162 171 169 173 170 179 243 226 231 224 229 236 236 233 229 234 228 232 228 226 233 228 226 227 228 225 224 229 226 35 41 157 181 184 190 195 196 196 196
71 76 79 80 84 82 89 85 88 99 102 108 112 105 116 116 124 126 124 145 133 135 137 131 125 140 156 147 155 162 176 183 194 188 188 204 208 187 184 195 184 193 189 200 186 157 180 191 202 198 207 203 200 206 199 178 241 231 231 224 224 227 231 230 233 228 230 234 230 227 233 225 227 230 225 229 229 225 227 223 34 20 18 16 47 171 175 182 192 187
85 78 80 85 79 83 78 77 87 88 81 98 91 96 96 100 105 109 107 107 114 120 125 152 150 160 136 125 166 184 204 194 181 214 214 221 215 206 204 198 196 186 189 182 161 185 207 207 207 206 202 204 197 207 190 163 238 230 223 222 220 226 224 231 229 232 228 227 228 230 229 229 229 227 228 227 228 228 225 228 46 24 17 13 12 13 60 87 65 57
156 184 220 159 165 129 114 116 114 97 88 106 96 101 105 103 107 107 108 142 181 157 200 227 239 150 160 182 202 204 198 207 213 216 219 224 215 214 209 203 194 187 177 160 157 189 202 201 206 198 198 196 196 191 173 240 234 229 228 226 225 226 226 228 228 230 230 230 230 230 230 230 230 230 230 230 230 229 229 227 144 26 30 13 14 8 9 38 45 45
221 228 224 216 224 227 227 227 224 223 213 210 180 187 210 220 206 224 227 220 229 221 225 225 234 152 176 200 210 207 202 208 207 210 215 219 214 215 213 209 200 193 190 186 190 206 198 196 190 198 189 186 187 189 245 234 232 229 229 228 226 226 226 228 228 230 230 230 230 230 230 230 230 230 230 230 230 230 229 228 227 49 35 32 38 44 44 42 44 43
